# time =    0.4765
    0    0.1000000000000000E+01    0.1000000000000000E+01
    1    0.2288476562500000E+00    0.5305591583251953E-01
    2    0.6451171875000000E-01    0.5349617004394531E-02
    3    0.2248046875000000E-01    0.1674079895019531E-02
    4    0.4824218750000000E-02    0.8427810668945313E-03
    5    0.6679687500000000E-02    0.1024246215820312E-02
    6    0.3007812500000000E-02    0.9750366210937500E-03
    7    0.6230468750000000E-02    0.1117134094238281E-02
    8    0.1087890625000000E-01    0.1086540222167969E-02
    9    0.3125000000000000E-02    0.9454345703125000E-03
   10    0.3261718750000000E-02    0.1234550476074219E-02
   11   -0.7617187500000000E-03    0.1038246154785156E-02
   12   -0.2851562500000000E-02    0.8845520019531250E-03
   13   -0.5234375000000000E-02    0.1039886474609375E-02
   14    0.3710937500000000E-03    0.9893417358398438E-03
   15    0.4648437500000000E-02    0.1072540283203125E-02
   16    0.7929687499999999E-02    0.1049957275390625E-02
   17    0.2734375000000000E-02    0.9229278564453125E-03
   18    0.4687500000000000E-02    0.9374237060546875E-03
   19    0.8300781250000000E-02    0.1043128967285156E-02
   20    0.4062500000000000E-02    0.1031112670898438E-02
   21    0.1953125000000000E-03    0.1127014160156250E-02
   22   -0.8398437500000000E-03    0.1117515563964844E-02
   23    0.8984375000000000E-03    0.8805847167968750E-03
   24   -0.2656250000000000E-02    0.1036911010742187E-02
   25    0.1464843750000000E-02    0.7798385620117188E-03
   26   -0.3906250000000000E-04    0.1023101806640625E-02
   27    0.8007812500000000E-03    0.7477951049804688E-03
   28   -0.1503906250000000E-02    0.1073951721191406E-02
   29   -0.6308593750000000E-02    0.9139633178710938E-03
   30    0.7226562500000000E-03    0.9756851196289063E-03
   31    0.6835937500000000E-03    0.9348678588867187E-03
   32    0.1757812500000000E-03    0.1299934387207031E-02
   33    0.4355468750000000E-02    0.1191520690917969E-02
   34    0.1992187500000000E-02    0.9780883789062499E-03
   35   -0.1777343750000000E-02    0.1046409606933594E-02
   36   -0.2187500000000000E-02    0.9234619140625000E-03
   37   -0.5781250000000000E-02    0.1310348510742188E-02
   38    0.1894531250000000E-02    0.8687973022460938E-03
   39   -0.2265625000000000E-02    0.9226226806640626E-03
   40    0.1171875000000000E-02    0.1023178100585938E-02
   41   -0.1660156250000000E-02    0.9170150756835937E-03
   42   -0.2558593750000000E-02    0.1056480407714844E-02
   43    0.1953125000000000E-03    0.8808135986328125E-03
   44   -0.1269531250000000E-02    0.8827590942382812E-03
   45    0.3867187500000000E-02    0.1149444580078125E-02
   46    0.2207031250000000E-02    0.8683395385742187E-03
   47   -0.8007812500000000E-03    0.8327865600585938E-03
   48    0.2421875000000000E-02    0.9693908691406250E-03
   49    0.1835937500000000E-02    0.9511566162109375E-03
   50    0.3339843750000000E-02    0.9046554565429688E-03
   51    0.7812500000000000E-04    0.1151199340820312E-02
   52   -0.1523437500000000E-02    0.8471679687500000E-03
   53   -0.4687500000000000E-03    0.7884979248046875E-03
   54    0.3906250000000000E-03    0.8395385742187500E-03
   55   -0.1718750000000000E-02    0.8893585205078124E-03
   56    0.2734375000000000E-03    0.1285324096679687E-02
   57    0.4121093750000000E-02    0.1100349426269531E-02
   58    0.1171875000000000E-03    0.1107559204101562E-02
   59    0.4023437500000000E-02    0.1083908081054687E-02
   60    0.1816406250000000E-02    0.1029701232910156E-02
   61   -0.1210937500000000E-02    0.1013336181640625E-02
   62   -0.7207031250000000E-02    0.7876205444335937E-03
   63   -0.7519531250000000E-02    0.1189613342285156E-02
   64   -0.4160156250000000E-02    0.9309005737304688E-03
   65    0.1367187500000000E-02    0.8988189697265625E-03
   66    0.2851562500000000E-02    0.9547424316406250E-03
   67    0.9570312500000000E-03    0.9455490112304688E-03
   68    0.1914062500000000E-02    0.9385681152343750E-03
   69   -0.2656250000000000E-02    0.9301757812500000E-03
   70   -0.4238281250000000E-02    0.1057929992675781E-02
   71   -0.5136718750000000E-02    0.1156578063964844E-02
   72   -0.1015625000000000E-02    0.1005096435546875E-02
   73   -0.5332031250000000E-02    0.1205253601074219E-02
   74   -0.7968750000000000E-02    0.1226959228515625E-02
   75   -0.1425781250000000E-02    0.9743881225585938E-03
   76   -0.3125000000000000E-03    0.9979248046875001E-03
   77   -0.4687500000000000E-03    0.1096038818359375E-02
   78    0.8398437500000000E-03    0.1093101501464844E-02
   79   -0.1367187500000000E-03    0.8636856079101562E-03
   80   -0.3125000000000000E-03    0.1087188720703125E-02
   81   -0.1347656250000000E-02    0.1056251525878906E-02
   82   -0.2714843750000000E-02    0.9106826782226562E-03
   83   -0.2402343750000000E-02    0.8089828491210937E-03
   84    0.1699218750000000E-02    0.7946395874023438E-03
   85    0.5390625000000000E-02    0.7761383056640625E-03
   86    0.3242187500000000E-02    0.9671783447265625E-03
   87   -0.1992187500000000E-02    0.1020050048828125E-02
   88   -0.1308593750000000E-02    0.1007270812988281E-02
   89    0.4003906250000000E-02    0.7967758178710938E-03
   90   -0.1367187500000000E-02    0.9912109374999999E-03
   91   -0.5742187500000000E-02    0.1030731201171875E-02
   92   -0.1250000000000000E-02    0.7413482666015625E-03
   93   -0.5273437500000000E-03    0.8265304565429687E-03
   94    0.3007812500000000E-02    0.9809112548828124E-03
   95   -0.1894531250000000E-02    0.8278274536132812E-03
   96    0.1835937500000000E-02    0.8756256103515625E-03
   97    0.1640625000000000E-02    0.1075820922851562E-02
   98   -0.2011718750000000E-02    0.1031761169433594E-02
   99    0.7812500000000000E-04    0.9682464599609375E-03
  100    0.1953125000000000E-02    0.9185791015625000E-03
