# time =    0.4182
    0    0.1000000000000000E+01    0.1000000000000000E+01
    1    0.4177929687500000E+00    0.1750722885131836E+00
    2    0.2316796875000000E+00    0.5469703674316406E-01
    3    0.1559375000000000E+00    0.2516616821289062E-01
    4    0.1153906250000000E+00    0.1412452697753906E-01
    5    0.8921875000000000E-01    0.9025421142578125E-02
    6    0.7470703125000000E-01    0.6641426086425781E-02
    7    0.6236328125000000E-01    0.5020256042480469E-02
    8    0.5871093750000000E-01    0.4476394653320313E-02
    9    0.4978515625000000E-01    0.3361244201660156E-02
   10    0.4558593750000000E-01    0.3127975463867188E-02
   11    0.4154296875000000E-01    0.2484397888183594E-02
   12    0.3685546875000000E-01    0.2243003845214844E-02
   13    0.3544921875000000E-01    0.2134590148925781E-02
   14    0.3574218750000000E-01    0.2209854125976562E-02
   15    0.3587890625000000E-01    0.2119026184082031E-02
   16    0.3263671875000000E-01    0.2048454284667969E-02
   17    0.2726562500000000E-01    0.1614913940429687E-02
   18    0.2673828125000000E-01    0.1531486511230469E-02
   19    0.2576171875000000E-01    0.1433143615722656E-02
   20    0.2636718750000000E-01    0.1532211303710938E-02
   21    0.2839843750000000E-01    0.1665191650390625E-02
   22    0.2867187500000000E-01    0.1773529052734375E-02
   23    0.2541015625000000E-01    0.1412925720214844E-02
   24    0.2527343750000000E-01    0.1223526000976563E-02
   25    0.2738281250000000E-01    0.1469726562500000E-02
   26    0.2839843750000000E-01    0.1485824584960938E-02
   27    0.2363281250000000E-01    0.1251068115234375E-02
   28    0.1958984375000000E-01    0.1063194274902344E-02
   29    0.1679687500000000E-01    0.1047286987304688E-02
   30    0.1625000000000000E-01    0.1232452392578125E-02
   31    0.2052734375000000E-01    0.1206550598144531E-02
   32    0.1791015625000000E-01    0.1413230895996094E-02
   33    0.1537109375000000E-01    0.1277351379394531E-02
   34    0.1595703125000000E-01    0.1300697326660156E-02
   35    0.1197265625000000E-01    0.1244010925292969E-02
   36    0.1166015625000000E-01    0.1395072937011719E-02
   37    0.9960937499999999E-02    0.1150817871093750E-02
   38    0.1070312500000000E-01    0.1082992553710937E-02
   39    0.9316406249999999E-02    0.1100730895996094E-02
   40    0.1332031250000000E-01    0.1115722656250000E-02
   41    0.1482421875000000E-01    0.1136360168457031E-02
   42    0.1611328125000000E-01    0.1303443908691406E-02
   43    0.1527343750000000E-01    0.1195220947265625E-02
   44    0.1554687500000000E-01    0.1233673095703125E-02
   45    0.1345703125000000E-01    0.1084327697753906E-02
   46    0.1277343750000000E-01    0.1328887939453125E-02
   47    0.1050781250000000E-01    0.1073989868164063E-02
   48    0.1574218750000000E-01    0.1312026977539062E-02
   49    0.1488281250000000E-01    0.1257629394531250E-02
   50    0.1404296875000000E-01    0.1458244323730469E-02
   51    0.1322265625000000E-01    0.1311988830566406E-02
   52    0.1355468750000000E-01    0.1194229125976563E-02
   53    0.9316406249999999E-02    0.1320304870605469E-02
   54    0.1062500000000000E-01    0.1498794555664062E-02
   55    0.1238281250000000E-01    0.1490097045898438E-02
   56    0.1160156250000000E-01    0.1216125488281250E-02
   57    0.8828124999999999E-02    0.1230697631835938E-02
   58    0.1054687500000000E-01    0.1141891479492187E-02
   59    0.1048828125000000E-01    0.1122016906738281E-02
   60    0.1080078125000000E-01    0.1131782531738281E-02
   61    0.1130859375000000E-01    0.1124992370605469E-02
   62    0.1148437500000000E-01    0.1106643676757813E-02
   63    0.8652343749999999E-02    0.1042823791503906E-02
   64    0.6875000000000000E-02    0.9972381591796876E-03
   65    0.8945312500000000E-02    0.1023788452148437E-02
   66    0.1212890625000000E-01    0.1047935485839844E-02
   67    0.1246093750000000E-01    0.1030807495117188E-02
   68    0.1460937500000000E-01    0.9485626220703125E-03
   69    0.1500000000000000E-01    0.1070556640625000E-02
   70    0.1091796875000000E-01    0.1117668151855469E-02
   71    0.1013671875000000E-01    0.1080818176269531E-02
   72    0.9648437500000001E-02    0.1030807495117188E-02
   73    0.1025390625000000E-01    0.1020698547363281E-02
   74    0.9843750000000000E-02    0.1103134155273438E-02
   75    0.1193359375000000E-01    0.1021156311035156E-02
   76    0.9746093750000000E-02    0.9760665893554688E-03
   77    0.6015625000000000E-02    0.1084136962890625E-02
   78    0.8593750000000001E-02    0.1213378906250000E-02
   79    0.8789062500000000E-02    0.9598541259765625E-03
   80    0.6699218750000000E-02    0.9632492065429687E-03
   81    0.9570312500000001E-02    0.1160964965820312E-02
   82    0.8554687500000000E-02    0.1157455444335938E-02
   83    0.8339843749999999E-02    0.1163673400878906E-02
   84    0.9648437500000001E-02    0.1161422729492187E-02
   85    0.8906249999999999E-02    0.1055068969726562E-02
   86    0.1253906250000000E-01    0.1001434326171875E-02
   87    0.9140624999999999E-02    0.1152572631835937E-02
   88    0.7753906250000000E-02    0.1135139465332031E-02
   89    0.7871093750000000E-02    0.1308631896972656E-02
   90    0.8359375000000000E-02    0.1165466308593750E-02
   91    0.7109375000000000E-02    0.1014328002929687E-02
   92    0.8300781250000000E-02    0.1084175109863281E-02
   93    0.7343750000000000E-02    0.1160507202148438E-02
   94    0.7910156250000000E-02    0.1229438781738281E-02
   95    0.7617187500000000E-02    0.1021728515625000E-02
   96    0.5996093750000000E-02    0.1239585876464844E-02
   97    0.1021484375000000E-01    0.1203117370605469E-02
   98    0.8613281250000000E-02    0.1173210144042969E-02
   99    0.1365234375000000E-01    0.1257743835449219E-02
  100    0.7812500000000000E-02    0.1208419799804687E-02
