# time =    0.4608
    0    0.1000000000000000E+01    0.1000000000000000E+01
    1    0.2015625000000000E+00    0.4136299133300781E-01
    2    0.3982421875000000E-01    0.2573738098144531E-02
    3    0.2636718750000000E-02    0.8393478393554688E-03
    4   -0.5273437500000000E-02    0.1052322387695313E-02
    5   -0.2226562500000000E-02    0.9832000732421875E-03
    6    0.1757812500000000E-02    0.7632446289062500E-03
    7   -0.4628906250000000E-02    0.1014442443847656E-02
    8   -0.5839843750000000E-02    0.9319686889648438E-03
    9   -0.1953125000000000E-03    0.1292037963867187E-02
   10   -0.5214843750000000E-02    0.1150398254394531E-02
   11   -0.3144531250000000E-02    0.8948898315429688E-03
   12   -0.3593750000000000E-02    0.8168029785156250E-03
   13   -0.2597656250000000E-02    0.8843612670898438E-03
   14   -0.3710937500000000E-03    0.8294296264648438E-03
   15   -0.3476562500000000E-02    0.8032226562500000E-03
   16   -0.2617187500000000E-02    0.9757232666015625E-03
   17    0.1054687500000000E-02    0.7314300537109375E-03
   18    0.4882812500000000E-02    0.8339691162109375E-03
   19   -0.9765625000000000E-03    0.1298217773437500E-02
   20    0.1171875000000000E-02    0.1035766601562500E-02
   21    0.8398437500000000E-03    0.8823776245117188E-03
   22    0.5273437500000000E-03    0.8549880981445312E-03
   23   -0.1210937500000000E-02    0.9529876708984375E-03
   24    0.1914062500000000E-02    0.8847808837890625E-03
   25    0.3671875000000000E-02    0.9387969970703125E-03
   26    0.1347656250000000E-02    0.7532882690429687E-03
   27    0.0000000000000000E+00    0.1070251464843750E-02
   28   -0.3046875000000000E-02    0.1010131835937500E-02
   29   -0.5742187500000000E-02    0.1155395507812500E-02
   30    0.2109375000000000E-02    0.1138916015625000E-02
   31    0.3437500000000000E-02    0.9223175048828125E-03
   32    0.3320312500000000E-03    0.8445358276367187E-03
   33   -0.2070312500000000E-02    0.7804107666015625E-03
   34   -0.3281250000000000E-02    0.9262084960937500E-03
   35   -0.1171875000000000E-03    0.7293701171875000E-03
   36   -0.4882812500000000E-03    0.1020240783691406E-02
   37   -0.1816406250000000E-02    0.7363510131835938E-03
   38   -0.1582031250000000E-02    0.8240890502929688E-03
   39    0.3125000000000000E-03    0.1046066284179688E-02
   40   -0.8593750000000000E-03    0.7756042480468750E-03
   41   -0.4726562500000000E-02    0.8775329589843750E-03
   42   -0.4140625000000000E-02    0.8416748046874999E-03
   43    0.1933593750000000E-02    0.1329460144042969E-02
   44    0.3515625000000000E-02    0.9267425537109375E-03
   45   -0.1464843750000000E-02    0.1093025207519531E-02
   46   -0.3378906250000000E-02    0.9500503540039063E-03
   47   -0.7695312500000000E-02    0.9183502197265625E-03
   48   -0.9179687499999999E-03    0.1091041564941406E-02
   49    0.2460937500000000E-02    0.9113311767578125E-03
   50   -0.4843750000000000E-02    0.1379394531250000E-02
   51    0.1347656250000000E-02    0.9469985961914062E-03
   52   -0.1816406250000000E-02    0.1129035949707031E-02
   53   -0.2753906250000000E-02    0.1072196960449219E-02
   54   -0.4667968750000000E-02    0.1063499450683594E-02
   55   -0.9570312500000000E-03    0.1060676574707031E-02
   56   -0.5234375000000000E-02    0.1020965576171875E-02
   57    0.3925781250000000E-02    0.8581924438476562E-03
   58    0.6445312500000000E-03    0.8885574340820313E-03
   59   -0.5507812500000000E-02    0.1188964843750000E-02
   60   -0.1308593750000000E-02    0.1005134582519531E-02
   61    0.2636718750000000E-02    0.1002235412597656E-02
   62   -0.5273437500000000E-03    0.8877944946289062E-03
   63    0.5468750000000000E-02    0.9754943847656250E-03
   64    0.5292968750000000E-02    0.1053047180175781E-02
   65    0.1230468750000000E-02    0.1204261779785156E-02
   66   -0.4140625000000000E-02    0.1260299682617187E-02
   67    0.2734375000000000E-03    0.9961700439453124E-03
   68   -0.2460937500000000E-02    0.8490753173828125E-03
   69   -0.2460937500000000E-02    0.1046142578125000E-02
   70    0.1210937500000000E-02    0.1043701171875000E-02
   71   -0.2148437500000000E-03    0.1062507629394531E-02
   72    0.3046875000000000E-02    0.1201705932617187E-02
   73    0.5644531250000000E-02    0.7545089721679687E-03
   74    0.1025390625000000E-01    0.1014900207519531E-02
   75   -0.3125000000000000E-03    0.8936309814453125E-03
   76    0.1894531250000000E-02    0.1205253601074219E-02
   77    0.8398437500000000E-03    0.8269882202148437E-03
   78   -0.1445312500000000E-02    0.1048126220703125E-02
   79   -0.2285156250000000E-02    0.9017562866210937E-03
   80    0.4746093750000000E-02    0.1156120300292969E-02
   81    0.3125000000000000E-03    0.9007263183593750E-03
   82    0.2226562500000000E-02    0.9971618652343749E-03
   83    0.4101562500000000E-03    0.7609939575195313E-03
   84    0.3710937500000000E-02    0.7294464111328125E-03
   85    0.3496093750000000E-02    0.7892990112304687E-03
   86   -0.1328125000000000E-02    0.8354949951171875E-03
   87   -0.1562500000000000E-03    0.1034545898437500E-02
   88    0.1835937500000000E-02    0.1068878173828125E-02
   89    0.7617187500000000E-03    0.1076774597167969E-02
   90   -0.1015625000000000E-02    0.8293914794921875E-03
   91    0.3242187500000000E-02    0.1124191284179687E-02
   92   -0.2578125000000000E-02    0.7780456542968750E-03
   93   -0.1289062500000000E-02    0.8293914794921875E-03
   94    0.6347656250000000E-02    0.1071281433105469E-02
   95    0.3183593750000000E-02    0.8586502075195313E-03
   96   -0.5429687500000000E-02    0.8473968505859374E-03
   97   -0.1269531250000000E-02    0.1088981628417969E-02
   98   -0.2207031250000000E-02    0.1008110046386719E-02
   99   -0.9179687499999999E-03    0.7280349731445312E-03
  100   -0.4882812500000000E-03    0.9382247924804687E-03
