# time =    0.4651
    0    0.1000000000000000E+01    0.1000000000000000E+01
    1    0.1957421875000000E+00    0.3925636291503906E-01
    2    0.4443359375000000E-01    0.3254585266113281E-02
    3    0.9609375000000000E-02    0.1151351928710937E-02
    4    0.1289062500000000E-02    0.1011810302734375E-02
    5   -0.1015625000000000E-02    0.1060867309570313E-02
    6   -0.1933593750000000E-02    0.9463882446289063E-03
    7    0.3300781250000000E-02    0.9593582153320313E-03
    8    0.2714843750000000E-02    0.1036872863769531E-02
    9    0.2421875000000000E-02    0.9355926513671875E-03
   10    0.4882812500000000E-03    0.1169776916503906E-02
   11   -0.5859375000000000E-02    0.1328811645507812E-02
   12   -0.1132812500000000E-02    0.1082839965820313E-02
   13   -0.7851562499999999E-02    0.9953308105468751E-03
   14   -0.1000000000000000E-01    0.8889007568359375E-03
   15   -0.4921875000000000E-02    0.1007232666015625E-02
   16   -0.3808593750000000E-02    0.8767318725585938E-03
   17   -0.2949218750000000E-02    0.8977127075195313E-03
   18   -0.2832031250000000E-02    0.7841873168945312E-03
   19    0.2070312500000000E-02    0.1168441772460938E-02
   20    0.4785156250000000E-02    0.9592056274414062E-03
   21    0.4414062500000000E-02    0.1072845458984375E-02
   22    0.1953125000000000E-03    0.8570098876953125E-03
   23    0.1425781250000000E-02    0.9891891479492188E-03
   24    0.2460937500000000E-02    0.1022109985351562E-02
   25   -0.2265625000000000E-02    0.8558654785156251E-03
   26    0.2929687500000000E-03    0.1235237121582031E-02
   27    0.1757812500000000E-03    0.1180839538574219E-02
   28   -0.4062500000000000E-02    0.1144866943359375E-02
   29   -0.1542968750000000E-02    0.1188621520996094E-02
   30   -0.4785156250000000E-02    0.1022911071777344E-02
   31   -0.6015625000000000E-02    0.1256256103515625E-02
   32   -0.4238281250000000E-02    0.1149635314941406E-02
   33   -0.2695312500000000E-02    0.1155014038085937E-02
   34    0.4238281250000000E-02    0.7989120483398438E-03
   35   -0.2050781250000000E-02    0.7342147827148437E-03
   36   -0.2988281250000000E-02    0.1329078674316406E-02
   37   -0.4042968750000000E-02    0.1152229309082031E-02
   38   -0.1367187500000000E-03    0.1061058044433594E-02
   39   -0.1308593750000000E-02    0.7923507690429688E-03
   40   -0.2753906250000000E-02    0.9667587280273438E-03
   41   -0.2187500000000000E-02    0.1165771484375000E-02
   42   -0.4101562500000000E-02    0.9478759765625000E-03
   43   -0.2128906250000000E-02    0.8835220336914063E-03
   44    0.3125000000000000E-03    0.1184616088867188E-02
   45    0.1171875000000000E-03    0.9458160400390625E-03
   46   -0.6640625000000000E-03    0.1232986450195313E-02
   47   -0.3007812500000000E-02    0.1079788208007813E-02
   48   -0.5273437500000000E-03    0.1026039123535156E-02
   49    0.3066406250000000E-02    0.7835769653320312E-03
   50   -0.2089843750000000E-02    0.1041984558105469E-02
   51   -0.1718750000000000E-02    0.1057662963867187E-02
   52   -0.7031250000000000E-03    0.9878540039062499E-03
   53   -0.1855468750000000E-02    0.6808090209960937E-03
   54   -0.1328125000000000E-02    0.7282257080078125E-03
   55   -0.1074218750000000E-02    0.9444808959960938E-03
   56   -0.5898437500000000E-02    0.9590911865234375E-03
   57    0.1367187500000000E-03    0.8245468139648438E-03
   58    0.2148437500000000E-02    0.1081008911132812E-02
   59    0.2929687500000000E-03    0.8646774291992187E-03
   60    0.1660156250000000E-02    0.8911514282226563E-03
   61   -0.8007812499999999E-02    0.1035614013671875E-02
   62    0.1816406250000000E-02    0.8229446411132812E-03
   63    0.9765625000000000E-03    0.9324645996093750E-03
   64   -0.1289062500000000E-02    0.1219635009765625E-02
   65    0.3398437500000000E-02    0.9888458251953126E-03
   66    0.2343750000000000E-03    0.1031570434570313E-02
   67   -0.1718750000000000E-02    0.8507537841796875E-03
   68    0.1269531250000000E-02    0.9032821655273437E-03
   69   -0.1250000000000000E-02    0.1011047363281250E-02
   70   -0.3710937500000000E-03    0.1082267761230469E-02
   71   -0.6093750000000000E-02    0.8233642578125000E-03
   72   -0.8222656250000000E-02    0.9435653686523437E-03
   73   -0.1972656250000000E-02    0.1035804748535156E-02
   74   -0.4414062500000000E-02    0.8634948730468751E-03
   75    0.4550781250000000E-02    0.9348678588867187E-03
   76    0.9375000000000000E-03    0.8927917480468750E-03
   77   -0.3222656250000000E-02    0.1062126159667969E-02
   78   -0.1542968750000000E-02    0.9682083129882813E-03
   79    0.1953125000000000E-03    0.1067123413085938E-02
   80   -0.1250000000000000E-02    0.9490203857421875E-03
   81   -0.2226562500000000E-02    0.6730651855468750E-03
   82   -0.1660156250000000E-02    0.1023368835449219E-02
   83   -0.3261718750000000E-02    0.9862899780273438E-03
   84    0.2324218750000000E-02    0.8449935913085937E-03
   85    0.1152343750000000E-02    0.9392166137695313E-03
   86    0.2539062500000000E-03    0.7819747924804688E-03
   87    0.7812500000000000E-04    0.9439086914062500E-03
   88   -0.3886718750000000E-02    0.1024665832519531E-02
   89   -0.7070312500000000E-02    0.9685516357421875E-03
   90    0.3906250000000000E-02    0.9458160400390625E-03
   91    0.5351562500000000E-02    0.7876586914062500E-03
   92   -0.4882812500000000E-02    0.1046676635742187E-02
   93    0.1953125000000000E-03    0.1074218750000000E-02
   94    0.1621093750000000E-02    0.7885360717773438E-03
   95   -0.3085937500000000E-02    0.8406829833984375E-03
   96    0.2070312500000000E-02    0.8942413330078125E-03
   97   -0.4824218750000000E-02    0.9554672241210937E-03
   98   -0.2265625000000000E-02    0.9205627441406250E-03
   99   -0.6054687500000000E-02    0.1070556640625000E-02
  100   -0.1269531250000000E-02    0.8413314819335938E-03
