# time =    0.4604
    0    0.1000000000000000E+01    0.1000000000000000E+01
    1    0.1959375000000000E+00    0.3922462463378906E-01
    2    0.3488281250000000E-01    0.2289657592773438E-02
    3    0.6992187500000000E-02    0.1033248901367188E-02
    4    0.2812500000000000E-02    0.7610321044921875E-03
    5    0.1132812500000000E-02    0.9533691406250000E-03
    6    0.4375000000000000E-02    0.1251296997070312E-02
    7    0.3593750000000000E-02    0.8836364746093749E-03
    8   -0.1699218750000000E-02    0.9506607055664063E-03
    9   -0.3906250000000000E-04    0.9059143066406250E-03
   10    0.2304687500000000E-02    0.1121444702148438E-02
   11    0.2460937500000000E-02    0.9194183349609375E-03
   12    0.1347656250000000E-02    0.8555221557617188E-03
   13    0.1601562500000000E-02    0.8612823486328125E-03
   14   -0.5468750000000001E-03    0.1152801513671875E-02
   15   -0.1367187500000000E-02    0.1269378662109375E-02
   16    0.7812500000000000E-03    0.1028671264648438E-02
   17   -0.6464843750000000E-02    0.8741378784179688E-03
   18   -0.3769531250000000E-02    0.1006736755371094E-02
   19   -0.2304687500000000E-02    0.1026687622070312E-02
   20    0.2363281250000000E-02    0.9280776977539062E-03
   21   -0.2167968750000000E-02    0.1130332946777344E-02
   22    0.9960937500000000E-03    0.9012985229492188E-03
   23   -0.6914062500000000E-02    0.1066589355468750E-02
   24   -0.3984375000000000E-02    0.1245574951171875E-02
   25   -0.5683593750000000E-02    0.1122322082519531E-02
   26   -0.7812500000000000E-03    0.9161376953125000E-03
   27    0.1796875000000000E-02    0.1113128662109375E-02
   28   -0.2929687500000000E-02    0.8238220214843750E-03
   29    0.9570312500000000E-03    0.9124374389648437E-03
   30   -0.2324218750000000E-02    0.1119499206542969E-02
   31   -0.3906250000000000E-03    0.6958007812500000E-03
   32   -0.3164062500000000E-02    0.1029739379882812E-02
   33   -0.1582031250000000E-02    0.9289169311523437E-03
   34   -0.1093750000000000E-02    0.1184844970703125E-02
   35    0.3867187500000000E-02    0.1245803833007812E-02
   36    0.1152343750000000E-02    0.1002769470214844E-02
   37   -0.2753906250000000E-02    0.8736801147460938E-03
   38    0.1816406250000000E-02    0.8613204956054687E-03
   39   -0.1113281250000000E-02    0.8594894409179688E-03
   40    0.3906250000000000E-04    0.7208251953125000E-03
   41    0.1660156250000000E-02    0.9804916381835936E-03
   42   -0.1933593750000000E-02    0.9350967407226562E-03
   43   -0.1972656250000000E-02    0.1005134582519531E-02
   44   -0.1953125000000000E-04    0.1227989196777344E-02
   45    0.4355468750000000E-02    0.1077919006347656E-02
   46    0.9765625000000001E-04    0.7059097290039063E-03
   47    0.5625000000000000E-02    0.9671783447265625E-03
   48    0.5468750000000001E-03    0.9101867675781250E-03
   49    0.5742187500000000E-02    0.1211318969726563E-02
   50    0.2480468750000000E-02    0.8277511596679688E-03
   51    0.8203125000000000E-03    0.1038436889648438E-02
   52    0.2656250000000000E-02    0.7068634033203125E-03
   53    0.1425781250000000E-02    0.7991409301757813E-03
   54   -0.1562500000000000E-02    0.8100128173828125E-03
   55    0.1816406250000000E-02    0.7275772094726562E-03
   56   -0.1542968750000000E-02    0.1146278381347656E-02
   57   -0.4062500000000000E-02    0.1091537475585937E-02
   58   -0.4941406250000000E-02    0.9849166870117187E-03
   59    0.4433593750000000E-02    0.9746932983398437E-03
   60    0.5507812500000000E-02    0.8601379394531250E-03
   61    0.4628906250000000E-02    0.1117134094238281E-02
   62   -0.1816406250000000E-02    0.8046340942382813E-03
   63   -0.2753906250000000E-02    0.9425735473632813E-03
   64   -0.2519531250000000E-02    0.8901596069335937E-03
   65   -0.2343750000000000E-03    0.1009368896484375E-02
   66    0.3828125000000000E-02    0.1089935302734375E-02
   67    0.6015625000000000E-02    0.9338378906250000E-03
   68    0.6523437500000000E-02    0.1152420043945313E-02
   69   -0.1132812500000000E-02    0.1042861938476562E-02
   70    0.8007812500000000E-03    0.8956527709960937E-03
   71   -0.2929687500000000E-03    0.9836196899414063E-03
   72    0.7617187500000000E-03    0.1327934265136719E-02
   73   -0.8789062500000000E-03    0.1075477600097656E-02
   74    0.1523437500000000E-02    0.1003112792968750E-02
   75   -0.5468750000000001E-03    0.7653808593749999E-03
   76    0.4902343750000000E-02    0.1156654357910156E-02
   77   -0.9375000000000000E-03    0.1051864624023438E-02
   78   -0.6640625000000000E-03    0.1015472412109375E-02
   79   -0.5214843750000000E-02    0.9599685668945313E-03
   80    0.4316406250000000E-02    0.1246833801269531E-02
   81   -0.9765625000000000E-03    0.8686828613281250E-03
   82   -0.2890625000000000E-02    0.1023941040039063E-02
   83    0.1542968750000000E-02    0.8383560180664063E-03
   84    0.3652343750000000E-02    0.8356094360351563E-03
   85   -0.2988281250000000E-02    0.9701156616210938E-03
   86    0.6445312500000000E-03    0.8705520629882813E-03
   87    0.3496093750000000E-02    0.8263015747070313E-03
   88    0.1250000000000000E-02    0.9628295898437500E-03
   89    0.1347656250000000E-02    0.1087837219238281E-02
   90    0.3867187500000000E-02    0.9561157226562499E-03
   91    0.5546875000000000E-02    0.1197738647460938E-02
   92   -0.1582031250000000E-02    0.9016036987304687E-03
   93   -0.3222656250000000E-02    0.7954788208007813E-03
   94    0.2910156250000000E-02    0.7132339477539062E-03
   95    0.1562500000000000E-03    0.1096878051757813E-02
   96    0.2519531250000000E-02    0.7803726196289062E-03
   97   -0.1953125000000000E-03    0.9255981445312499E-03
   98    0.6250000000000000E-03    0.1004638671875000E-02
   99    0.3691406250000000E-02    0.9031295776367188E-03
  100    0.2597656250000000E-02    0.8074569702148437E-03
