# time =    0.4699
    0    0.1000000000000000E+01    0.1000000000000000E+01
    1    0.2092382812500000E+00    0.4458278656005860E-01
    2    0.4554687500000000E-01    0.3055114746093750E-02
    3    0.9941406250000000E-02    0.9430313110351563E-03
    4    0.3945312500000000E-02    0.7487487792968750E-03
    5    0.4570312500000000E-02    0.9611511230468750E-03
    6    0.2460937500000000E-02    0.1322250366210938E-02
    7    0.2148437500000000E-02    0.8353424072265625E-03
    8   -0.3808593750000000E-02    0.8813858032226563E-03
    9   -0.1113281250000000E-02    0.7944107055664062E-03
   10   -0.1367187500000000E-03    0.8977127075195313E-03
   11   -0.7617187500000000E-03    0.1056022644042969E-02
   12   -0.3203125000000000E-02    0.7878112792968750E-03
   13   -0.3281250000000000E-02    0.1182250976562500E-02
   14    0.3964843750000000E-02    0.8691787719726562E-03
   15   -0.3515625000000000E-03    0.8295440673828125E-03
   16   -0.5859375000000000E-03    0.8956146240234375E-03
   17    0.8789062500000000E-03    0.1114845275878906E-02
   18   -0.1367187500000000E-02    0.1008987426757812E-02
   19   -0.2500000000000000E-02    0.9341430664062500E-03
   20    0.4023437500000000E-02    0.1072845458984375E-02
   21   -0.2871093750000000E-02    0.1066322326660156E-02
   22   -0.1562500000000000E-03    0.1059799194335937E-02
   23   -0.3261718750000000E-02    0.9416580200195312E-03
   24    0.3183593750000000E-02    0.9191513061523437E-03
   25    0.2617187500000000E-02    0.8866119384765625E-03
   26    0.3085937500000000E-02    0.1096191406250000E-02
   27    0.3320312500000000E-03    0.1243476867675781E-02
   28   -0.3164062500000000E-02    0.1065750122070312E-02
   29   -0.2714843750000000E-02    0.1059913635253906E-02
   30    0.2890625000000000E-02    0.9700012207031250E-03
   31    0.4570312500000000E-02    0.1198501586914063E-02
   32   -0.2929687500000000E-03    0.1065483093261719E-02
   33   -0.3320312500000000E-03    0.1380195617675781E-02
   34   -0.1054687500000000E-02    0.9635162353515625E-03
   35   -0.3457031250000000E-02    0.8320236206054688E-03
   36   -0.3378906250000000E-02    0.9296035766601562E-03
   37   -0.3730468750000000E-02    0.9796524047851563E-03
   38    0.9375000000000000E-03    0.9633636474609375E-03
   39    0.3496093750000000E-02    0.8512496948242188E-03
   40   -0.2402343750000000E-02    0.1151313781738281E-02
   41   -0.3886718750000000E-02    0.1220893859863281E-02
   42   -0.4882812500000000E-02    0.1023483276367188E-02
   43   -0.2128906250000000E-02    0.9399795532226562E-03
   44   -0.8593750000000000E-03    0.1111450195312500E-02
   45   -0.3066406250000000E-02    0.9453201293945313E-03
   46   -0.1074218750000000E-02    0.9519577026367188E-03
   47   -0.2226562500000000E-02    0.1131286621093750E-02
   48   -0.2031250000000000E-02    0.8806610107421876E-03
   49   -0.2304687500000000E-02    0.9095001220703125E-03
   50    0.3066406250000000E-02    0.1103706359863281E-02
   51   -0.7812500000000000E-04    0.9656524658203124E-03
   52   -0.4003906250000000E-02    0.9515762329101562E-03
   53   -0.7011718750000000E-02    0.1123619079589844E-02
   54   -0.2500000000000000E-02    0.8918762207031250E-03
   55   -0.6757812500000000E-02    0.1115875244140625E-02
   56   -0.1718750000000000E-02    0.8215332031250001E-03
   57    0.6640625000000000E-03    0.7832336425781250E-03
   58   -0.2656250000000000E-02    0.8814239501953125E-03
   59    0.8593750000000000E-03    0.9582519531250000E-03
   60    0.3828125000000000E-02    0.1381530761718750E-02
   61    0.3593750000000000E-02    0.9629821777343750E-03
   62    0.2421875000000000E-02    0.7935333251953125E-03
   63    0.2480468750000000E-02    0.7352066040039062E-03
   64    0.4296875000000000E-03    0.8334350585937500E-03
   65    0.3203125000000000E-02    0.9208679199218750E-03
   66    0.7617187500000000E-03    0.8306503295898438E-03
   67   -0.6699218750000000E-02    0.9890365600585937E-03
   68    0.1386718750000000E-02    0.9440231323242187E-03
   69    0.4062500000000000E-02    0.1126785278320312E-02
   70    0.3476562500000000E-02    0.9985351562500000E-03
   71    0.2246093750000000E-02    0.1038932800292969E-02
   72   -0.1621093750000000E-02    0.1060600280761719E-02
   73    0.2480468750000000E-02    0.8365249633789062E-03
   74    0.7226562500000000E-03    0.1203346252441406E-02
   75    0.3593750000000000E-02    0.9281921386718750E-03
   76    0.2753906250000000E-02    0.1198616027832031E-02
   77    0.9023437500000000E-02    0.9594726562500000E-03
   78   -0.1601562500000000E-02    0.7621002197265625E-03
   79   -0.7382812500000000E-02    0.1020736694335937E-02
   80    0.1757812500000000E-02    0.1124191284179687E-02
   81    0.1308593750000000E-02    0.1102180480957031E-02
   82    0.8007812500000000E-03    0.8285140991210937E-03
   83    0.8398437500000000E-03    0.1071357727050781E-02
   84    0.2597656250000000E-02    0.8703231811523438E-03
   85    0.2480468750000000E-02    0.9994888305664062E-03
   86   -0.2285156250000000E-02    0.8861923217773438E-03
   87    0.1992187500000000E-02    0.7851409912109375E-03
   88   -0.1796875000000000E-02    0.1033859252929687E-02
   89    0.4414062500000000E-02    0.8885955810546875E-03
   90   -0.3574218750000000E-02    0.7876205444335937E-03
   91    0.4179687500000000E-02    0.9619903564453125E-03
   92   -0.3046875000000000E-02    0.7233428955078125E-03
   93    0.1777343750000000E-02    0.9006118774414063E-03
   94   -0.3164062500000000E-02    0.1078109741210938E-02
   95    0.4492187500000000E-03    0.9505081176757812E-03
   96   -0.1933593750000000E-02    0.8678054809570313E-03
   97    0.2539062500000000E-03    0.1167030334472656E-02
   98    0.3828125000000000E-02    0.9477233886718750E-03
   99    0.7226562500000000E-03    0.8284378051757812E-03
  100    0.1152343750000000E-02    0.1029090881347656E-02
