# time =    0.4733
    0    0.1000000000000000E+01    0.1000000000000000E+01
    1    0.1932031250000000E+00    0.3818771362304688E-01
    2    0.3841796875000000E-01    0.2296180725097656E-02
    3    0.5859375000000000E-02    0.1092834472656250E-02
    4    0.2343750000000000E-02    0.9806060791015625E-03
    5    0.1132812500000000E-02    0.7070159912109375E-03
    6   -0.4687500000000000E-03    0.7343292236328125E-03
    7    0.4296875000000000E-03    0.9206390380859375E-03
    8   -0.2968750000000000E-02    0.9975433349609375E-03
    9    0.2304687500000000E-02    0.8111572265624999E-03
   10   -0.2539062500000000E-03    0.1037635803222656E-02
   11   -0.3984375000000000E-02    0.1041564941406250E-02
   12   -0.9765625000000000E-03    0.1111450195312500E-02
   13   -0.2832031250000000E-02    0.1012077331542969E-02
   14    0.4472656250000000E-02    0.7386398315429687E-03
   15   -0.1347656250000000E-02    0.8686447143554688E-03
   16    0.8789062500000000E-03    0.1256828308105469E-02
   17    0.1152343750000000E-02    0.1103935241699219E-02
   18    0.1953125000000000E-02    0.9673309326171875E-03
   19   -0.9765625000000000E-03    0.8843231201171875E-03
   20    0.2500000000000000E-02    0.7034301757812500E-03
   21    0.1562500000000000E-02    0.9140014648437500E-03
   22   -0.1914062500000000E-02    0.9066772460937500E-03
   23   -0.4355468750000000E-02    0.9669876098632813E-03
   24    0.1953125000000000E-02    0.1049880981445313E-02
   25   -0.2734375000000000E-02    0.1050415039062500E-02
   26    0.7812500000000000E-03    0.1132659912109375E-02
   27    0.3554687500000000E-02    0.1055984497070312E-02
   28   -0.6445312500000000E-03    0.1091117858886719E-02
   29    0.2578125000000000E-02    0.1296234130859375E-02
   30   -0.1640625000000000E-02    0.8976745605468750E-03
   31   -0.2207031250000000E-02    0.8396530151367188E-03
   32   -0.3125000000000000E-02    0.1143798828125000E-02
   33    0.6445312500000000E-03    0.8136367797851562E-03
   34   -0.1953125000000000E-02    0.1018676757812500E-02
   35   -0.4296875000000000E-03    0.7937622070312500E-03
   36   -0.3203125000000000E-02    0.9027099609374999E-03
   37   -0.2910156250000000E-02    0.1014900207519531E-02
   38   -0.3730468750000000E-02    0.1035652160644531E-02
   39   -0.1757812500000000E-03    0.9273147583007813E-03
   40    0.3593750000000000E-02    0.1045455932617188E-02
   41    0.8359375000000000E-02    0.1128463745117187E-02
   42   -0.6640625000000000E-03    0.1031951904296875E-02
   43   -0.2949218750000000E-02    0.9630966186523437E-03
   44   -0.1894531250000000E-02    0.1105003356933594E-02
   45    0.8789062500000000E-03    0.1046257019042969E-02
   46   -0.3710937500000000E-02    0.1019058227539062E-02
   47   -0.1796875000000000E-02    0.7870483398437500E-03
   48    0.5722656250000000E-02    0.8846664428710937E-03
   49    0.3378906250000000E-02    0.9669876098632813E-03
   50   -0.1425781250000000E-02    0.1012229919433594E-02
   51   -0.2636718750000000E-02    0.8342361450195312E-03
   52   -0.2968750000000000E-02    0.8239746093750000E-03
   53   -0.1054687500000000E-02    0.9046936035156250E-03
   54   -0.5878906250000000E-02    0.9592819213867187E-03
   55   -0.3710937500000000E-03    0.7925033569335938E-03
   56    0.3320312500000000E-02    0.7769012451171875E-03
   57    0.5664062500000000E-03    0.1023674011230469E-02
   58   -0.3535156250000000E-02    0.9913253784179688E-03
   59   -0.1757812500000000E-03    0.1391334533691406E-02
   60    0.1757812500000000E-03    0.9555435180664063E-03
   61    0.1464843750000000E-02    0.1100196838378906E-02
   62    0.4277343750000000E-02    0.1027717590332031E-02
   63    0.3144531250000000E-02    0.1044273376464844E-02
   64    0.6054687500000000E-03    0.8501815795898438E-03
   65   -0.1054687500000000E-02    0.7087707519531250E-03
   66    0.4707031250000000E-02    0.1011085510253906E-02
   67    0.9667968750000000E-02    0.1305427551269531E-02
   68    0.2988281250000000E-02    0.7706832885742188E-03
   69    0.4492187500000000E-02    0.1218185424804687E-02
   70   -0.2089843750000000E-02    0.1051826477050781E-02
   71    0.1601562500000000E-02    0.8126068115234375E-03
   72    0.4101562500000000E-02    0.1087341308593750E-02
   73    0.3769531250000000E-02    0.8800125122070312E-03
   74    0.3906250000000000E-04    0.1029968261718750E-02
   75   -0.1875000000000000E-02    0.9265899658203125E-03
   76   -0.1953125000000000E-04    0.1236991882324219E-02
   77   -0.2597656250000000E-02    0.1189537048339844E-02
   78    0.5859375000000000E-03    0.9180450439453125E-03
   79    0.1738281250000000E-02    0.1009330749511719E-02
   80    0.3496093750000000E-02    0.1214561462402344E-02
   81   -0.9570312500000000E-03    0.1089515686035156E-02
   82   -0.3378906250000000E-02    0.8668899536132812E-03
   83    0.5546875000000000E-02    0.6714630126953125E-03
   84   -0.5566406250000000E-02    0.1098594665527344E-02
   85    0.5664062500000000E-03    0.1008110046386719E-02
   86    0.4062500000000000E-02    0.9283447265625001E-03
   87    0.1015625000000000E-02    0.1056747436523437E-02
   88   -0.6191406250000000E-02    0.1025810241699219E-02
   89   -0.4453125000000000E-02    0.9265899658203125E-03
   90   -0.1738281250000000E-02    0.9574508666992188E-03
   91   -0.2539062500000000E-03    0.8336257934570313E-03
   92    0.4101562500000000E-03    0.8392715454101562E-03
   93   -0.6640625000000000E-03    0.9902954101562501E-03
   94    0.4296875000000000E-03    0.8665466308593750E-03
   95   -0.1328125000000000E-02    0.1131362915039062E-02
   96   -0.1582031250000000E-02    0.1054649353027344E-02
   97   -0.4628906250000000E-02    0.1062889099121094E-02
   98    0.1054687500000000E-02    0.7218933105468750E-03
   99    0.2011718750000000E-02    0.1066627502441406E-02
  100   -0.3906250000000000E-03    0.8455657958984375E-03
