# time =    0.4257
    0    0.1000000000000000E+01    0.1000000000000000E+01
    1    0.3566406250000000E+00    0.1280033111572266E+00
    2    0.1923242187500000E+00    0.3811252593994140E-01
    3    0.1318750000000000E+00    0.1816184997558594E-01
    4    0.9890625000000000E-01    0.1072341918945312E-01
    5    0.8117187500000000E-01    0.7576217651367187E-02
    6    0.6951171875000001E-01    0.5679893493652344E-02
    7    0.6359375000000000E-01    0.4850845336914062E-02
    8    0.5802734375000000E-01    0.4196434020996094E-02
    9    0.5148437500000000E-01    0.3747863769531250E-02
   10    0.4906250000000000E-01    0.3490219116210938E-02
   11    0.4916015625000000E-01    0.3394355773925781E-02
   12    0.4912109375000000E-01    0.3488044738769531E-02
   13    0.4644531250000000E-01    0.3275527954101562E-02
   14    0.4400390625000000E-01    0.2590827941894531E-02
   15    0.4296875000000000E-01    0.2648315429687500E-02
   16    0.4125000000000000E-01    0.2424163818359375E-02
   17    0.4007812500000000E-01    0.2491226196289062E-02
   18    0.3587890625000000E-01    0.2476081848144531E-02
   19    0.3798828125000000E-01    0.2610969543457031E-02
   20    0.3458984375000000E-01    0.2080574035644531E-02
   21    0.3373046875000000E-01    0.1958503723144531E-02
   22    0.3074218750000000E-01    0.1846389770507812E-02
   23    0.3179687500000000E-01    0.1989440917968750E-02
   24    0.2849609375000000E-01    0.1764335632324219E-02
   25    0.2572265625000000E-01    0.1549110412597656E-02
   26    0.2818359375000000E-01    0.1870994567871094E-02
   27    0.2802734375000000E-01    0.1849327087402344E-02
   28    0.2912109375000000E-01    0.1836585998535156E-02
   29    0.2736328125000000E-01    0.1708869934082031E-02
   30    0.2410156250000000E-01    0.1313400268554688E-02
   31    0.2585937500000000E-01    0.1450958251953125E-02
   32    0.2802734375000000E-01    0.1483955383300781E-02
   33    0.2480468750000000E-01    0.1514129638671875E-02
   34    0.2593750000000000E-01    0.1580581665039062E-02
   35    0.2613281250000000E-01    0.1598358154296875E-02
   36    0.2457031250000000E-01    0.1654586791992188E-02
   37    0.2257812500000000E-01    0.1373825073242187E-02
   38    0.2156250000000000E-01    0.1480407714843750E-02
   39    0.2205078125000000E-01    0.1316566467285156E-02
   40    0.2167968750000000E-01    0.1520080566406250E-02
   41    0.2144531250000000E-01    0.1178207397460938E-02
   42    0.1869140625000000E-01    0.1128654479980469E-02
   43    0.1937500000000000E-01    0.1232604980468750E-02
   44    0.2185546875000000E-01    0.1306648254394531E-02
   45    0.2179687500000000E-01    0.1297760009765625E-02
   46    0.1919921875000000E-01    0.1175117492675781E-02
   47    0.1873046875000000E-01    0.1115531921386719E-02
   48    0.1902343750000000E-01    0.1078948974609375E-02
   49    0.1730468750000000E-01    0.1210403442382813E-02
   50    0.1882812500000000E-01    0.1152420043945313E-02
   51    0.2093750000000000E-01    0.1244888305664062E-02
   52    0.1896484375000000E-01    0.1299324035644531E-02
   53    0.2296875000000000E-01    0.1200027465820312E-02
   54    0.2144531250000000E-01    0.1253662109375000E-02
   55    0.1751953125000000E-01    0.1141166687011719E-02
   56    0.1794921875000000E-01    0.1260871887207031E-02
   57    0.1724609375000000E-01    0.1200904846191406E-02
   58    0.1548828125000000E-01    0.1047172546386719E-02
   59    0.1472656250000000E-01    0.1068191528320312E-02
   60    0.1677734375000000E-01    0.1156730651855469E-02
   61    0.1501953125000000E-01    0.1088676452636719E-02
   62    0.1404296875000000E-01    0.9433364868164062E-03
   63    0.1546875000000000E-01    0.1084365844726562E-02
   64    0.1388671875000000E-01    0.1080436706542969E-02
   65    0.1421875000000000E-01    0.1112518310546875E-02
   66    0.1519531250000000E-01    0.1083068847656250E-02
   67    0.1214843750000000E-01    0.8977508544921875E-03
   68    0.1351562500000000E-01    0.8699035644531250E-03
   69    0.1314453125000000E-01    0.8729934692382812E-03
   70    0.1503906250000000E-01    0.9886932373046875E-03
   71    0.1787109375000000E-01    0.1036491394042969E-02
   72    0.1570312500000000E-01    0.8734893798828125E-03
   73    0.1187500000000000E-01    0.8570098876953125E-03
   74    0.1009765625000000E-01    0.1087684631347656E-02
   75    0.1205078125000000E-01    0.9719467163085937E-03
   76    0.1388671875000000E-01    0.9384536743164062E-03
   77    0.1568359375000000E-01    0.8771896362304687E-03
   78    0.1517578125000000E-01    0.9357833862304688E-03
   79    0.1583984375000000E-01    0.1036109924316406E-02
   80    0.1404296875000000E-01    0.1125221252441406E-02
   81    0.1318359375000000E-01    0.8804702758789063E-03
   82    0.1429687500000000E-01    0.1001510620117188E-02
   83    0.1105468750000000E-01    0.9748077392578125E-03
   84    0.9824218750000000E-02    0.8146286010742188E-03
   85    0.1150390625000000E-01    0.8121871948242187E-03
   86    0.1496093750000000E-01    0.9403991699218750E-03
   87    0.1218750000000000E-01    0.8383178710937500E-03
   88    0.1541015625000000E-01    0.9706497192382812E-03
   89    0.1214843750000000E-01    0.7672119140625000E-03
   90    0.1384765625000000E-01    0.8741378784179688E-03
   91    0.1308593750000000E-01    0.9378814697265626E-03
   92    0.1449218750000000E-01    0.1015930175781250E-02
   93    0.1267578125000000E-01    0.1022148132324219E-02
   94    0.9628906249999999E-02    0.8893966674804688E-03
   95    0.1265625000000000E-01    0.1024169921875000E-02
   96    0.1093750000000000E-01    0.8889770507812500E-03
   97    0.1029296875000000E-01    0.7515335083007812E-03
   98    0.9570312500000001E-02    0.7006835937500000E-03
   99    0.1103515625000000E-01    0.8301925659179687E-03
  100    0.8183593750000001E-02    0.6379318237304687E-03
