# time =    0.4589
    0    0.1000000000000000E+01    0.1000000000000000E+01
    1    0.1830664062500000E+00    0.3418857574462891E-01
    2    0.4246093750000000E-01    0.2507629394531250E-02
    3    0.8183593750000001E-02    0.9763717651367187E-03
    4    0.8203125000000000E-03    0.7796478271484375E-03
    5    0.2968750000000000E-02    0.8795928955078125E-03
    6    0.3906250000000000E-03    0.8482360839843751E-03
    7   -0.3027343750000000E-02    0.8045578002929687E-03
    8   -0.3906250000000000E-03    0.9348297119140625E-03
    9   -0.4589843750000000E-02    0.9022903442382813E-03
   10   -0.1308593750000000E-02    0.9440994262695313E-03
   11   -0.4589843750000000E-02    0.9727096557617188E-03
   12    0.8984375000000000E-03    0.1167907714843750E-02
   13   -0.4277343750000000E-02    0.1031150817871094E-02
   14   -0.6972656250000000E-02    0.1133689880371094E-02
   15   -0.1992187500000000E-02    0.1166076660156250E-02
   16    0.5468750000000001E-03    0.8882904052734376E-03
   17    0.5273437500000000E-03    0.1016502380371094E-02
   18   -0.2714843750000000E-02    0.1017723083496094E-02
   19    0.3886718750000000E-02    0.9534835815429687E-03
   20   -0.9570312500000000E-03    0.8607101440429687E-03
   21    0.6308593750000000E-02    0.1020545959472656E-02
   22    0.4140625000000000E-02    0.9393310546875000E-03
   23   -0.2343750000000000E-03    0.1110610961914062E-02
   24    0.3046875000000000E-02    0.9927368164062500E-03
   25    0.9570312500000000E-03    0.9527206420898438E-03
   26    0.1074218750000000E-02    0.9074783325195312E-03
   27    0.4882812500000000E-02    0.1134567260742188E-02
   28    0.8789062500000000E-03    0.1091575622558594E-02
   29    0.2636718750000000E-02    0.1037025451660156E-02
   30    0.8789062500000000E-03    0.1175804138183594E-02
   31    0.6640625000000000E-03    0.1164016723632812E-02
   32   -0.8593750000000000E-03    0.9762573242187500E-03
   33   -0.5039062500000000E-02    0.8773040771484375E-03
   34   -0.5566406250000000E-02    0.1036186218261719E-02
   35    0.5332031250000000E-02    0.1084785461425781E-02
   36    0.1757812500000000E-02    0.8326721191406250E-03
   37    0.2929687500000000E-02    0.9482574462890625E-03
   38    0.8613281250000000E-02    0.1199226379394531E-02
   39    0.3339843750000000E-02    0.1061820983886719E-02
   40   -0.4003906250000000E-02    0.1129264831542969E-02
   41   -0.4101562500000000E-02    0.8887481689453125E-03
   42   -0.3007812500000000E-02    0.1024856567382813E-02
   43   -0.1582031250000000E-02    0.9592056274414062E-03
   44    0.4101562500000000E-03    0.5607986450195312E-03
   45   -0.3925781250000000E-02    0.8950424194335937E-03
   46   -0.2050781250000000E-02    0.7681655883789063E-03
   47   -0.2929687500000000E-03    0.9270858764648438E-03
   48   -0.4492187500000000E-03    0.9984207153320313E-03
   49   -0.7031250000000000E-03    0.9734344482421875E-03
   50    0.6835937500000000E-03    0.6829452514648438E-03
   51    0.4667968750000000E-02    0.1021690368652344E-02
   52   -0.1855468750000000E-02    0.1024894714355469E-02
   53   -0.3457031250000000E-02    0.1048164367675781E-02
   54   -0.2187500000000000E-02    0.7915496826171875E-03
   55    0.1347656250000000E-02    0.8198928833007813E-03
   56    0.6054687500000000E-03    0.9745407104492187E-03
   57    0.2148437500000000E-02    0.1068801879882813E-02
   58   -0.2382812500000000E-02    0.9608459472656250E-03
   59    0.4101562500000000E-03    0.8221054077148437E-03
   60   -0.1406250000000000E-02    0.9966278076171875E-03
   61   -0.1894531250000000E-02    0.8169174194335938E-03
   62    0.3691406250000000E-02    0.8655166625976562E-03
   63    0.1230468750000000E-02    0.8862686157226563E-03
   64    0.6054687500000000E-03    0.1047630310058594E-02
   65    0.5078125000000000E-03    0.1044311523437500E-02
   66   -0.2148437500000000E-02    0.1049804687500000E-02
   67   -0.3671875000000000E-02    0.1072463989257812E-02
   68   -0.1269531250000000E-02    0.1200599670410156E-02
   69    0.2011718750000000E-02    0.1131248474121094E-02
   70    0.1328125000000000E-02    0.8549499511718750E-03
   71    0.4882812500000000E-03    0.9724044799804687E-03
   72    0.5332031250000000E-02    0.9563064575195312E-03
   73   -0.3222656250000000E-02    0.1055488586425781E-02
   74   -0.8593750000000000E-03    0.8727264404296875E-03
   75    0.3515625000000000E-02    0.8383941650390625E-03
   76    0.3125000000000000E-03    0.1180496215820312E-02
   77   -0.6074218750000000E-02    0.1158943176269531E-02
   78    0.1953125000000000E-03    0.1277160644531250E-02
   79    0.4453125000000000E-02    0.8217620849609375E-03
   80    0.4492187500000000E-03    0.9273147583007813E-03
   81    0.5468750000000001E-03    0.9761047363281250E-03
   82   -0.5078125000000000E-03    0.9099578857421875E-03
   83   -0.7812500000000000E-04    0.1020584106445313E-02
   84   -0.2656250000000000E-02    0.1039810180664062E-02
   85   -0.1875000000000000E-02    0.9548187255859375E-03
   86    0.5859375000000000E-03    0.1115570068359375E-02
   87   -0.1425781250000000E-02    0.1128501892089844E-02
   88   -0.4472656250000000E-02    0.9463882446289063E-03
   89   -0.3828125000000000E-02    0.1014099121093750E-02
   90    0.5175781250000000E-02    0.8549118041992188E-03
   91    0.4160156250000000E-02    0.9261703491210937E-03
   92    0.5273437500000000E-02    0.1071472167968750E-02
   93    0.2226562500000000E-02    0.7601165771484375E-03
   94   -0.5214843750000000E-02    0.1025581359863281E-02
   95    0.4550781250000000E-02    0.7405471801757812E-03
   96   -0.3125000000000000E-03    0.9484100341796875E-03
   97    0.3261718750000000E-02    0.1000862121582031E-02
   98   -0.1328125000000000E-02    0.9850311279296876E-03
   99   -0.3359375000000000E-02    0.9178161621093750E-03
  100   -0.3613281250000000E-02    0.1072120666503906E-02
