# time =    0.4369
    0    0.1000000000000000E+01    0.1000000000000000E+01
    1    0.3477148437500000E+00    0.1215757369995117E+00
    2    0.1420312500000000E+00    0.2112457275390625E-01
    3    0.6675781250000000E-01    0.5346755981445312E-02
    4    0.3443359375000000E-01    0.2294807434082031E-02
    5    0.1714843750000000E-01    0.1226501464843750E-02
    6    0.7109375000000000E-02    0.9571075439453125E-03
    7    0.8203125000000000E-02    0.8718109130859375E-03
    8    0.3593750000000000E-02    0.1208038330078125E-02
    9    0.5078125000000000E-02    0.8807373046875000E-03
   10    0.6035156250000000E-02    0.9984207153320313E-03
   11    0.1386718750000000E-02    0.9738540649414062E-03
   12    0.5097656250000000E-02    0.9747695922851563E-03
   13    0.4101562500000000E-02    0.9930419921875000E-03
   14   -0.1054687500000000E-02    0.1006011962890625E-02
   15   -0.3007812500000000E-02    0.9590911865234375E-03
   16   -0.5117187500000000E-02    0.9320068359375000E-03
   17   -0.3515625000000000E-03    0.8952331542968750E-03
   18   -0.4296875000000000E-02    0.1005859375000000E-02
   19   -0.1562500000000000E-03    0.7999420166015625E-03
   20   -0.7402343750000000E-02    0.1006431579589844E-02
   21   -0.1953125000000000E-04    0.9341049194335938E-03
   22   -0.1386718750000000E-02    0.8962631225585937E-03
   23    0.3671875000000000E-02    0.1149749755859375E-02
   24    0.3203125000000000E-02    0.9239959716796875E-03
   25    0.2734375000000000E-02    0.9695434570312500E-03
   26   -0.1972656250000000E-02    0.9217453002929687E-03
   27    0.2265625000000000E-02    0.8649444580078125E-03
   28    0.1074218750000000E-02    0.1115074157714844E-02
   29   -0.4335937500000000E-02    0.9534454345703125E-03
   30    0.3066406250000000E-02    0.1001319885253906E-02
   31    0.2050781250000000E-02    0.8471298217773437E-03
   32    0.4140625000000000E-02    0.1062545776367188E-02
   33    0.4042968750000000E-02    0.8679580688476563E-03
   34   -0.1367187500000000E-03    0.1022605895996094E-02
   35    0.1738281250000000E-02    0.1204490661621094E-02
   36   -0.9375000000000000E-03    0.1078491210937500E-02
   37    0.2128906250000000E-02    0.1045875549316406E-02
   38    0.1640625000000000E-02    0.8552551269531250E-03
   39    0.4179687500000000E-02    0.1064376831054687E-02
   40    0.1035156250000000E-02    0.1065864562988281E-02
   41    0.2148437500000000E-02    0.1091995239257812E-02
   42    0.1093750000000000E-02    0.8454895019531249E-03
   43    0.3769531250000000E-02    0.1183280944824219E-02
   44    0.8593750000000000E-03    0.8721923828124999E-03
   45   -0.3847656250000000E-02    0.8801651000976562E-03
   46    0.2695312500000000E-02    0.7312011718750000E-03
   47    0.1953125000000000E-03    0.9035491943359376E-03
   48    0.3261718750000000E-02    0.9788894653320313E-03
   49    0.1328125000000000E-02    0.1031494140625000E-02
   50   -0.4531250000000000E-02    0.1103897094726562E-02
   51   -0.9375000000000000E-03    0.9896850585937500E-03
   52    0.3554687500000000E-02    0.1040115356445313E-02
   53    0.4296875000000000E-03    0.1197814941406250E-02
   54   -0.3925781250000000E-02    0.1076393127441406E-02
   55    0.5273437500000000E-03    0.1188163757324219E-02
   56   -0.6250000000000000E-03    0.7895660400390625E-03
   57    0.2890625000000000E-02    0.9494781494140625E-03
   58   -0.2656250000000000E-02    0.9109497070312500E-03
   59    0.2812500000000000E-02    0.7741546630859375E-03
   60    0.2441406250000000E-02    0.8543777465820312E-03
   61    0.4902343750000000E-02    0.9741592407226563E-03
   62    0.5195312500000000E-02    0.8884429931640625E-03
   63   -0.1445312500000000E-02    0.8232116699218750E-03
   64    0.6953125000000000E-02    0.8356475830078125E-03
   65    0.1406250000000000E-02    0.9443664550781250E-03
   66    0.3437500000000000E-02    0.8311462402343750E-03
   67   -0.4121093750000000E-02    0.8680343627929688E-03
   68   -0.2128906250000000E-02    0.9164810180664062E-03
   69    0.4492187500000000E-03    0.8254623413085937E-03
   70   -0.3378906250000000E-02    0.8906936645507813E-03
   71   -0.4550781250000000E-02    0.9128189086914062E-03
   72   -0.7500000000000000E-02    0.8216857910156250E-03
   73   -0.3457031250000000E-02    0.8710098266601563E-03
   74   -0.1523437500000000E-02    0.8596801757812501E-03
   75   -0.7343750000000000E-02    0.1070251464843750E-02
   76   -0.2050781250000000E-02    0.8275985717773437E-03
   77    0.1210937500000000E-02    0.9786987304687500E-03
   78   -0.1757812500000000E-03    0.9166336059570312E-03
   79    0.9960937500000000E-03    0.1012382507324219E-02
   80   -0.2753906250000000E-02    0.7621383666992187E-03
   81   -0.5605468750000000E-02    0.9368515014648438E-03
   82   -0.5664062500000000E-03    0.1011238098144531E-02
   83   -0.2089843750000000E-02    0.8555221557617188E-03
   84    0.2617187500000000E-02    0.9073638916015626E-03
   85    0.2050781250000000E-02    0.9758377075195313E-03
   86    0.5175781250000000E-02    0.1178627014160156E-02
   87    0.1171875000000000E-02    0.1079711914062500E-02
   88   -0.1035156250000000E-02    0.9601974487304688E-03
   89   -0.2226562500000000E-02    0.1198272705078125E-02
   90    0.8007812500000000E-03    0.1123237609863281E-02
   91    0.1953125000000000E-03    0.1078109741210938E-02
   92    0.5664062500000000E-02    0.1007156372070312E-02
   93    0.4843750000000000E-02    0.8670043945312500E-03
   94    0.5664062500000000E-03    0.9523391723632813E-03
   95    0.4277343750000000E-02    0.1214485168457031E-02
   96   -0.3730468750000000E-02    0.9444808959960938E-03
   97    0.5273437500000000E-03    0.1155662536621094E-02
   98   -0.2343750000000000E-02    0.1185073852539063E-02
   99   -0.2968750000000000E-02    0.1024246215820312E-02
  100   -0.4160156250000000E-02    0.8640670776367187E-03
