# time =    0.4665
    0    0.1000000000000000E+01    0.1000000000000000E+01
    1    0.2333007812500000E+00    0.5504436492919922E-01
    2    0.6373046875000000E-01    0.5193672180175781E-02
    3    0.2101562500000000E-01    0.1520690917968750E-02
    4    0.9335937500000000E-02    0.9696960449218750E-03
    5   -0.2011718750000000E-02    0.1159934997558594E-02
    6    0.2851562500000000E-02    0.9566497802734375E-03
    7   -0.1035156250000000E-02    0.9890365600585937E-03
    8   -0.7851562499999999E-02    0.1095123291015625E-02
    9    0.1171875000000000E-03    0.8264923095703125E-03
   10   -0.3320312500000000E-03    0.9790420532226562E-03
   11   -0.2343750000000000E-02    0.9522247314453125E-03
   12    0.3515625000000000E-03    0.9337615966796875E-03
   13    0.2148437500000000E-03    0.1178321838378906E-02
   14   -0.3906250000000000E-04    0.9403228759765625E-03
   15    0.2519531250000000E-02    0.1162605285644531E-02
   16    0.9687500000000000E-02    0.8960723876953125E-03
   17    0.2656250000000000E-02    0.1173400878906250E-02
   18   -0.3847656250000000E-02    0.8741378784179688E-03
   19   -0.5058593750000000E-02    0.1281394958496094E-02
   20    0.2500000000000000E-02    0.1096649169921875E-02
   21   -0.2871093750000000E-02    0.1256217956542969E-02
   22   -0.1152343750000000E-02    0.8835220336914063E-03
   23    0.2148437500000000E-02    0.8089447021484375E-03
   24    0.3906250000000000E-02    0.9881591796875001E-03
   25    0.2734375000000000E-02    0.1065979003906250E-02
   26    0.2617187500000000E-02    0.9003448486328125E-03
   27    0.2109375000000000E-02    0.1114807128906250E-02
   28    0.6054687500000000E-03    0.1083335876464844E-02
   29   -0.2675781250000000E-02    0.1122779846191406E-02
   30   -0.2558593750000000E-02    0.1031837463378906E-02
   31    0.2304687500000000E-02    0.1300582885742187E-02
   32   -0.1269531250000000E-02    0.1114082336425781E-02
   33   -0.9960937500000000E-03    0.9943008422851562E-03
   34    0.6484375000000000E-02    0.9488677978515625E-03
   35    0.6914062500000000E-02    0.9322357177734375E-03
   36   -0.2148437500000000E-03    0.1035499572753906E-02
   37   -0.4609375000000000E-02    0.9796142578125000E-03
   38    0.3906250000000000E-04    0.8409118652343750E-03
   39   -0.6289062500000000E-02    0.1040191650390625E-02
   40   -0.3710937500000000E-03    0.7286453247070312E-03
   41    0.1425781250000000E-02    0.7941818237304687E-03
   42    0.2832031250000000E-02    0.1088447570800781E-02
   43    0.3750000000000000E-02    0.1089630126953125E-02
   44    0.7812500000000000E-04    0.8910369873046875E-03
   45   -0.3984375000000000E-02    0.9876251220703124E-03
   46   -0.4687500000000000E-02    0.9181976318359375E-03
   47   -0.5839843750000000E-02    0.9722518920898438E-03
   48   -0.4296875000000000E-02    0.1121444702148438E-02
   49   -0.2324218750000000E-02    0.1191520690917969E-02
   50    0.2285156250000000E-02    0.8092880249023438E-03
   51    0.1464843750000000E-02    0.1051902770996094E-02
   52    0.4882812500000000E-03    0.8594131469726562E-03
   53    0.5859375000000000E-04    0.9435653686523437E-03
   54   -0.3125000000000000E-03    0.1253280639648438E-02
   55   -0.8398437500000000E-03    0.1060447692871094E-02
   56    0.1386718750000000E-02    0.9990310668945312E-03
   57    0.1855468750000000E-02    0.9753036499023437E-03
   58    0.4707031250000000E-02    0.9965133666992188E-03
   59   -0.7812500000000000E-04    0.8885192871093750E-03
   60    0.3105468750000000E-02    0.7955551147460938E-03
   61   -0.3085937500000000E-02    0.9012603759765625E-03
   62   -0.2343750000000000E-03    0.1181259155273438E-02
   63    0.7402343750000000E-02    0.1010093688964844E-02
   64    0.1425781250000000E-02    0.1068229675292969E-02
   65   -0.1250000000000000E-02    0.8684539794921875E-03
   66   -0.2109375000000000E-02    0.1007080078125000E-02
   67    0.1210937500000000E-02    0.1165542602539063E-02
   68   -0.1757812500000000E-03    0.9297561645507812E-03
   69    0.1210937500000000E-02    0.8386230468750000E-03
   70    0.3085937500000000E-02    0.1250839233398437E-02
   71   -0.1953125000000000E-02    0.9752655029296875E-03
   72    0.2636718750000000E-02    0.1076011657714844E-02
   73    0.3105468750000000E-02    0.1022758483886719E-02
   74    0.8984375000000000E-03    0.9343719482421875E-03
   75   -0.5859375000000000E-03    0.8940124511718751E-03
   76    0.3730468750000000E-02    0.1052131652832031E-02
   77    0.6445312500000000E-03    0.1040992736816406E-02
   78    0.2128906250000000E-02    0.9534835815429687E-03
   79    0.2500000000000000E-02    0.9693145751953125E-03
   80   -0.1093750000000000E-02    0.9094238281250000E-03
   81   -0.1503906250000000E-02    0.9753799438476562E-03
   82   -0.2031250000000000E-02    0.1030197143554688E-02
   83    0.7421875000000000E-03    0.8161926269531250E-03
   84   -0.3710937500000000E-03    0.9051895141601562E-03
   85    0.1386718750000000E-02    0.9013748168945312E-03
   86   -0.1660156250000000E-02    0.8746719360351562E-03
   87   -0.5781250000000000E-02    0.9616851806640625E-03
   88   -0.3808593750000000E-02    0.9076309204101563E-03
   89   -0.1171875000000000E-02    0.9343719482421875E-03
   90   -0.1933593750000000E-02    0.1290397644042969E-02
   91   -0.2968750000000000E-02    0.1106109619140625E-02
   92    0.4765625000000000E-02    0.1097106933593750E-02
   93    0.4003906250000000E-02    0.9804153442382812E-03
   94    0.1523437500000000E-02    0.8348846435546876E-03
   95   -0.2089843750000000E-02    0.9940719604492187E-03
   96    0.3906250000000000E-03    0.6547546386718749E-03
   97   -0.1093750000000000E-02    0.8914947509765625E-03
   98    0.6542968750000000E-02    0.9366989135742188E-03
   99    0.9414062500000001E-02    0.1215286254882812E-02
  100   -0.2480468750000000E-02    0.1063346862792969E-02
