# time =    0.4517
    0    0.1000000000000000E+01    0.1000000000000000E+01
    1    0.1772656250000000E+00    0.3221450805664063E-01
    2    0.3847656250000000E-01    0.2244644165039062E-02
    3    0.9687500000000000E-02    0.9531402587890626E-03
    4   -0.5078125000000000E-03    0.8015441894531250E-03
    5   -0.9570312500000000E-03    0.8163070678710938E-03
    6   -0.1953125000000000E-03    0.9077453613281250E-03
    7   -0.1542968750000000E-02    0.9860610961914063E-03
    8    0.7441406250000000E-02    0.1003379821777344E-02
    9    0.4863281250000000E-02    0.1037406921386719E-02
   10    0.3320312500000000E-03    0.6505966186523438E-03
   11    0.3906250000000000E-02    0.9660339355468750E-03
   12    0.2167968750000000E-02    0.9548568725585938E-03
   13    0.5273437500000000E-03    0.9161758422851562E-03
   14   -0.2246093750000000E-02    0.1321296691894531E-02
   15    0.2890625000000000E-02    0.8251953125000000E-03
   16   -0.5156250000000000E-02    0.7908630371093750E-03
   17   -0.2382812500000000E-02    0.9033203125000000E-03
   18    0.4101562500000000E-03    0.7771682739257812E-03
   19    0.3007812500000000E-02    0.9906768798828125E-03
   20   -0.1933593750000000E-02    0.9033584594726563E-03
   21    0.6171875000000000E-02    0.9690093994140625E-03
   22    0.3906250000000000E-03    0.1317596435546875E-02
   23    0.4687500000000000E-02    0.9552764892578125E-03
   24    0.1757812500000000E-02    0.1026687622070312E-02
   25    0.2128906250000000E-02    0.8681869506835938E-03
   26    0.1093750000000000E-02    0.8292388916015625E-03
   27   -0.3027343750000000E-02    0.9077835083007812E-03
   28    0.1113281250000000E-02    0.8832931518554688E-03
   29   -0.3417968750000000E-02    0.9903335571289063E-03
   30   -0.3515625000000000E-03    0.9721374511718750E-03
   31    0.8007812500000000E-03    0.1107978820800781E-02
   32   -0.4882812500000000E-03    0.8469772338867188E-03
   33   -0.4394531250000000E-02    0.1158332824707031E-02
   34    0.1953125000000000E-02    0.1048431396484375E-02
   35   -0.1992187500000000E-02    0.8455657958984375E-03
   36   -0.1269531250000000E-02    0.1033363342285156E-02
   37    0.7773437500000000E-02    0.1002960205078125E-02
   38    0.3906250000000000E-02    0.9481048583984375E-03
   39   -0.3320312500000000E-03    0.9637069702148437E-03
   40   -0.2617187500000000E-02    0.1098861694335938E-02
   41    0.8203125000000000E-03    0.1095046997070313E-02
   42   -0.3535156250000000E-02    0.8416366577148437E-03
   43   -0.4687500000000000E-03    0.7435607910156250E-03
   44   -0.3906250000000000E-03    0.8557891845703125E-03
   45   -0.3906250000000000E-04    0.8925628662109375E-03
   46   -0.6250000000000000E-03    0.8129882812500000E-03
   47    0.5859375000000000E-03    0.9432220458984375E-03
   48    0.3242187500000000E-02    0.9597778320312500E-03
   49   -0.4667968750000000E-02    0.9128952026367188E-03
   50   -0.2968750000000000E-02    0.8562469482421875E-03
   51    0.1953125000000000E-04    0.9409713745117187E-03
   52    0.5664062500000000E-03    0.1107444763183594E-02
   53   -0.5722656250000000E-02    0.1163825988769531E-02
   54   -0.1933593750000000E-02    0.1045494079589844E-02
   55    0.1601562500000000E-02    0.1093673706054687E-02
   56    0.4687500000000000E-03    0.1118545532226563E-02
   57    0.1777343750000000E-02    0.9637832641601563E-03
   58    0.1992187500000000E-02    0.7376861572265625E-03
   59   -0.2539062500000000E-03    0.8865737915039062E-03
   60   -0.8007812500000000E-03    0.7696914672851563E-03
   61    0.3632812500000000E-02    0.1264572143554688E-02
   62    0.3710937500000000E-02    0.1024093627929687E-02
   63   -0.8007812500000000E-03    0.8028793334960937E-03
   64   -0.5546875000000000E-02    0.8010864257812500E-03
   65   -0.3574218750000000E-02    0.1203269958496094E-02
   66    0.7167968750000000E-02    0.9196090698242187E-03
   67    0.1562500000000000E-03    0.1046218872070312E-02
   68    0.4082031250000000E-02    0.9808731079101562E-03
   69   -0.2832031250000000E-02    0.1021614074707031E-02
   70   -0.7246093750000000E-02    0.1244392395019531E-02
   71    0.2871093750000000E-02    0.8942794799804688E-03
   72    0.4101562500000000E-03    0.1123161315917969E-02
   73    0.4882812500000000E-03    0.9273147583007813E-03
   74    0.2753906250000000E-02    0.1025657653808594E-02
   75    0.5019531250000000E-02    0.9427261352539062E-03
   76    0.3906250000000000E-04    0.8478546142578125E-03
   77    0.4687500000000000E-03    0.9996032714843751E-03
   78    0.6250000000000000E-03    0.1166458129882812E-02
   79   -0.6640625000000000E-03    0.9657287597656250E-03
   80   -0.4882812500000000E-03    0.9284591674804687E-03
   81   -0.1171875000000000E-02    0.9808349609375000E-03
   82    0.3632812500000000E-02    0.8255767822265625E-03
   83   -0.1250000000000000E-02    0.1030807495117188E-02
   84    0.4453125000000000E-02    0.7260894775390625E-03
   85   -0.1171875000000000E-03    0.1092147827148438E-02
   86   -0.2421875000000000E-02    0.8555603027343750E-03
   87    0.4121093750000000E-02    0.1113853454589844E-02
   88    0.2109375000000000E-02    0.1087722778320312E-02
   89    0.1796875000000000E-02    0.9548950195312500E-03
   90    0.2167968750000000E-02    0.9433364868164062E-03
   91   -0.2734375000000000E-03    0.9460449218750000E-03
   92    0.6582031250000000E-02    0.1038017272949219E-02
   93    0.5566406250000000E-02    0.1031303405761719E-02
   94    0.4218750000000000E-02    0.1097793579101562E-02
   95   -0.1308593750000000E-02    0.7565689086914063E-03
   96   -0.7812500000000000E-03    0.9958648681640625E-03
   97    0.7207031250000000E-02    0.1168098449707031E-02
   98    0.3906250000000000E-03    0.9041595458984375E-03
   99    0.1464843750000000E-02    0.9000015258789063E-03
  100    0.1562500000000000E-02    0.9921264648437499E-03
