# time =    0.4436
    0    0.1000000000000000E+01    0.1000000000000000E+01
    1    0.3001171875000000E+00    0.9079818725585938E-01
    2    0.1001171875000000E+00    0.1115043640136719E-01
    3    0.3505859375000000E-01    0.2142753601074219E-02
    4    0.1335937500000000E-01    0.1174316406250000E-02
    5    0.6152343750000000E-02    0.9408187866210937E-03
    6    0.2714843750000000E-02    0.8678054809570313E-03
    7   -0.2382812500000000E-02    0.1059494018554688E-02
    8    0.1289062500000000E-02    0.9288787841796875E-03
    9   -0.8593750000000000E-03    0.9375000000000000E-03
   10    0.2519531250000000E-02    0.8559799194335937E-03
   11   -0.2109375000000000E-02    0.8946228027343750E-03
   12    0.1152343750000000E-02    0.9545516967773437E-03
   13   -0.3691406250000000E-02    0.9049606323242187E-03
   14    0.2324218750000000E-02    0.1061592102050781E-02
   15   -0.3515625000000000E-02    0.1164474487304687E-02
   16   -0.1191406250000000E-02    0.9263229370117188E-03
   17   -0.3105468750000000E-02    0.1115074157714844E-02
   18   -0.2773437500000000E-02    0.8570098876953125E-03
   19    0.5078125000000000E-03    0.9898376464843751E-03
   20    0.1875000000000000E-02    0.9584808349609375E-03
   21    0.3183593750000000E-02    0.9418106079101562E-03
   22   -0.2539062500000000E-02    0.1145782470703125E-02
   23    0.2695312500000000E-02    0.1093673706054687E-02
   24    0.3964843750000000E-02    0.1271629333496094E-02
   25    0.8476562500000000E-02    0.1196823120117188E-02
   26   -0.5410156250000000E-02    0.8297348022460937E-03
   27   -0.3183593750000000E-02    0.8062362670898437E-03
   28   -0.3574218750000000E-02    0.8658981323242188E-03
   29    0.9375000000000000E-03    0.1002960205078125E-02
   30   -0.2500000000000000E-02    0.1032333374023438E-02
   31   -0.4394531250000000E-02    0.8977890014648437E-03
   32   -0.7421875000000000E-03    0.1192016601562500E-02
   33    0.3164062500000000E-02    0.9467315673828125E-03
   34    0.2148437500000000E-03    0.1099891662597656E-02
   35   -0.2031250000000000E-02    0.1013565063476562E-02
   36   -0.2285156250000000E-02    0.9792709350585937E-03
   37   -0.4492187500000000E-03    0.1084022521972656E-02
   38   -0.1308593750000000E-02    0.9220504760742188E-03
   39    0.4687500000000000E-03    0.1023330688476562E-02
   40   -0.3671875000000000E-02    0.1109008789062500E-02
   41   -0.7207031250000000E-02    0.9148788452148438E-03
   42   -0.5664062500000000E-02    0.1057968139648437E-02
   43   -0.6113281250000000E-02    0.9073257446289062E-03
   44   -0.7207031250000000E-02    0.1175270080566406E-02
   45    0.2617187500000000E-02    0.8874511718749999E-03
   46    0.3808593750000000E-02    0.1163368225097656E-02
   47    0.3906250000000000E-04    0.9053039550781250E-03
   48    0.5332031250000000E-02    0.9668350219726562E-03
   49   -0.1054687500000000E-02    0.1186676025390625E-02
   50   -0.6660156250000000E-02    0.1124992370605469E-02
   51    0.1484375000000000E-02    0.1276016235351562E-02
   52    0.2851562500000000E-02    0.8595275878906250E-03
   53    0.6640625000000000E-03    0.9483337402343750E-03
   54   -0.1093750000000000E-02    0.9301757812500000E-03
   55    0.1562500000000000E-02    0.1068572998046875E-02
   56    0.3535156250000000E-02    0.1124992370605469E-02
   57    0.3945312500000000E-02    0.1015396118164063E-02
   58   -0.7031250000000000E-03    0.1017227172851563E-02
   59   -0.1992187500000000E-02    0.9362792968750000E-03
   60    0.3105468750000000E-02    0.1194267272949219E-02
   61    0.1093750000000000E-02    0.1012725830078125E-02
   62    0.2578125000000000E-02    0.1033859252929687E-02
   63    0.2402343750000000E-02    0.1059913635253906E-02
   64   -0.4296875000000000E-03    0.1263732910156250E-02
   65   -0.5859375000000000E-03    0.8074951171875000E-03
   66    0.4101562500000000E-03    0.9511947631835937E-03
   67    0.1054687500000000E-02    0.8343505859375000E-03
   68    0.4511718750000000E-02    0.1059532165527344E-02
   69    0.1679687500000000E-02    0.1032485961914063E-02
   70    0.1855468750000000E-02    0.9699630737304688E-03
   71    0.2988281250000000E-02    0.1001777648925781E-02
   72    0.1875000000000000E-02    0.9088897705078125E-03
   73   -0.3339843750000000E-02    0.7635879516601562E-03
   74   -0.2480468750000000E-02    0.9280776977539062E-03
   75   -0.4121093750000000E-02    0.7102584838867187E-03
   76    0.1562500000000000E-03    0.1130218505859375E-02
   77   -0.2890625000000000E-02    0.1097488403320312E-02
   78    0.2988281250000000E-02    0.7851791381835938E-03
   79    0.3320312500000000E-03    0.8983230590820313E-03
   80   -0.5078125000000000E-03    0.8330535888671875E-03
   81   -0.8789062500000000E-03    0.9115982055664062E-03
   82   -0.2343750000000000E-02    0.8576202392578125E-03
   83    0.2070312500000000E-02    0.1027679443359375E-02
   84   -0.1171875000000000E-02    0.7190704345703125E-03
   85   -0.5019531250000000E-02    0.1067008972167969E-02
   86   -0.1777343750000000E-02    0.1151847839355469E-02
   87    0.9960937500000000E-03    0.9884262084960938E-03
   88   -0.7812500000000000E-03    0.9374237060546875E-03
   89   -0.1953125000000000E-03    0.7308959960937500E-03
   90   -0.1933593750000000E-02    0.9703445434570313E-03
   91   -0.1953125000000000E-04    0.9564590454101562E-03
   92    0.2480468750000000E-02    0.7961654663085938E-03
   93   -0.1640625000000000E-02    0.9381103515625000E-03
   94   -0.2949218750000000E-02    0.8672714233398437E-03
   95   -0.6054687500000000E-03    0.9153366088867187E-03
   96   -0.2695312500000000E-02    0.1067810058593750E-02
   97    0.1464843750000000E-02    0.9971237182617187E-03
   98   -0.1367187500000000E-03    0.8554458618164062E-03
   99   -0.7812500000000000E-03    0.1029510498046875E-02
  100   -0.1777343750000000E-02    0.9415054321289063E-03
