# time =    0.4643
    0    0.1000000000000000E+01    0.1000000000000000E+01
    1    0.2503320312500000E+00    0.6328121185302735E-01
    2    0.7054687500000000E-01    0.6120071411132812E-02
    3    0.2312500000000000E-01    0.1892242431640625E-02
    4    0.1082031250000000E-01    0.1126403808593750E-02
    5    0.1189453125000000E-01    0.1130561828613281E-02
    6    0.3359375000000000E-02    0.1137542724609375E-02
    7    0.3750000000000000E-02    0.9889221191406250E-03
    8    0.2011718750000000E-02    0.8606338500976563E-03
    9   -0.2617187500000000E-02    0.9171295166015625E-03
   10    0.7617187500000000E-03    0.1016120910644531E-02
   11   -0.2421875000000000E-02    0.8737945556640625E-03
   12    0.6445312500000000E-03    0.9711837768554688E-03
   13    0.1445312500000000E-02    0.7891845703125000E-03
   14    0.5859375000000000E-04    0.8240890502929688E-03
   15    0.5000000000000000E-02    0.1000137329101563E-02
   16    0.2421875000000000E-02    0.9631347656250000E-03
   17    0.2714843750000000E-02    0.1055793762207031E-02
   18    0.3945312500000000E-02    0.7720184326171875E-03
   19    0.5273437500000000E-03    0.9149551391601562E-03
   20   -0.1699218750000000E-02    0.9469985961914062E-03
   21    0.6054687500000000E-02    0.1159515380859375E-02
   22   -0.2207031250000000E-02    0.8503341674804687E-03
   23    0.1054687500000000E-02    0.6745147705078125E-03
   24   -0.5410156250000000E-02    0.1112480163574219E-02
   25    0.5664062500000000E-03    0.1072044372558594E-02
   26   -0.2343750000000000E-03    0.1044845581054687E-02
   27    0.3632812500000000E-02    0.1065444946289063E-02
   28    0.6191406250000000E-02    0.8608627319335937E-03
   29    0.3007812500000000E-02    0.8196258544921876E-03
   30    0.3515625000000000E-02    0.8721923828124999E-03
   31   -0.2929687500000000E-03    0.7464218139648437E-03
   32    0.1503906250000000E-02    0.1084709167480469E-02
   33   -0.2714843750000000E-02    0.8450698852539063E-03
   34   -0.7304687500000000E-02    0.1346588134765625E-02
   35    0.3125000000000000E-03    0.1112289428710937E-02
   36   -0.6445312500000000E-03    0.1126823425292969E-02
   37    0.6054687500000000E-02    0.9597778320312500E-03
   38   -0.4804687500000000E-02    0.9040832519531250E-03
   39   -0.4550781250000000E-02    0.1097908020019531E-02
   40   -0.5625000000000000E-02    0.9718322753906250E-03
   41   -0.2187500000000000E-02    0.9654235839843750E-03
   42    0.7226562500000000E-02    0.8006286621093750E-03
   43    0.4179687500000000E-02    0.9838867187500001E-03
   44    0.3144531250000000E-02    0.8552169799804687E-03
   45    0.1250000000000000E-02    0.1212615966796875E-02
   46   -0.6582031250000000E-02    0.9098434448242187E-03
   47    0.1621093750000000E-02    0.9898757934570313E-03
   48    0.1933593750000000E-02    0.1124382019042969E-02
   49    0.1835937500000000E-02    0.1194534301757812E-02
   50    0.5468750000000001E-03    0.9749603271484375E-03
   51   -0.1933593750000000E-02    0.8831405639648437E-03
   52   -0.4179687500000000E-02    0.7335662841796875E-03
   53   -0.4746093750000000E-02    0.1166191101074219E-02
   54   -0.2148437500000000E-03    0.9740829467773437E-03
   55    0.2558593750000000E-02    0.1075477600097656E-02
   56   -0.3906250000000000E-03    0.1089630126953125E-02
   57    0.1757812500000000E-03    0.8398056030273438E-03
   58   -0.3710937500000000E-03    0.1173362731933594E-02
   59   -0.1855468750000000E-02    0.9491348266601563E-03
   60   -0.7812500000000000E-04    0.1273727416992187E-02
   61   -0.4121093750000000E-02    0.9057998657226562E-03
   62    0.2089843750000000E-02    0.1278495788574219E-02
   63    0.1640625000000000E-02    0.1057891845703125E-02
   64   -0.1464843750000000E-02    0.9177780151367188E-03
   65    0.2519531250000000E-02    0.1000785827636719E-02
   66    0.4687500000000000E-02    0.1124496459960937E-02
   67    0.4101562500000000E-02    0.8223724365234375E-03
   68    0.2382812500000000E-02    0.8384704589843750E-03
   69    0.2226562500000000E-02    0.8958435058593750E-03
   70    0.1406250000000000E-02    0.8983612060546875E-03
   71    0.7812500000000000E-03    0.9816741943359374E-03
   72    0.4414062500000000E-02    0.8358764648437500E-03
   73    0.6093750000000000E-02    0.1143646240234375E-02
   74    0.1679687500000000E-02    0.9189605712890625E-03
   75   -0.2929687500000000E-03    0.1213798522949219E-02
   76   -0.2480468750000000E-02    0.1034431457519531E-02
   77    0.4140625000000000E-02    0.9471130371093750E-03
   78    0.2851562500000000E-02    0.1125106811523437E-02
   79    0.3906250000000000E-02    0.1165924072265625E-02
   80   -0.3906250000000000E-03    0.1104888916015625E-02
   81   -0.1445312500000000E-02    0.9510040283203125E-03
   82   -0.1914062500000000E-02    0.9771728515625001E-03
   83   -0.6640625000000000E-03    0.8943939208984375E-03
   84    0.3085937500000000E-02    0.1004028320312500E-02
   85    0.1230468750000000E-02    0.8404922485351563E-03
   86   -0.2812500000000000E-02    0.7041168212890625E-03
   87    0.3125000000000000E-02    0.1130294799804688E-02
   88   -0.1093750000000000E-02    0.9859466552734374E-03
   89   -0.8593750000000000E-03    0.1193695068359375E-02
   90   -0.9765625000000001E-04    0.8588027954101562E-03
   91   -0.2988281250000000E-02    0.1012153625488281E-02
   92   -0.1894531250000000E-02    0.7437515258789062E-03
   93    0.9960937500000000E-03    0.1049385070800781E-02
   94    0.3906250000000000E-02    0.9204101562500000E-03
   95    0.5019531250000000E-02    0.9315872192382813E-03
   96    0.9765625000000001E-04    0.1031837463378906E-02
   97   -0.3984375000000000E-02    0.8818817138671875E-03
   98   -0.6054687500000000E-02    0.1034545898437500E-02
   99   -0.4863281250000000E-02    0.9957504272460936E-03
  100    0.7031250000000000E-03    0.1013641357421875E-02
