# time =    0.4791
    0    0.1000000000000000E+01    0.1000000000000000E+01
    1    0.2390039062500000E+00    0.5784458160400391E-01
    2    0.7742187500000000E-01    0.6718521118164063E-02
    3    0.3044921875000000E-01    0.1786308288574219E-02
    4    0.1677734375000000E-01    0.1435127258300781E-02
    5    0.9902343750000001E-02    0.1221809387207031E-02
    6    0.5488281250000000E-02    0.1051521301269531E-02
    7    0.5937500000000000E-02    0.7505798339843750E-03
    8    0.7382812500000000E-02    0.1023559570312500E-02
    9    0.8144531250000000E-02    0.9573745727539062E-03
   10    0.1132812500000000E-02    0.9875488281250000E-03
   11    0.0000000000000000E+00    0.8953094482421875E-03
   12    0.3027343750000000E-02    0.1137046813964844E-02
   13    0.8476562500000000E-02    0.1294860839843750E-02
   14    0.5253906250000000E-02    0.7081222534179687E-03
   15    0.2460937500000000E-02    0.7398986816406250E-03
   16   -0.1347656250000000E-02    0.1075706481933594E-02
   17   -0.4882812500000000E-03    0.1071739196777344E-02
   18   -0.7226562500000000E-03    0.1059684753417969E-02
   19    0.7421875000000000E-03    0.8647918701171875E-03
   20   -0.1796875000000000E-02    0.9234619140625000E-03
   21    0.2558593750000000E-02    0.8102035522460937E-03
   22   -0.1835937500000000E-02    0.9924316406250001E-03
   23   -0.3515625000000000E-03    0.8493041992187499E-03
   24   -0.4160156250000000E-02    0.1072120666503906E-02
   25    0.2460937500000000E-02    0.1092681884765625E-02
   26    0.8007812500000000E-03    0.1096992492675781E-02
   27    0.3984375000000000E-02    0.1029205322265625E-02
   28    0.2675781250000000E-02    0.1263313293457031E-02
   29    0.1425781250000000E-02    0.1090354919433594E-02
   30    0.1152343750000000E-02    0.9230422973632812E-03
   31    0.1406250000000000E-02    0.9992980957031249E-03
   32   -0.2968750000000000E-02    0.8759307861328125E-03
   33   -0.6250000000000000E-02    0.9109497070312500E-03
   34   -0.3125000000000000E-02    0.1042709350585937E-02
   35    0.2421875000000000E-02    0.8663940429687500E-03
   36    0.3730468750000000E-02    0.1163597106933594E-02
   37    0.1250000000000000E-02    0.8462524414062500E-03
   38   -0.1152343750000000E-02    0.1127815246582031E-02
   39   -0.4492187500000000E-03    0.1007347106933594E-02
   40    0.1074218750000000E-02    0.8929061889648437E-03
   41   -0.1992187500000000E-02    0.7003784179687500E-03
   42   -0.9765625000000001E-04    0.1176719665527344E-02
   43    0.1464843750000000E-02    0.1160697937011719E-02
   44    0.9765625000000000E-03    0.1055374145507813E-02
   45   -0.3261718750000000E-02    0.1045188903808594E-02
   46   -0.3046875000000000E-02    0.1094665527343750E-02
   47    0.2324218750000000E-02    0.1101875305175781E-02
   48   -0.3847656250000000E-02    0.1118888854980469E-02
   49    0.1933593750000000E-02    0.7881546020507813E-03
   50    0.4687500000000000E-03    0.9992218017578125E-03
   51    0.3945312500000000E-02    0.1090774536132812E-02
   52   -0.1835937500000000E-02    0.9902191162109374E-03
   53   -0.3867187500000000E-02    0.7986450195312501E-03
   54    0.3671875000000000E-02    0.9909820556640624E-03
   55    0.5703125000000000E-02    0.7102203369140625E-03
   56    0.6171875000000000E-02    0.8583831787109375E-03
   57    0.3750000000000000E-02    0.1111450195312500E-02
   58    0.1757812500000000E-02    0.7658386230468750E-03
   59   -0.2421875000000000E-02    0.8362579345703125E-03
   60    0.2714843750000000E-02    0.1186180114746094E-02
   61   -0.7089843750000000E-02    0.9051132202148438E-03
   62   -0.5156250000000000E-02    0.8301544189453125E-03
   63    0.9179687499999999E-03    0.1145973205566406E-02
   64   -0.1972656250000000E-02    0.1077232360839844E-02
   65    0.4101562500000000E-02    0.1054153442382812E-02
   66    0.2265625000000000E-02    0.9773254394531250E-03
   67   -0.2050781250000000E-02    0.1022453308105469E-02
   68   -0.3554687500000000E-02    0.9428405761718750E-03
   69   -0.6445312500000000E-03    0.1142768859863281E-02
   70   -0.5722656250000000E-02    0.8784103393554688E-03
   71   -0.7968750000000000E-02    0.1179199218750000E-02
   72    0.1054687500000000E-02    0.1246948242187500E-02
   73   -0.4062500000000000E-02    0.1082077026367188E-02
   74   -0.5664062500000000E-03    0.1120796203613281E-02
   75    0.1953125000000000E-02    0.1135177612304687E-02
   76    0.1855468750000000E-02    0.1025733947753906E-02
   77    0.3125000000000000E-03    0.7635498046875000E-03
   78   -0.6640625000000000E-03    0.1166763305664063E-02
   79   -0.3515625000000000E-03    0.1153793334960937E-02
   80    0.4882812500000000E-02    0.1038970947265625E-02
   81    0.4023437500000000E-02    0.1181793212890625E-02
   82   -0.6152343750000000E-02    0.8887100219726562E-03
   83   -0.4726562500000000E-02    0.1047744750976563E-02
   84    0.2968750000000000E-02    0.9001159667968750E-03
   85    0.2539062500000000E-03    0.8561325073242188E-03
   86    0.2167968750000000E-02    0.9650802612304688E-03
   87   -0.2812500000000000E-02    0.8015441894531250E-03
   88   -0.3125000000000000E-02    0.9983825683593751E-03
   89   -0.6015625000000000E-02    0.9794616699218750E-03
   90   -0.2050781250000000E-02    0.1003684997558594E-02
   91   -0.2402343750000000E-02    0.1159934997558594E-02
   92   -0.8574218749999999E-02    0.1088294982910156E-02
   93   -0.1757812500000000E-03    0.7462692260742187E-03
   94   -0.8593750000000000E-03    0.1084060668945313E-02
   95   -0.1386718750000000E-02    0.1080970764160156E-02
   96   -0.1757812500000000E-02    0.1111831665039062E-02
   97    0.2441406250000000E-02    0.9772872924804687E-03
   98    0.5839843750000000E-02    0.9510421752929688E-03
   99    0.6835937500000000E-03    0.8834457397460938E-03
  100    0.2246093750000000E-02    0.1050529479980469E-02
