# time =    0.4631
    0    0.1000000000000000E+01    0.1000000000000000E+01
    1    0.1977734375000000E+00    0.4005661010742188E-01
    2    0.4439453125000000E-01    0.2670021057128906E-02
    3    0.1039062500000000E-01    0.1324996948242187E-02
    4    0.5878906250000000E-02    0.8308029174804687E-03
    5   -0.8203125000000000E-03    0.8552551269531250E-03
    6   -0.1621093750000000E-02    0.9350204467773438E-03
    7    0.1289062500000000E-02    0.9831237792968751E-03
    8    0.2539062500000000E-03    0.7345199584960938E-03
    9   -0.5273437500000000E-03    0.8147811889648438E-03
   10    0.8398437500000000E-03    0.9183883666992188E-03
   11   -0.3398437500000000E-02    0.9084320068359374E-03
   12    0.3925781250000000E-02    0.9865951538085937E-03
   13    0.6640625000000000E-03    0.9097290039062500E-03
   14   -0.5039062500000000E-02    0.1071624755859375E-02
   15   -0.9765625000000000E-03    0.8702850341796874E-03
   16   -0.2753906250000000E-02    0.9144210815429688E-03
   17    0.6054687500000000E-03    0.8172988891601562E-03
   18    0.1757812500000000E-03    0.1052589416503906E-02
   19   -0.1875000000000000E-02    0.1028213500976563E-02
   20   -0.1406250000000000E-02    0.9700012207031250E-03
   21    0.4687500000000000E-03    0.8610534667968750E-03
   22   -0.7812500000000000E-04    0.8795166015625000E-03
   23   -0.5859375000000000E-03    0.1026077270507813E-02
   24   -0.4375000000000000E-02    0.9799957275390624E-03
   25   -0.1425781250000000E-02    0.9799575805664062E-03
   26    0.7421875000000000E-03    0.7550048828125000E-03
   27   -0.2871093750000000E-02    0.8279037475585938E-03
   28    0.2148437500000000E-03    0.9099960327148438E-03
   29   -0.1660156250000000E-02    0.8858871459960937E-03
   30   -0.1484375000000000E-02    0.8965301513671875E-03
   31   -0.6386718750000000E-02    0.9284591674804687E-03
   32   -0.5664062500000000E-03    0.1007041931152344E-02
   33   -0.5996093750000000E-02    0.1044120788574219E-02
   34   -0.2753906250000000E-02    0.9135818481445313E-03
   35    0.7617187500000000E-03    0.1458015441894531E-02
   36   -0.3144531250000000E-02    0.8376693725585938E-03
   37    0.2226562500000000E-02    0.8975982666015625E-03
   38    0.6933593750000000E-02    0.7989883422851562E-03
   39    0.3671875000000000E-02    0.1237335205078125E-02
   40    0.3359375000000000E-02    0.1082534790039062E-02
   41   -0.4023437500000000E-02    0.1142807006835937E-02
   42   -0.7500000000000000E-02    0.1099853515625000E-02
   43   -0.2343750000000000E-02    0.1092681884765625E-02
   44    0.1777343750000000E-02    0.8916091918945312E-03
   45   -0.2910156250000000E-02    0.1076469421386719E-02
   46    0.3144531250000000E-02    0.1213874816894531E-02
   47    0.4550781250000000E-02    0.8398056030273438E-03
   48    0.3300781250000000E-02    0.7770156860351562E-03
   49   -0.1054687500000000E-02    0.9149932861328126E-03
   50   -0.6054687500000000E-03    0.8290481567382813E-03
   51    0.9765625000000000E-03    0.8979797363281250E-03
   52    0.1386718750000000E-02    0.8153915405273438E-03
   53   -0.1171875000000000E-03    0.1046371459960938E-02
   54   -0.7812500000000000E-04    0.8309173583984375E-03
   55    0.2851562500000000E-02    0.9944915771484375E-03
   56   -0.1953125000000000E-02    0.7978057861328124E-03
   57    0.2167968750000000E-02    0.1175422668457031E-02
   58    0.2558593750000000E-02    0.1005363464355469E-02
   59   -0.1484375000000000E-02    0.1011810302734375E-02
   60   -0.2519531250000000E-02    0.1182441711425781E-02
   61    0.3496093750000000E-02    0.9515762329101562E-03
   62    0.2480468750000000E-02    0.8303451538085937E-03
   63   -0.2382812500000000E-02    0.9604644775390625E-03
   64   -0.3105468750000000E-02    0.9928512573242187E-03
   65   -0.1367187500000000E-02    0.1117401123046875E-02
   66    0.4375000000000000E-02    0.1157302856445312E-02
   67   -0.1230468750000000E-02    0.1095390319824219E-02
   68   -0.3691406250000000E-02    0.7497024536132813E-03
   69    0.4960937500000000E-02    0.8511352539062500E-03
   70   -0.3144531250000000E-02    0.8874130249023437E-03
   71   -0.3808593750000000E-02    0.7978439331054688E-03
   72    0.6738281250000000E-02    0.1169700622558594E-02
   73    0.8593750000000000E-03    0.9483337402343750E-03
   74   -0.4433593750000000E-02    0.7063674926757812E-03
   75   -0.1972656250000000E-02    0.7364273071289063E-03
   76   -0.3320312500000000E-02    0.9253692626953125E-03
   77    0.3906250000000000E-04    0.7613372802734375E-03
   78    0.4257812500000000E-02    0.1031417846679687E-02
   79    0.1308593750000000E-02    0.9108352661132813E-03
   80   -0.1855468750000000E-02    0.9845352172851562E-03
   81    0.1093750000000000E-02    0.1137924194335938E-02
   82    0.8007812500000000E-03    0.8755111694335937E-03
   83    0.2324218750000000E-02    0.1131019592285156E-02
   84    0.2519531250000000E-02    0.9070205688476563E-03
   85   -0.1484375000000000E-02    0.9782409667968750E-03
   86   -0.6953125000000000E-02    0.9093475341796875E-03
   87   -0.9570312500000000E-03    0.9676742553710937E-03
   88   -0.1601562500000000E-02    0.8727264404296875E-03
   89    0.6777343750000000E-02    0.8994674682617187E-03
   90    0.4179687500000000E-02    0.9127807617187500E-03
   91    0.1660156250000000E-02    0.9827041625976563E-03
   92    0.3261718750000000E-02    0.1013755798339844E-02
   93    0.4960937500000000E-02    0.8991241455078125E-03
   94    0.2031250000000000E-02    0.8230590820312500E-03
   95    0.6503906250000000E-02    0.1355171203613281E-02
   96   -0.7812500000000000E-03    0.8930206298828125E-03
   97    0.7480468750000000E-02    0.9494400024414062E-03
   98   -0.1777343750000000E-02    0.1146736145019531E-02
   99   -0.7812500000000000E-04    0.1007843017578125E-02
  100   -0.3437500000000000E-02    0.7737731933593750E-03
