# time =    0.4330
    0    0.1000000000000000E+01    0.1000000000000000E+01
    1    0.3613085937500000E+00    0.1311271286010742E+00
    2    0.1651367187500000E+00    0.2816677093505859E-01
    3    0.8953125000000001E-01    0.8955307006835937E-02
    4    0.5591796875000000E-01    0.4145698547363281E-02
    5    0.3519531250000000E-01    0.2528228759765625E-02
    6    0.2396484375000000E-01    0.1453666687011719E-02
    7    0.2158203125000000E-01    0.1546592712402344E-02
    8    0.1341796875000000E-01    0.1246070861816406E-02
    9    0.6640625000000000E-02    0.1040191650390625E-02
   10    0.5000000000000000E-02    0.1310119628906250E-02
   11    0.3359375000000000E-02    0.9670257568359375E-03
   12    0.4941406250000000E-02    0.1153907775878906E-02
   13    0.3027343750000000E-02    0.1122627258300781E-02
   14    0.4101562500000000E-03    0.9124374389648437E-03
   15    0.1542968750000000E-02    0.1005287170410156E-02
   16    0.2265625000000000E-02    0.8839416503906250E-03
   17   -0.3789062500000000E-02    0.9627532958984375E-03
   18   -0.4746093750000000E-02    0.8393478393554688E-03
   19    0.8007812500000000E-03    0.9556961059570313E-03
   20   -0.1503906250000000E-02    0.8847427368164063E-03
   21    0.2636718750000000E-02    0.9302902221679688E-03
   22    0.3671875000000000E-02    0.9615325927734375E-03
   23   -0.1640625000000000E-02    0.9231567382812500E-03
   24    0.1406250000000000E-02    0.1005325317382813E-02
   25   -0.2167968750000000E-02    0.1020927429199219E-02
   26    0.2343750000000000E-02    0.9130859375000001E-03
   27    0.9765625000000000E-03    0.1007308959960938E-02
   28    0.3730468750000000E-02    0.9508895874023438E-03
   29    0.4941406250000000E-02    0.9235000610351563E-03
   30    0.1128906250000000E-01    0.9130859375000001E-03
   31    0.6035156250000000E-02    0.1089591979980469E-02
   32    0.5390625000000000E-02    0.1026000976562500E-02
   33    0.7011718750000000E-02    0.1020164489746094E-02
   34    0.9375000000000000E-03    0.8223724365234375E-03
   35    0.1386718750000000E-02    0.8052444458007813E-03
   36    0.5117187500000000E-02    0.7517242431640625E-03
   37    0.2128906250000000E-02    0.1013832092285156E-02
   38    0.2343750000000000E-03    0.8459472656250000E-03
   39    0.3437500000000000E-02    0.1046066284179688E-02
   40    0.4882812500000000E-02    0.1223678588867187E-02
   41    0.5273437500000000E-02    0.8666229248046875E-03
   42    0.3027343750000000E-02    0.8754348754882813E-03
   43    0.6445312500000000E-02    0.9246063232421875E-03
   44   -0.3906250000000000E-03    0.9654235839843750E-03
   45   -0.1250000000000000E-02    0.8586120605468750E-03
   46   -0.8593750000000000E-03    0.8776092529296875E-03
   47    0.2871093750000000E-02    0.1185951232910156E-02
   48   -0.9960937500000000E-03    0.1047325134277344E-02
   49   -0.1972656250000000E-02    0.8358383178710938E-03
   50   -0.7402343750000000E-02    0.7388687133789062E-03
   51    0.1406250000000000E-02    0.9829711914062500E-03
   52    0.2343750000000000E-03    0.7682800292968750E-03
   53    0.3574218750000000E-02    0.1000175476074219E-02
   54    0.3691406250000000E-02    0.8416366577148437E-03
   55   -0.5273437500000000E-03    0.7974624633789063E-03
   56    0.1152343750000000E-02    0.9464645385742188E-03
   57   -0.1601562500000000E-02    0.1176681518554687E-02
   58   -0.5585937500000000E-02    0.9870910644531250E-03
   59   -0.2343750000000000E-02    0.1035537719726562E-02
   60   -0.1640625000000000E-02    0.1001968383789063E-02
   61   -0.6191406250000000E-02    0.1185951232910156E-02
   62   -0.1562500000000000E-03    0.1209411621093750E-02
   63   -0.1660156250000000E-02    0.9685897827148437E-03
   64   -0.2070312500000000E-02    0.8620452880859375E-03
   65    0.1367187500000000E-03    0.7709884643554688E-03
   66   -0.1953125000000000E-04    0.7367324829101562E-03
   67    0.2539062500000000E-02    0.6983947753906250E-03
   68    0.7812500000000000E-03    0.1102600097656250E-02
   69   -0.1953125000000000E-04    0.1087608337402344E-02
   70   -0.6640625000000000E-03    0.1050415039062500E-02
   71    0.9570312500000000E-03    0.9426498413085938E-03
   72    0.2441406250000000E-02    0.9571456909179687E-03
   73   -0.2734375000000000E-03    0.1217117309570313E-02
   74   -0.4921875000000000E-02    0.1010742187500000E-02
   75   -0.3222656250000000E-02    0.9857559204101563E-03
   76    0.3085937500000000E-02    0.1118850708007813E-02
   77    0.2148437500000000E-02    0.8522033691406250E-03
   78    0.2617187500000000E-02    0.9119415283203125E-03
   79    0.3710937500000000E-03    0.8986282348632812E-03
   80   -0.2773437500000000E-02    0.8628082275390625E-03
   81   -0.1386718750000000E-02    0.9361648559570312E-03
   82   -0.1660156250000000E-02    0.8430862426757812E-03
   83    0.1054687500000000E-02    0.9561157226562499E-03
   84    0.1933593750000000E-02    0.9523391723632813E-03
   85    0.1757812500000000E-03    0.1073265075683594E-02
   86   -0.8789062500000000E-03    0.1053047180175781E-02
   87   -0.6855468750000000E-02    0.1250343322753906E-02
   88   -0.4882812500000000E-03    0.1220207214355469E-02
   89    0.2148437500000000E-03    0.9437179565429687E-03
   90    0.2519531250000000E-02    0.8340072631835937E-03
   91    0.3750000000000000E-02    0.9141540527343749E-03
   92    0.1894531250000000E-02    0.1107521057128906E-02
   93    0.1953125000000000E-02    0.1279373168945312E-02
   94    0.4882812500000000E-03    0.9269332885742188E-03
   95    0.2148437500000000E-03    0.9261703491210937E-03
   96   -0.5253906250000000E-02    0.1373176574707031E-02
   97   -0.5117187500000000E-02    0.9722137451171876E-03
   98   -0.4960937500000000E-02    0.8606719970703125E-03
   99   -0.2558593750000000E-02    0.9763717651367187E-03
  100    0.4492187500000000E-03    0.9541702270507812E-03
