# time =    0.4764
    0    0.1000000000000000E+01    0.1000000000000000E+01
    1    0.2229687500000000E+00    0.5039169311523437E-01
    2    0.5634765625000000E-01    0.4054603576660157E-02
    3    0.1837890625000000E-01    0.1329612731933594E-02
    4    0.6894531250000000E-02    0.9105300903320312E-03
    5    0.2988281250000000E-02    0.7896804809570312E-03
    6   -0.3164062500000000E-02    0.1055450439453125E-02
    7   -0.3105468750000000E-02    0.1010475158691406E-02
    8   -0.3906250000000000E-02    0.1015090942382813E-02
    9   -0.1621093750000000E-02    0.9305953979492187E-03
   10   -0.2519531250000000E-02    0.8099746704101563E-03
   11   -0.8398437500000000E-03    0.1187019348144531E-02
   12   -0.2324218750000000E-02    0.1176643371582031E-02
   13   -0.1425781250000000E-02    0.8793258666992187E-03
   14   -0.2031250000000000E-02    0.9387969970703125E-03
   15   -0.4179687500000000E-02    0.1332321166992187E-02
   16   -0.1777343750000000E-02    0.1102104187011719E-02
   17    0.1308593750000000E-02    0.1208763122558594E-02
   18   -0.3066406250000000E-02    0.1022453308105469E-02
   19   -0.2343750000000000E-02    0.1261291503906250E-02
   20   -0.1953125000000000E-04    0.1182289123535156E-02
   21   -0.2558593750000000E-02    0.8475875854492187E-03
   22    0.4062500000000000E-02    0.7983398437500000E-03
   23    0.2929687500000000E-02    0.1012725830078125E-02
   24   -0.1718750000000000E-02    0.1052398681640625E-02
   25   -0.2636718750000000E-02    0.7263565063476562E-03
   26    0.4687500000000000E-03    0.8854675292968750E-03
   27    0.7812500000000000E-03    0.9409332275390625E-03
   28   -0.1503906250000000E-02    0.1172752380371094E-02
   29   -0.2128906250000000E-02    0.1056632995605469E-02
   30   -0.4453125000000000E-02    0.8533477783203125E-03
   31   -0.1093750000000000E-02    0.1258926391601562E-02
   32    0.1328125000000000E-02    0.9000396728515625E-03
   33   -0.2128906250000000E-02    0.8947372436523438E-03
   34   -0.1367187500000000E-03    0.9402847290039063E-03
   35   -0.2714843750000000E-02    0.9930801391601562E-03
   36   -0.4394531250000000E-02    0.1018180847167969E-02
   37   -0.1953125000000000E-04    0.1082115173339844E-02
   38   -0.1328125000000000E-02    0.1052246093750000E-02
   39   -0.2929687500000000E-02    0.9555053710937500E-03
   40   -0.5136718750000000E-02    0.1055259704589844E-02
   41    0.5273437500000000E-03    0.1015739440917969E-02
   42    0.5253906250000000E-02    0.1030845642089844E-02
   43   -0.3652343750000000E-02    0.1028785705566406E-02
   44   -0.2695312500000000E-02    0.9921264648437499E-03
   45    0.1347656250000000E-02    0.9717178344726562E-03
   46   -0.1171875000000000E-02    0.1039962768554688E-02
   47    0.9765625000000001E-04    0.8898544311523438E-03
   48   -0.2753906250000000E-02    0.7947158813476563E-03
   49    0.3535156250000000E-02    0.8548355102539063E-03
   50    0.1503906250000000E-02    0.1144981384277344E-02
   51   -0.2968750000000000E-02    0.1201782226562500E-02
   52   -0.7988281250000000E-02    0.8086013793945312E-03
   53   -0.1679687500000000E-02    0.9456634521484375E-03
   54   -0.4882812500000000E-03    0.9488296508789062E-03
   55    0.8593750000000000E-03    0.9641265869140625E-03
   56    0.8984375000000000E-03    0.8609008789062500E-03
   57   -0.3164062500000000E-02    0.1162796020507812E-02
   58   -0.3828125000000000E-02    0.7235717773437500E-03
   59    0.1640625000000000E-02    0.1003799438476562E-02
   60    0.5078125000000000E-02    0.9988403320312499E-03
   61    0.9765625000000001E-04    0.1178398132324219E-02
   62    0.3515625000000000E-03    0.9978485107421874E-03
   63    0.1210937500000000E-02    0.1049652099609375E-02
   64   -0.8984374999999999E-02    0.1302947998046875E-02
   65   -0.1367187500000000E-02    0.1189880371093750E-02
   66   -0.5683593750000000E-02    0.1077308654785156E-02
   67    0.9375000000000000E-03    0.1346130371093750E-02
   68   -0.2656250000000000E-02    0.1083679199218750E-02
   69   -0.4648437500000000E-02    0.9274291992187500E-03
   70   -0.1660156250000000E-02    0.7929611206054688E-03
   71   -0.2949218750000000E-02    0.1004524230957031E-02
   72    0.3125000000000000E-03    0.8508300781250000E-03
   73   -0.2539062500000000E-03    0.8880996704101563E-03
   74    0.3066406250000000E-02    0.8140182495117187E-03
   75    0.4746093750000000E-02    0.1137886047363281E-02
   76   -0.3906250000000000E-03    0.9181976318359375E-03
   77    0.2910156250000000E-02    0.1256599426269531E-02
   78    0.4882812500000000E-02    0.8892822265625000E-03
   79   -0.5859375000000000E-03    0.1070480346679688E-02
   80    0.2910156250000000E-02    0.8774948120117188E-03
   81    0.1953125000000000E-02    0.1081924438476563E-02
   82   -0.1308593750000000E-02    0.1058464050292969E-02
   83    0.1894531250000000E-02    0.1079368591308594E-02
   84   -0.3066406250000000E-02    0.1050529479980469E-02
   85   -0.1445312500000000E-02    0.1175689697265625E-02
   86   -0.9570312500000000E-03    0.7646560668945312E-03
   87    0.2402343750000000E-02    0.1087074279785156E-02
   88    0.4101562500000000E-03    0.1098823547363281E-02
   89   -0.5468750000000001E-03    0.8219909667968750E-03
   90    0.2617187500000000E-02    0.1080017089843750E-02
   91    0.6796875000000000E-02    0.1148910522460938E-02
   92    0.1425781250000000E-02    0.1023063659667969E-02
   93   -0.4492187500000000E-03    0.1019248962402344E-02
   94    0.7421875000000000E-03    0.9018707275390625E-03
   95    0.2011718750000000E-02    0.9236526489257812E-03
   96    0.3300781250000000E-02    0.8291244506835937E-03
   97   -0.4316406250000000E-02    0.9445571899414063E-03
   98    0.2070312500000000E-02    0.8895111083984375E-03
   99    0.2500000000000000E-02    0.9779357910156251E-03
  100    0.6640625000000000E-03    0.7460021972656250E-03
