# time =    0.4565
    0    0.1000000000000000E+01    0.1000000000000000E+01
    1    0.2818554687500000E+00    0.8042407989501953E-01
    2    0.9248046875000000E-01    0.9692268371582031E-02
    3    0.3849609375000000E-01    0.2432365417480469E-02
    4    0.1832031250000000E-01    0.1175765991210938E-02
    5    0.7207031250000000E-02    0.9716415405273438E-03
    6    0.2148437500000000E-02    0.1097793579101562E-02
    7    0.4824218750000000E-02    0.9595108032226563E-03
    8    0.6582031250000000E-02    0.7314682006835938E-03
    9    0.3828125000000000E-02    0.8287048339843750E-03
   10    0.3984375000000000E-02    0.1029663085937500E-02
   11   -0.1386718750000000E-02    0.8872604370117188E-03
   12   -0.1054687500000000E-02    0.9558868408203125E-03
   13   -0.3515625000000000E-03    0.7007598876953125E-03
   14    0.3125000000000000E-02    0.1012802124023438E-02
   15    0.0000000000000000E+00    0.1007080078125000E-02
   16   -0.2929687500000000E-02    0.8702850341796874E-03
   17   -0.2792968750000000E-02    0.9447860717773437E-03
   18   -0.1074218750000000E-02    0.9267807006835937E-03
   19    0.2988281250000000E-02    0.8133316040039063E-03
   20   -0.9179687499999999E-03    0.1063423156738281E-02
   21   -0.1523437500000000E-02    0.9591674804687500E-03
   22   -0.6406250000000000E-02    0.9703063964843751E-03
   23   -0.6640625000000000E-03    0.8981323242187500E-03
   24   -0.7617187500000000E-03    0.8407211303710937E-03
   25   -0.2949218750000000E-02    0.8213424682617188E-03
   26   -0.2851562500000000E-02    0.1015090942382813E-02
   27    0.1796875000000000E-02    0.8377075195312500E-03
   28   -0.1464843750000000E-02    0.1327400207519531E-02
   29   -0.3496093750000000E-02    0.1069297790527344E-02
   30   -0.3906250000000000E-02    0.8830261230468750E-03
   31   -0.4296875000000000E-03    0.8842468261718750E-03
   32   -0.1269531250000000E-02    0.9908676147460938E-03
   33    0.5078125000000000E-03    0.9829711914062500E-03
   34    0.1367187500000000E-02    0.9078216552734375E-03
   35   -0.4140625000000000E-02    0.8821105957031250E-03
   36    0.3984375000000000E-02    0.9053039550781250E-03
   37   -0.1679687500000000E-02    0.1097717285156250E-02
   38    0.7421875000000000E-03    0.1004104614257813E-02
   39    0.1328125000000000E-02    0.7791900634765625E-03
   40   -0.2539062500000000E-02    0.1006774902343750E-02
   41   -0.7812500000000000E-03    0.9765625000000000E-03
   42   -0.4101562500000000E-02    0.8269500732421875E-03
   43    0.2343750000000000E-03    0.8419799804687500E-03
   44    0.2343750000000000E-03    0.1185607910156250E-02
   45   -0.3710937500000000E-03    0.9548568725585938E-03
   46    0.8398437500000000E-03    0.1217536926269531E-02
   47    0.2753906250000000E-02    0.8385086059570313E-03
   48    0.1191406250000000E-02    0.8213424682617188E-03
   49   -0.4648437500000000E-02    0.1030349731445313E-02
   50    0.1406250000000000E-02    0.8473968505859374E-03
   51    0.1367187500000000E-02    0.1083984375000000E-02
   52    0.6933593750000000E-02    0.1078605651855469E-02
   53    0.6054687500000000E-03    0.8933639526367187E-03
   54    0.1191406250000000E-02    0.9300613403320313E-03
   55    0.7988281250000000E-02    0.1097297668457031E-02
   56   -0.8789062500000000E-03    0.8604812622070312E-03
   57    0.1093750000000000E-02    0.1143722534179687E-02
   58    0.3886718750000000E-02    0.1098442077636719E-02
   59    0.3828125000000000E-02    0.9534454345703125E-03
   60    0.3847656250000000E-02    0.1012535095214844E-02
   61    0.7675781250000000E-02    0.1210975646972656E-02
   62    0.2714843750000000E-02    0.1074638366699219E-02
   63    0.1582031250000000E-02    0.9464645385742188E-03
   64    0.4355468750000000E-02    0.9785079956054687E-03
   65    0.3125000000000000E-02    0.9976196289062499E-03
   66   -0.3007812500000000E-02    0.1024322509765625E-02
   67    0.2421875000000000E-02    0.9915924072265625E-03
   68   -0.2597656250000000E-02    0.9630203247070312E-03
   69   -0.8144531250000000E-02    0.1094627380371094E-02
   70   -0.5332031250000000E-02    0.9340286254882812E-03
   71    0.2578125000000000E-02    0.1190567016601563E-02
   72   -0.2167968750000000E-02    0.8751296997070312E-03
   73    0.2929687500000000E-02    0.8499908447265625E-03
   74   -0.3125000000000000E-03    0.9569549560546876E-03
   75    0.5078125000000000E-03    0.1074295043945313E-02
   76   -0.1992187500000000E-02    0.1006546020507813E-02
   77   -0.3046875000000000E-02    0.1186370849609375E-02
   78   -0.2578125000000000E-02    0.7812500000000000E-03
   79    0.4296875000000000E-03    0.1107025146484375E-02
   80   -0.3886718750000000E-02    0.1149253845214844E-02
   81    0.1933593750000000E-02    0.7725143432617187E-03
   82    0.2265625000000000E-02    0.9179687499999999E-03
   83   -0.1757812500000000E-02    0.8008575439453125E-03
   84   -0.8789062500000000E-03    0.1001472473144531E-02
   85   -0.3300781250000000E-02    0.8826065063476563E-03
   86    0.1152343750000000E-02    0.9067153930664062E-03
   87    0.1757812500000000E-03    0.8472824096679688E-03
   88    0.1406250000000000E-02    0.9232330322265625E-03
   89    0.1953125000000000E-02    0.8956909179687500E-03
   90    0.3925781250000000E-02    0.1399803161621094E-02
   91    0.6328125000000000E-02    0.1088256835937500E-02
   92    0.1562500000000000E-02    0.9288024902343750E-03
   93   -0.5078125000000000E-02    0.1314697265625000E-02
   94   -0.4277343750000000E-02    0.9482955932617188E-03
   95   -0.1386718750000000E-02    0.1050071716308594E-02
   96    0.1347656250000000E-02    0.1130638122558594E-02
   97    0.8007812500000000E-03    0.1025276184082031E-02
   98   -0.7812500000000000E-04    0.9179687499999999E-03
   99   -0.2753906250000000E-02    0.1011543273925781E-02
  100   -0.6113281250000000E-02    0.9075546264648437E-03
