# time =    0.4779
    0    0.1000000000000000E+01    0.1000000000000000E+01
    1    0.2082812500000000E+00    0.4411804199218750E-01
    2    0.4968750000000000E-01    0.3717193603515625E-02
    3    0.1892578125000000E-01    0.1110267639160156E-02
    4    0.1111328125000000E-01    0.8784103393554688E-03
    5    0.2343750000000000E-02    0.1139144897460938E-02
    6    0.5859375000000000E-04    0.9174728393554687E-03
    7   -0.8789062500000000E-03    0.9920120239257813E-03
    8    0.9570312500000000E-03    0.1073493957519531E-02
    9    0.3496093750000000E-02    0.1061134338378906E-02
   10   -0.6250000000000000E-02    0.1013793945312500E-02
   11   -0.4101562500000000E-02    0.9968566894531250E-03
   12   -0.5332031250000000E-02    0.9801864624023437E-03
   13    0.2363281250000000E-02    0.9421157836914062E-03
   14    0.1679687500000000E-02    0.8421325683593750E-03
   15   -0.4257812500000000E-02    0.8470916748046875E-03
   16   -0.2031250000000000E-02    0.9582519531250000E-03
   17    0.6640625000000000E-03    0.1080169677734375E-02
   18    0.1523437500000000E-02    0.7190704345703125E-03
   19   -0.8789062500000000E-03    0.1062507629394531E-02
   20    0.4023437500000000E-02    0.1244812011718750E-02
   21   -0.2949218750000000E-02    0.9400558471679688E-03
   22   -0.4433593750000000E-02    0.1006431579589844E-02
   23    0.3906250000000000E-03    0.7985687255859375E-03
   24    0.5273437500000000E-03    0.1115913391113281E-02
   25    0.8984375000000000E-03    0.1090469360351563E-02
   26   -0.3593750000000000E-02    0.1431884765625000E-02
   27    0.1289062500000000E-02    0.9072875976562500E-03
   28   -0.3164062500000000E-02    0.9960937500000000E-03
   29   -0.1777343750000000E-02    0.9321212768554687E-03
   30    0.1757812500000000E-03    0.9125900268554687E-03
   31    0.4453125000000000E-02    0.9989929199218750E-03
   32    0.3027343750000000E-02    0.7943344116210937E-03
   33   -0.2382812500000000E-02    0.8591461181640625E-03
   34   -0.2265625000000000E-02    0.9054565429687501E-03
   35    0.6777343750000000E-02    0.1129951477050781E-02
   36   -0.1386718750000000E-02    0.9842300415039062E-03
   37    0.1035156250000000E-02    0.9889602661132812E-03
   38   -0.4492187500000000E-03    0.8099746704101563E-03
   39    0.2949218750000000E-02    0.9439468383789062E-03
   40   -0.2851562500000000E-02    0.9147644042968750E-03
   41    0.6640625000000000E-03    0.8735656738281250E-03
   42   -0.1542968750000000E-02    0.1236076354980469E-02
   43    0.1894531250000000E-02    0.7175827026367188E-03
   44    0.1484375000000000E-02    0.8238220214843750E-03
   45    0.3535156250000000E-02    0.1120033264160156E-02
   46   -0.2714843750000000E-02    0.1151390075683594E-02
   47   -0.3320312500000000E-03    0.1053962707519531E-02
   48    0.2832031250000000E-02    0.1242485046386719E-02
   49    0.1484375000000000E-02    0.1081695556640625E-02
   50    0.2089843750000000E-02    0.7323074340820312E-03
   51   -0.3593750000000000E-02    0.7519531250000000E-03
   52    0.2617187500000000E-02    0.8484649658203125E-03
   53    0.8203125000000000E-03    0.9914398193359374E-03
   54    0.8398437500000000E-02    0.9020996093750000E-03
   55    0.3574218750000000E-02    0.9115219116210937E-03
   56   -0.3828125000000000E-02    0.8362579345703125E-03
   57    0.2929687500000000E-03    0.8742904663085937E-03
   58   -0.4453125000000000E-02    0.1182632446289062E-02
   59    0.4296875000000000E-02    0.1202697753906250E-02
   60    0.1660156250000000E-02    0.8240127563476562E-03
   61   -0.2402343750000000E-02    0.9755325317382812E-03
   62   -0.1757812500000000E-03    0.1054039001464844E-02
   63    0.9960937500000000E-03    0.9348678588867187E-03
   64    0.2734375000000000E-02    0.7227325439453125E-03
   65   -0.1191406250000000E-02    0.9836196899414063E-03
   66   -0.2988281250000000E-02    0.9914016723632812E-03
   67    0.1132812500000000E-02    0.1311798095703125E-02
   68    0.2402343750000000E-02    0.1105308532714844E-02
   69   -0.5253906250000000E-02    0.8092880249023438E-03
   70    0.4882812500000000E-03    0.1014137268066406E-02
   71   -0.1953125000000000E-02    0.8784484863281250E-03
   72   -0.2929687500000000E-03    0.8777999877929688E-03
   73   -0.3593750000000000E-02    0.1066894531250000E-02
   74   -0.2343750000000000E-03    0.8599853515625000E-03
   75    0.7656250000000000E-02    0.8975219726562500E-03
   76   -0.2929687500000000E-02    0.8580780029296875E-03
   77    0.1679687500000000E-02    0.1066894531250000E-02
   78    0.2500000000000000E-02    0.1127090454101562E-02
   79    0.2929687500000000E-02    0.1201400756835937E-02
   80   -0.2343750000000000E-03    0.7829284667968750E-03
   81   -0.8789062500000000E-03    0.8873367309570313E-03
   82    0.6445312500000000E-03    0.7970046997070313E-03
   83    0.3027343750000000E-02    0.8471298217773437E-03
   84   -0.2968750000000000E-02    0.8837127685546875E-03
   85   -0.3046875000000000E-02    0.8706665039062500E-03
   86    0.4863281250000000E-02    0.1048545837402344E-02
   87    0.2539062500000000E-02    0.9836578369140626E-03
   88    0.9570312500000000E-03    0.1083564758300781E-02
   89    0.1953125000000000E-04    0.1142234802246094E-02
   90    0.4863281250000000E-02    0.1021080017089844E-02
   91   -0.6074218750000000E-02    0.1214408874511719E-02
   92   -0.2832031250000000E-02    0.7332992553710937E-03
   93   -0.1171875000000000E-03    0.8455657958984375E-03
   94   -0.1640625000000000E-02    0.1203384399414062E-02
   95   -0.6660156250000000E-02    0.8372116088867187E-03
   96   -0.7324218750000000E-02    0.9937667846679687E-03
   97    0.1347656250000000E-02    0.7143783569335938E-03
   98   -0.2070312500000000E-02    0.8226776123046875E-03
   99   -0.9765625000000001E-04    0.7650375366210938E-03
  100   -0.1582031250000000E-02    0.9766006469726562E-03
