# time =    0.4519
    0    0.1000000000000000E+01    0.1000000000000000E+01
    1    0.2732617187500000E+00    0.7552684783935547E-01
    2    0.8431640625000000E-01    0.8162040710449219E-02
    3    0.3048828125000000E-01    0.1824073791503906E-02
    4    0.1240234375000000E-01    0.1231880187988281E-02
    5    0.3984375000000000E-02    0.1036376953125000E-02
    6    0.2519531250000000E-02    0.1096382141113281E-02
    7   -0.6640625000000000E-03    0.1102676391601563E-02
    8    0.5273437500000000E-03    0.8147811889648438E-03
    9    0.2148437500000000E-02    0.7247161865234375E-03
   10    0.3339843750000000E-02    0.9611129760742187E-03
   11    0.7246093750000000E-02    0.9915542602539063E-03
   12    0.1367187500000000E-02    0.9080505371093750E-03
   13   -0.6621093750000000E-02    0.8667373657226563E-03
   14    0.1953125000000000E-03    0.8941650390625000E-03
   15    0.9375000000000000E-03    0.1199264526367187E-02
   16    0.1113281250000000E-02    0.9824752807617188E-03
   17    0.1640625000000000E-02    0.1144104003906250E-02
   18   -0.7968750000000000E-02    0.1009521484375000E-02
   19    0.2539062500000000E-03    0.9083175659179688E-03
   20    0.2187500000000000E-02    0.1029891967773438E-02
   21   -0.3164062500000000E-02    0.9690093994140625E-03
   22    0.0000000000000000E+00    0.9554290771484375E-03
   23   -0.1230468750000000E-02    0.8393478393554688E-03
   24   -0.3945312500000000E-02    0.1261215209960938E-02
   25    0.4531250000000000E-02    0.9842681884765624E-03
   26    0.2050781250000000E-02    0.1021080017089844E-02
   27    0.3007812500000000E-02    0.9918212890625000E-03
   28    0.9765625000000000E-03    0.9756469726562500E-03
   29    0.4023437500000000E-02    0.8954620361328125E-03
   30    0.4121093750000000E-02    0.9811782836914062E-03
   31    0.4843750000000000E-02    0.9321594238281251E-03
   32    0.2382812500000000E-02    0.1249694824218750E-02
   33   -0.2792968750000000E-02    0.8317947387695313E-03
   34    0.1679687500000000E-02    0.1031723022460937E-02
   35    0.2246093750000000E-02    0.1284828186035156E-02
   36    0.6054687500000000E-03    0.1042900085449219E-02
   37   -0.9570312500000000E-03    0.1023750305175781E-02
   38   -0.1542968750000000E-02    0.9251022338867187E-03
   39    0.1757812500000000E-03    0.9499740600585938E-03
   40    0.1855468750000000E-02    0.9505081176757812E-03
   41    0.3769531250000000E-02    0.9623336791992188E-03
   42    0.3906250000000000E-03    0.6329345703125000E-03
   43   -0.2343750000000000E-03    0.1155090332031250E-02
   44    0.7031250000000000E-03    0.9458160400390625E-03
   45   -0.1542968750000000E-02    0.9022140502929687E-03
   46    0.5410156250000000E-02    0.8275985717773437E-03
   47   -0.5273437500000000E-03    0.1071281433105469E-02
   48    0.2421875000000000E-02    0.9412384033203125E-03
   49    0.1269531250000000E-02    0.1278114318847656E-02
   50    0.1855468750000000E-02    0.1050376892089844E-02
   51   -0.3378906250000000E-02    0.7543563842773438E-03
   52    0.2675781250000000E-02    0.7486343383789062E-03
   53    0.2636718750000000E-02    0.7439041137695312E-03
   54    0.2578125000000000E-02    0.9744262695312500E-03
   55   -0.4570312500000000E-02    0.7920074462890625E-03
   56    0.1914062500000000E-02    0.7263946533203125E-03
   57    0.2500000000000000E-02    0.1022109985351562E-02
   58   -0.1093750000000000E-02    0.7943725585937500E-03
   59   -0.3554687500000000E-02    0.9741973876953125E-03
   60   -0.3632812500000000E-02    0.9913635253906250E-03
   61   -0.3417968750000000E-02    0.6496810913085938E-03
   62    0.1777343750000000E-02    0.8549880981445312E-03
   63   -0.1621093750000000E-02    0.9019088745117188E-03
   64   -0.3808593750000000E-02    0.8864212036132813E-03
   65    0.3125000000000000E-03    0.1022109985351562E-02
   66    0.1835937500000000E-02    0.1236877441406250E-02
   67   -0.4101562500000000E-03    0.1059379577636719E-02
   68    0.1699218750000000E-02    0.8305740356445312E-03
   69    0.1230468750000000E-02    0.1130561828613281E-02
   70   -0.6425781250000000E-02    0.1410713195800781E-02
   71   -0.1699218750000000E-02    0.1117134094238281E-02
   72   -0.3085937500000000E-02    0.9378814697265626E-03
   73   -0.2109375000000000E-02    0.8992767333984375E-03
   74    0.2812500000000000E-02    0.7849121093750000E-03
   75    0.2382812500000000E-02    0.8706665039062500E-03
   76    0.1953125000000000E-04    0.1078681945800781E-02
   77   -0.8789062500000000E-03    0.8717727661132813E-03
   78   -0.8984375000000000E-03    0.7742309570312500E-03
   79   -0.2480468750000000E-02    0.1045722961425781E-02
   80    0.2734375000000000E-03    0.8630371093750000E-03
   81   -0.3339843750000000E-02    0.1119575500488281E-02
   82   -0.1542968750000000E-02    0.9959793090820312E-03
   83   -0.6035156250000000E-02    0.8147811889648438E-03
   84    0.1757812500000000E-03    0.1093482971191406E-02
   85   -0.1992187500000000E-02    0.8679199218750000E-03
   86    0.3027343750000000E-02    0.9192276000976562E-03
   87    0.1171875000000000E-02    0.7717895507812500E-03
   88    0.4687500000000000E-03    0.1220092773437500E-02
   89    0.1445312500000000E-02    0.9565734863281250E-03
   90   -0.6835937500000000E-03    0.1219291687011719E-02
   91   -0.4082031250000000E-02    0.8352279663085937E-03
   92   -0.2617187500000000E-02    0.9544372558593750E-03
   93    0.5273437500000000E-02    0.9963226318359375E-03
   94    0.6484375000000000E-02    0.1028518676757813E-02
   95   -0.2265625000000000E-02    0.1056137084960938E-02
   96    0.8593750000000000E-03    0.1200027465820312E-02
   97    0.8007812500000000E-03    0.8928298950195313E-03
   98   -0.8984375000000000E-03    0.7357788085937500E-03
   99   -0.4101562500000000E-03    0.5644607543945312E-03
  100   -0.2382812500000000E-02    0.1064529418945313E-02
