# time =    0.4604
    0    0.1000000000000000E+01    0.1000000000000000E+01
    1    0.1908984375000000E+00    0.3722358703613281E-01
    2    0.4593750000000000E-01    0.3311614990234375E-02
    3    0.5703125000000000E-02    0.1062316894531250E-02
    4    0.2734375000000000E-02    0.9650421142578125E-03
    5   -0.3515625000000000E-03    0.8905792236328125E-03
    6   -0.4589843750000000E-02    0.8238601684570312E-03
    7   -0.1171875000000000E-03    0.9253692626953125E-03
    8    0.1269531250000000E-02    0.1035728454589844E-02
    9    0.1328125000000000E-02    0.8129119873046875E-03
   10   -0.3222656250000000E-02    0.8446884155273438E-03
   11    0.1640625000000000E-02    0.1100769042968750E-02
   12   -0.3222656250000000E-02    0.1062736511230469E-02
   13   -0.5253906250000000E-02    0.9287643432617187E-03
   14   -0.4296875000000000E-03    0.1092910766601562E-02
   15   -0.7226562500000000E-02    0.1132507324218750E-02
   16   -0.4394531250000000E-02    0.1044807434082031E-02
   17   -0.1152343750000000E-02    0.9816360473632812E-03
   18   -0.5312500000000000E-02    0.1019439697265625E-02
   19   -0.1914062500000000E-02    0.8914184570312500E-03
   20    0.2773437500000000E-02    0.1051406860351563E-02
   21   -0.4492187500000000E-03    0.9236526489257812E-03
   22   -0.1289062500000000E-02    0.1015090942382813E-02
   23   -0.5000000000000000E-02    0.9107208251953125E-03
   24    0.8789062500000000E-03    0.8705520629882813E-03
   25   -0.1367187500000000E-03    0.8648300170898438E-03
   26   -0.1289062500000000E-02    0.9586334228515625E-03
   27   -0.4453125000000000E-02    0.9222412109375000E-03
   28   -0.3066406250000000E-02    0.1050453186035156E-02
   29   -0.2539062500000000E-02    0.7862854003906250E-03
   30   -0.3339843750000000E-02    0.9357070922851562E-03
   31   -0.1074218750000000E-02    0.1127891540527344E-02
   32    0.2714843750000000E-02    0.7980728149414063E-03
   33   -0.2148437500000000E-02    0.1018295288085937E-02
   34   -0.3652343750000000E-02    0.1070899963378906E-02
   35    0.4082031250000000E-02    0.1011009216308594E-02
   36    0.7031250000000000E-03    0.9418487548828125E-03
   37    0.6484375000000000E-02    0.8836364746093749E-03
   38    0.7617187500000000E-03    0.9610366821289063E-03
   39    0.7812500000000000E-03    0.1260070800781250E-02
   40    0.5253906250000000E-02    0.9294509887695313E-03
   41    0.4746093750000000E-02    0.1184883117675781E-02
   42    0.2539062500000000E-03    0.1037635803222656E-02
   43   -0.2734375000000000E-03    0.8953857421875000E-03
   44   -0.4687500000000000E-03    0.1064758300781250E-02
   45    0.1464843750000000E-02    0.9718704223632813E-03
   46    0.3339843750000000E-02    0.6936264038085938E-03
   47    0.2597656250000000E-02    0.9687423706054687E-03
   48    0.1777343750000000E-02    0.1022071838378906E-02
   49   -0.2382812500000000E-02    0.1164321899414063E-02
   50    0.2500000000000000E-02    0.9980773925781249E-03
   51   -0.1152343750000000E-02    0.1001319885253906E-02
   52   -0.3007812500000000E-02    0.1019668579101563E-02
   53   -0.8984375000000000E-03    0.1206970214843750E-02
   54    0.1230468750000000E-02    0.1052665710449219E-02
   55    0.2421875000000000E-02    0.8390045166015625E-03
   56   -0.2929687500000000E-02    0.8154296875000000E-03
   57    0.1328125000000000E-02    0.9551239013671875E-03
   58    0.3144531250000000E-02    0.1153221130371094E-02
   59    0.1699218750000000E-02    0.9193038940429688E-03
   60    0.1425781250000000E-02    0.1044425964355469E-02
   61   -0.3750000000000000E-02    0.1014862060546875E-02
   62   -0.7617187500000000E-03    0.6695175170898437E-03
   63   -0.2792968750000000E-02    0.8658218383789062E-03
   64   -0.2109375000000000E-02    0.7798767089843750E-03
   65   -0.4882812500000000E-03    0.1026878356933594E-02
   66    0.4687500000000000E-03    0.8293151855468750E-03
   67   -0.1738281250000000E-02    0.1064567565917969E-02
   68    0.5371093750000000E-02    0.1006965637207031E-02
   69    0.1367187500000000E-02    0.9150695800781250E-03
   70   -0.3515625000000000E-03    0.1039123535156250E-02
   71    0.5253906250000000E-02    0.1298027038574219E-02
   72    0.3593750000000000E-02    0.1040115356445313E-02
   73   -0.2148437500000000E-02    0.8744812011718750E-03
   74    0.9765625000000000E-03    0.9663391113281250E-03
   75    0.1953125000000000E-03    0.9324645996093750E-03
   76    0.2382812500000000E-02    0.9252166748046875E-03
   77   -0.3925781250000000E-02    0.1246376037597656E-02
   78   -0.2539062500000000E-02    0.9297943115234375E-03
   79   -0.3945312500000000E-02    0.1145782470703125E-02
   80   -0.4433593750000000E-02    0.8744430541992187E-03
   81    0.2382812500000000E-02    0.1188964843750000E-02
   82    0.2070312500000000E-02    0.1031570434570313E-02
   83   -0.1738281250000000E-02    0.1073265075683594E-02
   84   -0.3906250000000000E-02    0.7501220703124999E-03
   85   -0.1425781250000000E-02    0.1168479919433594E-02
   86   -0.4746093750000000E-02    0.9808731079101562E-03
   87    0.6093750000000000E-02    0.1155853271484375E-02
   88   -0.2402343750000000E-02    0.8315658569335938E-03
   89   -0.1054687500000000E-02    0.9207153320312501E-03
   90    0.7812500000000000E-04    0.9221649169921875E-03
   91    0.1328125000000000E-02    0.1055450439453125E-02
   92    0.3867187500000000E-02    0.1134033203125000E-02
   93   -0.7421875000000000E-03    0.8017730712890625E-03
   94   -0.4101562500000000E-02    0.9202575683593750E-03
   95    0.3281250000000000E-02    0.1290054321289063E-02
   96    0.2382812500000000E-02    0.1106643676757813E-02
   97    0.4375000000000000E-02    0.8329772949218751E-03
   98    0.2109375000000000E-02    0.9738159179687500E-03
   99    0.3828125000000000E-02    0.1127395629882813E-02
  100    0.8007812500000000E-03    0.8764266967773438E-03
