# time =    0.4911
    0    0.1000000000000000E+01    0.1000000000000000E+01
    1    0.2002148437500000E+00    0.4087970733642578E-01
    2    0.4525390625000000E-01    0.3035240173339844E-02
    3    0.1294921875000000E-01    0.1079444885253906E-02
    4    0.3535156250000000E-02    0.1070823669433594E-02
    5    0.2773437500000000E-02    0.8747100830078125E-03
    6   -0.1601562500000000E-02    0.9370422363281249E-03
    7    0.1113281250000000E-02    0.1300086975097656E-02
    8   -0.3828125000000000E-02    0.8501434326171876E-03
    9   -0.3125000000000000E-03    0.1129760742187500E-02
   10    0.5078125000000000E-03    0.1228790283203125E-02
   11   -0.3066406250000000E-02    0.7160568237304688E-03
   12    0.5605468750000000E-02    0.1012306213378906E-02
   13    0.1171875000000000E-02    0.1013031005859375E-02
   14    0.2539062500000000E-02    0.1056671142578125E-02
   15    0.1953125000000000E-02    0.1033859252929687E-02
   16   -0.4199218750000000E-02    0.1202964782714844E-02
   17    0.1171875000000000E-02    0.1257553100585938E-02
   18   -0.4199218750000000E-02    0.1021537780761719E-02
   19   -0.2890625000000000E-02    0.9947204589843750E-03
   20   -0.4472656250000000E-02    0.1198463439941406E-02
   21   -0.8554687500000000E-02    0.1135330200195313E-02
   22    0.2050781250000000E-02    0.8884811401367187E-03
   23   -0.2539062500000000E-03    0.9641647338867188E-03
   24    0.8203125000000000E-03    0.7759857177734375E-03
   25    0.1464843750000000E-02    0.8137893676757813E-03
   26   -0.2363281250000000E-02    0.9656143188476562E-03
   27   -0.4980468750000000E-02    0.9827041625976563E-03
   28    0.1523437500000000E-02    0.1212081909179688E-02
   29    0.6093750000000000E-02    0.1137161254882813E-02
   30    0.2031250000000000E-02    0.1032867431640625E-02
   31    0.1816406250000000E-02    0.8886337280273437E-03
   32    0.9179687499999999E-03    0.9179306030273437E-03
   33   -0.4746093750000000E-02    0.1109123229980469E-02
   34   -0.2656250000000000E-02    0.9235382080078125E-03
   35   -0.2343750000000000E-03    0.9922790527343750E-03
   36    0.1835937500000000E-02    0.9888458251953126E-03
   37   -0.1914062500000000E-02    0.8489990234375000E-03
   38   -0.7539062500000000E-02    0.9890747070312499E-03
   39   -0.2539062500000000E-02    0.9510040283203125E-03
   40   -0.1972656250000000E-02    0.7700729370117188E-03
   41   -0.2519531250000000E-02    0.1094169616699219E-02
   42    0.1386718750000000E-02    0.8950424194335937E-03
   43    0.1152343750000000E-02    0.7623672485351562E-03
   44   -0.2343750000000000E-03    0.9162902832031250E-03
   45   -0.1386718750000000E-02    0.8690261840820313E-03
   46    0.3613281250000000E-02    0.1002082824707031E-02
   47    0.2382812500000000E-02    0.8296966552734375E-03
   48   -0.3066406250000000E-02    0.1303596496582031E-02
   49   -0.3984375000000000E-02    0.1002502441406250E-02
   50    0.3359375000000000E-02    0.1035690307617188E-02
   51    0.1054687500000000E-02    0.1047973632812500E-02
   52    0.2929687500000000E-03    0.9983444213867187E-03
   53   -0.2050781250000000E-02    0.1094932556152344E-02
   54   -0.1367187500000000E-02    0.8122253417968750E-03
   55    0.5742187500000000E-02    0.6552124023437500E-03
   56    0.2148437500000000E-03    0.6476974487304687E-03
   57   -0.1699218750000000E-02    0.1108741760253906E-02
   58    0.5136718750000000E-02    0.7660293579101563E-03
   59   -0.1972656250000000E-02    0.8998489379882812E-03
   60   -0.3105468750000000E-02    0.9254837036132813E-03
   61    0.3613281250000000E-02    0.1186332702636719E-02
   62    0.2187500000000000E-02    0.8495330810546875E-03
   63   -0.4335937500000000E-02    0.9557342529296875E-03
   64    0.9960937500000000E-03    0.1019935607910156E-02
   65    0.1347656250000000E-02    0.1015586853027344E-02
   66    0.1953125000000000E-04    0.9009170532226562E-03
   67    0.3515625000000000E-03    0.9702301025390625E-03
   68   -0.1875000000000000E-02    0.9482574462890625E-03
   69    0.2597656250000000E-02    0.9444046020507812E-03
   70    0.1523437500000000E-02    0.7984161376953125E-03
   71    0.1562500000000000E-03    0.9484863281249999E-03
   72    0.1503906250000000E-02    0.6939315795898437E-03
   73    0.1269531250000000E-02    0.9922409057617188E-03
   74   -0.4882812500000000E-03    0.7993698120117188E-03
   75   -0.4472656250000000E-02    0.1256752014160156E-02
   76   -0.4687500000000000E-03    0.9313201904296874E-03
   77   -0.8007812500000000E-03    0.1033287048339844E-02
   78   -0.1621093750000000E-02    0.9750747680664063E-03
   79    0.1992187500000000E-02    0.9445953369140625E-03
   80    0.2148437500000000E-03    0.8403396606445312E-03
   81    0.4101562500000000E-02    0.9003448486328125E-03
   82    0.1074218750000000E-02    0.1109199523925781E-02
   83    0.3203125000000000E-02    0.1013717651367188E-02
   84   -0.1230468750000000E-02    0.1140937805175781E-02
   85    0.3281250000000000E-02    0.9460449218750000E-03
   86    0.3046875000000000E-02    0.9025573730468750E-03
   87    0.3183593750000000E-02    0.9604263305664063E-03
   88    0.1099609375000000E-01    0.1024055480957031E-02
   89    0.4960937500000000E-02    0.1029586791992187E-02
   90    0.8593750000000000E-03    0.7926940917968750E-03
   91   -0.4101562500000000E-03    0.8326339721679688E-03
   92   -0.4492187500000000E-03    0.1057319641113281E-02
   93   -0.2714843750000000E-02    0.1006965637207031E-02
   94    0.1562500000000000E-03    0.9687805175781250E-03
   95    0.2304687500000000E-02    0.7522583007812500E-03
   96    0.1738281250000000E-02    0.1051445007324219E-02
   97   -0.1035156250000000E-02    0.1112022399902344E-02
   98    0.8789062500000000E-03    0.9919357299804686E-03
   99    0.7890625000000000E-02    0.1100082397460937E-02
  100    0.5898437500000000E-02    0.9839630126953125E-03
