# time =    0.4316
    0    0.1000000000000000E+01    0.1000000000000000E+01
    1    0.3606445312500000E+00    0.1307394790649414E+00
    2    0.1569140625000000E+00    0.2546821594238281E-01
    3    0.8246093750000000E-01    0.7899932861328125E-02
    4    0.5144531250000000E-01    0.3887329101562500E-02
    5    0.3699218750000000E-01    0.2344284057617187E-02
    6    0.2652343750000000E-01    0.1653137207031250E-02
    7    0.1113281250000000E-01    0.1222457885742187E-02
    8    0.8281250000000000E-02    0.1128997802734375E-02
    9    0.1179687500000000E-01    0.1244888305664062E-02
   10    0.1138671875000000E-01    0.1031150817871094E-02
   11    0.8378906250000000E-02    0.1060371398925781E-02
   12    0.5371093750000000E-02    0.1001853942871094E-02
   13   -0.8789062500000000E-03    0.1131324768066406E-02
   14    0.2382812500000000E-02    0.8256530761718750E-03
   15    0.2402343750000000E-02    0.9920883178710937E-03
   16    0.3105468750000000E-02    0.7734298706054688E-03
   17   -0.1523437500000000E-02    0.9739685058593750E-03
   18   -0.5175781250000000E-02    0.8980941772460938E-03
   19   -0.1601562500000000E-02    0.8387756347656250E-03
   20    0.5273437500000000E-02    0.9765625000000000E-03
   21    0.1816406250000000E-02    0.1086769104003906E-02
   22    0.1757812500000000E-03    0.9784317016601563E-03
   23   -0.1093750000000000E-02    0.9558868408203125E-03
   24    0.6640625000000000E-03    0.6461334228515625E-03
   25   -0.3183593750000000E-02    0.1160087585449219E-02
   26   -0.2031250000000000E-02    0.1036987304687500E-02
   27    0.5468750000000001E-03    0.9886932373046875E-03
   28    0.1230468750000000E-02    0.7989120483398438E-03
   29   -0.4433593750000000E-02    0.9747695922851563E-03
   30    0.3242187500000000E-02    0.1312789916992187E-02
   31    0.4863281250000000E-02    0.8492660522460937E-03
   32    0.2910156250000000E-02    0.1026725769042969E-02
   33    0.1796875000000000E-02    0.8787536621093751E-03
   34    0.2500000000000000E-02    0.8708953857421875E-03
   35   -0.1113281250000000E-02    0.9526443481445312E-03
   36    0.6835937500000000E-03    0.9191513061523437E-03
   37   -0.4492187500000000E-03    0.9412002563476562E-03
   38    0.2871093750000000E-02    0.9767532348632813E-03
   39    0.3105468750000000E-02    0.9543228149414062E-03
   40    0.5585937500000000E-02    0.1124343872070313E-02
   41   -0.3906250000000000E-03    0.9802246093749999E-03
   42    0.1171875000000000E-02    0.1150131225585938E-02
   43    0.6835937500000000E-03    0.1261634826660156E-02
   44    0.2929687500000000E-03    0.8465957641601563E-03
   45    0.4335937500000000E-02    0.7320404052734375E-03
   46    0.2207031250000000E-02    0.8729171752929688E-03
   47    0.1093750000000000E-02    0.1047668457031250E-02
   48    0.1250000000000000E-02    0.9343719482421875E-03
   49    0.5859375000000000E-03    0.1009521484375000E-02
   50   -0.2265625000000000E-02    0.1144180297851562E-02
   51    0.1621093750000000E-02    0.9716415405273438E-03
   52    0.1289062500000000E-02    0.9409332275390625E-03
   53   -0.6250000000000000E-03    0.9548187255859375E-03
   54    0.5097656250000000E-02    0.1218681335449219E-02
   55    0.9765625000000000E-03    0.1244201660156250E-02
   56    0.3925781250000000E-02    0.9530258178710938E-03
   57    0.1933593750000000E-02    0.1080894470214844E-02
   58    0.8593750000000000E-03    0.8743286132812500E-03
   59    0.9179687499999999E-03    0.1116752624511719E-02
   60    0.6347656250000000E-02    0.1164665222167969E-02
   61    0.4238281250000000E-02    0.1007194519042969E-02
   62    0.2851562500000000E-02    0.8007812500000000E-03
   63    0.1425781250000000E-02    0.9556961059570313E-03
   64    0.2734375000000000E-03    0.8593750000000000E-03
   65    0.2207031250000000E-02    0.8462905883789062E-03
   66    0.3222656250000000E-02    0.6475448608398438E-03
   67    0.2656250000000000E-02    0.8044433593750000E-03
   68   -0.3515625000000000E-03    0.8303070068359375E-03
   69   -0.6445312500000000E-03    0.1387062072753906E-02
   70    0.2050781250000000E-02    0.1032295227050781E-02
   71    0.7617187500000000E-03    0.8964920043945312E-03
   72   -0.4687500000000000E-03    0.1263504028320313E-02
   73    0.4707031250000000E-02    0.9833145141601562E-03
   74    0.8984375000000000E-03    0.1007385253906250E-02
   75   -0.1386718750000000E-02    0.1090583801269531E-02
   76    0.2148437500000000E-02    0.1279144287109375E-02
   77    0.8789062500000000E-03    0.1100578308105469E-02
   78    0.2617187500000000E-02    0.8830261230468750E-03
   79    0.4121093750000000E-02    0.7906723022460938E-03
   80   -0.1757812500000000E-02    0.7714843750000000E-03
   81    0.5703125000000000E-02    0.7851409912109375E-03
   82    0.1875000000000000E-02    0.1094970703125000E-02
   83   -0.6640625000000000E-03    0.9468078613281250E-03
   84    0.2988281250000000E-02    0.1302146911621094E-02
   85    0.5000000000000000E-02    0.1021423339843750E-02
   86    0.5273437500000000E-02    0.9714508056640625E-03
   87   -0.1757812500000000E-02    0.1062850952148438E-02
   88    0.5859375000000000E-03    0.1063461303710937E-02
   89   -0.3261718750000000E-02    0.1298866271972656E-02
   90    0.1796875000000000E-02    0.1156463623046875E-02
   91    0.3242187500000000E-02    0.9835052490234375E-03
   92   -0.5273437500000000E-03    0.1154518127441406E-02
   93    0.9179687499999999E-03    0.7815933227539062E-03
   94    0.3964843750000000E-02    0.1018638610839844E-02
   95    0.2109375000000000E-02    0.7759857177734375E-03
   96   -0.1796875000000000E-02    0.1044464111328125E-02
   97   -0.5800781250000000E-02    0.1133384704589844E-02
   98   -0.1953125000000000E-02    0.9986114501953124E-03
   99   -0.8984375000000000E-03    0.1016693115234375E-02
  100    0.2792968750000000E-02    0.8701705932617188E-03
