# time =    0.4516
    0    0.1000000000000000E+01    0.1000000000000000E+01
    1    0.2832031250000000E+00    0.8118316650390625E-01
    2    0.9019531250000000E-01    0.9280700683593750E-02
    3    0.3152343750000000E-01    0.1905746459960937E-02
    4    0.8320312500000000E-02    0.1135940551757812E-02
    5    0.6210937500000000E-02    0.1213378906250000E-02
    6    0.2402343750000000E-02    0.1077537536621094E-02
    7   -0.2285156250000000E-02    0.9489822387695313E-03
    8   -0.5605468750000000E-02    0.7997512817382813E-03
    9   -0.1015625000000000E-01    0.1397552490234375E-02
   10   -0.1308593750000000E-02    0.9509658813476562E-03
   11   -0.1875000000000000E-02    0.8300018310546875E-03
   12    0.1582031250000000E-02    0.1100578308105469E-02
   13    0.3125000000000000E-02    0.9902954101562501E-03
   14    0.2753906250000000E-02    0.1212654113769531E-02
   15    0.5585937500000000E-02    0.9447479248046875E-03
   16    0.8613281250000000E-02    0.1284599304199219E-02
   17   -0.8789062500000000E-03    0.9755325317382812E-03
   18   -0.1269531250000000E-02    0.7640457153320312E-03
   19   -0.5273437500000000E-03    0.7978439331054688E-03
   20   -0.8398437500000000E-03    0.8829879760742187E-03
   21   -0.4863281250000000E-02    0.1005973815917969E-02
   22   -0.5859375000000000E-03    0.8772277832031250E-03
   23   -0.4296875000000000E-02    0.8680725097656250E-03
   24   -0.1992187500000000E-02    0.9777832031250000E-03
   25   -0.2910156250000000E-02    0.9943008422851562E-03
   26   -0.3027343750000000E-02    0.9733200073242188E-03
   27   -0.5468750000000001E-03    0.1077346801757813E-02
   28   -0.6230468750000000E-02    0.9906387329101562E-03
   29   -0.3535156250000000E-02    0.9423446655273438E-03
   30    0.1933593750000000E-02    0.9694290161132812E-03
   31    0.4296875000000000E-03    0.9207916259765625E-03
   32   -0.1621093750000000E-02    0.9497451782226562E-03
   33   -0.1835937500000000E-02    0.1060485839843750E-02
   34    0.1875000000000000E-02    0.6755828857421875E-03
   35    0.2265625000000000E-02    0.9554290771484375E-03
   36    0.3496093750000000E-02    0.9829330444335938E-03
   37    0.6835937500000000E-03    0.9674453735351563E-03
   38    0.6250000000000000E-03    0.1401443481445312E-02
   39   -0.1542968750000000E-02    0.1041297912597656E-02
   40   -0.2402343750000000E-02    0.9856796264648437E-03
   41   -0.7617187500000000E-03    0.9747695922851563E-03
   42   -0.6191406250000000E-02    0.1095695495605469E-02
   43   -0.5234375000000000E-02    0.1073608398437500E-02
   44   -0.2460937500000000E-02    0.8486938476562500E-03
   45   -0.2617187500000000E-02    0.1170883178710937E-02
   46   -0.4238281250000000E-02    0.1055488586425781E-02
   47   -0.1406250000000000E-02    0.9562683105468750E-03
   48   -0.8593750000000000E-03    0.8827972412109375E-03
   49   -0.2675781250000000E-02    0.1122016906738281E-02
   50    0.1992187500000000E-02    0.9335327148437500E-03
   51   -0.4296875000000000E-02    0.1093826293945313E-02
   52   -0.6015625000000000E-02    0.1034469604492188E-02
   53   -0.3242187500000000E-02    0.8943939208984375E-03
   54   -0.3710937500000000E-03    0.8078384399414063E-03
   55   -0.3378906250000000E-02    0.8774185180664062E-03
   56   -0.5585937500000000E-02    0.1208572387695312E-02
   57   -0.4257812500000000E-02    0.7649230957031250E-03
   58    0.1230468750000000E-02    0.9489822387695313E-03
   59    0.2695312500000000E-02    0.1049041748046875E-02
   60   -0.1503906250000000E-02    0.7796859741210937E-03
   61    0.4550781250000000E-02    0.1238136291503906E-02
   62    0.5605468750000000E-02    0.9892654418945312E-03
   63    0.4023437500000000E-02    0.8034515380859375E-03
   64    0.1152343750000000E-02    0.7967758178710938E-03
   65    0.2910156250000000E-02    0.9053421020507813E-03
   66   -0.8203125000000000E-03    0.8967590332031250E-03
   67    0.3242187500000000E-02    0.8496093750000000E-03
   68    0.2500000000000000E-02    0.9903717041015625E-03
   69   -0.3828125000000000E-02    0.1143035888671875E-02
   70    0.5078125000000000E-03    0.9292602539062500E-03
   71    0.8789062500000000E-03    0.9611129760742187E-03
   72   -0.1875000000000000E-02    0.1042556762695313E-02
   73    0.3437500000000000E-02    0.9599304199218749E-03
   74   -0.2753906250000000E-02    0.9623336791992188E-03
   75   -0.2734375000000000E-02    0.6925964355468750E-03
   76   -0.1425781250000000E-02    0.7537460327148438E-03
   77   -0.1230468750000000E-02    0.1020622253417969E-02
   78    0.2226562500000000E-02    0.8180236816406250E-03
   79   -0.1152343750000000E-02    0.7952499389648437E-03
   80   -0.4648437500000000E-02    0.1079635620117187E-02
   81   -0.2343750000000000E-02    0.9995269775390624E-03
   82    0.1542968750000000E-02    0.7509994506835938E-03
   83    0.3593750000000000E-02    0.8374786376953125E-03
   84    0.1562500000000000E-03    0.1017532348632813E-02
   85    0.1367187500000000E-02    0.8214569091796875E-03
   86   -0.4296875000000000E-02    0.7417297363281250E-03
   87    0.5683593750000000E-02    0.1120491027832031E-02
   88   -0.1738281250000000E-02    0.1124687194824219E-02
   89    0.9960937500000000E-03    0.1231269836425781E-02
   90   -0.3710937500000000E-02    0.8146667480468750E-03
   91   -0.1601562500000000E-02    0.9652709960937500E-03
   92   -0.4804687500000000E-02    0.1370620727539063E-02
   93    0.3183593750000000E-02    0.1127433776855469E-02
   94    0.5468750000000001E-03    0.8581542968750000E-03
   95    0.3710937500000000E-03    0.9350967407226562E-03
   96   -0.1152343750000000E-02    0.9550094604492187E-03
   97   -0.1640625000000000E-02    0.1253814697265625E-02
   98    0.7031250000000000E-03    0.1007156372070312E-02
   99    0.8203125000000000E-03    0.9044647216796875E-03
  100    0.3671875000000000E-02    0.1140747070312500E-02
