# time =    0.4807
    0    0.1000000000000000E+01    0.1000000000000000E+01
    1    0.2214453125000000E+00    0.4983230590820312E-01
    2    0.5009765625000000E-01    0.3454856872558594E-02
    3    0.1699218750000000E-01    0.1383666992187500E-02
    4    0.6718750000000000E-02    0.8205413818359375E-03
    5    0.5488281250000000E-02    0.1124992370605469E-02
    6   -0.7812500000000000E-03    0.9774780273437500E-03
    7   -0.9570312500000000E-03    0.8782577514648437E-03
    8    0.8789062500000000E-03    0.9324264526367188E-03
    9    0.1035156250000000E-02    0.9023666381835938E-03
   10   -0.5097656250000000E-02    0.1007881164550781E-02
   11   -0.5292968750000000E-02    0.9843063354492186E-03
   12   -0.2519531250000000E-02    0.8838272094726562E-03
   13   -0.5742187500000000E-02    0.1013565063476562E-02
   14    0.1718750000000000E-02    0.9275054931640624E-03
   15   -0.1914062500000000E-02    0.1073150634765625E-02
   16   -0.7226562500000000E-03    0.9526443481445312E-03
   17   -0.6308593750000000E-02    0.9092330932617187E-03
   18   -0.9179687499999999E-03    0.8405685424804687E-03
   19    0.2597656250000000E-02    0.1097068786621094E-02
   20    0.7265625000000000E-02    0.1264190673828125E-02
   21    0.2382812500000000E-02    0.1026458740234375E-02
   22    0.1875000000000000E-02    0.8739471435546875E-03
   23    0.1933593750000000E-02    0.1239280700683594E-02
   24    0.2285156250000000E-02    0.9148025512695313E-03
   25    0.1796875000000000E-02    0.1037139892578125E-02
   26    0.2011718750000000E-02    0.8937454223632812E-03
   27    0.2695312500000000E-02    0.1177215576171875E-02
   28   -0.3925781250000000E-02    0.8938217163085938E-03
   29   -0.6640625000000000E-03    0.9195709228515625E-03
   30    0.8593750000000000E-03    0.8387756347656250E-03
   31   -0.7031250000000000E-03    0.1134185791015625E-02
   32    0.4882812500000000E-03    0.8490371704101562E-03
   33    0.6621093750000000E-02    0.9292221069335938E-03
   34    0.1074218750000000E-02    0.1080131530761719E-02
   35    0.1132812500000000E-02    0.8020782470703125E-03
   36   -0.4335937500000000E-02    0.1302337646484375E-02
   37   -0.9375000000000000E-03    0.1100921630859375E-02
   38   -0.2246093750000000E-02    0.8161544799804687E-03
   39    0.4882812500000000E-03    0.7304763793945313E-03
   40   -0.2343750000000000E-03    0.8353424072265625E-03
   41   -0.5664062500000000E-02    0.1240997314453125E-02
   42   -0.3652343750000000E-02    0.9945297241210937E-03
   43   -0.1816406250000000E-02    0.8662796020507813E-03
   44    0.4687500000000000E-02    0.9131622314453125E-03
   45    0.3398437500000000E-02    0.7749938964843750E-03
   46    0.1796875000000000E-02    0.9557342529296875E-03
   47    0.8203125000000000E-03    0.9111022949218750E-03
   48   -0.3125000000000000E-02    0.1235046386718750E-02
   49   -0.5625000000000000E-02    0.9448242187500000E-03
   50    0.1132812500000000E-02    0.8099365234375000E-03
   51   -0.3281250000000000E-02    0.1142654418945313E-02
   52    0.7031250000000000E-03    0.9497833251953125E-03
   53    0.2675781250000000E-02    0.8053970336914062E-03
   54    0.5136718750000000E-02    0.1008567810058594E-02
   55    0.5781250000000000E-02    0.9301757812500000E-03
   56    0.1562500000000000E-02    0.8507537841796875E-03
   57    0.4101562500000000E-02    0.7740020751953125E-03
   58    0.3710937500000000E-03    0.9316635131835937E-03
   59    0.2050781250000000E-02    0.8110427856445313E-03
   60    0.1171875000000000E-02    0.8200836181640625E-03
   61   -0.1289062500000000E-02    0.9067535400390625E-03
   62    0.6054687500000000E-03    0.1094932556152344E-02
   63   -0.2578125000000000E-02    0.9758758544921875E-03
   64    0.1562500000000000E-03    0.1110000610351563E-02
   65    0.8007812500000000E-03    0.1019477844238281E-02
   66   -0.3906250000000000E-03    0.9342193603515625E-03
   67   -0.3125000000000000E-03    0.9516906738281250E-03
   68    0.5410156250000000E-02    0.9406661987304688E-03
   69    0.2148437500000000E-02    0.7127380371093750E-03
   70   -0.3945312500000000E-02    0.8518218994140625E-03
   71    0.6054687500000000E-03    0.1006660461425781E-02
   72   -0.2714843750000000E-02    0.8987045288085938E-03
   73   -0.1601562500000000E-02    0.1070327758789062E-02
   74    0.1113281250000000E-02    0.1088523864746094E-02
   75   -0.3242187500000000E-02    0.8880615234375000E-03
   76    0.2070312500000000E-02    0.7345581054687500E-03
   77    0.2343750000000000E-03    0.8061218261718750E-03
   78   -0.4550781250000000E-02    0.9234237670898437E-03
   79   -0.3417968750000000E-02    0.1096153259277344E-02
   80   -0.6640625000000000E-03    0.1021118164062500E-02
   81   -0.1035156250000000E-02    0.8542251586914063E-03
   82    0.4902343750000000E-02    0.1214332580566406E-02
   83    0.1074218750000000E-02    0.1055412292480469E-02
   84    0.2480468750000000E-02    0.8546829223632813E-03
   85    0.1093750000000000E-02    0.1149597167968750E-02
   86    0.2460937500000000E-02    0.1022796630859375E-02
   87    0.4414062500000000E-02    0.1092071533203125E-02
   88    0.9375000000000000E-03    0.1018676757812500E-02
   89    0.2031250000000000E-02    0.9804534912109374E-03
   90   -0.1523437500000000E-02    0.8248901367187500E-03
   91    0.2949218750000000E-02    0.1178627014160156E-02
   92    0.2187500000000000E-02    0.1213378906250000E-02
   93    0.5332031250000000E-02    0.1448326110839844E-02
   94    0.3574218750000000E-02    0.1104087829589844E-02
   95    0.1269531250000000E-02    0.1040382385253906E-02
   96    0.6640625000000000E-03    0.9671020507812500E-03
   97    0.4218750000000000E-02    0.8560180664062500E-03
   98    0.7812500000000000E-03    0.7595062255859375E-03
   99   -0.2089843750000000E-02    0.1005287170410156E-02
  100   -0.6132812500000000E-02    0.1100463867187500E-02
