# time =    0.4621
    0    0.1000000000000000E+01    0.1000000000000000E+01
    1    0.2650585937500000E+00    0.7099094390869140E-01
    2    0.7787109375000000E-01    0.7141227722167969E-02
    3    0.2490234375000000E-01    0.1628150939941406E-02
    4    0.1251953125000000E-01    0.1302299499511719E-02
    5    0.2851562500000000E-02    0.1019134521484375E-02
    6   -0.7617187500000000E-03    0.1117744445800781E-02
    7   -0.9375000000000000E-03    0.1194763183593750E-02
    8   -0.7421875000000000E-03    0.8531188964843749E-03
    9    0.7031250000000000E-03    0.1143875122070313E-02
   10    0.1054687500000000E-02    0.9354400634765625E-03
   11    0.4882812500000000E-03    0.1110954284667969E-02
   12    0.1757812500000000E-02    0.8992004394531250E-03
   13    0.1738281250000000E-02    0.9263992309570312E-03
   14    0.5878906250000000E-02    0.1129722595214844E-02
   15    0.2890625000000000E-02    0.1063461303710937E-02
   16    0.5468750000000001E-03    0.7382202148437500E-03
   17    0.3144531250000000E-02    0.1096000671386719E-02
   18   -0.2187500000000000E-02    0.1125183105468750E-02
   19    0.4160156250000000E-02    0.9045791625976562E-03
   20   -0.1621093750000000E-02    0.7673263549804688E-03
   21   -0.3417968750000000E-02    0.9186935424804688E-03
   22    0.4101562500000000E-03    0.9863662719726562E-03
   23    0.3632812500000000E-02    0.8875274658203125E-03
   24   -0.1699218750000000E-02    0.9345626831054688E-03
   25    0.3554687500000000E-02    0.1195068359375000E-02
   26    0.8144531250000000E-02    0.8482742309570313E-03
   27    0.2246093750000000E-02    0.8448410034179687E-03
   28    0.9960937500000000E-03    0.8265304565429687E-03
   29    0.3144531250000000E-02    0.7245254516601563E-03
   30   -0.3066406250000000E-02    0.1067771911621094E-02
   31    0.4843750000000000E-02    0.1056747436523437E-02
   32   -0.1035156250000000E-02    0.9846115112304688E-03
   33   -0.5468750000000001E-03    0.1094818115234375E-02
   34    0.2617187500000000E-02    0.9999847412109374E-03
   35    0.1855468750000000E-02    0.9281539916992188E-03
   36   -0.3671875000000000E-02    0.8624267578125000E-03
   37    0.2363281250000000E-02    0.9092330932617187E-03
   38    0.3183593750000000E-02    0.6587600708007812E-03
   39    0.1933593750000000E-02    0.9194564819335938E-03
   40    0.3652343750000000E-02    0.1034278869628906E-02
   41    0.5019531250000000E-02    0.9559249877929688E-03
   42    0.6660156250000000E-02    0.9692001342773437E-03
   43   -0.1679687500000000E-02    0.1036148071289063E-02
   44    0.8398437500000000E-03    0.1102180480957031E-02
   45    0.2265625000000000E-02    0.1081085205078125E-02
   46   -0.3417968750000000E-02    0.1133537292480469E-02
   47    0.2578125000000000E-02    0.9813690185546875E-03
   48    0.2617187500000000E-02    0.9275054931640624E-03
   49   -0.1386718750000000E-02    0.8994674682617187E-03
   50    0.1171875000000000E-03    0.8039855957031250E-03
   51   -0.3417968750000000E-02    0.1053047180175781E-02
   52    0.5195312500000000E-02    0.8866882324218750E-03
   53    0.1582031250000000E-02    0.9289932250976563E-03
   54    0.2343750000000000E-03    0.1147842407226562E-02
   55   -0.5292968750000000E-02    0.9886550903320313E-03
   56    0.1191406250000000E-02    0.9647750854492187E-03
   57    0.8984375000000000E-03    0.1133804321289063E-02
   58   -0.2851562500000000E-02    0.1039962768554688E-02
   59   -0.8789062500000000E-03    0.8056259155273437E-03
   60   -0.1074218750000000E-02    0.9553909301757812E-03
   61   -0.8691406250000000E-02    0.1409873962402344E-02
   62   -0.3359375000000000E-02    0.1108398437500000E-02
   63   -0.5527343750000000E-02    0.8996200561523438E-03
   64    0.4140625000000000E-02    0.7613372802734375E-03
   65    0.2226562500000000E-02    0.9729766845703125E-03
   66    0.6601562500000000E-02    0.1157608032226562E-02
   67    0.3066406250000000E-02    0.1002540588378906E-02
   68    0.4472656250000000E-02    0.1191520690917969E-02
   69    0.2929687500000000E-03    0.9040451049804688E-03
   70    0.1503906250000000E-02    0.7677078247070312E-03
   71   -0.1367187500000000E-02    0.9110260009765625E-03
   72   -0.1855468750000000E-02    0.8909988403320312E-03
   73   -0.2324218750000000E-02    0.1118507385253906E-02
   74    0.7812500000000000E-04    0.9673309326171875E-03
   75   -0.5761718750000000E-02    0.8220291137695313E-03
   76   -0.3378906250000000E-02    0.8433914184570313E-03
   77    0.7812500000000000E-03    0.1017379760742187E-02
   78    0.1152343750000000E-02    0.1119194030761719E-02
   79    0.4882812500000000E-03    0.9630203247070312E-03
   80   -0.1582031250000000E-02    0.1035423278808594E-02
   81   -0.3457031250000000E-02    0.8839035034179688E-03
   82   -0.3300781250000000E-02    0.8079147338867187E-03
   83    0.1308593750000000E-02    0.8789443969726562E-03
   84    0.2324218750000000E-02    0.9058761596679687E-03
   85    0.9765625000000000E-03    0.7948303222656251E-03
   86   -0.1347656250000000E-02    0.1056480407714844E-02
   87   -0.4550781250000000E-02    0.9460067749023438E-03
   88   -0.1738281250000000E-02    0.1171073913574219E-02
   89    0.1718750000000000E-02    0.8907318115234375E-03
   90    0.2812500000000000E-02    0.1023635864257812E-02
   91    0.3320312500000000E-02    0.7496643066406250E-03
   92    0.5644531250000000E-02    0.8704757690429687E-03
   93    0.4765625000000000E-02    0.9095001220703125E-03
   94    0.2968750000000000E-02    0.8956909179687500E-03
   95   -0.1835937500000000E-02    0.1071548461914062E-02
   96   -0.1445312500000000E-02    0.7901763916015624E-03
   97    0.8984375000000000E-03    0.1054840087890625E-02
   98    0.1210937500000000E-02    0.1111984252929688E-02
   99   -0.2734375000000000E-03    0.1054382324218750E-02
  100   -0.8984375000000000E-03    0.1049499511718750E-02
