# time =    0.4568
    0    0.1000000000000000E+01    0.1000000000000000E+01
    1    0.1951757812500000E+00    0.3908298492431641E-01
    2    0.4128906250000000E-01    0.2708969116210937E-02
    3    0.9726562500000001E-02    0.1040649414062500E-02
    4    0.3515625000000000E-03    0.1164321899414063E-02
    5    0.1953125000000000E-04    0.8114242553710938E-03
    6    0.4902343750000000E-02    0.1127204895019531E-02
    7    0.3867187500000000E-02    0.9513092041015625E-03
    8   -0.2148437500000000E-03    0.8094406127929687E-03
    9    0.3125000000000000E-03    0.8959197998046876E-03
   10    0.3515625000000000E-02    0.1018447875976563E-02
   11   -0.4296875000000000E-03    0.1263656616210937E-02
   12    0.1445312500000000E-02    0.7781219482421875E-03
   13   -0.2265625000000000E-02    0.8739471435546875E-03
   14   -0.4082031250000000E-02    0.7408523559570313E-03
   15   -0.5312500000000000E-02    0.1019439697265625E-02
   16   -0.4980468750000000E-02    0.1013374328613281E-02
   17    0.1367187500000000E-02    0.9617614746093750E-03
   18   -0.1269531250000000E-02    0.9810256958007813E-03
   19   -0.2871093750000000E-02    0.9782791137695312E-03
   20   -0.2792968750000000E-02    0.1248054504394531E-02
   21    0.3398437500000000E-02    0.8039855957031250E-03
   22    0.1386718750000000E-02    0.9522628784179687E-03
   23   -0.3925781250000000E-02    0.9224319458007813E-03
   24   -0.3906250000000000E-02    0.1010818481445313E-02
   25   -0.2539062500000000E-03    0.1014060974121094E-02
   26   -0.2988281250000000E-02    0.1227302551269531E-02
   27    0.4707031250000000E-02    0.1264228820800781E-02
   28    0.3164062500000000E-02    0.7026672363281250E-03
   29    0.2578125000000000E-02    0.1164627075195313E-02
   30    0.7812500000000000E-04    0.7916259765625000E-03
   31    0.1972656250000000E-02    0.7324600219726562E-03
   32   -0.1269531250000000E-02    0.8421707153320313E-03
   33    0.9570312500000000E-03    0.7091140747070312E-03
   34   -0.5976562500000000E-02    0.1149291992187500E-02
   35    0.1621093750000000E-02    0.1091804504394531E-02
   36   -0.6835937500000000E-03    0.8071517944335938E-03
   37   -0.4687500000000000E-03    0.7759857177734375E-03
   38   -0.6367187500000000E-02    0.1026382446289063E-02
   39    0.4882812500000000E-02    0.8270263671875000E-03
   40    0.1484375000000000E-02    0.9913635253906250E-03
   41   -0.1562500000000000E-03    0.9310150146484375E-03
   42    0.1152343750000000E-02    0.6448745727539063E-03
   43    0.4003906250000000E-02    0.1299400329589844E-02
   44   -0.9960937500000000E-03    0.1028709411621094E-02
   45    0.3652343750000000E-02    0.9055709838867187E-03
   46   -0.1660156250000000E-02    0.9989547729492188E-03
   47   -0.1953125000000000E-04    0.9819412231445313E-03
   48   -0.3183593750000000E-02    0.8549880981445312E-03
   49   -0.9960937500000000E-03    0.7770156860351562E-03
   50   -0.1777343750000000E-02    0.9926986694335938E-03
   51   -0.3984375000000000E-02    0.1073226928710937E-02
   52   -0.5234375000000000E-02    0.8744812011718750E-03
   53   -0.2089843750000000E-02    0.9098434448242187E-03
   54    0.2324218750000000E-02    0.8934402465820313E-03
   55   -0.1347656250000000E-02    0.9829330444335938E-03
   56   -0.1152343750000000E-02    0.1066169738769531E-02
   57    0.1562500000000000E-02    0.9128570556640625E-03
   58   -0.2285156250000000E-02    0.9464645385742188E-03
   59   -0.1347656250000000E-02    0.1107521057128906E-02
   60    0.2539062500000000E-03    0.9020614624023437E-03
   61   -0.2734375000000000E-03    0.8081054687500000E-03
   62   -0.6640625000000000E-03    0.9803009033203126E-03
   63   -0.4765625000000000E-02    0.1134262084960937E-02
   64   -0.3359375000000000E-02    0.1012039184570313E-02
   65    0.1953125000000000E-02    0.9851074218750000E-03
   66   -0.3300781250000000E-02    0.1164360046386719E-02
   67    0.3300781250000000E-02    0.9424209594726563E-03
   68   -0.2832031250000000E-02    0.1166496276855469E-02
   69   -0.4296875000000000E-03    0.1034469604492188E-02
   70    0.3710937500000000E-03    0.9992599487304687E-03
   71    0.3906250000000000E-04    0.9691619873046875E-03
   72    0.3125000000000000E-02    0.1016311645507813E-02
   73   -0.3515625000000000E-03    0.9938049316406249E-03
   74   -0.4609375000000000E-02    0.1231765747070312E-02
   75   -0.3300781250000000E-02    0.1084175109863281E-02
   76   -0.1113281250000000E-02    0.8941268920898437E-03
   77   -0.1210937500000000E-02    0.9996032714843751E-03
   78    0.2363281250000000E-02    0.1112480163574219E-02
   79    0.2050781250000000E-02    0.9580612182617188E-03
   80   -0.3125000000000000E-02    0.1140975952148438E-02
   81    0.2304687500000000E-02    0.9954071044921875E-03
   82    0.1250000000000000E-02    0.8631134033203125E-03
   83   -0.1328125000000000E-02    0.9426879882812500E-03
   84   -0.2500000000000000E-02    0.9416961669921876E-03
   85   -0.2128906250000000E-02    0.7416152954101562E-03
   86    0.1367187500000000E-03    0.7989120483398438E-03
   87   -0.4492187500000000E-03    0.8306503295898438E-03
   88    0.2617187500000000E-02    0.1132049560546875E-02
   89    0.1601562500000000E-02    0.1072235107421875E-02
   90   -0.2675781250000000E-02    0.1150627136230469E-02
   91    0.2109375000000000E-02    0.1006851196289062E-02
   92    0.1347656250000000E-02    0.9099197387695313E-03
   93   -0.1582031250000000E-02    0.9590530395507812E-03
   94    0.4316406250000000E-02    0.9837722778320312E-03
   95   -0.3496093750000000E-02    0.1092567443847656E-02
   96   -0.5800781250000000E-02    0.9655380249023438E-03
   97    0.3710937500000000E-02    0.8271026611328125E-03
   98   -0.1953125000000000E-02    0.9366607666015625E-03
   99    0.1171875000000000E-03    0.1130371093750000E-02
  100    0.3398437500000000E-02    0.1036987304687500E-02
