# time =    0.4673
    0    0.1000000000000000E+01    0.1000000000000000E+01
    1    0.2313281250000000E+00    0.5446281433105469E-01
    2    0.5544921875000000E-01    0.3856391906738281E-02
    3    0.1775390625000000E-01    0.1248893737792969E-02
    4    0.1275390625000000E-01    0.1141777038574219E-02
    5    0.5507812500000000E-02    0.8690643310546875E-03
    6   -0.1054687500000000E-02    0.1084365844726562E-02
    7    0.1718750000000000E-02    0.1044769287109375E-02
    8   -0.7617187500000000E-03    0.1058616638183594E-02
    9   -0.3339843750000000E-02    0.7327651977539063E-03
   10    0.7226562500000000E-03    0.1067695617675781E-02
   11    0.3964843750000000E-02    0.9563827514648438E-03
   12   -0.3281250000000000E-02    0.1315460205078125E-02
   13    0.1738281250000000E-02    0.7648086547851563E-03
   14    0.6562500000000000E-02    0.1089477539062500E-02
   15   -0.1191406250000000E-02    0.9271621704101563E-03
   16   -0.1210937500000000E-02    0.9056091308593750E-03
   17   -0.1835937500000000E-02    0.9783172607421874E-03
   18    0.3222656250000000E-02    0.8972549438476563E-03
   19    0.1171875000000000E-02    0.8514404296875000E-03
   20   -0.5859375000000000E-04    0.1188087463378906E-02
   21    0.2695312500000000E-02    0.8884429931640625E-03
   22    0.4316406250000000E-02    0.1045951843261719E-02
   23    0.6660156250000000E-02    0.9853744506835938E-03
   24    0.2050781250000000E-02    0.8456802368164062E-03
   25   -0.6835937500000000E-03    0.1099205017089844E-02
   26   -0.4531250000000000E-02    0.1296005249023438E-02
   27   -0.5820312500000000E-02    0.8972930908203125E-03
   28   -0.1269531250000000E-02    0.1024894714355469E-02
   29   -0.5253906250000000E-02    0.9468460083007813E-03
   30    0.2187500000000000E-02    0.9123992919921875E-03
   31   -0.9765625000000001E-04    0.8948135375976562E-03
   32    0.2480468750000000E-02    0.9843826293945313E-03
   33   -0.3808593750000000E-02    0.9981918334960938E-03
   34    0.1757812500000000E-03    0.8426284790039062E-03
   35   -0.2773437500000000E-02    0.1005477905273437E-02
   36   -0.1640625000000000E-02    0.7796478271484375E-03
   37   -0.2167968750000000E-02    0.8552932739257813E-03
   38   -0.1308593750000000E-02    0.8604049682617188E-03
   39    0.2597656250000000E-02    0.8236312866210937E-03
   40   -0.4296875000000000E-03    0.1052627563476562E-02
   41    0.1738281250000000E-02    0.9571456909179687E-03
   42    0.4335937500000000E-02    0.1011886596679687E-02
   43   -0.3125000000000000E-03    0.8610534667968750E-03
   44    0.5273437500000000E-03    0.1025276184082031E-02
   45    0.6640625000000000E-03    0.1127243041992188E-02
   46   -0.3320312500000000E-02    0.9104156494140625E-03
   47   -0.2949218750000000E-02    0.8964920043945312E-03
   48    0.8398437500000000E-03    0.7562637329101562E-03
   49    0.3554687500000000E-02    0.1091156005859375E-02
   50   -0.7226562500000000E-03    0.1009483337402344E-02
   51   -0.3613281250000000E-02    0.1100425720214844E-02
   52   -0.1484375000000000E-02    0.1076889038085938E-02
   53   -0.2421875000000000E-02    0.9944915771484375E-03
   54    0.1171875000000000E-02    0.8709716796875000E-03
   55    0.4492187500000000E-02    0.7048797607421875E-03
   56    0.1308593750000000E-02    0.9749221801757812E-03
   57   -0.2148437500000000E-02    0.1058044433593750E-02
   58    0.1328125000000000E-02    0.7758331298828125E-03
   59    0.1308593750000000E-02    0.9491348266601563E-03
   60    0.6835937500000000E-03    0.1188697814941406E-02
   61   -0.2050781250000000E-02    0.8247756958007813E-03
   62   -0.4101562500000000E-03    0.9235000610351563E-03
   63    0.3925781250000000E-02    0.1039161682128906E-02
   64    0.1933593750000000E-02    0.7844924926757813E-03
   65   -0.4023437500000000E-02    0.1141204833984375E-02
   66    0.6054687500000000E-03    0.9525680541992188E-03
   67    0.1562500000000000E-03    0.1007461547851563E-02
   68    0.6250000000000000E-03    0.7987976074218750E-03
   69   -0.4589843750000000E-02    0.9561538696289063E-03
   70   -0.5488281250000000E-02    0.9187698364257812E-03
   71   -0.1367187500000000E-03    0.8239364624023438E-03
   72   -0.1347656250000000E-02    0.1111183166503906E-02
   73   -0.2753906250000000E-02    0.9951400756835938E-03
   74   -0.1113281250000000E-02    0.8058547973632812E-03
   75   -0.4843750000000000E-02    0.1108322143554688E-02
   76   -0.5585937500000000E-02    0.1141815185546875E-02
   77    0.1953125000000000E-03    0.1242446899414062E-02
   78   -0.9960937500000000E-03    0.8227920532226562E-03
   79   -0.1601562500000000E-02    0.8465576171875000E-03
   80    0.0000000000000000E+00    0.9372711181640625E-03
   81   -0.1972656250000000E-02    0.1006507873535156E-02
   82   -0.2578125000000000E-02    0.7640838623046875E-03
   83    0.2031250000000000E-02    0.9565734863281250E-03
   84    0.5449218750000000E-02    0.1035041809082031E-02
   85    0.4746093750000000E-02    0.9806442260742187E-03
   86    0.5136718750000000E-02    0.1220130920410156E-02
   87   -0.1718750000000000E-02    0.1151504516601563E-02
   88    0.4882812500000000E-03    0.1046180725097656E-02
   89    0.3242187500000000E-02    0.9964752197265626E-03
   90    0.1347656250000000E-02    0.1004066467285156E-02
   91    0.1210937500000000E-02    0.1074981689453125E-02
   92    0.5898437500000000E-02    0.8165740966796875E-03
   93    0.1250000000000000E-02    0.8529663085937500E-03
   94    0.4101562500000000E-03    0.9532546997070312E-03
   95   -0.1367187500000000E-03    0.8227157592773437E-03
   96    0.3593750000000000E-02    0.8994293212890625E-03
   97    0.7089843750000000E-02    0.8742141723632812E-03
   98    0.5781250000000000E-02    0.8283996582031250E-03
   99    0.1601562500000000E-02    0.8180236816406250E-03
  100    0.5468750000000001E-03    0.9853363037109375E-03
