# time =    0.4622
    0    0.1000000000000000E+01    0.1000000000000000E+01
    1    0.1964648437500000E+00    0.3938426971435547E-01
    2    0.4541015625000000E-01    0.3079185485839844E-02
    3    0.1074218750000000E-01    0.1310043334960938E-02
    4    0.4160156250000000E-02    0.6718826293945312E-03
    5    0.5742187500000000E-02    0.9136199951171875E-03
    6    0.2343750000000000E-02    0.9825134277343750E-03
    7   -0.1660156250000000E-02    0.9782791137695312E-03
    8    0.1152343750000000E-02    0.6647109985351562E-03
    9    0.2480468750000000E-02    0.9562301635742187E-03
   10    0.7812500000000000E-03    0.9879302978515626E-03
   11   -0.3632812500000000E-02    0.1031036376953125E-02
   12    0.5136718750000000E-02    0.1027183532714844E-02
   13   -0.5781250000000000E-02    0.1132659912109375E-02
   14   -0.2929687500000000E-02    0.7856750488281250E-03
   15   -0.1152343750000000E-02    0.1014976501464844E-02
   16   -0.1074218750000000E-02    0.9978103637695312E-03
   17   -0.3417968750000000E-02    0.8465957641601563E-03
   18    0.4101562500000000E-03    0.9109115600585937E-03
   19   -0.3632812500000000E-02    0.1061630249023438E-02
   20    0.5859375000000000E-03    0.9228515625000000E-03
   21    0.1250000000000000E-02    0.1157455444335938E-02
   22   -0.2519531250000000E-02    0.9353256225585937E-03
   23    0.3339843750000000E-02    0.9762191772460937E-03
   24   -0.2519531250000000E-02    0.9896469116210938E-03
   25   -0.8144531250000000E-02    0.8207321166992188E-03
   26    0.2714843750000000E-02    0.9984970092773438E-03
   27   -0.3105468750000000E-02    0.8274459838867187E-03
   28   -0.3789062500000000E-02    0.1002807617187500E-02
   29    0.4355468750000000E-02    0.9349441528320313E-03
   30    0.6640625000000000E-03    0.1019515991210937E-02
   31    0.8164062499999999E-02    0.1141891479492187E-02
   32    0.2343750000000000E-02    0.8397674560546874E-03
   33   -0.3359375000000000E-02    0.9426879882812500E-03
   34   -0.3457031250000000E-02    0.1071739196777344E-02
   35    0.5859375000000000E-04    0.8159255981445312E-03
   36   -0.8007812500000000E-03    0.9832382202148438E-03
   37    0.2441406250000000E-02    0.1001243591308594E-02
   38   -0.1054687500000000E-02    0.1029815673828125E-02
   39    0.2656250000000000E-02    0.9603118896484375E-03
   40   -0.2324218750000000E-02    0.1142158508300781E-02
   41   -0.3515625000000000E-03    0.1238250732421875E-02
   42    0.3710937500000000E-03    0.1035423278808594E-02
   43    0.6601562500000000E-02    0.1112899780273438E-02
   44    0.2031250000000000E-02    0.1020812988281250E-02
   45    0.1542968750000000E-02    0.8295059204101562E-03
   46   -0.6640625000000000E-03    0.9672546386718750E-03
   47    0.2695312500000000E-02    0.1279602050781250E-02
   48    0.3652343750000000E-02    0.1077232360839844E-02
   49   -0.1855468750000000E-02    0.8784103393554688E-03
   50    0.2343750000000000E-03    0.1098556518554688E-02
   51   -0.2753906250000000E-02    0.7912826538085938E-03
   52    0.2812500000000000E-02    0.7693481445312500E-03
   53    0.3125000000000000E-02    0.1027297973632813E-02
   54   -0.2460937500000000E-02    0.8856964111328125E-03
   55    0.2695312500000000E-02    0.8872985839843750E-03
   56   -0.1777343750000000E-02    0.8487319946289063E-03
   57    0.1992187500000000E-02    0.8897399902343750E-03
   58    0.2460937500000000E-02    0.8649444580078125E-03
   59    0.2148437500000000E-03    0.9864425659179687E-03
   60   -0.1210937500000000E-02    0.8654785156250000E-03
   61   -0.2363281250000000E-02    0.7658767700195313E-03
   62    0.1347656250000000E-02    0.8390426635742187E-03
   63    0.4472656250000000E-02    0.8291244506835937E-03
   64   -0.1171875000000000E-03    0.1045684814453125E-02
   65    0.3261718750000000E-02    0.8337783813476562E-03
   66    0.4609375000000000E-02    0.1093063354492188E-02
   67    0.3828125000000000E-02    0.1129531860351563E-02
   68    0.5351562500000000E-02    0.1141586303710937E-02
   69    0.2792968750000000E-02    0.9820938110351562E-03
   70   -0.1582031250000000E-02    0.1061515808105469E-02
   71    0.8007812500000000E-03    0.8140182495117187E-03
   72   -0.9179687499999999E-03    0.1050300598144531E-02
   73   -0.2753906250000000E-02    0.8864974975585937E-03
   74   -0.1015625000000000E-02    0.1070480346679688E-02
   75   -0.4160156250000000E-02    0.8178329467773437E-03
   76   -0.3027343750000000E-02    0.9279251098632812E-03
   77   -0.3945312500000000E-02    0.9347534179687500E-03
   78    0.1660156250000000E-02    0.9767532348632813E-03
   79   -0.4296875000000000E-02    0.1121597290039062E-02
   80   -0.1367187500000000E-02    0.1010055541992187E-02
   81   -0.2285156250000000E-02    0.8892440795898438E-03
   82   -0.2148437500000000E-03    0.7950973510742188E-03
   83    0.1191406250000000E-02    0.1058158874511719E-02
   84    0.7207031250000000E-02    0.1040458679199219E-02
   85   -0.5273437500000000E-03    0.7404708862304688E-03
   86   -0.2324218750000000E-02    0.1094017028808594E-02
   87   -0.9765625000000000E-03    0.1160049438476563E-02
   88   -0.1992187500000000E-02    0.1125793457031250E-02
   89    0.2519531250000000E-02    0.1138114929199219E-02
   90    0.2382812500000000E-02    0.8882141113281250E-03
   91    0.2265625000000000E-02    0.8617401123046875E-03
   92    0.3593750000000000E-02    0.1076812744140625E-02
   93   -0.3398437500000000E-02    0.7991027832031250E-03
   94    0.2226562500000000E-02    0.1027450561523437E-02
   95   -0.8007812500000000E-03    0.9712600708007813E-03
   96    0.4335937500000000E-02    0.9443664550781250E-03
   97    0.9023437500000000E-02    0.1045150756835938E-02
   98    0.5781250000000000E-02    0.1082839965820313E-02
   99    0.1542968750000000E-02    0.1444740295410156E-02
  100    0.1074218750000000E-02    0.8446884155273438E-03
