# time =    0.4801
    0    0.1000000000000000E+01    0.1000000000000000E+01
    1    0.2167968750000000E+00    0.4780303955078125E-01
    2    0.4664062500000000E-01    0.2770462036132812E-02
    3    0.9218750000000000E-02    0.9725189208984375E-03
    4    0.4570312500000000E-02    0.9300994873046875E-03
    5   -0.3125000000000000E-03    0.9632110595703125E-03
    6   -0.1347656250000000E-02    0.1049232482910156E-02
    7   -0.1562500000000000E-03    0.1198806762695312E-02
    8    0.4687500000000000E-03    0.9572601318359375E-03
    9   -0.2304687500000000E-02    0.9944152832031250E-03
   10   -0.3203125000000000E-02    0.8943176269531250E-03
   11   -0.2500000000000000E-02    0.1040115356445313E-02
   12    0.3242187500000000E-02    0.9853363037109375E-03
   13   -0.8593750000000000E-03    0.1073226928710937E-02
   14    0.2128906250000000E-02    0.1068305969238281E-02
   15    0.2441406250000000E-02    0.1010475158691406E-02
   16    0.1660156250000000E-02    0.9010696411132813E-03
   17    0.1230468750000000E-02    0.1103553771972656E-02
   18   -0.5273437500000000E-03    0.1172904968261719E-02
   19    0.1347656250000000E-02    0.1099510192871094E-02
   20    0.2539062500000000E-03    0.1198005676269531E-02
   21    0.1796875000000000E-02    0.9169769287109375E-03
   22    0.3769531250000000E-02    0.1068916320800781E-02
   23   -0.8593750000000000E-03    0.1042175292968750E-02
   24   -0.2890625000000000E-02    0.1000518798828125E-02
   25   -0.1562500000000000E-03    0.1103439331054687E-02
   26   -0.3378906250000000E-02    0.9545516967773437E-03
   27   -0.2949218750000000E-02    0.7632827758789063E-03
   28   -0.1308593750000000E-02    0.1150856018066406E-02
   29   -0.2558593750000000E-02    0.8450698852539063E-03
   30    0.9375000000000000E-03    0.7315063476562500E-03
   31    0.5234375000000000E-02    0.7378387451171875E-03
   32    0.5117187500000000E-02    0.7664489746093750E-03
   33    0.1425781250000000E-02    0.9714126586914063E-03
   34    0.1972656250000000E-02    0.8040237426757813E-03
   35    0.2832031250000000E-02    0.9024429321289062E-03
   36    0.4570312500000000E-02    0.1005706787109375E-02
   37   -0.1796875000000000E-02    0.8576202392578125E-03
   38   -0.2460937500000000E-02    0.1185989379882812E-02
   39    0.7167968750000000E-02    0.1184425354003906E-02
   40   -0.2792968750000000E-02    0.9343338012695313E-03
   41   -0.1835937500000000E-02    0.1023483276367188E-02
   42   -0.6660156250000000E-02    0.1055488586425781E-02
   43   -0.5292968750000000E-02    0.1067314147949219E-02
   44   -0.2246093750000000E-02    0.9108352661132813E-03
   45   -0.5312500000000000E-02    0.6938934326171875E-03
   46   -0.1250000000000000E-02    0.1130905151367187E-02
   47    0.1699218750000000E-02    0.1084785461425781E-02
   48   -0.6425781250000000E-02    0.8444595336914063E-03
   49   -0.1347656250000000E-02    0.9109878540039063E-03
   50    0.3984375000000000E-02    0.1182785034179688E-02
   51    0.5390625000000000E-02    0.9629058837890625E-03
   52   -0.1171875000000000E-03    0.1034317016601562E-02
   53   -0.1484375000000000E-02    0.1031188964843750E-02
   54    0.4140625000000000E-02    0.1108856201171875E-02
   55   -0.2031250000000000E-02    0.9949493408203125E-03
   56   -0.3613281250000000E-02    0.1096916198730469E-02
   57    0.1152343750000000E-02    0.1276435852050781E-02
   58    0.1699218750000000E-02    0.7931137084960937E-03
   59    0.3242187500000000E-02    0.1032104492187500E-02
   60   -0.2558593750000000E-02    0.1061668395996094E-02
   61    0.5859375000000000E-04    0.9477615356445312E-03
   62   -0.1464843750000000E-02    0.7452774047851563E-03
   63    0.2343750000000000E-02    0.9374237060546875E-03
   64    0.3027343750000000E-02    0.1007728576660156E-02
   65    0.4824218750000000E-02    0.9450149536132812E-03
   66   -0.4296875000000000E-03    0.1018981933593750E-02
   67   -0.2871093750000000E-02    0.1029319763183594E-02
   68    0.3710937500000000E-03    0.9561538696289063E-03
   69    0.2050781250000000E-02    0.8102035522460937E-03
   70    0.1640625000000000E-02    0.8589172363281250E-03
   71    0.2910156250000000E-02    0.1193504333496094E-02
   72    0.8789062500000000E-03    0.9973526000976562E-03
   73    0.2949218750000000E-02    0.9034347534179688E-03
   74    0.5136718750000000E-02    0.9846115112304688E-03
   75    0.2441406250000000E-02    0.1007575988769531E-02
   76    0.4960937500000000E-02    0.1101303100585937E-02
   77    0.3046875000000000E-02    0.1194763183593750E-02
   78   -0.2050781250000000E-02    0.9321975708007813E-03
   79    0.5742187500000000E-02    0.1072540283203125E-02
   80    0.2734375000000000E-03    0.9085845947265625E-03
   81    0.1054687500000000E-02    0.8702850341796874E-03
   82   -0.1542968750000000E-02    0.1022834777832031E-02
   83   -0.2851562500000000E-02    0.8191680908203125E-03
   84   -0.3808593750000000E-02    0.1099433898925781E-02
   85   -0.4003906250000000E-02    0.1321144104003906E-02
   86   -0.4824218750000000E-02    0.8773422241210938E-03
   87   -0.5351562500000000E-02    0.7928466796875000E-03
   88    0.2871093750000000E-02    0.1160545349121094E-02
   89   -0.1074218750000000E-02    0.1180381774902344E-02
   90    0.3066406250000000E-02    0.8892440795898438E-03
   91    0.2617187500000000E-02    0.1285781860351563E-02
   92   -0.8281250000000000E-02    0.1284103393554688E-02
   93   -0.4687500000000000E-03    0.9322357177734375E-03
   94   -0.4335937500000000E-02    0.1292724609375000E-02
   95    0.1113281250000000E-02    0.9981155395507812E-03
   96    0.3417968750000000E-02    0.9788894653320313E-03
   97    0.4882812500000000E-03    0.1190376281738281E-02
   98   -0.3593750000000000E-02    0.8150482177734375E-03
   99   -0.2285156250000000E-02    0.9565353393554688E-03
  100   -0.4804687500000000E-02    0.1010131835937500E-02
