# time =    0.4725
    0    0.1000000000000000E+01    0.1000000000000000E+01
    1    0.2319531250000000E+00    0.5478187561035156E-01
    2    0.5470703125000000E-01    0.3757286071777344E-02
    3    0.1912109375000000E-01    0.1235084533691406E-02
    4    0.9609375000000000E-02    0.9397125244140625E-03
    5    0.6601562500000000E-02    0.1006851196289062E-02
    6   -0.2343750000000000E-03    0.7754516601562500E-03
    7   -0.4003906250000000E-02    0.9965896606445312E-03
    8   -0.9179687499999999E-03    0.1040992736816406E-02
    9   -0.2207031250000000E-02    0.1076850891113281E-02
   10    0.1152343750000000E-02    0.7708358764648437E-03
   11   -0.3945312500000000E-02    0.9790039062499999E-03
   12    0.7226562500000000E-03    0.8956527709960937E-03
   13   -0.1054687500000000E-02    0.8967590332031250E-03
   14   -0.1894531250000000E-02    0.9692764282226563E-03
   15    0.5468750000000001E-03    0.1145019531250000E-02
   16    0.1953125000000000E-03    0.1181716918945312E-02
   17    0.1171875000000000E-03    0.7721710205078125E-03
   18    0.1816406250000000E-02    0.1161079406738281E-02
   19    0.1503906250000000E-02    0.7612228393554688E-03
   20    0.3906250000000000E-02    0.8361816406250000E-03
   21   -0.2539062500000000E-03    0.7809829711914062E-03
   22    0.4824218750000000E-02    0.8431625366210938E-03
   23    0.1445312500000000E-02    0.9495544433593750E-03
   24    0.2929687500000000E-03    0.8366012573242188E-03
   25    0.9765625000000001E-04    0.1199913024902344E-02
   26   -0.2363281250000000E-02    0.9817123413085938E-03
   27    0.7812500000000000E-03    0.9521484375000000E-03
   28   -0.1210937500000000E-02    0.1069946289062500E-02
   29   -0.2343750000000000E-03    0.7498168945312500E-03
   30    0.1367187500000000E-02    0.8530426025390625E-03
   31   -0.1542968750000000E-02    0.8009719848632812E-03
   32    0.9765625000000000E-03    0.8448028564453125E-03
   33    0.1308593750000000E-02    0.8636093139648437E-03
   34    0.1269531250000000E-02    0.8664321899414062E-03
   35   -0.1953125000000000E-03    0.9165191650390625E-03
   36    0.0000000000000000E+00    0.8667755126953125E-03
   37    0.4609375000000000E-02    0.1003723144531250E-02
   38    0.1699218750000000E-02    0.9737014770507812E-03
   39   -0.1406250000000000E-02    0.8647155761718750E-03
   40    0.1445312500000000E-02    0.8979034423828125E-03
   41   -0.3261718750000000E-02    0.8847427368164063E-03
   42    0.7226562500000000E-03    0.1039085388183594E-02
   43   -0.3320312500000000E-02    0.8255004882812500E-03
   44    0.3828125000000000E-02    0.9630584716796875E-03
   45    0.3359375000000000E-02    0.1139297485351563E-02
   46   -0.3437500000000000E-02    0.1060333251953125E-02
   47   -0.1132812500000000E-02    0.1009063720703125E-02
   48    0.2089843750000000E-02    0.8185958862304688E-03
   49   -0.2988281250000000E-02    0.9278488159179687E-03
   50   -0.1972656250000000E-02    0.8967208862304687E-03
   51   -0.2558593750000000E-02    0.9050369262695312E-03
   52   -0.3125000000000000E-03    0.9088897705078125E-03
   53   -0.3046875000000000E-02    0.9036254882812500E-03
   54   -0.5292968750000000E-02    0.9331130981445313E-03
   55   -0.1621093750000000E-02    0.9051895141601562E-03
   56    0.3261718750000000E-02    0.7754898071289062E-03
   57   -0.3261718750000000E-02    0.8472824096679688E-03
   58   -0.3222656250000000E-02    0.9843826293945313E-03
   59   -0.4472656250000000E-02    0.1029319763183594E-02
   60    0.4375000000000000E-02    0.9764099121093750E-03
   61   -0.4101562500000000E-03    0.1029014587402344E-02
   62   -0.3125000000000000E-02    0.1128540039062500E-02
   63    0.4003906250000000E-02    0.1083335876464844E-02
   64    0.1347656250000000E-02    0.1197700500488281E-02
   65    0.1875000000000000E-02    0.8789062500000000E-03
   66   -0.8593750000000000E-03    0.9036254882812500E-03
   67    0.3046875000000000E-02    0.8081054687500000E-03
   68   -0.3535156250000000E-02    0.9170150756835937E-03
   69    0.2265625000000000E-02    0.9790802001953126E-03
   70    0.8593750000000000E-03    0.8660888671875000E-03
   71   -0.3242187500000000E-02    0.1031417846679687E-02
   72   -0.2480468750000000E-02    0.9716415405273438E-03
   73   -0.1757812500000000E-02    0.8357238769531250E-03
   74    0.2265625000000000E-02    0.1050796508789062E-02
   75    0.3515625000000000E-03    0.8181762695312500E-03
   76   -0.1562500000000000E-03    0.8341979980468750E-03
   77    0.1035156250000000E-02    0.9487533569335938E-03
   78   -0.3320312500000000E-02    0.1155319213867188E-02
   79   -0.3378906250000000E-02    0.1207847595214844E-02
   80    0.5742187500000000E-02    0.9006500244140625E-03
   81    0.1054687500000000E-02    0.8875274658203125E-03
   82   -0.2675781250000000E-02    0.1003913879394531E-02
   83    0.2578125000000000E-02    0.8153533935546875E-03
   84   -0.5468750000000000E-02    0.1007003784179688E-02
   85   -0.2480468750000000E-02    0.1052360534667969E-02
   86    0.4394531250000000E-02    0.8620071411132812E-03
   87   -0.9375000000000000E-03    0.8116912841796875E-03
   88   -0.7617187500000000E-03    0.8339309692382813E-03
   89   -0.1425781250000000E-02    0.9051895141601562E-03
   90   -0.1621093750000000E-02    0.7606887817382812E-03
   91   -0.5722656250000000E-02    0.8726119995117188E-03
   92   -0.8945312500000000E-02    0.1064376831054687E-02
   93   -0.3906250000000000E-02    0.9436035156250001E-03
   94   -0.1601562500000000E-02    0.9957885742187501E-03
   95   -0.2597656250000000E-02    0.1049995422363281E-02
   96    0.5273437500000000E-03    0.1252403259277344E-02
   97   -0.2285156250000000E-02    0.1058387756347656E-02
   98   -0.1660156250000000E-02    0.9634780883789062E-03
   99   -0.4746093750000000E-02    0.9531784057617188E-03
  100   -0.4531250000000000E-02    0.1120529174804688E-02
