# time =    0.4564
    0    0.1000000000000000E+01    0.1000000000000000E+01
    1    0.2950976562500000E+00    0.8797420501708984E-01
    2    0.1266601562500000E+00    0.1692256927490234E-01
    3    0.7207031250000000E-01    0.6180572509765625E-02
    4    0.4230468750000000E-01    0.2814941406250000E-02
    5    0.3162109375000000E-01    0.1845054626464844E-02
    6    0.2375000000000000E-01    0.1367111206054687E-02
    7    0.1632812500000000E-01    0.1111450195312500E-02
    8    0.1576171875000000E-01    0.1135597229003906E-02
    9    0.1208984375000000E-01    0.1017341613769531E-02
   10    0.1066406250000000E-01    0.9363555908203125E-03
   11    0.2812500000000000E-02    0.9901428222656250E-03
   12    0.4335937500000000E-02    0.1074371337890625E-02
   13    0.2968750000000000E-02    0.1293869018554688E-02
   14    0.5683593750000000E-02    0.8819961547851563E-03
   15    0.4121093750000000E-02    0.9948348999023438E-03
   16    0.1718750000000000E-02    0.1042404174804687E-02
   17    0.1816406250000000E-02    0.8630752563476562E-03
   18    0.3730468750000000E-02    0.8900833129882813E-03
   19    0.6054687500000000E-03    0.9595870971679688E-03
   20   -0.2460937500000000E-02    0.9319305419921875E-03
   21   -0.2402343750000000E-02    0.9465408325195312E-03
   22   -0.1660156250000000E-02    0.9969711303710938E-03
   23   -0.4042968750000000E-02    0.9122085571289062E-03
   24    0.6640625000000000E-03    0.1113052368164062E-02
   25    0.2910156250000000E-02    0.9908676147460938E-03
   26    0.1738281250000000E-02    0.9508132934570312E-03
   27    0.1816406250000000E-02    0.1068305969238281E-02
   28    0.3085937500000000E-02    0.1156387329101562E-02
   29    0.5468750000000001E-03    0.7955932617187500E-03
   30   -0.2539062500000000E-02    0.7951354980468750E-03
   31   -0.8300781250000000E-02    0.8151626586914062E-03
   32   -0.2773437500000000E-02    0.8618927001953125E-03
   33   -0.5585937500000000E-02    0.1280441284179688E-02
   34   -0.5625000000000000E-02    0.1118316650390625E-02
   35   -0.8359375000000000E-02    0.1048965454101563E-02
   36   -0.4257812500000000E-02    0.1063385009765625E-02
   37   -0.5605468750000000E-02    0.9713363647460937E-03
   38   -0.2324218750000000E-02    0.9817886352539063E-03
   39   -0.1933593750000000E-02    0.9173202514648437E-03
   40   -0.2480468750000000E-02    0.9989547729492188E-03
   41   -0.3847656250000000E-02    0.1019325256347656E-02
   42   -0.3789062500000000E-02    0.9290313720703125E-03
   43   -0.4414062500000000E-02    0.8885955810546875E-03
   44   -0.3300781250000000E-02    0.9205245971679688E-03
   45    0.2343750000000000E-03    0.1023330688476562E-02
   46   -0.5937500000000000E-02    0.9806060791015625E-03
   47   -0.3632812500000000E-02    0.1066513061523437E-02
   48    0.4687500000000000E-03    0.1191940307617187E-02
   49   -0.1914062500000000E-02    0.1192703247070313E-02
   50   -0.1835937500000000E-02    0.7563781738281250E-03
   51   -0.4765625000000000E-02    0.9648895263671875E-03
   52   -0.8007812500000000E-03    0.8318710327148437E-03
   53   -0.5136718750000000E-02    0.8647537231445312E-03
   54   -0.7031250000000000E-02    0.9058380126953125E-03
   55   -0.1171875000000000E-02    0.8382415771484375E-03
   56   -0.1835937500000000E-02    0.8272552490234376E-03
   57   -0.1835937500000000E-02    0.9114074707031250E-03
   58   -0.5468750000000001E-03    0.9928894042968749E-03
   59   -0.2460937500000000E-02    0.1218032836914063E-02
   60    0.1230468750000000E-02    0.8937454223632812E-03
   61    0.6308593750000000E-02    0.9450912475585938E-03
   62    0.8398437500000000E-03    0.1015434265136719E-02
   63    0.5253906250000000E-02    0.1079063415527344E-02
   64    0.6445312500000000E-03    0.1153373718261719E-02
   65    0.2207031250000000E-02    0.1032905578613281E-02
   66    0.4882812500000000E-03    0.1056098937988281E-02
   67    0.5722656250000000E-02    0.1313514709472656E-02
   68    0.3476562500000000E-02    0.8394622802734375E-03
   69    0.2148437500000000E-03    0.9751510620117187E-03
   70    0.2695312500000000E-02    0.9700775146484375E-03
   71    0.3867187500000000E-02    0.1068496704101563E-02
   72    0.5292968750000000E-02    0.8996963500976562E-03
   73    0.5468750000000001E-03    0.7550811767578125E-03
   74    0.7148437500000000E-02    0.9029388427734375E-03
   75    0.1093750000000000E-02    0.1024093627929687E-02
   76    0.3281250000000000E-02    0.1051330566406250E-02
   77    0.6230468750000000E-02    0.9781265258789063E-03
   78   -0.3261718750000000E-02    0.9952163696289062E-03
   79    0.6054687500000000E-03    0.9968185424804688E-03
   80    0.1699218750000000E-02    0.1112022399902344E-02
   81   -0.6835937500000000E-03    0.9671401977539063E-03
   82    0.4667968750000000E-02    0.1102714538574219E-02
   83    0.4843750000000000E-02    0.1038818359375000E-02
   84    0.1796875000000000E-02    0.1025238037109375E-02
   85    0.1132812500000000E-02    0.7611846923828125E-03
   86   -0.2851562500000000E-02    0.9252929687500000E-03
   87   -0.2421875000000000E-02    0.8888244628906250E-03
   88   -0.2949218750000000E-02    0.8015060424804688E-03
   89   -0.2207031250000000E-02    0.9584426879882812E-03
   90   -0.7617187500000000E-03    0.9173202514648437E-03
   91   -0.4179687500000000E-02    0.1019134521484375E-02
   92   -0.2773437500000000E-02    0.9128570556640625E-03
   93   -0.4589843750000000E-02    0.8723068237304687E-03
   94    0.1562500000000000E-02    0.1092758178710937E-02
   95    0.3125000000000000E-03    0.8924865722656250E-03
   96   -0.2402343750000000E-02    0.9722518920898438E-03
   97   -0.2792968750000000E-02    0.9033584594726563E-03
   98    0.3906250000000000E-04    0.7711791992187500E-03
   99    0.1289062500000000E-02    0.8777618408203125E-03
  100   -0.3906250000000000E-04    0.6416320800781250E-03
