# time =    0.4659
    0    0.1000000000000000E+01    0.1000000000000000E+01
    1    0.1843164062500000E+00    0.3495059967041016E-01
    2    0.3576171875000000E-01    0.2399024963378906E-02
    3    0.8945312500000000E-02    0.8094024658203125E-03
    4   -0.8007812500000000E-03    0.1084175109863281E-02
    5    0.2734375000000000E-03    0.1066436767578125E-02
    6    0.3750000000000000E-02    0.1202316284179688E-02
    7    0.6640625000000000E-03    0.1240539550781250E-02
    8   -0.8007812500000000E-03    0.9462356567382813E-03
    9   -0.2304687500000000E-02    0.1208496093750000E-02
   10   -0.9589843750000000E-02    0.8668136596679687E-03
   11   -0.2070312500000000E-02    0.9422302246093750E-03
   12   -0.4863281250000000E-02    0.9891891479492188E-03
   13   -0.4453125000000000E-02    0.8325958251953125E-03
   14    0.5273437500000000E-03    0.1045951843261719E-02
   15    0.3242187500000000E-02    0.6801605224609375E-03
   16   -0.3417968750000000E-02    0.6967544555664063E-03
   17   -0.2480468750000000E-02    0.1042137145996094E-02
   18    0.6777343750000000E-02    0.1225700378417969E-02
   19   -0.4296875000000000E-03    0.8134460449218750E-03
   20    0.8593750000000000E-03    0.7885742187500000E-03
   21   -0.8789062500000000E-03    0.8144760131835937E-03
   22   -0.1992187500000000E-02    0.1033859252929687E-02
   23   -0.2773437500000000E-02    0.1243591308593750E-02
   24    0.3925781250000000E-02    0.9392166137695313E-03
   25    0.7421875000000000E-03    0.8585357666015625E-03
   26    0.1367187500000000E-03    0.1070365905761719E-02
   27    0.2070312500000000E-02    0.1014862060546875E-02
   28    0.6054687500000000E-03    0.8086776733398438E-03
   29    0.8203125000000000E-03    0.8919525146484375E-03
   30    0.3125000000000000E-02    0.8969879150390624E-03
   31    0.3750000000000000E-02    0.1155471801757812E-02
   32    0.1679687500000000E-02    0.9469604492187500E-03
   33    0.4492187500000000E-03    0.9862899780273438E-03
   34    0.4453125000000000E-02    0.8312988281250000E-03
   35   -0.3281250000000000E-02    0.9289550781250000E-03
   36    0.4472656250000000E-02    0.1009864807128906E-02
   37   -0.5351562500000000E-02    0.8484649658203125E-03
   38   -0.1171875000000000E-02    0.1292800903320312E-02
   39   -0.2382812500000000E-02    0.9961700439453124E-03
   40    0.7031250000000000E-03    0.9712982177734375E-03
   41   -0.3730468750000000E-02    0.9834671020507813E-03
   42   -0.3027343750000000E-02    0.1125907897949219E-02
   43    0.4667968750000000E-02    0.8778762817382812E-03
   44   -0.3710937500000000E-03    0.7934951782226562E-03
   45    0.2226562500000000E-02    0.1026153564453125E-02
   46    0.4082031250000000E-02    0.9856796264648437E-03
   47   -0.4296875000000000E-02    0.9928131103515625E-03
   48   -0.5468750000000001E-03    0.9106445312500000E-03
   49    0.9570312500000000E-03    0.1083488464355469E-02
   50   -0.7812500000000000E-03    0.1095733642578125E-02
   51    0.3066406250000000E-02    0.1101493835449219E-02
   52    0.2324218750000000E-02    0.1156501770019531E-02
   53   -0.4101562500000000E-02    0.1108169555664062E-02
   54    0.5449218750000000E-02    0.1091575622558594E-02
   55    0.1445312500000000E-02    0.1002426147460937E-02
   56   -0.1855468750000000E-02    0.1027259826660156E-02
   57   -0.3125000000000000E-03    0.9660339355468750E-03
   58    0.3652343750000000E-02    0.9031295776367188E-03
   59    0.7421875000000000E-03    0.9565734863281250E-03
   60    0.1953125000000000E-03    0.8498382568359375E-03
   61   -0.2460937500000000E-02    0.8191680908203125E-03
   62    0.2597656250000000E-02    0.9210586547851562E-03
   63    0.5078125000000000E-03    0.9560394287109375E-03
   64    0.3183593750000000E-02    0.7649612426757813E-03
   65   -0.5468750000000001E-03    0.1105651855468750E-02
   66    0.5468750000000001E-03    0.8985900878906250E-03
   67    0.3906250000000000E-02    0.1111679077148438E-02
   68   -0.4218750000000000E-02    0.9285736083984375E-03
   69   -0.1269531250000000E-02    0.8247756958007813E-03
   70   -0.1875000000000000E-02    0.1024780273437500E-02
   71   -0.4257812500000000E-02    0.1057739257812500E-02
   72    0.4101562500000000E-03    0.1170845031738281E-02
   73   -0.1953125000000000E-04    0.1065025329589844E-02
   74   -0.1875000000000000E-02    0.8654022216796876E-03
   75   -0.4824218750000000E-02    0.1220130920410156E-02
   76    0.1484375000000000E-02    0.8811950683593750E-03
   77    0.1757812500000000E-03    0.9463119506835937E-03
   78    0.3105468750000000E-02    0.8104324340820312E-03
   79   -0.1171875000000000E-02    0.9809112548828124E-03
   80    0.7265625000000000E-02    0.1036682128906250E-02
   81    0.1953125000000000E-03    0.1202545166015625E-02
   82    0.2539062500000000E-02    0.8441925048828125E-03
   83   -0.4003906250000000E-02    0.9144210815429688E-03
   84   -0.6835937500000000E-03    0.1189460754394531E-02
   85   -0.5332031250000000E-02    0.1011466979980469E-02
   86    0.3769531250000000E-02    0.9260177612304688E-03
   87   -0.1953125000000000E-04    0.1011314392089844E-02
   88    0.1425781250000000E-02    0.1254615783691406E-02
   89    0.2441406250000000E-02    0.8560562133789062E-03
   90    0.0000000000000000E+00    0.9761047363281250E-03
   91    0.2148437500000000E-03    0.1021308898925781E-02
   92    0.4902343750000000E-02    0.1063804626464844E-02
   93    0.5214843750000000E-02    0.1101951599121094E-02
   94   -0.2890625000000000E-02    0.9339141845703125E-03
   95    0.2148437500000000E-02    0.8843994140625000E-03
   96    0.4101562500000000E-03    0.8275985717773437E-03
   97   -0.3027343750000000E-02    0.9118270874023438E-03
   98   -0.1425781250000000E-02    0.8407974243164062E-03
   99   -0.1269531250000000E-02    0.8530044555664063E-03
  100   -0.2343750000000000E-03    0.1003952026367188E-02
