# time =    0.4486
    0    0.1000000000000000E+01    0.1000000000000000E+01
    1    0.3076562500000000E+00    0.9552452087402344E-01
    2    0.1174023437500000E+00    0.1471172332763672E-01
    3    0.4994140625000000E-01    0.3354759216308594E-02
    4    0.2724609375000000E-01    0.1644859313964844E-02
    5    0.1298828125000000E-01    0.9630203247070312E-03
    6    0.3808593750000000E-02    0.8667373657226563E-03
    7   -0.3203125000000000E-02    0.1127777099609375E-02
    8    0.2343750000000000E-02    0.8789062500000000E-03
    9    0.2207031250000000E-02    0.7381820678710937E-03
   10   -0.1738281250000000E-02    0.1076698303222656E-02
   11   -0.1914062500000000E-02    0.8958435058593750E-03
   12    0.1386718750000000E-02    0.9502029418945313E-03
   13    0.2441406250000000E-02    0.1330299377441406E-02
   14    0.3125000000000000E-02    0.8321380615234374E-03
   15    0.3515625000000000E-03    0.8656311035156250E-03
   16    0.3125000000000000E-03    0.1160202026367187E-02
   17    0.2441406250000000E-02    0.9457778930664063E-03
   18    0.2402343750000000E-02    0.1098747253417969E-02
   19    0.2871093750000000E-02    0.8005905151367188E-03
   20    0.1953125000000000E-02    0.9831237792968751E-03
   21   -0.2402343750000000E-02    0.8540725708007812E-03
   22   -0.8593750000000000E-03    0.7723236083984375E-03
   23    0.3105468750000000E-02    0.8064651489257812E-03
   24    0.3261718750000000E-02    0.1033287048339844E-02
   25   -0.1953125000000000E-02    0.8073425292968749E-03
   26   -0.2128906250000000E-02    0.9197616577148438E-03
   27   -0.9179687499999999E-03    0.1275749206542969E-02
   28    0.8203125000000000E-03    0.9341430664062500E-03
   29   -0.2011718750000000E-02    0.8339309692382813E-03
   30    0.1308593750000000E-02    0.1010627746582031E-02
   31    0.3437500000000000E-02    0.9473419189453125E-03
   32    0.7597656250000000E-02    0.1033897399902344E-02
   33    0.2382812500000000E-02    0.1082992553710937E-02
   34   -0.2539062500000000E-03    0.1027488708496094E-02
   35    0.1074218750000000E-02    0.8918380737304687E-03
   36    0.2226562500000000E-02    0.7601165771484375E-03
   37    0.4179687500000000E-02    0.1051330566406250E-02
   38   -0.3710937500000000E-03    0.8411788940429687E-03
   39   -0.1953125000000000E-03    0.1145401000976562E-02
   40    0.1562500000000000E-02    0.1244964599609375E-02
   41    0.4414062500000000E-02    0.8853149414062500E-03
   42    0.2792968750000000E-02    0.1179847717285156E-02
   43    0.1777343750000000E-02    0.1038093566894531E-02
   44    0.3320312500000000E-03    0.9017562866210937E-03
   45    0.6640625000000000E-03    0.1028594970703125E-02
   46   -0.1757812500000000E-03    0.1244468688964844E-02
   47    0.5878906250000000E-02    0.1158180236816406E-02
   48    0.4394531250000000E-02    0.1098823547363281E-02
   49    0.3652343750000000E-02    0.1058921813964844E-02
   50    0.5253906250000000E-02    0.9713363647460937E-03
   51    0.2226562500000000E-02    0.1014175415039063E-02
   52    0.2382812500000000E-02    0.1058197021484375E-02
   53    0.4101562500000000E-02    0.1026382446289063E-02
   54    0.4707031250000000E-02    0.1193351745605469E-02
   55   -0.1074218750000000E-02    0.1046257019042969E-02
   56    0.5742187500000000E-02    0.9266662597656250E-03
   57    0.4472656250000000E-02    0.9394454956054688E-03
   58   -0.3847656250000000E-02    0.1009330749511719E-02
   59   -0.1699218750000000E-02    0.9784317016601563E-03
   60   -0.4296875000000000E-03    0.9107971191406250E-03
   61   -0.4355468750000000E-02    0.9297561645507812E-03
   62    0.7226562500000000E-03    0.7860946655273437E-03
   63    0.3652343750000000E-02    0.9269332885742188E-03
   64    0.2929687500000000E-02    0.8621978759765625E-03
   65    0.7617187500000000E-03    0.1011772155761719E-02
   66    0.2187500000000000E-02    0.1139297485351563E-02
   67    0.4023437500000000E-02    0.8016967773437500E-03
   68    0.2714843750000000E-02    0.8275985717773437E-03
   69    0.4101562500000000E-02    0.9255981445312499E-03
   70   -0.3710937500000000E-03    0.7326126098632813E-03
   71    0.2597656250000000E-02    0.8694839477539063E-03
   72    0.4707031250000000E-02    0.1068000793457031E-02
   73    0.1074218750000000E-02    0.1165351867675781E-02
   74   -0.9570312500000000E-03    0.9147262573242187E-03
   75   -0.1562500000000000E-02    0.1016464233398437E-02
   76   -0.1933593750000000E-02    0.1199455261230469E-02
   77   -0.6054687500000000E-03    0.9333419799804687E-03
   78   -0.5273437500000000E-03    0.8685684204101562E-03
   79    0.2519531250000000E-02    0.9718704223632813E-03
   80    0.2128906250000000E-02    0.1043281555175781E-02
   81    0.2304687500000000E-02    0.8923339843750000E-03
   82    0.3125000000000000E-02    0.8992767333984375E-03
   83   -0.1367187500000000E-03    0.1072120666503906E-02
   84    0.6230468750000000E-02    0.1034049987792969E-02
   85   -0.7812500000000000E-04    0.1044692993164063E-02
   86   -0.2226562500000000E-02    0.1126403808593750E-02
   87   -0.2265625000000000E-02    0.9747314453125000E-03
   88   -0.4101562500000000E-02    0.8386993408203126E-03
   89   -0.4433593750000000E-02    0.9831619262695313E-03
   90   -0.1601562500000000E-02    0.1125030517578125E-02
   91   -0.1484375000000000E-02    0.8784484863281250E-03
   92   -0.2539062500000000E-02    0.9754943847656250E-03
   93    0.3359375000000000E-02    0.8914184570312500E-03
   94   -0.1269531250000000E-02    0.1146583557128906E-02
   95   -0.1972656250000000E-02    0.1049308776855469E-02
   96    0.8789062500000000E-03    0.9882736206054687E-03
   97   -0.1230468750000000E-02    0.1065635681152344E-02
   98   -0.4765625000000000E-02    0.8104705810546875E-03
   99   -0.7812500000000000E-03    0.9857177734374999E-03
  100   -0.2441406250000000E-02    0.7896804809570312E-03
