# time =    0.4458
    0    0.1000000000000000E+01    0.1000000000000000E+01
    1    0.3014453125000000E+00    0.9161888122558594E-01
    2    0.1045507812500000E+00    0.1168628692626953E-01
    3    0.3974609375000000E-01    0.2575492858886719E-02
    4    0.1781250000000000E-01    0.1448974609375000E-02
    5    0.1345703125000000E-01    0.1206245422363281E-02
    6    0.1718750000000000E-02    0.9660339355468750E-03
    7   -0.1562500000000000E-02    0.1048583984375000E-02
    8   -0.3085937500000000E-02    0.1187744140625000E-02
    9   -0.1054687500000000E-02    0.1148452758789063E-02
   10   -0.8593750000000000E-03    0.9848785400390625E-03
   11    0.2949218750000000E-02    0.8010482788085938E-03
   12   -0.1640625000000000E-02    0.8376312255859375E-03
   13   -0.2929687500000000E-03    0.7517623901367187E-03
   14    0.5664062500000000E-03    0.8566665649414062E-03
   15    0.4902343750000000E-02    0.1186256408691406E-02
   16    0.1445312500000000E-02    0.9067535400390625E-03
   17   -0.3476562500000000E-02    0.1135635375976562E-02
   18    0.5859375000000000E-04    0.1212196350097656E-02
   19   -0.3710937500000000E-02    0.9869384765625001E-03
   20    0.1953125000000000E-04    0.1000480651855469E-02
   21   -0.3906250000000000E-04    0.1092224121093750E-02
   22   -0.1289062500000000E-02    0.8869171142578125E-03
   23    0.1542968750000000E-02    0.1012229919433594E-02
   24    0.2402343750000000E-02    0.9737777709960938E-03
   25    0.4042968750000000E-02    0.1145439147949219E-02
   26   -0.4199218750000000E-02    0.1064186096191406E-02
   27    0.4628906250000000E-02    0.7840347290039063E-03
   28    0.3906250000000000E-02    0.8604431152343750E-03
   29    0.2128906250000000E-02    0.8810043334960937E-03
   30   -0.1484375000000000E-02    0.1366500854492188E-02
   31   -0.2382812500000000E-02    0.8866119384765625E-03
   32   -0.1738281250000000E-02    0.1007347106933594E-02
   33   -0.4062500000000000E-02    0.1128692626953125E-02
   34   -0.1621093750000000E-02    0.9829330444335938E-03
   35   -0.1074218750000000E-02    0.9663009643554688E-03
   36    0.3320312500000000E-02    0.8438110351562500E-03
   37    0.3632812500000000E-02    0.9099578857421875E-03
   38   -0.1015625000000000E-02    0.1032333374023438E-02
   39   -0.5253906250000000E-02    0.9511947631835937E-03
   40   -0.4941406250000000E-02    0.9051895141601562E-03
   41   -0.1386718750000000E-02    0.9028244018554687E-03
   42    0.1171875000000000E-02    0.8626556396484374E-03
   43    0.2753906250000000E-02    0.1080207824707031E-02
   44   -0.8203125000000000E-03    0.8617401123046875E-03
   45    0.1269531250000000E-02    0.9342575073242187E-03
   46    0.4609375000000000E-02    0.1012268066406250E-02
   47    0.6816406250000000E-02    0.1082420349121094E-02
   48    0.8398437500000000E-03    0.8505630493164062E-03
   49    0.1171875000000000E-03    0.1051635742187500E-02
   50   -0.3906250000000000E-04    0.7853698730468750E-03
   51    0.6445312500000000E-03    0.8433151245117187E-03
   52   -0.4687500000000000E-03    0.8631134033203125E-03
   53   -0.4296875000000000E-03    0.9252929687500000E-03
   54    0.5996093750000000E-02    0.8920669555664062E-03
   55   -0.8593750000000000E-03    0.1012191772460937E-02
   56   -0.6914062500000000E-02    0.1018676757812500E-02
   57    0.2343750000000000E-03    0.7990264892578125E-03
   58    0.1953125000000000E-04    0.1145820617675781E-02
   59   -0.1640625000000000E-02    0.9135437011718750E-03
   60    0.4433593750000000E-02    0.1026115417480469E-02
   61    0.1562500000000000E-02    0.9648132324218750E-03
   62   -0.3125000000000000E-03    0.9902954101562501E-03
   63   -0.2656250000000000E-02    0.1005020141601562E-02
   64    0.1171875000000000E-03    0.8260345458984375E-03
   65    0.2910156250000000E-02    0.9639358520507812E-03
   66    0.5976562500000000E-02    0.9376525878906250E-03
   67    0.2207031250000000E-02    0.1037178039550781E-02
   68   -0.8398437500000000E-03    0.1338768005371094E-02
   69    0.3496093750000000E-02    0.8973312377929687E-03
   70    0.2382812500000000E-02    0.7469940185546875E-03
   71    0.2285156250000000E-02    0.1204185485839844E-02
   72    0.3613281250000000E-02    0.9199142456054688E-03
   73    0.2539062500000000E-03    0.9373855590820312E-03
   74    0.6250000000000000E-03    0.7498931884765625E-03
   75   -0.2792968750000000E-02    0.1130561828613281E-02
   76   -0.2929687500000000E-03    0.1281089782714844E-02
   77    0.1542968750000000E-02    0.1002616882324219E-02
   78    0.2675781250000000E-02    0.1125373840332031E-02
   79   -0.1269531250000000E-02    0.9119796752929687E-03
   80   -0.1484375000000000E-02    0.8502197265625000E-03
   81    0.3027343750000000E-02    0.8559799194335937E-03
   82   -0.3710937500000000E-03    0.9991836547851563E-03
   83    0.1542968750000000E-02    0.1066017150878906E-02
   84   -0.3652343750000000E-02    0.1084251403808594E-02
   85   -0.2343750000000000E-03    0.8104705810546875E-03
   86   -0.3574218750000000E-02    0.1010093688964844E-02
   87    0.2441406250000000E-02    0.1066856384277344E-02
   88   -0.1914062500000000E-02    0.8598327636718750E-03
   89    0.4218750000000000E-02    0.9037017822265625E-03
   90    0.5664062500000000E-03    0.7898330688476563E-03
   91    0.7578125000000000E-02    0.9619903564453125E-03
   92    0.6308593750000000E-02    0.1017875671386719E-02
   93    0.8789062500000000E-03    0.9186172485351563E-03
   94   -0.4609375000000000E-02    0.1037673950195312E-02
   95    0.2773437500000000E-02    0.9903717041015625E-03
   96    0.2851562500000000E-02    0.8235168457031250E-03
   97    0.2285156250000000E-02    0.1108894348144531E-02
   98   -0.1757812500000000E-03    0.1077156066894531E-02
   99   -0.5078125000000000E-03    0.7922363281250000E-03
  100   -0.1757812500000000E-02    0.8576202392578125E-03
