# time =    0.4631
    0    0.1000000000000000E+01    0.1000000000000000E+01
    1    0.2743164062500000E+00    0.7622135162353516E-01
    2    0.1018554687500000E+00    0.1130573272705078E-01
    3    0.4753906250000000E-01    0.3125991821289063E-02
    4    0.1679687500000000E-01    0.1171569824218750E-02
    5    0.7578125000000000E-02    0.8461761474609375E-03
    6    0.8515625000000001E-02    0.1030120849609375E-02
    7    0.3906250000000000E-04    0.8250427246093750E-03
    8    0.2753906250000000E-02    0.7861709594726563E-03
    9   -0.2714843750000000E-02    0.1053047180175781E-02
   10   -0.2324218750000000E-02    0.9643936157226563E-03
   11   -0.8535156250000000E-02    0.9762954711914063E-03
   12   -0.8554687500000000E-02    0.1054916381835938E-02
   13   -0.7578125000000000E-02    0.1336898803710937E-02
   14   -0.9218750000000000E-02    0.1031646728515625E-02
   15   -0.5156250000000000E-02    0.1195526123046875E-02
   16   -0.5957031250000000E-02    0.1320381164550781E-02
   17   -0.1191406250000000E-02    0.9177780151367188E-03
   18   -0.1542968750000000E-02    0.1165275573730469E-02
   19   -0.2148437500000000E-03    0.1143608093261719E-02
   20   -0.1210937500000000E-02    0.1108322143554688E-02
   21   -0.2656250000000000E-02    0.1069793701171875E-02
   22   -0.5957031250000000E-02    0.1039390563964844E-02
   23    0.2734375000000000E-03    0.7765197753906250E-03
   24    0.3554687500000000E-02    0.9997558593749999E-03
   25   -0.1835937500000000E-02    0.1000061035156250E-02
   26   -0.2226562500000000E-02    0.9439849853515625E-03
   27    0.2207031250000000E-02    0.7733535766601562E-03
   28   -0.3320312500000000E-03    0.1048469543457031E-02
   29   -0.3515625000000000E-03    0.7730102539062499E-03
   30   -0.1445312500000000E-02    0.7982635498046875E-03
   31   -0.1015625000000000E-02    0.1013031005859375E-02
   32    0.1953125000000000E-03    0.1167373657226562E-02
   33   -0.5078125000000000E-02    0.9275054931640624E-03
   34   -0.3750000000000000E-02    0.8354949951171875E-03
   35   -0.5156250000000000E-02    0.9195709228515625E-03
   36    0.7031250000000000E-03    0.9300994873046875E-03
   37   -0.3515625000000000E-03    0.8271026611328125E-03
   38   -0.7812500000000000E-03    0.9632110595703125E-03
   39    0.2265625000000000E-02    0.8898925781250000E-03
   40    0.9960937500000000E-03    0.7934951782226562E-03
   41    0.1035156250000000E-02    0.6890487670898437E-03
   42   -0.2207031250000000E-02    0.8407211303710937E-03
   43   -0.3593750000000000E-02    0.8848571777343750E-03
   44   -0.1386718750000000E-02    0.7982254028320312E-03
   45   -0.9960937500000000E-03    0.1119880676269531E-02
   46   -0.1367187500000000E-03    0.6296920776367187E-03
   47    0.2539062500000000E-03    0.8763504028320312E-03
   48    0.5390625000000000E-02    0.8740234375000000E-03
   49    0.2988281250000000E-02    0.9093093872070313E-03
   50    0.1386718750000000E-02    0.9711837768554688E-03
   51    0.3222656250000000E-02    0.8874893188476563E-03
   52    0.3222656250000000E-02    0.7602310180664062E-03
   53    0.3808593750000000E-02    0.9936141967773439E-03
   54   -0.4687500000000000E-03    0.9651184082031250E-03
   55    0.1523437500000000E-02    0.1085357666015625E-02
   56   -0.2539062500000000E-02    0.9255981445312499E-03
   57   -0.1738281250000000E-02    0.1108970642089844E-02
   58    0.1542968750000000E-02    0.1029548645019531E-02
   59   -0.7753906250000000E-02    0.1092109680175781E-02
   60    0.1210937500000000E-02    0.8255004882812500E-03
   61   -0.5820312500000000E-02    0.8609771728515625E-03
   62   -0.2988281250000000E-02    0.7649612426757813E-03
   63   -0.2988281250000000E-02    0.1014671325683594E-02
   64   -0.1582031250000000E-02    0.1107521057128906E-02
   65    0.2109375000000000E-02    0.9335327148437500E-03
   66    0.3125000000000000E-03    0.9017944335937500E-03
   67    0.5273437500000000E-03    0.9758377075195313E-03
   68   -0.3652343750000000E-02    0.1027793884277344E-02
   69    0.1328125000000000E-02    0.9642791748046875E-03
   70    0.3300781250000000E-02    0.9493637084960938E-03
   71   -0.2753906250000000E-02    0.1123771667480469E-02
   72   -0.1914062500000000E-02    0.9816741943359374E-03
   73   -0.3183593750000000E-02    0.8012008666992188E-03
   74   -0.5859375000000000E-03    0.9309387207031250E-03
   75    0.3300781250000000E-02    0.1066703796386719E-02
   76    0.3593750000000000E-02    0.1175308227539063E-02
   77    0.3125000000000000E-03    0.1074218750000000E-02
   78    0.8789062500000000E-03    0.9219741821289062E-03
   79   -0.4687500000000000E-03    0.8966064453125000E-03
   80    0.2617187500000000E-02    0.1007385253906250E-02
   81    0.5429687500000000E-02    0.7608795166015625E-03
   82    0.2421875000000000E-02    0.8933258056640625E-03
   83    0.2246093750000000E-02    0.8742141723632812E-03
   84    0.4257812500000000E-02    0.1025161743164063E-02
   85    0.9179687499999999E-03    0.7810592651367188E-03
   86   -0.6835937500000000E-03    0.1233329772949219E-02
   87   -0.8984375000000000E-03    0.1329650878906250E-02
   88    0.1289062500000000E-02    0.9427642822265624E-03
   89    0.3632812500000000E-02    0.9254455566406250E-03
   90    0.6289062500000000E-02    0.9542846679687500E-03
   91    0.3281250000000000E-02    0.1064910888671875E-02
   92    0.2871093750000000E-02    0.1110877990722656E-02
   93    0.5839843750000000E-02    0.1146202087402344E-02
   94   -0.2988281250000000E-02    0.9897232055664062E-03
   95   -0.1269531250000000E-02    0.9846878051757812E-03
   96    0.2519531250000000E-02    0.1297721862792969E-02
   97    0.1347656250000000E-02    0.9627914428710937E-03
   98   -0.4667968750000000E-02    0.8196640014648438E-03
   99    0.5039062500000000E-02    0.8853149414062500E-03
  100    0.5019531250000000E-02    0.1013984680175781E-02
