# time =    0.4748
    0    0.1000000000000000E+01    0.1000000000000000E+01
    1    0.2312304687500000E+00    0.5421054840087890E-01
    2    0.6072265625000000E-01    0.4649085998535156E-02
    3    0.1853515625000000E-01    0.1493873596191406E-02
    4    0.8593750000000000E-03    0.8733367919921875E-03
    5    0.2871093750000000E-02    0.1099205017089844E-02
    6   -0.1191406250000000E-02    0.1059532165527344E-02
    7    0.3515625000000000E-02    0.9788513183593751E-03
    8    0.1894531250000000E-02    0.1128425598144531E-02
    9    0.2890625000000000E-02    0.5997467041015625E-03
   10    0.2675781250000000E-02    0.7816696166992187E-03
   11   -0.1250000000000000E-02    0.9169006347656251E-03
   12   -0.6835937500000000E-02    0.1127624511718750E-02
   13   -0.1621093750000000E-02    0.1120338439941406E-02
   14    0.2207031250000000E-02    0.1154060363769531E-02
   15   -0.1738281250000000E-02    0.1215324401855469E-02
   16    0.1953125000000000E-03    0.1201553344726563E-02
   17   -0.4355468750000000E-02    0.1164512634277344E-02
   18    0.1191406250000000E-02    0.1066093444824219E-02
   19    0.6445312500000000E-03    0.1008415222167969E-02
   20   -0.3164062500000000E-02    0.9132385253906250E-03
   21   -0.3125000000000000E-03    0.8805084228515625E-03
   22    0.2441406250000000E-02    0.1154518127441406E-02
   23    0.6503906250000000E-02    0.1034965515136719E-02
   24    0.7617187500000000E-03    0.7164382934570313E-03
   25   -0.4882812500000000E-03    0.8890914916992187E-03
   26    0.1894531250000000E-02    0.1052665710449219E-02
   27    0.4394531250000000E-02    0.8491897583007813E-03
   28    0.6718750000000000E-02    0.1202545166015625E-02
   29   -0.1523437500000000E-02    0.9848785400390625E-03
   30   -0.2539062500000000E-03    0.1007652282714844E-02
   31   -0.1210937500000000E-02    0.1072921752929687E-02
   32   -0.1562500000000000E-02    0.1009140014648438E-02
   33   -0.3359375000000000E-02    0.1066131591796875E-02
   34   -0.1191406250000000E-02    0.1002006530761719E-02
   35    0.3046875000000000E-02    0.1102066040039062E-02
   36    0.4394531250000000E-02    0.1049308776855469E-02
   37    0.5820312500000000E-02    0.9642791748046875E-03
   38    0.2695312500000000E-02    0.9220886230468750E-03
   39   -0.4296875000000000E-03    0.7702636718750000E-03
   40    0.3710937500000000E-03    0.1075096130371094E-02
   41    0.2304687500000000E-02    0.9952545166015624E-03
   42    0.2675781250000000E-02    0.7429122924804688E-03
   43    0.1582031250000000E-02    0.9712600708007813E-03
   44   -0.2597656250000000E-02    0.1163902282714844E-02
   45   -0.3320312500000000E-03    0.6711196899414063E-03
   46    0.1015625000000000E-02    0.1027526855468750E-02
   47   -0.2519531250000000E-02    0.1205863952636719E-02
   48   -0.2714843750000000E-02    0.9363174438476562E-03
   49    0.3027343750000000E-02    0.7710647583007812E-03
   50    0.9121093750000000E-02    0.1434745788574219E-02
   51    0.3007812500000000E-02    0.1265335083007812E-02
   52   -0.2402343750000000E-02    0.1075935363769531E-02
   53   -0.1074218750000000E-02    0.1477088928222656E-02
   54    0.3242187500000000E-02    0.1040878295898438E-02
   55    0.6054687500000000E-03    0.1065864562988281E-02
   56    0.1054687500000000E-02    0.1087799072265625E-02
   57    0.3339843750000000E-02    0.1046562194824219E-02
   58    0.3046875000000000E-02    0.1078491210937500E-02
   59    0.6445312500000000E-03    0.1167182922363281E-02
   60   -0.1113281250000000E-02    0.1013298034667969E-02
   61   -0.7031250000000000E-03    0.1044998168945312E-02
   62    0.4492187500000000E-03    0.1002006530761719E-02
   63    0.4179687500000000E-02    0.9254455566406250E-03
   64    0.4121093750000000E-02    0.1298255920410156E-02
   65    0.7226562500000000E-03    0.7969284057617187E-03
   66    0.8007812500000000E-03    0.8947372436523438E-03
   67   -0.3652343750000000E-02    0.1025581359863281E-02
   68   -0.2500000000000000E-02    0.8765411376953125E-03
   69   -0.1777343750000000E-02    0.7966232299804688E-03
   70   -0.3320312500000000E-03    0.8542251586914063E-03
   71   -0.3574218750000000E-02    0.7842636108398438E-03
   72   -0.1425781250000000E-02    0.1054649353027344E-02
   73   -0.1933593750000000E-02    0.1001930236816406E-02
   74    0.1152343750000000E-02    0.8014297485351563E-03
   75   -0.2734375000000000E-03    0.9081268310546875E-03
   76   -0.6425781250000000E-02    0.7412338256835938E-03
   77    0.3710937500000000E-03    0.9503555297851562E-03
   78   -0.2402343750000000E-02    0.9589004516601563E-03
   79    0.6640625000000000E-03    0.8061218261718750E-03
   80    0.3164062500000000E-02    0.9156799316406250E-03
   81   -0.5078125000000000E-03    0.1170883178710937E-02
   82   -0.3417968750000000E-02    0.1258659362792969E-02
   83    0.2871093750000000E-02    0.9328842163085938E-03
   84    0.5214843750000000E-02    0.8801651000976562E-03
   85   -0.5117187500000000E-02    0.8338165283203125E-03
   86    0.1230468750000000E-02    0.1007499694824219E-02
   87    0.3222656250000000E-02    0.8818435668945312E-03
   88   -0.8281250000000000E-02    0.7830810546875000E-03
   89   -0.3691406250000000E-02    0.9656906127929688E-03
   90   -0.1171875000000000E-03    0.1068954467773438E-02
   91    0.1210937500000000E-02    0.9975433349609375E-03
   92   -0.1132812500000000E-02    0.1056747436523437E-02
   93   -0.2460937500000000E-02    0.1042709350585937E-02
   94   -0.4277343750000000E-02    0.7496261596679687E-03
   95    0.3847656250000000E-02    0.9959793090820312E-03
   96   -0.9375000000000000E-03    0.9360504150390625E-03
   97   -0.1718750000000000E-02    0.9493255615234376E-03
   98    0.1328125000000000E-02    0.1036987304687500E-02
   99   -0.1191406250000000E-02    0.9035110473632812E-03
  100   -0.2421875000000000E-02    0.7939147949218750E-03
