# time =    0.4699
    0    0.1000000000000000E+01    0.1000000000000000E+01
    1    0.2427929687500000E+00    0.5972126007080078E-01
    2    0.7333984374999999E-01    0.6108665466308593E-02
    3    0.2218750000000000E-01    0.1402893066406250E-02
    4    0.1091796875000000E-01    0.9004592895507813E-03
    5    0.3691406250000000E-02    0.9565353393554688E-03
    6    0.2597656250000000E-02    0.9675216674804687E-03
    7   -0.2695312500000000E-02    0.9024047851562500E-03
    8    0.5078125000000000E-02    0.1101608276367187E-02
    9   -0.1699218750000000E-02    0.7835006713867187E-03
   10    0.5664062500000000E-03    0.9271621704101563E-03
   11    0.3066406250000000E-02    0.9824752807617188E-03
   12    0.5078125000000000E-02    0.8905792236328125E-03
   13   -0.7617187500000000E-03    0.1073875427246094E-02
   14    0.7812500000000000E-04    0.1181716918945312E-02
   15   -0.1875000000000000E-02    0.1089553833007813E-02
   16   -0.1250000000000000E-02    0.8421325683593750E-03
   17   -0.1816406250000000E-02    0.8710098266601563E-03
   18   -0.1953125000000000E-04    0.9851455688476562E-03
   19   -0.2656250000000000E-02    0.1229400634765625E-02
   20   -0.1757812500000000E-03    0.1065788269042969E-02
   21   -0.5156250000000000E-02    0.1108169555664062E-02
   22   -0.4042968750000000E-02    0.9882736206054687E-03
   23   -0.6484375000000000E-02    0.8516693115234375E-03
   24    0.1855468750000000E-02    0.9925460815429687E-03
   25    0.2148437500000000E-03    0.1465415954589844E-02
   26   -0.9765625000000001E-04    0.1123466491699219E-02
   27    0.3046875000000000E-02    0.1012802124023438E-02
   28   -0.5664062500000000E-02    0.9066772460937500E-03
   29   -0.4804687500000000E-02    0.1031341552734375E-02
   30    0.3867187500000000E-02    0.9079742431640625E-03
   31    0.4160156250000000E-02    0.1050300598144531E-02
   32    0.1542968750000000E-02    0.8408737182617188E-03
   33   -0.3027343750000000E-02    0.7472610473632812E-03
   34   -0.3847656250000000E-02    0.1126594543457031E-02
   35   -0.3652343750000000E-02    0.1164436340332031E-02
   36   -0.1621093750000000E-02    0.1038017272949219E-02
   37    0.1660156250000000E-02    0.9644699096679688E-03
   38    0.1464843750000000E-02    0.8548355102539063E-03
   39    0.4609375000000000E-02    0.1091461181640625E-02
   40    0.4375000000000000E-02    0.9609222412109375E-03
   41    0.1660156250000000E-02    0.1119651794433594E-02
   42    0.1855468750000000E-02    0.7687759399414063E-03
   43   -0.4296875000000000E-03    0.1138992309570312E-02
   44   -0.2617187500000000E-02    0.1051330566406250E-02
   45    0.4003906250000000E-02    0.9373855590820312E-03
   46    0.3457031250000000E-02    0.1084403991699219E-02
   47    0.1816406250000000E-02    0.9556198120117187E-03
   48   -0.2890625000000000E-02    0.1067886352539062E-02
   49   -0.3886718750000000E-02    0.8774185180664062E-03
   50    0.1425781250000000E-02    0.8459091186523438E-03
   51   -0.1875000000000000E-02    0.1031036376953125E-02
   52    0.5078125000000000E-03    0.9844207763671875E-03
   53   -0.1542968750000000E-02    0.9774398803710938E-03
   54   -0.9960937500000000E-03    0.1009788513183594E-02
   55    0.3632812500000000E-02    0.1304397583007812E-02
   56    0.6152343750000000E-02    0.9896469116210938E-03
   57   -0.1953125000000000E-04    0.8774948120117188E-03
   58   -0.1523437500000000E-02    0.1062774658203125E-02
   59   -0.5390625000000000E-02    0.8979797363281250E-03
   60   -0.3300781250000000E-02    0.1117591857910156E-02
   61    0.3593750000000000E-02    0.9114837646484375E-03
   62    0.7617187500000000E-03    0.9474563598632813E-03
   63   -0.1289062500000000E-02    0.9556579589843750E-03
   64    0.3339843750000000E-02    0.9785842895507811E-03
   65    0.6386718750000000E-02    0.9853744506835938E-03
   66    0.4062500000000000E-02    0.1071548461914062E-02
   67   -0.4296875000000000E-03    0.1183090209960937E-02
   68   -0.2558593750000000E-02    0.7246017456054687E-03
   69   -0.5019531250000000E-02    0.1009254455566406E-02
   70   -0.2656250000000000E-02    0.9396362304687500E-03
   71   -0.2441406250000000E-02    0.1004371643066406E-02
   72   -0.4101562500000000E-03    0.9722518920898438E-03
   73    0.7949218750000001E-02    0.1020011901855469E-02
   74    0.6621093750000000E-02    0.1104545593261719E-02
   75   -0.5058593750000000E-02    0.9711074829101562E-03
   76   -0.1562500000000000E-03    0.8304595947265625E-03
   77   -0.1562500000000000E-02    0.8583831787109375E-03
   78   -0.1367187500000000E-02    0.1072845458984375E-02
   79   -0.4335937500000000E-02    0.1053237915039063E-02
   80    0.1894531250000000E-02    0.1006889343261719E-02
   81    0.6445312500000000E-03    0.1138114929199219E-02
   82    0.1562500000000000E-03    0.6869506835937500E-03
   83    0.1250000000000000E-02    0.9170532226562500E-03
   84    0.1777343750000000E-02    0.9645462036132812E-03
   85   -0.8808593750000000E-02    0.1271324157714844E-02
   86   -0.2167968750000000E-02    0.9698867797851562E-03
   87    0.2148437500000000E-03    0.1152381896972656E-02
   88   -0.1933593750000000E-02    0.8970260620117188E-03
   89    0.2597656250000000E-02    0.9193801879882812E-03
   90   -0.1601562500000000E-02    0.8402252197265625E-03
   91   -0.1757812500000000E-03    0.1059913635253906E-02
   92   -0.3281250000000000E-02    0.1024169921875000E-02
   93    0.2402343750000000E-02    0.8766555786132813E-03
   94   -0.6250000000000000E-03    0.1202850341796875E-02
   95   -0.4121093750000000E-02    0.9883499145507812E-03
   96    0.6699218750000000E-02    0.1041908264160156E-02
   97   -0.8593750000000000E-03    0.6955718994140625E-03
   98   -0.1542968750000000E-02    0.8165359497070313E-03
   99   -0.1054687500000000E-02    0.1001663208007812E-02
  100    0.2441406250000000E-02    0.1031608581542969E-02
