# time =    0.4371
    0    0.1000000000000000E+01    0.1000000000000000E+01
    1    0.3455664062500000E+00    0.1202005386352539E+00
    2    0.1681640625000000E+00    0.2940025329589844E-01
    3    0.1067578125000000E+00    0.1228965759277344E-01
    4    0.8238281250000000E-01    0.7861251831054688E-02
    5    0.6398437500000000E-01    0.4914932250976563E-02
    6    0.4900390625000000E-01    0.3443260192871094E-02
    7    0.3757812500000000E-01    0.2282257080078125E-02
    8    0.3607421875000000E-01    0.2445182800292969E-02
    9    0.3148437500000000E-01    0.1766052246093750E-02
   10    0.2859375000000000E-01    0.1614913940429687E-02
   11    0.2708984375000000E-01    0.1874427795410156E-02
   12    0.2505859375000000E-01    0.1757774353027344E-02
   13    0.2625000000000000E-01    0.1654434204101562E-02
   14    0.2388671875000000E-01    0.1554145812988281E-02
   15    0.1632812500000000E-01    0.1107330322265625E-02
   16    0.1185546875000000E-01    0.1003684997558594E-02
   17    0.1474609375000000E-01    0.1149330139160156E-02
   18    0.1492187500000000E-01    0.1254501342773438E-02
   19    0.1822265625000000E-01    0.1582756042480469E-02
   20    0.1441406250000000E-01    0.1426239013671875E-02
   21    0.1142578125000000E-01    0.1197242736816406E-02
   22    0.1492187500000000E-01    0.1226959228515625E-02
   23    0.1287109375000000E-01    0.9300613403320313E-03
   24    0.1117187500000000E-01    0.1130676269531250E-02
   25    0.1425781250000000E-01    0.1241912841796875E-02
   26    0.1347656250000000E-01    0.1162261962890625E-02
   27    0.1085937500000000E-01    0.1148834228515625E-02
   28    0.7714843750000000E-02    0.8686447143554688E-03
   29    0.5585937500000000E-02    0.1096191406250000E-02
   30    0.6250000000000000E-02    0.9638977050781250E-03
   31    0.8281250000000000E-02    0.8719635009765625E-03
   32    0.7050781250000000E-02    0.1045799255371094E-02
   33    0.9804687499999999E-02    0.1323852539062500E-02
   34    0.9062499999999999E-02    0.1220092773437500E-02
   35    0.1134765625000000E-01    0.1237602233886719E-02
   36    0.1283203125000000E-01    0.1112632751464844E-02
   37    0.8886718750000000E-02    0.1255531311035156E-02
   38    0.1076171875000000E-01    0.1025657653808594E-02
   39    0.8027343750000001E-02    0.1081199645996094E-02
   40    0.7128906250000000E-02    0.1065025329589844E-02
   41    0.6503906250000000E-02    0.9984970092773438E-03
   42    0.5644531250000000E-02    0.1208457946777344E-02
   43    0.4960937500000000E-02    0.1225051879882812E-02
   44    0.8203125000000000E-02    0.1180725097656250E-02
   45    0.9785156250000000E-02    0.9000778198242187E-03
   46    0.8964843750000000E-02    0.1024818420410156E-02
   47    0.6210937500000000E-02    0.9043884277343750E-03
   48    0.8964843750000000E-02    0.1066398620605469E-02
   49    0.7910156250000000E-02    0.1170463562011719E-02
   50    0.1017578125000000E-01    0.1026420593261719E-02
   51    0.8652343749999999E-02    0.9532546997070312E-03
   52    0.9687500000000000E-02    0.9874725341796876E-03
   53    0.7734375000000000E-02    0.1042022705078125E-02
   54    0.9042968750000000E-02    0.1013450622558594E-02
   55    0.7792968750000000E-02    0.9463119506835937E-03
   56    0.1072265625000000E-01    0.1287574768066406E-02
   57    0.8769531250000000E-02    0.1159782409667969E-02
   58    0.6542968750000000E-02    0.1025352478027344E-02
   59    0.9218750000000000E-02    0.1187210083007813E-02
   60    0.9082031250000001E-02    0.1061744689941406E-02
   61    0.7207031250000000E-02    0.9512710571289063E-03
   62    0.8261718750000001E-02    0.1125755310058594E-02
   63    0.5996093750000000E-02    0.9649276733398437E-03
   64    0.7597656250000000E-02    0.9013748168945312E-03
   65    0.4570312500000000E-02    0.9118652343750000E-03
   66    0.5410156250000000E-02    0.9783554077148439E-03
   67    0.4042968750000000E-02    0.1020011901855469E-02
   68    0.6972656250000000E-02    0.8804702758789063E-03
   69    0.3750000000000000E-02    0.1021804809570313E-02
   70   -0.1679687500000000E-02    0.9262847900390625E-03
   71    0.6308593750000000E-02    0.8281326293945313E-03
   72   -0.1093750000000000E-02    0.1066284179687500E-02
   73    0.1464843750000000E-02    0.1009712219238281E-02
   74    0.3515625000000000E-03    0.1164016723632812E-02
   75    0.2558593750000000E-02    0.9814834594726563E-03
   76    0.4414062500000000E-02    0.1098480224609375E-02
   77    0.7167968750000000E-02    0.7183456420898438E-03
   78    0.3828125000000000E-02    0.9527587890625000E-03
   79    0.2910156250000000E-02    0.1028938293457031E-02
   80    0.2773437500000000E-02    0.8942413330078125E-03
   81    0.2363281250000000E-02    0.7954788208007813E-03
   82    0.2929687500000000E-02    0.9504699707031250E-03
   83   -0.1757812500000000E-02    0.1054153442382812E-02
   84   -0.6250000000000000E-03    0.1067810058593750E-02
   85    0.3730468750000000E-02    0.1150093078613281E-02
   86    0.2675781250000000E-02    0.9257125854492187E-03
   87    0.3105468750000000E-02    0.8835220336914063E-03
   88    0.5683593750000000E-02    0.9295272827148437E-03
   89    0.4472656250000000E-02    0.1069450378417969E-02
   90    0.5625000000000000E-02    0.1023788452148437E-02
   91    0.1835937500000000E-02    0.1096801757812500E-02
   92    0.3359375000000000E-02    0.9922027587890626E-03
   93   -0.1699218750000000E-02    0.1128196716308594E-02
   94    0.3457031250000000E-02    0.1193885803222656E-02
   95    0.1601562500000000E-02    0.1438140869140625E-02
   96    0.1777343750000000E-02    0.9830093383789062E-03
   97    0.4492187500000000E-02    0.9399414062500000E-03
   98    0.2949218750000000E-02    0.1080513000488281E-02
   99    0.9355468750000000E-02    0.1367835998535156E-02
  100    0.7207031250000000E-02    0.1282844543457031E-02
