# time =    0.4617
    0    0.1000000000000000E+01    0.1000000000000000E+01
    1    0.2711914062500000E+00    0.7423236846923828E-01
    2    0.8775390625000000E-01    0.8554649353027344E-02
    3    0.3447265625000000E-01    0.2200202941894531E-02
    4    0.1402343750000000E-01    0.1236419677734375E-02
    5    0.7285156250000000E-02    0.9103775024414063E-03
    6    0.2753906250000000E-02    0.1225852966308594E-02
    7    0.3710937500000000E-02    0.9367370605468750E-03
    8    0.3906250000000000E-03    0.1098022460937500E-02
    9   -0.1171875000000000E-03    0.1046676635742187E-02
   10   -0.8203125000000000E-03    0.7287597656250000E-03
   11   -0.3476562500000000E-02    0.1150207519531250E-02
   12   -0.3867187500000000E-02    0.1238174438476562E-02
   13   -0.3339843750000000E-02    0.1103858947753906E-02
   14   -0.2792968750000000E-02    0.1068000793457031E-02
   15   -0.3906250000000000E-03    0.7350921630859375E-03
   16   -0.4804687500000000E-02    0.6840515136718750E-03
   17    0.2480468750000000E-02    0.8050918579101563E-03
   18   -0.1386718750000000E-02    0.9670639038085937E-03
   19   -0.9570312500000000E-03    0.1060600280761719E-02
   20   -0.1679687500000000E-02    0.9471893310546875E-03
   21    0.5898437500000000E-02    0.8322906494140625E-03
   22    0.1035156250000000E-02    0.8826065063476563E-03
   23    0.2011718750000000E-02    0.7978439331054688E-03
   24    0.5917968750000000E-02    0.1290855407714844E-02
   25    0.7324218750000000E-02    0.1191673278808594E-02
   26   -0.1953125000000000E-03    0.9960937500000000E-03
   27   -0.1542968750000000E-02    0.8861160278320312E-03
   28   -0.3066406250000000E-02    0.9305953979492187E-03
   29   -0.1894531250000000E-02    0.8919906616210938E-03
   30    0.2812500000000000E-02    0.1110458374023438E-02
   31    0.4863281250000000E-02    0.1087684631347656E-02
   32   -0.6445312500000000E-03    0.1079673767089844E-02
   33   -0.1972656250000000E-02    0.9357833862304688E-03
   34   -0.8007812500000000E-03    0.1052055358886719E-02
   35    0.1074218750000000E-02    0.1201744079589844E-02
   36    0.5332031250000000E-02    0.1103858947753906E-02
   37    0.1250000000000000E-02    0.1102828979492188E-02
   38   -0.1875000000000000E-02    0.9329223632812500E-03
   39   -0.2871093750000000E-02    0.1097297668457031E-02
   40    0.1601562500000000E-02    0.8680725097656250E-03
   41    0.4863281250000000E-02    0.7693862915039062E-03
   42    0.4707031250000000E-02    0.1024589538574219E-02
   43    0.4335937500000000E-02    0.1166610717773437E-02
   44    0.5039062500000000E-02    0.1409988403320313E-02
   45    0.3437500000000000E-02    0.1242141723632813E-02
   46    0.2441406250000000E-02    0.1294670104980469E-02
   47   -0.3339843750000000E-02    0.9400558471679688E-03
   48   -0.2167968750000000E-02    0.1096687316894531E-02
   49   -0.5800781250000000E-02    0.8593368530273438E-03
   50   -0.7226562500000000E-03    0.1029319763183594E-02
   51    0.4101562500000000E-03    0.9220504760742188E-03
   52    0.1308593750000000E-02    0.1091270446777344E-02
   53    0.1953125000000000E-04    0.1113777160644531E-02
   54   -0.3183593750000000E-02    0.1044654846191406E-02
   55    0.2070312500000000E-02    0.9175109863281250E-03
   56    0.3125000000000000E-03    0.1015090942382813E-02
   57    0.1230468750000000E-02    0.1269264221191406E-02
   58   -0.2011718750000000E-02    0.1071128845214844E-02
   59    0.2519531250000000E-02    0.8554458618164062E-03
   60    0.4648437500000000E-02    0.8748626708984375E-03
   61    0.3906250000000000E-04    0.7733917236328125E-03
   62   -0.2871093750000000E-02    0.9151840209960937E-03
   63   -0.2148437500000000E-02    0.8395385742187500E-03
   64   -0.4687500000000000E-03    0.9212493896484375E-03
   65    0.1230468750000000E-02    0.7807540893554687E-03
   66   -0.9570312500000000E-03    0.9804916381835936E-03
   67    0.7089843750000000E-02    0.1222419738769531E-02
   68    0.3183593750000000E-02    0.9402847290039063E-03
   69    0.1914062500000000E-02    0.9869384765625001E-03
   70   -0.1816406250000000E-02    0.1044273376464844E-02
   71    0.2734375000000000E-02    0.1105804443359375E-02
   72    0.1171875000000000E-03    0.9773254394531250E-03
   73    0.7187500000000000E-02    0.1012115478515625E-02
   74    0.4394531250000000E-02    0.8366775512695313E-03
   75   -0.1289062500000000E-02    0.8564758300781250E-03
   76   -0.2988281250000000E-02    0.1264076232910156E-02
   77   -0.4492187500000000E-03    0.1027870178222656E-02
   78   -0.1132812500000000E-02    0.1028823852539062E-02
   79   -0.1367187500000000E-02    0.8923339843750000E-03
   80   -0.5175781250000000E-02    0.8929824829101563E-03
   81   -0.8085937499999999E-02    0.8177185058593751E-03
   82    0.7812500000000000E-04    0.8478546142578125E-03
   83   -0.3027343750000000E-02    0.7606124877929687E-03
   84    0.1933593750000000E-02    0.9317398071289062E-03
   85   -0.1386718750000000E-02    0.1052055358886719E-02
   86   -0.4804687500000000E-02    0.8588409423828124E-03
   87    0.3945312500000000E-02    0.1126022338867188E-02
   88   -0.3320312500000000E-03    0.1055870056152344E-02
   89   -0.1660156250000000E-02    0.1025428771972656E-02
   90   -0.4882812500000000E-02    0.1127624511718750E-02
   91   -0.2109375000000000E-02    0.8537292480468750E-03
   92    0.2246093750000000E-02    0.1157493591308594E-02
   93    0.8789062500000000E-03    0.9264755249023438E-03
   94   -0.9765625000000001E-04    0.1051979064941406E-02
   95    0.6269531250000000E-02    0.9928512573242187E-03
   96    0.6640625000000000E-02    0.1266784667968750E-02
   97    0.1679687500000000E-02    0.1155090332031250E-02
   98    0.1660156250000000E-02    0.9476089477539062E-03
   99    0.1386718750000000E-02    0.9429550170898437E-03
  100   -0.9570312500000000E-03    0.9059524536132813E-03
