# time =    0.4236
    0    0.1000000000000000E+01    0.1000000000000000E+01
    1    0.3940234375000000E+00    0.1559174346923828E+00
    2    0.1932812500000000E+00    0.3833786010742188E-01
    3    0.1116210937500000E+00    0.1356510162353516E-01
    4    0.7523437500000001E-01    0.6901626586914063E-02
    5    0.5238281250000000E-01    0.3824386596679687E-02
    6    0.4076171875000000E-01    0.2620201110839844E-02
    7    0.3363281250000000E-01    0.2172546386718750E-02
    8    0.2617187500000000E-01    0.2008285522460938E-02
    9    0.2052734375000000E-01    0.1612281799316406E-02
   10    0.1607421875000000E-01    0.1357841491699219E-02
   11    0.1154296875000000E-01    0.1270866394042969E-02
   12    0.9375000000000000E-02    0.1116333007812500E-02
   13    0.7910156250000000E-02    0.1065101623535156E-02
   14    0.8066406250000000E-02    0.9850692749023438E-03
   15    0.1142578125000000E-01    0.1290016174316406E-02
   16    0.9531250000000000E-02    0.1456069946289062E-02
   17    0.1255859375000000E-01    0.1057395935058594E-02
   18    0.8847656250000000E-02    0.1292152404785156E-02
   19    0.3457031250000000E-02    0.9450912475585938E-03
   20    0.2871093750000000E-02    0.1005897521972656E-02
   21    0.5625000000000000E-02    0.1016082763671875E-02
   22    0.6230468750000000E-02    0.1099739074707031E-02
   23    0.5332031250000000E-02    0.8510208129882813E-03
   24    0.1236328125000000E-01    0.9972763061523438E-03
   25   -0.6054687500000000E-03    0.9826278686523437E-03
   26    0.2968750000000000E-02    0.9629821777343750E-03
   27    0.3925781250000000E-02    0.1192970275878906E-02
   28    0.1210937500000000E-02    0.9284210205078125E-03
   29    0.3066406250000000E-02    0.8669662475585938E-03
   30   -0.1699218750000000E-02    0.9953689575195313E-03
   31    0.4296875000000000E-03    0.7862854003906250E-03
   32    0.2441406250000000E-02    0.9418869018554687E-03
   33    0.3300781250000000E-02    0.9549331665039063E-03
   34    0.3964843750000000E-02    0.1359672546386719E-02
   35    0.1953125000000000E-02    0.1189117431640625E-02
   36   -0.1738281250000000E-02    0.1139945983886719E-02
   37    0.5468750000000001E-03    0.9947204589843750E-03
   38   -0.3320312500000000E-03    0.9960556030273438E-03
   39   -0.1464843750000000E-02    0.1110191345214844E-02
   40   -0.2597656250000000E-02    0.1199531555175781E-02
   41   -0.4160156250000000E-02    0.8950424194335937E-03
   42   -0.3125000000000000E-03    0.6256866455078125E-03
   43   -0.1992187500000000E-02    0.8552551269531250E-03
   44    0.0000000000000000E+00    0.8003234863281250E-03
   45    0.1992187500000000E-02    0.1057434082031250E-02
   46    0.3164062500000000E-02    0.8551025390625000E-03
   47    0.1992187500000000E-02    0.9102630615234375E-03
   48   -0.2304687500000000E-02    0.1142120361328125E-02
   49   -0.1191406250000000E-02    0.1106834411621094E-02
   50   -0.3808593750000000E-02    0.1212654113769531E-02
   51   -0.1738281250000000E-02    0.1048393249511719E-02
   52    0.3261718750000000E-02    0.8730697631835938E-03
   53    0.2656250000000000E-02    0.8329010009765625E-03
   54   -0.4296875000000000E-03    0.8909606933593750E-03
   55   -0.3828125000000000E-02    0.1122283935546875E-02
   56   -0.2285156250000000E-02    0.8703994750976562E-03
   57   -0.3496093750000000E-02    0.1089439392089844E-02
   58    0.3710937500000000E-03    0.1008033752441406E-02
   59    0.5078125000000000E-03    0.8524322509765625E-03
   60   -0.1914062500000000E-02    0.7415008544921875E-03
   61   -0.8593750000000000E-03    0.1055603027343750E-02
   62   -0.3535156250000000E-02    0.1044807434082031E-02
   63   -0.5175781250000000E-02    0.9747695922851563E-03
   64   -0.1835937500000000E-02    0.1082305908203125E-02
   65    0.1191406250000000E-02    0.1066474914550781E-02
   66   -0.1523437500000000E-02    0.8309173583984375E-03
   67   -0.5859375000000000E-04    0.8822250366210938E-03
   68   -0.2148437500000000E-03    0.9157180786132813E-03
   69    0.1562500000000000E-03    0.8074188232421875E-03
   70    0.5097656250000000E-02    0.8353805541992188E-03
   71    0.1230468750000000E-02    0.1059074401855469E-02
   72    0.2636718750000000E-02    0.1160621643066406E-02
   73    0.1406250000000000E-02    0.1090774536132812E-02
   74   -0.1269531250000000E-02    0.1027259826660156E-02
   75   -0.1542968750000000E-02    0.1164054870605469E-02
   76   -0.4394531250000000E-02    0.8218765258789062E-03
   77   -0.2089843750000000E-02    0.8927536010742188E-03
   78   -0.3867187500000000E-02    0.6660461425781250E-03
   79   -0.1582031250000000E-02    0.1021003723144531E-02
   80   -0.1093750000000000E-02    0.9427642822265624E-03
   81   -0.6425781250000000E-02    0.8916091918945312E-03
   82   -0.1816406250000000E-02    0.9577560424804687E-03
   83   -0.6054687500000000E-03    0.1092338562011719E-02
   84   -0.2343750000000000E-03    0.1132125854492187E-02
   85    0.1582031250000000E-02    0.1229362487792969E-02
   86   -0.7617187500000000E-03    0.8226394653320313E-03
   87   -0.3691406250000000E-02    0.7686233520507813E-03
   88   -0.1914062500000000E-02    0.9860992431640625E-03
   89   -0.2167968750000000E-02    0.9260940551757813E-03
   90   -0.3085937500000000E-02    0.1070022583007812E-02
   91   -0.1308593750000000E-02    0.1442222595214844E-02
   92   -0.3671875000000000E-02    0.1091461181640625E-02
   93   -0.4335937500000000E-02    0.9791564941406250E-03
   94   -0.6250000000000000E-03    0.8838653564453125E-03
   95    0.1289062500000000E-02    0.7658386230468750E-03
   96   -0.2832031250000000E-02    0.7962417602539062E-03
   97   -0.1054687500000000E-02    0.9844970703124999E-03
   98   -0.1347656250000000E-02    0.8620834350585938E-03
   99   -0.1386718750000000E-02    0.1073265075683594E-02
  100   -0.2656250000000000E-02    0.9223175048828125E-03
