# time =    0.4491
    0    0.1000000000000000E+01    0.1000000000000000E+01
    1    0.3043359375000000E+00    0.9323059082031250E-01
    2    0.1099414062500000E+00    0.1288806915283203E-01
    3    0.4896484375000000E-01    0.3453483581542969E-02
    4    0.2634765625000000E-01    0.1487083435058594E-02
    5    0.9238281250000001E-02    0.8465194702148437E-03
    6    0.5117187500000000E-02    0.1034927368164063E-02
    7   -0.2148437500000000E-03    0.1024589538574219E-02
    8    0.1054687500000000E-02    0.7999420166015625E-03
    9   -0.5722656250000000E-02    0.9453964233398438E-03
   10   -0.1953125000000000E-04    0.1148948669433594E-02
   11    0.2636718750000000E-02    0.9908676147460938E-03
   12    0.3613281250000000E-02    0.1037330627441406E-02
   13    0.1542968750000000E-02    0.7854843139648437E-03
   14    0.3339843750000000E-02    0.9958267211914063E-03
   15    0.3710937500000000E-02    0.7922363281250000E-03
   16    0.3906250000000000E-02    0.9987640380859375E-03
   17    0.6660156250000000E-02    0.9650039672851562E-03
   18   -0.2714843750000000E-02    0.7268142700195313E-03
   19    0.6250000000000000E-03    0.8979034423828125E-03
   20    0.6367187500000000E-02    0.1006469726562500E-02
   21    0.2988281250000000E-02    0.7675552368164063E-03
   22    0.1171875000000000E-02    0.9954071044921875E-03
   23    0.3144531250000000E-02    0.7705307006835938E-03
   24    0.8046875000000000E-02    0.1164627075195313E-02
   25   -0.1347656250000000E-02    0.8465957641601563E-03
   26    0.2148437500000000E-03    0.9798049926757813E-03
   27   -0.2285156250000000E-02    0.1041603088378906E-02
   28    0.3085937500000000E-02    0.1027908325195312E-02
   29    0.1035156250000000E-02    0.1106376647949219E-02
   30   -0.1718750000000000E-02    0.9375000000000000E-03
   31   -0.1132812500000000E-02    0.7546997070312500E-03
   32   -0.2109375000000000E-02    0.9790802001953126E-03
   33    0.2753906250000000E-02    0.8394241333007813E-03
   34    0.1757812500000000E-02    0.9729766845703125E-03
   35    0.2109375000000000E-02    0.9458923339843750E-03
   36   -0.1562500000000000E-03    0.8734893798828125E-03
   37   -0.3144531250000000E-02    0.9277725219726563E-03
   38   -0.2890625000000000E-02    0.1093292236328125E-02
   39    0.1953125000000000E-03    0.1241455078125000E-02
   40   -0.2031250000000000E-02    0.1393508911132813E-02
   41   -0.3867187500000000E-02    0.1176452636718750E-02
   42   -0.1328125000000000E-02    0.1047210693359375E-02
   43   -0.2675781250000000E-02    0.9842300415039062E-03
   44    0.1308593750000000E-02    0.1021537780761719E-02
   45   -0.4179687500000000E-02    0.8956146240234375E-03
   46    0.1601562500000000E-02    0.8923339843750000E-03
   47   -0.1582031250000000E-02    0.1082420349121094E-02
   48    0.2871093750000000E-02    0.1034507751464844E-02
   49    0.2343750000000000E-02    0.1014556884765625E-02
   50   -0.1914062500000000E-02    0.1187973022460938E-02
   51    0.3613281250000000E-02    0.1227455139160156E-02
   52    0.3007812500000000E-02    0.9104156494140625E-03
   53   -0.2109375000000000E-02    0.1155166625976562E-02
   54   -0.2421875000000000E-02    0.9912872314453126E-03
   55   -0.3906250000000000E-04    0.9661102294921875E-03
   56    0.6308593750000000E-02    0.8965682983398438E-03
   57    0.3222656250000000E-02    0.8961868286132813E-03
   58    0.2011718750000000E-02    0.9032821655273437E-03
   59   -0.3476562500000000E-02    0.1150741577148438E-02
   60   -0.1777343750000000E-02    0.7594680786132813E-03
   61    0.2988281250000000E-02    0.9694290161132812E-03
   62   -0.9375000000000000E-03    0.9603118896484375E-03
   63    0.3554687500000000E-02    0.8692932128906250E-03
   64    0.2226562500000000E-02    0.7914733886718750E-03
   65    0.7031250000000000E-03    0.8701324462890625E-03
   66   -0.2363281250000000E-02    0.1392631530761719E-02
   67   -0.4335937500000000E-02    0.8827209472656250E-03
   68    0.4589843750000000E-02    0.9955215454101564E-03
   69    0.4531250000000000E-02    0.7636260986328125E-03
   70    0.4375000000000000E-02    0.8475494384765625E-03
   71   -0.8398437500000000E-03    0.1025428771972656E-02
   72   -0.3378906250000000E-02    0.1164970397949219E-02
   73    0.5468750000000001E-03    0.9716796875000000E-03
   74    0.8984375000000000E-03    0.6803894042968751E-03
   75    0.4101562500000000E-03    0.1039619445800781E-02
   76   -0.5117187500000000E-02    0.8424377441406250E-03
   77    0.1933593750000000E-02    0.1018562316894531E-02
   78    0.4726562500000000E-02    0.9864044189453124E-03
   79    0.2128906250000000E-02    0.9291458129882812E-03
   80   -0.2226562500000000E-02    0.9944915771484375E-03
   81    0.2011718750000000E-02    0.7040023803710938E-03
   82   -0.3046875000000000E-02    0.7198333740234375E-03
   83    0.2128906250000000E-02    0.9341049194335938E-03
   84    0.2753906250000000E-02    0.8176803588867187E-03
   85    0.2285156250000000E-02    0.8414077758789062E-03
   86   -0.3906250000000000E-03    0.9104156494140625E-03
   87    0.3828125000000000E-02    0.8628082275390625E-03
   88    0.1718750000000000E-02    0.1001205444335937E-02
   89    0.6464843750000000E-02    0.1263999938964844E-02
   90    0.8007812500000000E-03    0.8405685424804687E-03
   91   -0.6250000000000000E-03    0.8910369873046875E-03
   92    0.2050781250000000E-02    0.1206703186035156E-02
   93   -0.3730468750000000E-02    0.9290695190429688E-03
   94   -0.3671875000000000E-02    0.1005249023437500E-02
   95    0.6250000000000000E-03    0.9944915771484375E-03
   96    0.1718750000000000E-02    0.8633422851562500E-03
   97   -0.3222656250000000E-02    0.1010169982910156E-02
   98    0.1171875000000000E-02    0.7968902587890625E-03
   99    0.1953125000000000E-03    0.8931732177734374E-03
  100   -0.2207031250000000E-02    0.8623886108398437E-03
