# time =    0.4747
    0    0.1000000000000000E+01    0.1000000000000000E+01
    1    0.2286523437500000E+00    0.5299442291259766E-01
    2    0.5722656250000000E-01    0.3978118896484375E-02
    3    0.1333984375000000E-01    0.9321212768554687E-03
    4    0.4160156250000000E-02    0.9083938598632812E-03
    5   -0.4472656250000000E-02    0.1063957214355469E-02
    6   -0.4453125000000000E-02    0.7475280761718750E-03
    7    0.1113281250000000E-02    0.9665298461914063E-03
    8   -0.6894531250000000E-02    0.9744644165039062E-03
    9   -0.5097656250000000E-02    0.1256065368652344E-02
   10   -0.2851562500000000E-02    0.9741210937500001E-03
   11   -0.1250000000000000E-02    0.7188415527343750E-03
   12    0.1484375000000000E-02    0.1016082763671875E-02
   13   -0.9960937500000000E-03    0.1015052795410156E-02
   14   -0.1035156250000000E-02    0.1194343566894531E-02
   15   -0.9765625000000001E-04    0.9012222290039062E-03
   16    0.1660156250000000E-02    0.1141395568847656E-02
   17    0.3906250000000000E-03    0.9307098388671875E-03
   18    0.1953125000000000E-02    0.1027221679687500E-02
   19    0.4023437500000000E-02    0.8615112304687500E-03
   20   -0.1367187500000000E-02    0.1007461547851563E-02
   21   -0.2597656250000000E-02    0.7966232299804688E-03
   22    0.3417968750000000E-02    0.1266670227050781E-02
   23    0.4531250000000000E-02    0.1025924682617187E-02
   24   -0.6445312500000000E-03    0.1131858825683594E-02
   25    0.1562500000000000E-03    0.1055603027343750E-02
   26   -0.1738281250000000E-02    0.8187484741210937E-03
   27   -0.2187500000000000E-02    0.9864044189453124E-03
   28   -0.1503906250000000E-02    0.1059074401855469E-02
   29   -0.4218750000000000E-02    0.9017944335937500E-03
   30   -0.4160156250000000E-02    0.9866714477539062E-03
   31   -0.2617187500000000E-02    0.1111297607421875E-02
   32    0.7226562500000000E-03    0.8959579467773438E-03
   33   -0.1953125000000000E-03    0.1038436889648438E-02
   34   -0.8984375000000000E-03    0.9915161132812501E-03
   35   -0.7812500000000000E-03    0.8585357666015625E-03
   36    0.5449218750000000E-02    0.1001853942871094E-02
   37   -0.3125000000000000E-02    0.8390808105468750E-03
   38   -0.6054687500000000E-03    0.1154441833496094E-02
   39    0.1250000000000000E-02    0.9484863281249999E-03
   40    0.9765625000000000E-03    0.1141738891601563E-02
   41   -0.2988281250000000E-02    0.1216850280761719E-02
   42   -0.4042968750000000E-02    0.1039466857910156E-02
   43   -0.3203125000000000E-02    0.1340103149414063E-02
   44    0.4882812500000000E-03    0.1087684631347656E-02
   45   -0.1152343750000000E-02    0.1049461364746094E-02
   46    0.7812500000000000E-04    0.8577728271484376E-03
   47    0.6445312500000000E-03    0.9659194946289063E-03
   48    0.1699218750000000E-02    0.9221267700195312E-03
   49    0.9570312500000001E-02    0.1067047119140625E-02
   50    0.7402343750000000E-02    0.1012077331542969E-02
   51    0.9765625000000001E-04    0.1055870056152344E-02
   52   -0.5273437500000000E-03    0.8727645874023437E-03
   53   -0.3339843750000000E-02    0.1090583801269531E-02
   54   -0.5527343750000000E-02    0.1002769470214844E-02
   55   -0.8046875000000000E-02    0.1091995239257812E-02
   56   -0.3613281250000000E-02    0.9077835083007812E-03
   57   -0.4101562500000000E-03    0.7350540161132812E-03
   58   -0.7304687500000000E-02    0.9166717529296875E-03
   59   -0.1015625000000000E-02    0.9008026123046874E-03
   60   -0.6328125000000000E-02    0.1161575317382812E-02
   61   -0.1328125000000000E-02    0.1110534667968750E-02
   62    0.4824218750000000E-02    0.1210899353027344E-02
   63    0.5507812500000000E-02    0.1027755737304688E-02
   64   -0.2480468750000000E-02    0.9417343139648438E-03
   65   -0.3222656250000000E-02    0.8134078979492187E-03
   66    0.1757812500000000E-03    0.9605789184570313E-03
   67   -0.1601562500000000E-02    0.7356262207031250E-03
   68    0.4882812500000000E-03    0.9986495971679688E-03
   69    0.5859375000000000E-04    0.1124382019042969E-02
   70    0.3105468750000000E-02    0.7056808471679688E-03
   71    0.3632812500000000E-02    0.7592010498046875E-03
   72    0.5351562500000000E-02    0.1264648437500000E-02
   73    0.1113281250000000E-02    0.1020545959472656E-02
   74    0.1093750000000000E-02    0.1032028198242188E-02
   75   -0.3437500000000000E-02    0.1021194458007812E-02
   76    0.4492187500000000E-03    0.8678817749023437E-03
   77   -0.3671875000000000E-02    0.1075744628906250E-02
   78   -0.5097656250000000E-02    0.1021461486816406E-02
   79   -0.3378906250000000E-02    0.9707260131835937E-03
   80    0.5058593750000000E-02    0.1313667297363281E-02
   81    0.3085937500000000E-02    0.1152114868164062E-02
   82    0.3222656250000000E-02    0.1114997863769531E-02
   83   -0.1562500000000000E-03    0.8155059814453125E-03
   84    0.2812500000000000E-02    0.9516143798828125E-03
   85   -0.3515625000000000E-03    0.8994293212890625E-03
   86    0.1054687500000000E-02    0.1010437011718750E-02
   87   -0.3886718750000000E-02    0.1048316955566406E-02
   88   -0.4335937500000000E-02    0.1030349731445313E-02
   89   -0.4062500000000000E-02    0.7183074951171875E-03
   90   -0.5664062500000000E-03    0.7946395874023438E-03
   91    0.1367187500000000E-02    0.8825683593750001E-03
   92    0.1347656250000000E-02    0.1101875305175781E-02
   93    0.3085937500000000E-02    0.9611511230468750E-03
   94    0.1640625000000000E-02    0.1199340820312500E-02
   95   -0.2148437500000000E-03    0.1082344055175781E-02
   96   -0.2539062500000000E-03    0.9955978393554688E-03
   97    0.4238281250000000E-02    0.8335494995117187E-03
   98   -0.3593750000000000E-02    0.6671905517578125E-03
   99    0.5859375000000000E-04    0.7934951782226562E-03
  100   -0.6640625000000000E-03    0.7319641113281250E-03
