# time =    0.4658
    0    0.1000000000000000E+01    0.1000000000000000E+01
    1    0.2048046875000000E+00    0.4293495178222656E-01
    2    0.4683593750000000E-01    0.3411026000976562E-02
    3    0.7988281250000000E-02    0.9451675415039063E-03
    4    0.3339843750000000E-02    0.1298103332519531E-02
    5    0.1660156250000000E-02    0.1126976013183594E-02
    6   -0.2148437500000000E-02    0.7066345214843750E-03
    7   -0.1289062500000000E-02    0.1118850708007813E-02
    8   -0.1562500000000000E-02    0.1082382202148438E-02
    9    0.2597656250000000E-02    0.1325798034667969E-02
   10   -0.6660156250000000E-02    0.8118820190429688E-03
   11    0.2285156250000000E-02    0.1021003723144531E-02
   12   -0.1660156250000000E-02    0.1134529113769531E-02
   13    0.3359375000000000E-02    0.1158065795898437E-02
   14    0.6250000000000000E-03    0.9580993652343750E-03
   15   -0.1562500000000000E-02    0.1044235229492188E-02
   16    0.1503906250000000E-02    0.9798812866210938E-03
   17    0.7226562500000000E-03    0.8829116821289062E-03
   18   -0.2343750000000000E-03    0.1288452148437500E-02
   19    0.1347656250000000E-02    0.9857559204101563E-03
   20    0.1367187500000000E-03    0.9424209594726563E-03
   21    0.4980468750000000E-02    0.7839584350585937E-03
   22    0.4902343750000000E-02    0.1156501770019531E-02
   23    0.4882812500000000E-02    0.9941864013671875E-03
   24    0.4082031250000000E-02    0.9625625610351563E-03
   25   -0.9960937500000000E-03    0.8926010131835938E-03
   26    0.3906250000000000E-02    0.9499359130859375E-03
   27    0.9765625000000000E-03    0.9252929687500000E-03
   28    0.1367187500000000E-03    0.8427810668945313E-03
   29   -0.8203125000000000E-03    0.1168212890625000E-02
   30    0.3984375000000000E-02    0.1096343994140625E-02
   31    0.3242187500000000E-02    0.1007766723632813E-02
   32   -0.2050781250000000E-02    0.1023674011230469E-02
   33    0.3652343750000000E-02    0.9141921997070313E-03
   34    0.5859375000000000E-04    0.1157569885253906E-02
   35    0.2753906250000000E-02    0.1076622009277344E-02
   36   -0.3613281250000000E-02    0.1060829162597656E-02
   37    0.1347656250000000E-02    0.1144676208496094E-02
   38   -0.2656250000000000E-02    0.8097839355468750E-03
   39   -0.3886718750000000E-02    0.8137893676757813E-03
   40    0.4882812500000000E-02    0.1041641235351563E-02
   41    0.2617187500000000E-02    0.1109390258789062E-02
   42    0.2714843750000000E-02    0.9794235229492188E-03
   43   -0.1015625000000000E-02    0.9859466552734374E-03
   44   -0.1738281250000000E-02    0.9838485717773438E-03
   45    0.7226562500000000E-03    0.8432388305664063E-03
   46   -0.2363281250000000E-02    0.9522628784179687E-03
   47    0.1972656250000000E-02    0.1202430725097656E-02
   48    0.2148437500000000E-02    0.9932708740234375E-03
   49    0.5078125000000000E-03    0.8788299560546875E-03
   50    0.2460937500000000E-02    0.6580352783203125E-03
   51    0.1972656250000000E-02    0.8227920532226562E-03
   52   -0.3457031250000000E-02    0.8446121215820312E-03
   53   -0.2363281250000000E-02    0.9854507446289062E-03
   54    0.5351562500000000E-02    0.1032638549804687E-02
   55    0.1191406250000000E-02    0.8899307250976562E-03
   56    0.3613281250000000E-02    0.8312606811523437E-03
   57    0.1660156250000000E-02    0.9192276000976562E-03
   58   -0.5664062500000000E-03    0.8876419067382812E-03
   59   -0.3769531250000000E-02    0.1067314147949219E-02
   60   -0.5859375000000000E-04    0.1187858581542969E-02
   61   -0.2949218750000000E-02    0.1158638000488281E-02
   62   -0.3320312500000000E-03    0.1087074279785156E-02
   63   -0.3515625000000000E-03    0.9976959228515626E-03
   64   -0.1445312500000000E-02    0.9848785400390625E-03
   65    0.2265625000000000E-02    0.9748077392578125E-03
   66   -0.5468750000000001E-03    0.1063919067382812E-02
   67    0.1542968750000000E-02    0.1281089782714844E-02
   68   -0.2734375000000000E-02    0.7385253906250000E-03
   69   -0.2148437500000000E-03    0.1118736267089844E-02
   70    0.2343750000000000E-03    0.1107177734375000E-02
   71    0.7382812500000000E-02    0.9774017333984376E-03
   72    0.9218750000000000E-02    0.1233367919921875E-02
   73    0.1250000000000000E-02    0.1092376708984375E-02
   74    0.5292968750000000E-02    0.1079826354980469E-02
   75   -0.1132812500000000E-02    0.8769989013671875E-03
   76   -0.3281250000000000E-02    0.9696960449218750E-03
   77    0.7617187500000000E-03    0.7400131225585938E-03
   78    0.5078125000000000E-03    0.1103210449218750E-02
   79    0.1445312500000000E-02    0.8121490478515625E-03
   80    0.1953125000000000E-04    0.1011238098144531E-02
   81   -0.3593750000000000E-02    0.9016418457031251E-03
   82   -0.4511718750000000E-02    0.7695388793945312E-03
   83   -0.3398437500000000E-02    0.8115386962890625E-03
   84    0.4882812500000000E-03    0.1071357727050781E-02
   85    0.2441406250000000E-02    0.7916641235351563E-03
   86    0.9179687499999999E-03    0.8393478393554688E-03
   87   -0.1894531250000000E-02    0.1057624816894531E-02
   88    0.2636718750000000E-02    0.8926773071289062E-03
   89    0.4375000000000000E-02    0.1076660156250000E-02
   90    0.2597656250000000E-02    0.1053733825683594E-02
   91   -0.2832031250000000E-02    0.8842849731445313E-03
   92   -0.3398437500000000E-02    0.1230850219726563E-02
   93   -0.1816406250000000E-02    0.1002388000488281E-02
   94   -0.3789062500000000E-02    0.1098556518554688E-02
   95   -0.1777343750000000E-02    0.7564926147460938E-03
   96    0.3261718750000000E-02    0.1087608337402344E-02
   97    0.2421875000000000E-02    0.1145706176757812E-02
   98    0.8574218749999999E-02    0.9231948852539062E-03
   99    0.2871093750000000E-02    0.1030998229980469E-02
  100   -0.1503906250000000E-02    0.9853744506835938E-03
