# time =    0.4678
    0    0.1000000000000000E+01    0.1000000000000000E+01
    1    0.2055273437500000E+00    0.4310230255126953E-01
    2    0.4427734375000000E-01    0.2816276550292969E-02
    3    0.1070312500000000E-01    0.1010055541992187E-02
    4    0.9179687499999999E-03    0.7853317260742188E-03
    5    0.2929687500000000E-02    0.1076507568359375E-02
    6    0.5058593750000000E-02    0.7623672485351562E-03
    7    0.2773437500000000E-02    0.7425689697265625E-03
    8   -0.2187500000000000E-02    0.1239318847656250E-02
    9   -0.9179687499999999E-03    0.1007728576660156E-02
   10    0.2910156250000000E-02    0.7516098022460938E-03
   11    0.3535156250000000E-02    0.1050834655761719E-02
   12    0.1601562500000000E-02    0.1042556762695313E-02
   13    0.1347656250000000E-02    0.9083175659179688E-03
   14    0.6015625000000000E-02    0.9293365478515625E-03
   15    0.4375000000000000E-02    0.9662628173828125E-03
   16   -0.3906250000000000E-04    0.8472442626953125E-03
   17    0.5371093750000000E-02    0.7421493530273438E-03
   18    0.2656250000000000E-02    0.1048507690429688E-02
   19    0.1113281250000000E-02    0.1052665710449219E-02
   20    0.1484375000000000E-02    0.8626556396484374E-03
   21   -0.4003906250000000E-02    0.9988021850585937E-03
   22    0.7226562500000000E-03    0.7793807983398438E-03
   23   -0.3125000000000000E-03    0.1019210815429688E-02
   24   -0.4121093750000000E-02    0.1289024353027344E-02
   25    0.2968750000000000E-02    0.1082153320312500E-02
   26   -0.6933593750000000E-02    0.1032752990722656E-02
   27   -0.1660156250000000E-02    0.1319465637207031E-02
   28    0.2714843750000000E-02    0.8124160766601562E-03
   29    0.3710937500000000E-03    0.1253395080566406E-02
   30    0.1464843750000000E-02    0.1068611145019531E-02
   31   -0.1718750000000000E-02    0.8768463134765626E-03
   32    0.6425781250000000E-02    0.9077072143554687E-03
   33    0.1699218750000000E-02    0.1075325012207031E-02
   34    0.2050781250000000E-02    0.7523727416992187E-03
   35    0.4121093750000000E-02    0.1277809143066406E-02
   36   -0.4687500000000000E-03    0.8986663818359375E-03
   37   -0.2382812500000000E-02    0.8882904052734376E-03
   38   -0.1113281250000000E-02    0.9203720092773438E-03
   39    0.2714843750000000E-02    0.7382583618164063E-03
   40   -0.2695312500000000E-02    0.8831024169921875E-03
   41   -0.6464843750000000E-02    0.8147811889648438E-03
   42    0.7226562500000000E-03    0.8681106567382812E-03
   43   -0.1269531250000000E-02    0.9353256225585937E-03
   44    0.3769531250000000E-02    0.1152687072753906E-02
   45    0.2656250000000000E-02    0.1233978271484375E-02
   46    0.5253906250000000E-02    0.1047172546386719E-02
   47    0.2187500000000000E-02    0.1204910278320313E-02
   48   -0.1250000000000000E-02    0.6719970703125000E-03
   49    0.8789062500000000E-03    0.8849716186523438E-03
   50    0.6640625000000000E-03    0.1004867553710938E-02
   51    0.9179687499999999E-03    0.9000778198242187E-03
   52    0.7617187500000000E-03    0.9475326538085937E-03
   53   -0.8203125000000000E-02    0.9883117675781249E-03
   54    0.2734375000000000E-02    0.8687591552734375E-03
   55    0.5332031250000000E-02    0.8991622924804688E-03
   56    0.2363281250000000E-02    0.8596420288085937E-03
   57    0.3183593750000000E-02    0.1097984313964844E-02
   58   -0.2187500000000000E-02    0.1013107299804687E-02
   59   -0.1250000000000000E-02    0.8682250976562500E-03
   60   -0.1445312500000000E-02    0.1112289428710937E-02
   61   -0.1562500000000000E-02    0.7491302490234375E-03
   62    0.2011718750000000E-02    0.8928298950195313E-03
   63    0.4980468750000000E-02    0.1126747131347656E-02
   64   -0.1074218750000000E-02    0.8027267456054688E-03
   65   -0.6367187500000000E-02    0.8911895751953125E-03
   66   -0.4687500000000000E-02    0.1144027709960937E-02
   67    0.3320312500000000E-03    0.9475326538085937E-03
   68    0.1796875000000000E-02    0.1005935668945312E-02
   69   -0.1660156250000000E-02    0.1018638610839844E-02
   70    0.1308593750000000E-02    0.7575607299804688E-03
   71    0.2402343750000000E-02    0.9621810913085937E-03
   72    0.1503906250000000E-02    0.8222579956054688E-03
   73   -0.2929687500000000E-02    0.1187133789062500E-02
   74   -0.3515625000000000E-03    0.1130218505859375E-02
   75   -0.8007812500000000E-03    0.8819961547851563E-03
   76   -0.1425781250000000E-02    0.9811019897460937E-03
   77    0.4980468750000000E-02    0.1154060363769531E-02
   78   -0.4140625000000000E-02    0.9953308105468751E-03
   79    0.6777343750000000E-02    0.9090042114257812E-03
   80    0.9765625000000000E-03    0.7690429687500000E-03
   81   -0.2109375000000000E-02    0.9432220458984375E-03
   82   -0.4746093750000000E-02    0.1011619567871094E-02
   83   -0.8808593750000000E-02    0.9604263305664063E-03
   84   -0.2734375000000000E-03    0.1066513061523437E-02
   85   -0.1445312500000000E-02    0.8694458007812500E-03
   86    0.4121093750000000E-02    0.9016799926757813E-03
   87   -0.1503906250000000E-02    0.1025733947753906E-02
   88   -0.1503906250000000E-02    0.9727096557617188E-03
   89    0.6015625000000000E-02    0.1203765869140625E-02
   90    0.4296875000000000E-03    0.8349609375000000E-03
   91    0.7812500000000000E-03    0.1154861450195313E-02
   92   -0.1269531250000000E-02    0.1094169616699219E-02
   93   -0.3613281250000000E-02    0.9693527221679688E-03
   94    0.1171875000000000E-03    0.1009750366210937E-02
   95    0.3320312500000000E-02    0.9094238281250000E-03
   96    0.1562500000000000E-02    0.8119201660156250E-03
   97    0.6210937500000000E-02    0.1142272949218750E-02
   98    0.5625000000000000E-02    0.1000595092773438E-02
   99    0.4101562500000000E-03    0.8787918090820313E-03
  100    0.3066406250000000E-02    0.1120948791503906E-02
