# time =    0.4656
    0    0.1000000000000000E+01    0.1000000000000000E+01
    1    0.2006445312500000E+00    0.4111949920654297E-01
    2    0.4867187500000000E-01    0.3187713623046875E-02
    3    0.1207031250000000E-01    0.1172103881835937E-02
    4   -0.4511718750000000E-02    0.1143226623535156E-02
    5   -0.2734375000000000E-02    0.1011276245117188E-02
    6   -0.1445312500000000E-02    0.1098556518554688E-02
    7   -0.2226562500000000E-02    0.1033706665039063E-02
    8    0.1250000000000000E-02    0.7804870605468750E-03
    9    0.3925781250000000E-02    0.8671188354492188E-03
   10    0.2421875000000000E-02    0.5868530273437500E-03
   11   -0.6640625000000000E-03    0.1072082519531250E-02
   12   -0.2031250000000000E-02    0.7870483398437500E-03
   13    0.4687500000000000E-03    0.9127044677734375E-03
   14    0.5273437500000000E-03    0.9396743774414063E-03
   15    0.3535156250000000E-02    0.9870529174804688E-03
   16    0.5410156250000000E-02    0.6605911254882812E-03
   17    0.3105468750000000E-02    0.9421157836914062E-03
   18    0.1503906250000000E-02    0.1050148010253906E-02
   19    0.3476562500000000E-02    0.7211303710937500E-03
   20    0.2226562500000000E-02    0.9928131103515625E-03
   21   -0.4980468750000000E-02    0.1154289245605469E-02
   22    0.1835937500000000E-02    0.9519958496093750E-03
   23   -0.1308593750000000E-02    0.9827804565429687E-03
   24    0.1562500000000000E-03    0.1018524169921875E-02
   25    0.3164062500000000E-02    0.1228790283203125E-02
   26   -0.2851562500000000E-02    0.1023559570312500E-02
   27   -0.6054687500000000E-03    0.1037254333496094E-02
   28    0.1523437500000000E-02    0.1095733642578125E-02
   29   -0.1171875000000000E-02    0.9928131103515625E-03
   30    0.7324218750000000E-02    0.1033058166503906E-02
   31   -0.3710937500000000E-03    0.9928512573242187E-03
   32    0.9570312500000000E-03    0.1177711486816406E-02
   33   -0.6640625000000000E-02    0.1169662475585938E-02
   34   -0.1386718750000000E-02    0.8278274536132812E-03
   35   -0.3359375000000000E-02    0.7596588134765624E-03
   36    0.4882812500000000E-03    0.1022758483886719E-02
   37   -0.2207031250000000E-02    0.9953689575195313E-03
   38   -0.3144531250000000E-02    0.1134223937988281E-02
   39   -0.2988281250000000E-02    0.1055870056152344E-02
   40    0.6777343750000000E-02    0.1192741394042969E-02
   41    0.1953125000000000E-04    0.1055259704589844E-02
   42   -0.1289062500000000E-02    0.8933258056640625E-03
   43   -0.2675781250000000E-02    0.9227371215820312E-03
   44   -0.2070312500000000E-02    0.9475708007812500E-03
   45   -0.1640625000000000E-02    0.1033630371093750E-02
   46   -0.4882812500000000E-03    0.1029090881347656E-02
   47   -0.5527343750000000E-02    0.9960556030273438E-03
   48    0.6679687500000000E-02    0.1066360473632813E-02
   49    0.9570312500000000E-03    0.1017494201660156E-02
   50   -0.2304687500000000E-02    0.9790039062499999E-03
   51    0.1289062500000000E-02    0.8747100830078125E-03
   52    0.3476562500000000E-02    0.8068084716796875E-03
   53   -0.3437500000000000E-02    0.7058715820312500E-03
   54    0.6035156250000000E-02    0.1179924011230469E-02
   55    0.2128906250000000E-02    0.1042289733886719E-02
   56    0.2519531250000000E-02    0.1041984558105469E-02
   57   -0.2832031250000000E-02    0.9147262573242187E-03
   58    0.1953125000000000E-04    0.8646011352539063E-03
   59    0.5078125000000000E-03    0.1005783081054688E-02
   60    0.1562500000000000E-03    0.7762908935546875E-03
   61   -0.9765625000000001E-04    0.1125679016113281E-02
   62   -0.3496093750000000E-02    0.8256149291992188E-03
   63    0.2539062500000000E-02    0.8485412597656250E-03
   64   -0.1972656250000000E-02    0.9286880493164062E-03
   65    0.6250000000000000E-03    0.9742736816406250E-03
   66    0.7792968750000000E-02    0.1091117858886719E-02
   67    0.2929687500000000E-02    0.8231353759765625E-03
   68    0.1093750000000000E-02    0.1181564331054688E-02
   69   -0.8203125000000000E-03    0.8094787597656250E-03
   70   -0.1054687500000000E-02    0.1106338500976562E-02
   71   -0.7812500000000000E-04    0.8851623535156250E-03
   72    0.2324218750000000E-02    0.9306716918945312E-03
   73   -0.4335937500000000E-02    0.9987640380859375E-03
   74    0.7812500000000000E-04    0.9687805175781250E-03
   75   -0.1015625000000000E-02    0.1366348266601563E-02
   76    0.1093750000000000E-02    0.8905792236328125E-03
   77    0.3515625000000000E-03    0.9533691406250000E-03
   78   -0.2285156250000000E-02    0.9309005737304688E-03
   79   -0.2597656250000000E-02    0.8304977416992188E-03
   80   -0.1601562500000000E-02    0.9853363037109375E-03
   81   -0.8203125000000000E-03    0.7207489013671875E-03
   82    0.1562500000000000E-03    0.9713745117187499E-03
   83    0.1562500000000000E-03    0.7908630371093750E-03
   84    0.1464843750000000E-02    0.1081199645996094E-02
   85   -0.1074218750000000E-02    0.1009559631347656E-02
   86    0.2753906250000000E-02    0.1187324523925781E-02
   87    0.1757812500000000E-03    0.8112716674804687E-03
   88   -0.6054687500000000E-02    0.7109069824218751E-03
   89    0.1250000000000000E-02    0.8436584472656250E-03
   90    0.5195312500000000E-02    0.9441375732421875E-03
   91   -0.1054687500000000E-02    0.9307861328125000E-03
   92    0.2148437500000000E-03    0.9166336059570312E-03
   93    0.6250000000000000E-03    0.8254241943359375E-03
   94    0.6250000000000000E-03    0.1007766723632813E-02
   95    0.1445312500000000E-02    0.8472442626953125E-03
   96   -0.3906250000000000E-02    0.6968688964843750E-03
   97    0.1425781250000000E-02    0.7458114624023437E-03
   98   -0.2734375000000000E-03    0.9226989746093750E-03
   99   -0.4355468750000000E-02    0.9825515747070312E-03
  100   -0.3632812500000000E-02    0.1034240722656250E-02
