# time =    0.4628
    0    0.1000000000000000E+01    0.1000000000000000E+01
    1    0.1983398437500000E+00    0.4029376983642578E-01
    2    0.4064453125000000E-01    0.2546043395996094E-02
    3    0.4863281250000000E-02    0.1067008972167969E-02
    4    0.9902343750000001E-02    0.1016349792480469E-02
    5    0.4121093750000000E-02    0.1098060607910156E-02
    6   -0.6054687500000000E-03    0.1196479797363281E-02
    7   -0.1289062500000000E-02    0.8763122558593750E-03
    8    0.1777343750000000E-02    0.1133766174316406E-02
    9    0.5097656250000000E-02    0.1090354919433594E-02
   10   -0.7226562500000000E-03    0.1005134582519531E-02
   11   -0.3906250000000000E-04    0.1146621704101562E-02
   12   -0.1367187500000000E-03    0.8496475219726562E-03
   13    0.5078125000000000E-03    0.1071701049804687E-02
   14    0.5488281250000000E-02    0.9706497192382812E-03
   15    0.4492187500000000E-02    0.1073989868164063E-02
   16   -0.2988281250000000E-02    0.1218681335449219E-02
   17   -0.1718750000000000E-02    0.1015930175781250E-02
   18   -0.1953125000000000E-04    0.9263229370117188E-03
   19   -0.4335937500000000E-02    0.7701873779296875E-03
   20   -0.1347656250000000E-02    0.9721755981445312E-03
   21   -0.7050781250000000E-02    0.9491348266601563E-03
   22    0.3027343750000000E-02    0.9440231323242187E-03
   23   -0.3906250000000000E-03    0.1160354614257813E-02
   24    0.2402343750000000E-02    0.9504318237304688E-03
   25    0.3867187500000000E-02    0.1265258789062500E-02
   26   -0.3320312500000000E-03    0.1153450012207031E-02
   27   -0.6054687500000000E-02    0.1007614135742187E-02
   28   -0.2714843750000000E-02    0.8858108520507813E-03
   29   -0.1210937500000000E-02    0.1002883911132812E-02
   30    0.8007812500000000E-03    0.9749984741210938E-03
   31    0.4316406250000000E-02    0.1030082702636719E-02
   32    0.3906250000000000E-04    0.9483337402343750E-03
   33    0.3164062500000000E-02    0.8589935302734375E-03
   34    0.3613281250000000E-02    0.8265304565429687E-03
   35   -0.2167968750000000E-02    0.1093864440917969E-02
   36   -0.6210937500000000E-02    0.1120529174804688E-02
   37   -0.5625000000000000E-02    0.9449768066406250E-03
   38   -0.1718750000000000E-02    0.8586883544921875E-03
   39    0.1855468750000000E-02    0.8222579956054688E-03
   40    0.3515625000000000E-02    0.1036682128906250E-02
   41    0.3378906250000000E-02    0.7875442504882812E-03
   42   -0.7812500000000000E-03    0.6956481933593751E-03
   43   -0.5761718750000000E-02    0.8189773559570312E-03
   44   -0.7734375000000000E-02    0.1214904785156250E-02
   45   -0.2636718750000000E-02    0.1017646789550781E-02
   46   -0.4804687500000000E-02    0.9069824218750000E-03
   47    0.7812500000000000E-04    0.7277679443359375E-03
   48    0.1113281250000000E-02    0.1057243347167969E-02
   49   -0.1679687500000000E-02    0.9969329833984374E-03
   50    0.4433593750000000E-02    0.1359443664550781E-02
   51    0.8789062500000000E-03    0.1079597473144531E-02
   52    0.4335937500000000E-02    0.9129333496093750E-03
   53    0.1542968750000000E-02    0.8026504516601562E-03
   54   -0.1914062500000000E-02    0.9136199951171875E-03
   55   -0.1113281250000000E-02    0.1045417785644531E-02
   56    0.8984375000000000E-03    0.9774780273437500E-03
   57   -0.1757812500000000E-03    0.9447860717773437E-03
   58    0.6093750000000000E-02    0.1052169799804687E-02
   59   -0.1640625000000000E-02    0.9904479980468749E-03
   60    0.3535156250000000E-02    0.9509658813476562E-03
   61    0.2480468750000000E-02    0.1040840148925781E-02
   62   -0.7812500000000000E-03    0.9591674804687500E-03
   63   -0.3906250000000000E-04    0.8769989013671875E-03
   64    0.1093750000000000E-02    0.9561920166015625E-03
   65    0.5800781250000000E-02    0.1146965026855469E-02
   66   -0.3339843750000000E-02    0.9910964965820313E-03
   67    0.9179687499999999E-03    0.8161544799804687E-03
   68    0.4003906250000000E-02    0.1071815490722656E-02
   69    0.1074218750000000E-02    0.8290481567382813E-03
   70    0.7421875000000000E-03    0.1073913574218750E-02
   71   -0.3574218750000000E-02    0.9738540649414062E-03
   72   -0.1777343750000000E-02    0.1058311462402344E-02
   73    0.1562500000000000E-03    0.9518432617187500E-03
   74   -0.1601562500000000E-02    0.7690429687500000E-03
   75   -0.4687500000000000E-03    0.9716796875000000E-03
   76    0.3222656250000000E-02    0.9956741333007812E-03
   77   -0.4375000000000000E-02    0.1099548339843750E-02
   78    0.8398437500000000E-03    0.1054801940917969E-02
   79    0.1718750000000000E-02    0.9777069091796875E-03
   80   -0.2265625000000000E-02    0.9758758544921875E-03
   81   -0.1503906250000000E-02    0.1232719421386719E-02
   82   -0.2695312500000000E-02    0.9651184082031250E-03
   83   -0.2324218750000000E-02    0.7119369506835937E-03
   84    0.3320312500000000E-03    0.8279800415039063E-03
   85    0.1367187500000000E-02    0.9693145751953125E-03
   86    0.3964843750000000E-02    0.9171676635742188E-03
   87   -0.6250000000000000E-03    0.9005737304687500E-03
   88   -0.2246093750000000E-02    0.9444046020507812E-03
   89   -0.3964843750000000E-02    0.7844161987304687E-03
   90   -0.3710937500000000E-03    0.1111335754394531E-02
   91    0.9960937500000000E-03    0.9369277954101563E-03
   92    0.3652343750000000E-02    0.1177330017089844E-02
   93   -0.6250000000000000E-03    0.8768463134765626E-03
   94    0.7031250000000000E-03    0.9426116943359375E-03
   95   -0.1796875000000000E-02    0.1085739135742188E-02
   96   -0.1250000000000000E-02    0.9086608886718750E-03
   97    0.4355468750000000E-02    0.8921432495117188E-03
   98    0.6093750000000000E-02    0.9240722656250000E-03
   99    0.2226562500000000E-02    0.1240310668945312E-02
  100   -0.3945312500000000E-02    0.9875488281250000E-03
