# time =    0.4609
    0    0.1000000000000000E+01    0.1000000000000000E+01
    1    0.1873437500000000E+00    0.3596412658691406E-01
    2    0.3830078125000000E-01    0.2326774597167969E-02
    3    0.1152343750000000E-01    0.1151885986328125E-02
    4    0.3769531250000000E-02    0.9594345092773437E-03
    5    0.6445312500000000E-03    0.7757186889648437E-03
    6   -0.1679687500000000E-02    0.1056976318359375E-02
    7    0.1660156250000000E-02    0.1098136901855469E-02
    8    0.4453125000000000E-02    0.8222198486328125E-03
    9    0.1484375000000000E-02    0.9606933593750000E-03
   10    0.2675781250000000E-02    0.9371566772460937E-03
   11   -0.3652343750000000E-02    0.8749771118164063E-03
   12    0.1269531250000000E-02    0.9514236450195312E-03
   13    0.3867187500000000E-02    0.1018753051757813E-02
   14    0.4921875000000000E-02    0.1298904418945312E-02
   15    0.2324218750000000E-02    0.1076774597167969E-02
   16    0.9765625000000000E-03    0.1075820922851562E-02
   17    0.3574218750000000E-02    0.7870864868164063E-03
   18   -0.3906250000000000E-03    0.1036376953125000E-02
   19   -0.2890625000000000E-02    0.9564971923828125E-03
   20   -0.4101562500000000E-02    0.1160049438476563E-02
   21    0.5097656250000000E-02    0.9685897827148437E-03
   22   -0.3320312500000000E-03    0.1064796447753906E-02
   23    0.5273437500000000E-03    0.9889602661132812E-03
   24    0.1816406250000000E-02    0.9659957885742187E-03
   25   -0.1464843750000000E-02    0.7172012329101562E-03
   26   -0.3691406250000000E-02    0.9373092651367188E-03
   27   -0.2246093750000000E-02    0.8506393432617188E-03
   28    0.4355468750000000E-02    0.1067619323730469E-02
   29    0.1250000000000000E-02    0.1159133911132813E-02
   30   -0.3339843750000000E-02    0.8037185668945312E-03
   31   -0.3886718750000000E-02    0.9927749633789062E-03
   32   -0.5312500000000000E-02    0.1103515625000000E-02
   33   -0.5917968750000000E-02    0.7566452026367187E-03
   34   -0.2832031250000000E-02    0.1228294372558594E-02
   35   -0.3828125000000000E-02    0.1109008789062500E-02
   36   -0.4550781250000000E-02    0.8243179321289063E-03
   37    0.2539062500000000E-03    0.9827041625976563E-03
   38    0.2207031250000000E-02    0.9266281127929687E-03
   39   -0.1230468750000000E-02    0.7104873657226562E-03
   40    0.2792968750000000E-02    0.9521865844726563E-03
   41   -0.1699218750000000E-02    0.9670639038085937E-03
   42   -0.5468750000000001E-03    0.1140670776367187E-02
   43    0.2226562500000000E-02    0.9197235107421875E-03
   44    0.4121093750000000E-02    0.1239738464355469E-02
   45    0.9570312500000000E-03    0.1111335754394531E-02
   46    0.4824218750000000E-02    0.8191299438476562E-03
   47    0.2363281250000000E-02    0.1085624694824219E-02
   48   -0.9765625000000001E-04    0.1173210144042969E-02
   49    0.4257812500000000E-02    0.1202621459960937E-02
   50    0.1210937500000000E-02    0.1331634521484375E-02
   51    0.1816406250000000E-02    0.9315872192382813E-03
   52   -0.2636718750000000E-02    0.7857894897460938E-03
   53    0.8007812500000000E-03    0.9209823608398438E-03
   54   -0.9765625000000000E-03    0.1003570556640625E-02
   55    0.3906250000000000E-02    0.1040802001953125E-02
   56   -0.1972656250000000E-02    0.8842849731445313E-03
   57    0.8203125000000000E-03    0.6723785400390625E-03
   58    0.2734375000000000E-03    0.9392547607421875E-03
   59   -0.2031250000000000E-02    0.9162902832031250E-03
   60    0.1972656250000000E-02    0.8876419067382812E-03
   61    0.1054687500000000E-02    0.1038360595703125E-02
   62   -0.6132812500000000E-02    0.1040191650390625E-02
   63   -0.5039062500000000E-02    0.9160614013671874E-03
   64    0.4882812500000000E-03    0.9382247924804687E-03
   65   -0.1210937500000000E-02    0.1113662719726562E-02
   66   -0.4902343750000000E-02    0.1224250793457031E-02
   67    0.1992187500000000E-02    0.9273529052734375E-03
   68    0.4257812500000000E-02    0.8753204345703125E-03
   69    0.2382812500000000E-02    0.1109466552734375E-02
   70   -0.2480468750000000E-02    0.8201217651367188E-03
   71   -0.7929687499999999E-02    0.1040420532226563E-02
   72   -0.3652343750000000E-02    0.1150627136230469E-02
   73    0.2890625000000000E-02    0.5779266357421875E-03
   74    0.6835937500000000E-03    0.1062049865722656E-02
   75   -0.5078125000000000E-03    0.1057434082031250E-02
   76   -0.5761718750000000E-02    0.1054039001464844E-02
   77   -0.2167968750000000E-02    0.1182746887207031E-02
   78    0.4296875000000000E-03    0.1020889282226563E-02
   79    0.1171875000000000E-02    0.1112899780273438E-02
   80   -0.2343750000000000E-02    0.8066558837890625E-03
   81    0.3769531250000000E-02    0.9336471557617188E-03
   82    0.7812500000000000E-02    0.1229782104492187E-02
   83   -0.2851562500000000E-02    0.9121704101562500E-03
   84   -0.4492187500000000E-02    0.9854888916015624E-03
   85    0.8593750000000000E-03    0.8807373046875000E-03
   86    0.1484375000000000E-02    0.8699798583984375E-03
   87   -0.3300781250000000E-02    0.1200828552246094E-02
   88   -0.2343750000000000E-03    0.1121902465820313E-02
   89    0.2226562500000000E-02    0.8315277099609375E-03
   90    0.4882812500000000E-03    0.1001014709472656E-02
   91   -0.2500000000000000E-02    0.8626556396484374E-03
   92    0.7812500000000000E-03    0.9343719482421875E-03
   93   -0.2460937500000000E-02    0.8460998535156250E-03
   94   -0.5195312500000000E-02    0.8887481689453125E-03
   95    0.1230468750000000E-02    0.9190750122070313E-03
   96   -0.3046875000000000E-02    0.9534454345703125E-03
   97    0.6386718750000000E-02    0.9550857543945313E-03
   98    0.4257812500000000E-02    0.8917236328125000E-03
   99    0.8339843749999999E-02    0.1084785461425781E-02
  100    0.5371093750000000E-02    0.9086227416992187E-03
