# time =    0.4664
    0    0.1000000000000000E+01    0.1000000000000000E+01
    1    0.1985156250000000E+00    0.4031272888183594E-01
    2    0.4205078125000000E-01    0.2930870056152344E-02
    3    0.4179687500000000E-02    0.1069107055664062E-02
    4   -0.1660156250000000E-02    0.9111404418945312E-03
    5    0.1757812500000000E-03    0.1094779968261719E-02
    6   -0.1757812500000000E-02    0.9954833984374999E-03
    7   -0.1757812500000000E-03    0.1071510314941406E-02
    8    0.3867187500000000E-02    0.9953308105468751E-03
    9    0.4238281250000000E-02    0.7082748413085937E-03
   10    0.2890625000000000E-02    0.9461975097656250E-03
   11   -0.7421875000000000E-03    0.1043090820312500E-02
   12   -0.3867187500000000E-02    0.8268737792968750E-03
   13   -0.8984375000000000E-03    0.9556579589843750E-03
   14   -0.1484375000000000E-02    0.9495544433593750E-03
   15   -0.1503906250000000E-02    0.8959579467773438E-03
   16    0.4179687500000000E-02    0.1100692749023438E-02
   17   -0.3984375000000000E-02    0.1237030029296875E-02
   18   -0.5996093750000000E-02    0.1163597106933594E-02
   19   -0.3105468750000000E-02    0.8361434936523437E-03
   20    0.1191406250000000E-02    0.1049385070800781E-02
   21    0.1406250000000000E-02    0.9844207763671875E-03
   22    0.1171875000000000E-03    0.1194229125976563E-02
   23   -0.2753906250000000E-02    0.9727859497070312E-03
   24    0.1562500000000000E-03    0.9286499023437500E-03
   25    0.1250000000000000E-02    0.8522796630859375E-03
   26   -0.6640625000000000E-03    0.1064529418945313E-02
   27    0.6660156250000000E-02    0.9154129028320312E-03
   28    0.3457031250000000E-02    0.1145515441894531E-02
   29    0.3007812500000000E-02    0.1035079956054687E-02
   30   -0.1621093750000000E-02    0.9338760375976563E-03
   31    0.6640625000000000E-03    0.8925628662109375E-03
   32   -0.3378906250000000E-02    0.8986282348632812E-03
   33   -0.2597656250000000E-02    0.7705307006835938E-03
   34   -0.6875000000000000E-02    0.8842468261718750E-03
   35   -0.3242187500000000E-02    0.9911346435546875E-03
   36   -0.2050781250000000E-02    0.7421493530273438E-03
   37    0.2050781250000000E-02    0.9564590454101562E-03
   38    0.4687500000000000E-03    0.1115951538085938E-02
   39   -0.1210937500000000E-02    0.8845520019531250E-03
   40   -0.4394531250000000E-02    0.7281875610351562E-03
   41   -0.1054687500000000E-02    0.9074401855468750E-03
   42   -0.6269531250000000E-02    0.1409187316894531E-02
   43   -0.2578125000000000E-02    0.7899475097656250E-03
   44    0.2636718750000000E-02    0.1037559509277344E-02
   45    0.2871093750000000E-02    0.1051597595214844E-02
   46    0.4785156250000000E-02    0.1101264953613281E-02
   47   -0.1992187500000000E-02    0.9047698974609375E-03
   48    0.1191406250000000E-02    0.1034965515136719E-02
   49   -0.1406250000000000E-02    0.1082611083984375E-02
   50   -0.3125000000000000E-03    0.1087799072265625E-02
   51   -0.4296875000000000E-03    0.9954071044921875E-03
   52    0.3750000000000000E-02    0.9251403808593750E-03
   53    0.1289062500000000E-02    0.8811950683593750E-03
   54   -0.8593750000000000E-03    0.8358764648437500E-03
   55   -0.3945312500000000E-02    0.1064453125000000E-02
   56    0.2578125000000000E-02    0.1129837036132813E-02
   57   -0.4492187500000000E-03    0.9836959838867188E-03
   58    0.3027343750000000E-02    0.1009635925292969E-02
   59    0.2089843750000000E-02    0.1054115295410156E-02
   60    0.2265625000000000E-02    0.7718658447265625E-03
   61   -0.8203125000000000E-03    0.8652496337890625E-03
   62   -0.4218750000000000E-02    0.1291198730468750E-02
   63   -0.6582031250000000E-02    0.9380722045898437E-03
   64    0.1113281250000000E-02    0.1014442443847656E-02
   65    0.1425781250000000E-02    0.9935379028320312E-03
   66   -0.8593750000000000E-03    0.1179351806640625E-02
   67    0.1503906250000000E-02    0.1017799377441406E-02
   68    0.1855468750000000E-02    0.1251029968261719E-02
   69   -0.2656250000000000E-02    0.1201553344726563E-02
   70   -0.1699218750000000E-02    0.9598159790039063E-03
   71    0.5312500000000000E-02    0.8195495605468750E-03
   72    0.2421875000000000E-02    0.8346557617187500E-03
   73    0.5039062500000000E-02    0.9774017333984376E-03
   74    0.3925781250000000E-02    0.1058387756347656E-02
   75    0.3164062500000000E-02    0.8753967285156250E-03
   76    0.1914062500000000E-02    0.8703613281250000E-03
   77   -0.2539062500000000E-03    0.7883834838867187E-03
   78   -0.1933593750000000E-02    0.9170150756835937E-03
   79   -0.4863281250000000E-02    0.8303451538085937E-03
   80   -0.2851562500000000E-02    0.9068298339843750E-03
   81   -0.2890625000000000E-02    0.1089782714843750E-02
   82   -0.1679687500000000E-02    0.1145629882812500E-02
   83   -0.3808593750000000E-02    0.1141242980957031E-02
   84    0.4667968750000000E-02    0.1152229309082031E-02
   85   -0.2988281250000000E-02    0.9658432006835937E-03
   86   -0.5546875000000000E-02    0.1326293945312500E-02
   87    0.6835937500000000E-03    0.8916091918945312E-03
   88    0.2851562500000000E-02    0.1005630493164063E-02
   89    0.3457031250000000E-02    0.1203804016113281E-02
   90    0.3398437500000000E-02    0.9162902832031250E-03
   91   -0.4296875000000000E-03    0.1073760986328125E-02
   92    0.5546875000000000E-02    0.1156463623046875E-02
   93    0.5078125000000000E-03    0.1081695556640625E-02
   94    0.2519531250000000E-02    0.1135749816894531E-02
   95    0.3085937500000000E-02    0.1142883300781250E-02
   96   -0.2148437500000000E-03    0.8768844604492188E-03
   97    0.2578125000000000E-02    0.8604431152343750E-03
   98   -0.5488281250000000E-02    0.9495162963867187E-03
   99    0.4941406250000000E-02    0.1103706359863281E-02
  100    0.4394531250000000E-02    0.1026878356933594E-02
