# time =    0.4628
    0    0.1000000000000000E+01    0.1000000000000000E+01
    1    0.1959765625000000E+00    0.3926544189453125E-01
    2    0.4171875000000000E-01    0.2498168945312500E-02
    3    0.6914062500000000E-02    0.9764099121093750E-03
    4    0.3789062500000000E-02    0.8145141601562500E-03
    5    0.7714843750000000E-02    0.8844375610351562E-03
    6    0.3183593750000000E-02    0.1020469665527344E-02
    7   -0.9960937500000000E-03    0.9535598754882812E-03
    8    0.1250000000000000E-02    0.9517669677734375E-03
    9    0.8144531250000000E-02    0.1086082458496094E-02
   10   -0.1152343750000000E-02    0.9482955932617188E-03
   11   -0.1699218750000000E-02    0.1004371643066406E-02
   12   -0.5429687500000000E-02    0.9540557861328125E-03
   13   -0.2187500000000000E-02    0.1111755371093750E-02
   14    0.2636718750000000E-02    0.8623123168945313E-03
   15    0.3906250000000000E-03    0.9082794189453125E-03
   16   -0.1035156250000000E-02    0.8902359008789063E-03
   17   -0.1250000000000000E-02    0.7435607910156250E-03
   18   -0.9765625000000001E-04    0.1189384460449219E-02
   19   -0.3125000000000000E-03    0.9140014648437500E-03
   20    0.1093750000000000E-02    0.1212921142578125E-02
   21    0.1406250000000000E-02    0.9202575683593750E-03
   22   -0.2128906250000000E-02    0.7946395874023438E-03
   23   -0.7226562500000000E-03    0.9276199340820312E-03
   24   -0.2421875000000000E-02    0.1184387207031250E-02
   25   -0.1855468750000000E-02    0.1073646545410156E-02
   26    0.1718750000000000E-02    0.9136962890625000E-03
   27   -0.4082031250000000E-02    0.9658432006835937E-03
   28   -0.4042968750000000E-02    0.1387214660644531E-02
   29    0.1738281250000000E-02    0.9518051147460937E-03
   30   -0.4101562500000000E-03    0.7648086547851563E-03
   31   -0.1601562500000000E-02    0.1217117309570313E-02
   32   -0.2539062500000000E-03    0.9927749633789062E-03
   33    0.2812500000000000E-02    0.1007766723632813E-02
   34    0.1757812500000000E-02    0.9265899658203125E-03
   35    0.4062500000000000E-02    0.7569885253906250E-03
   36    0.8593750000000000E-03    0.1045608520507813E-02
   37   -0.2753906250000000E-02    0.9325790405273437E-03
   38   -0.1269531250000000E-02    0.8219528198242187E-03
   39   -0.1757812500000000E-02    0.8808135986328125E-03
   40    0.3144531250000000E-02    0.1020851135253906E-02
   41   -0.3007812500000000E-02    0.1061706542968750E-02
   42    0.1367187500000000E-02    0.1027526855468750E-02
   43   -0.2929687500000000E-03    0.9404373168945313E-03
   44   -0.1875000000000000E-02    0.1063919067382812E-02
   45   -0.1074218750000000E-02    0.8791732788085937E-03
   46   -0.2812500000000000E-02    0.9594726562500000E-03
   47    0.1425781250000000E-02    0.9292984008789063E-03
   48    0.5546875000000000E-02    0.8927154541015625E-03
   49    0.1562500000000000E-02    0.1159362792968750E-02
   50   -0.3125000000000000E-03    0.9829711914062500E-03
   51    0.7226562500000000E-03    0.1214790344238281E-02
   52   -0.2148437500000000E-02    0.9571075439453125E-03
   53   -0.2128906250000000E-02    0.9535598754882812E-03
   54    0.6660156250000000E-02    0.1188240051269531E-02
   55   -0.4062500000000000E-02    0.9796142578125000E-03
   56   -0.3984375000000000E-02    0.9359741210937501E-03
   57    0.2656250000000000E-02    0.1043930053710938E-02
   58    0.4179687500000000E-02    0.9205627441406250E-03
   59    0.2207031250000000E-02    0.1126060485839844E-02
   60   -0.2265625000000000E-02    0.9151458740234375E-03
   61   -0.2656250000000000E-02    0.1006317138671875E-02
   62   -0.5625000000000000E-02    0.1095123291015625E-02
   63    0.3710937500000000E-03    0.7851791381835938E-03
   64   -0.4453125000000000E-02    0.1219100952148437E-02
   65   -0.1074218750000000E-02    0.1015968322753906E-02
   66   -0.1445312500000000E-02    0.1058654785156250E-02
   67    0.5859375000000000E-03    0.7172393798828125E-03
   68   -0.1152343750000000E-02    0.8833694458007812E-03
   69   -0.4394531250000000E-02    0.9972000122070313E-03
   70    0.2285156250000000E-02    0.1077690124511719E-02
   71    0.6640625000000000E-03    0.7897186279296875E-03
   72   -0.6191406250000000E-02    0.7600021362304687E-03
   73    0.2753906250000000E-02    0.8736038208007812E-03
   74    0.3261718750000000E-02    0.8813095092773438E-03
   75   -0.3691406250000000E-02    0.9764480590820312E-03
   76   -0.2324218750000000E-02    0.1102027893066406E-02
   77   -0.1875000000000000E-02    0.1015014648437500E-02
   78    0.5566406250000000E-02    0.1176185607910156E-02
   79   -0.1484375000000000E-02    0.1073532104492188E-02
   80    0.4042968750000000E-02    0.1085243225097656E-02
   81   -0.3710937500000000E-03    0.7952499389648437E-03
   82    0.1074218750000000E-02    0.1011009216308594E-02
   83   -0.1035156250000000E-02    0.1058540344238281E-02
   84    0.4179687500000000E-02    0.9976196289062499E-03
   85    0.1894531250000000E-02    0.7651138305664062E-03
   86    0.4628906250000000E-02    0.9802627563476564E-03
   87    0.4843750000000000E-02    0.1014251708984375E-02
   88   -0.7421875000000000E-03    0.8631896972656250E-03
   89    0.2695312500000000E-02    0.8985137939453125E-03
   90    0.9765625000000000E-03    0.9348297119140625E-03
   91    0.3300781250000000E-02    0.8551406860351562E-03
   92   -0.2402343750000000E-02    0.7293319702148437E-03
   93   -0.1562500000000000E-03    0.1118087768554688E-02
   94    0.4101562500000000E-02    0.9591674804687500E-03
   95    0.1933593750000000E-02    0.8198165893554687E-03
   96    0.2148437500000000E-02    0.9356689453125000E-03
   97    0.8613281250000000E-02    0.1104011535644531E-02
   98    0.2597656250000000E-02    0.9014511108398438E-03
   99    0.2832031250000000E-02    0.1284446716308594E-02
  100    0.6308593750000000E-02    0.1138496398925781E-02
