# time =    0.4625
    0    0.1000000000000000E+01    0.1000000000000000E+01
    1    0.2460156250000000E+00    0.6128509521484375E-01
    2    0.6033203125000000E-01    0.4645042419433594E-02
    3    0.1816406250000000E-01    0.1517868041992187E-02
    4    0.4414062500000000E-02    0.1072235107421875E-02
    5   -0.3378906250000000E-02    0.8575057983398437E-03
    6   -0.2988281250000000E-02    0.1082038879394531E-02
    7   -0.3183593750000000E-02    0.1001472473144531E-02
    8   -0.1484375000000000E-02    0.1174011230468750E-02
    9   -0.2929687500000000E-03    0.1204948425292969E-02
   10   -0.6250000000000000E-03    0.8294677734375000E-03
   11   -0.3652343750000000E-02    0.1051368713378906E-02
   12   -0.3320312500000000E-03    0.1174430847167969E-02
   13    0.5078125000000000E-03    0.1126937866210938E-02
   14    0.2910156250000000E-02    0.8723068237304687E-03
   15    0.1757812500000000E-02    0.1086120605468750E-02
   16   -0.1367187500000000E-02    0.8990478515625000E-03
   17    0.2089843750000000E-02    0.1211967468261719E-02
   18   -0.5878906250000000E-02    0.1096687316894531E-02
   19   -0.8398437500000000E-03    0.1027870178222656E-02
   20   -0.6484375000000000E-02    0.6732177734375000E-03
   21   -0.2148437500000000E-02    0.8128356933593750E-03
   22   -0.7949218750000001E-02    0.9978866577148437E-03
   23   -0.2167968750000000E-02    0.9354782104492187E-03
   24   -0.1191406250000000E-02    0.8708572387695312E-03
   25   -0.1855468750000000E-02    0.8523941040039062E-03
   26   -0.3535156250000000E-02    0.1033363342285156E-02
   27    0.3691406250000000E-02    0.8782577514648437E-03
   28    0.4101562500000000E-03    0.9939193725585938E-03
   29    0.2207031250000000E-02    0.8546066284179688E-03
   30    0.1718750000000000E-02    0.8201599121093750E-03
   31    0.3066406250000000E-02    0.9045028686523438E-03
   32    0.6250000000000000E-03    0.8616638183593750E-03
   33   -0.8593750000000001E-02    0.1230850219726563E-02
   34   -0.4687500000000000E-02    0.1078262329101563E-02
   35   -0.7812500000000000E-04    0.7987213134765625E-03
   36    0.2968750000000000E-02    0.9790039062499999E-03
   37    0.2128906250000000E-02    0.1072578430175781E-02
   38    0.4433593750000000E-02    0.1049995422363281E-02
   39   -0.3847656250000000E-02    0.9356307983398438E-03
   40    0.1113281250000000E-02    0.7747268676757813E-03
   41   -0.4453125000000000E-02    0.1043777465820313E-02
   42   -0.1367187500000000E-03    0.1011619567871094E-02
   43   -0.2519531250000000E-02    0.7803726196289062E-03
   44   -0.4101562500000000E-02    0.1030731201171875E-02
   45   -0.2050781250000000E-02    0.1151008605957031E-02
   46   -0.5664062500000000E-03    0.9249496459960937E-03
   47    0.2910156250000000E-02    0.1074867248535156E-02
   48    0.1289062500000000E-02    0.1005935668945312E-02
   49    0.2558593750000000E-02    0.1009330749511719E-02
   50   -0.2734375000000000E-03    0.1152343750000000E-02
   51    0.5859375000000000E-03    0.1006240844726562E-02
   52   -0.1308593750000000E-02    0.8439254760742187E-03
   53   -0.1660156250000000E-02    0.8675003051757812E-03
   54   -0.1171875000000000E-03    0.1253509521484375E-02
   55    0.1386718750000000E-02    0.1120948791503906E-02
   56   -0.2011718750000000E-02    0.8895492553710937E-03
   57    0.2070312500000000E-02    0.1182250976562500E-02
   58    0.2578125000000000E-02    0.1014862060546875E-02
   59   -0.2910156250000000E-02    0.8064651489257812E-03
   60    0.1269531250000000E-02    0.7887649536132813E-03
   61   -0.8007812500000000E-03    0.1066780090332031E-02
   62    0.2011718750000000E-02    0.9264755249023438E-03
   63    0.3378906250000000E-02    0.9329605102539062E-03
   64    0.4101562500000000E-02    0.6838989257812500E-03
   65   -0.2285156250000000E-02    0.9312057495117188E-03
   66   -0.1679687500000000E-02    0.9439849853515625E-03
   67    0.5664062500000000E-03    0.1255607604980469E-02
   68   -0.1250000000000000E-02    0.8174133300781250E-03
   69    0.1425781250000000E-02    0.9818649291992187E-03
   70    0.6250000000000000E-03    0.1027603149414062E-02
   71   -0.8203125000000000E-03    0.9715270996093750E-03
   72    0.6640625000000000E-03    0.1017379760742187E-02
   73    0.5078125000000000E-03    0.9449768066406250E-03
   74   -0.1152343750000000E-02    0.1051292419433594E-02
   75    0.9765625000000001E-04    0.8619308471679687E-03
   76   -0.1210937500000000E-02    0.1097946166992187E-02
   77    0.3945312500000000E-02    0.1063919067382812E-02
   78   -0.5703125000000000E-02    0.7969665527343750E-03
   79    0.3710937500000000E-02    0.1007385253906250E-02
   80   -0.3554687500000000E-02    0.9399414062500000E-03
   81    0.5957031250000000E-02    0.8013534545898437E-03
   82    0.1640625000000000E-02    0.1115417480468750E-02
   83   -0.1953125000000000E-02    0.8066558837890625E-03
   84    0.3769531250000000E-02    0.9576034545898438E-03
   85    0.4296875000000000E-03    0.8219909667968750E-03
   86   -0.7812500000000000E-04    0.1091995239257812E-02
   87   -0.1464843750000000E-02    0.9519577026367188E-03
   88   -0.7421875000000000E-03    0.1121520996093750E-02
   89    0.7226562500000000E-03    0.8868026733398437E-03
   90    0.2343750000000000E-02    0.1078033447265625E-02
   91    0.8652343749999999E-02    0.9567642211914063E-03
   92    0.3125000000000000E-02    0.8660125732421875E-03
   93    0.3867187500000000E-02    0.1236953735351562E-02
   94    0.3847656250000000E-02    0.1074485778808594E-02
   95    0.3339843750000000E-02    0.7473373413085937E-03
   96   -0.3320312500000000E-02    0.8215332031250001E-03
   97   -0.9960937500000000E-03    0.9503555297851562E-03
   98   -0.2578125000000000E-02    0.8193969726562500E-03
   99    0.7226562500000000E-03    0.8000564575195312E-03
  100    0.5351562500000000E-02    0.9095001220703125E-03
