# time =    0.4708
    0    0.1000000000000000E+01    0.1000000000000000E+01
    1    0.1847460937500000E+00    0.3480785369873047E-01
    2    0.3845703125000000E-01    0.2540245056152344E-02
    3    0.1095703125000000E-01    0.1045799255371094E-02
    4    0.4414062500000000E-02    0.7386779785156249E-03
    5   -0.7597656250000000E-02    0.1003913879394531E-02
    6   -0.3906250000000000E-03    0.1141052246093750E-02
    7   -0.1347656250000000E-02    0.1212654113769531E-02
    8    0.2070312500000000E-02    0.1024627685546875E-02
    9   -0.4296875000000000E-02    0.1050186157226563E-02
   10   -0.3144531250000000E-02    0.1081123352050781E-02
   11   -0.3222656250000000E-02    0.1097068786621094E-02
   12   -0.2773437500000000E-02    0.1128540039062500E-02
   13    0.1367187500000000E-02    0.7073974609375000E-03
   14   -0.9375000000000000E-03    0.8800506591796875E-03
   15   -0.1992187500000000E-02    0.1073455810546875E-02
   16   -0.2070312500000000E-02    0.1009140014648438E-02
   17   -0.9765625000000000E-03    0.1156616210937500E-02
   18    0.1445312500000000E-02    0.8998107910156250E-03
   19    0.1816406250000000E-02    0.9866714477539062E-03
   20   -0.2304687500000000E-02    0.1041107177734375E-02
   21    0.5859375000000000E-03    0.1027450561523437E-02
   22    0.1972656250000000E-02    0.1226005554199219E-02
   23   -0.1191406250000000E-02    0.1010551452636719E-02
   24    0.7812500000000000E-03    0.7984924316406250E-03
   25   -0.1679687500000000E-02    0.1284408569335937E-02
   26    0.8984375000000000E-03    0.8314514160156250E-03
   27   -0.3964843750000000E-02    0.9414291381835937E-03
   28    0.1992187500000000E-02    0.8521270751953125E-03
   29   -0.9765625000000001E-04    0.6295394897460938E-03
   30   -0.1367187500000000E-02    0.9223937988281250E-03
   31   -0.4785156250000000E-02    0.9294509887695313E-03
   32   -0.3496093750000000E-02    0.9226608276367188E-03
   33   -0.5058593750000000E-02    0.1246910095214844E-02
   34   -0.1855468750000000E-02    0.8404159545898438E-03
   35   -0.7031250000000000E-03    0.1055068969726562E-02
   36   -0.8203125000000000E-03    0.1026153564453125E-02
   37    0.3906250000000000E-03    0.1005783081054688E-02
   38   -0.1035156250000000E-02    0.1255989074707031E-02
   39   -0.6464843750000000E-02    0.1315879821777344E-02
   40   -0.4296875000000000E-03    0.1289901733398437E-02
   41   -0.4238281250000000E-02    0.7836532592773438E-03
   42   -0.1445312500000000E-02    0.6657409667968750E-03
   43   -0.5839843750000000E-02    0.8449935913085937E-03
   44   -0.4511718750000000E-02    0.7686996459960937E-03
   45    0.3281250000000000E-02    0.1047973632812500E-02
   46   -0.2910156250000000E-02    0.9725570678710937E-03
   47    0.2343750000000000E-03    0.1175460815429687E-02
   48    0.3085937500000000E-02    0.9487915039062500E-03
   49   -0.4277343750000000E-02    0.8916091918945312E-03
   50   -0.1367187500000000E-02    0.1022567749023438E-02
   51    0.1054687500000000E-02    0.9642791748046875E-03
   52   -0.4804687500000000E-02    0.8384704589843750E-03
   53   -0.1191406250000000E-02    0.8729934692382812E-03
   54    0.1406250000000000E-02    0.1049804687500000E-02
   55   -0.5039062500000000E-02    0.1162261962890625E-02
   56   -0.2890625000000000E-02    0.9435272216796875E-03
   57   -0.2812500000000000E-02    0.1003723144531250E-02
   58    0.2890625000000000E-02    0.1014862060546875E-02
   59    0.1445312500000000E-02    0.9416961669921876E-03
   60    0.3906250000000000E-02    0.8559417724609375E-03
   61   -0.1660156250000000E-02    0.1070289611816406E-02
   62   -0.1406250000000000E-02    0.8449554443359375E-03
   63    0.3984375000000000E-02    0.9690856933593750E-03
   64   -0.4101562500000000E-02    0.1022491455078125E-02
   65   -0.7812500000000000E-04    0.7508850097656250E-03
   66    0.6054687500000000E-03    0.7564163208007812E-03
   67    0.1113281250000000E-02    0.8881759643554688E-03
   68    0.3496093750000000E-02    0.1002159118652344E-02
   69    0.2871093750000000E-02    0.1185951232910156E-02
   70    0.3574218750000000E-02    0.1031303405761719E-02
   71    0.5273437500000000E-03    0.8552169799804687E-03
   72    0.2500000000000000E-02    0.8416748046874999E-03
   73    0.6445312500000000E-03    0.7404708862304688E-03
   74   -0.2050781250000000E-02    0.9624862670898438E-03
   75   -0.2695312500000000E-02    0.8062744140625001E-03
   76    0.6464843750000000E-02    0.7676315307617187E-03
   77   -0.4492187500000000E-02    0.6799316406250000E-03
   78    0.1445312500000000E-02    0.8342742919921875E-03
   79    0.1679687500000000E-02    0.7482147216796874E-03
   80    0.5800781250000000E-02    0.9453964233398438E-03
   81    0.1699218750000000E-02    0.1149559020996094E-02
   82   -0.7812500000000000E-03    0.9168243408203125E-03
   83    0.4140625000000000E-02    0.8914184570312500E-03
   84    0.1640625000000000E-02    0.9474945068359375E-03
   85    0.3085937500000000E-02    0.1148300170898437E-02
   86    0.4101562500000000E-03    0.1388206481933594E-02
   87   -0.1972656250000000E-02    0.9606552124023438E-03
   88    0.1757812500000000E-02    0.8789825439453125E-03
   89   -0.1601562500000000E-02    0.8324432373046875E-03
   90   -0.1464843750000000E-02    0.8056259155273437E-03
   91   -0.2187500000000000E-02    0.1033325195312500E-02
   92    0.2343750000000000E-02    0.9426879882812500E-03
   93    0.3652343750000000E-02    0.7062149047851562E-03
   94   -0.1796875000000000E-02    0.1058731079101563E-02
   95    0.1093750000000000E-02    0.1086120605468750E-02
   96    0.1328125000000000E-02    0.9230041503906250E-03
   97    0.1718750000000000E-02    0.9944152832031250E-03
   98    0.5664062500000000E-03    0.8511734008789062E-03
   99   -0.3652343750000000E-02    0.1085548400878906E-02
  100   -0.3437500000000000E-02    0.8180236816406250E-03
