# time =    0.4266
    0    0.1000000000000000E+01    0.1000000000000000E+01
    1    0.3678125000000000E+00    0.1359905242919922E+00
    2    0.1616601562500000E+00    0.2731693267822266E-01
    3    0.8029296875000000E-01    0.7580375671386719E-02
    4    0.4572265625000000E-01    0.3181571960449219E-02
    5    0.2509765625000000E-01    0.1789207458496094E-02
    6    0.1373046875000000E-01    0.1311988830566406E-02
    7    0.6289062500000000E-02    0.8156585693359375E-03
    8    0.4335937500000000E-02    0.1080627441406250E-02
    9    0.1386718750000000E-02    0.7752609252929687E-03
   10    0.1679687500000000E-02    0.1131744384765625E-02
   11    0.4394531250000000E-02    0.8336257934570313E-03
   12    0.1679687500000000E-02    0.7942199707031250E-03
   13    0.3593750000000000E-02    0.9263610839843750E-03
   14    0.4707031250000000E-02    0.9115219116210937E-03
   15    0.1914062500000000E-02    0.8421325683593750E-03
   16    0.1445312500000000E-02    0.9535980224609375E-03
   17    0.3339843750000000E-02    0.8072280883789063E-03
   18    0.1347656250000000E-02    0.1097602844238281E-02
   19    0.6445312500000000E-03    0.9175491333007813E-03
   20   -0.9179687499999999E-03    0.7567214965820313E-03
   21    0.5468750000000001E-03    0.8412170410156250E-03
   22   -0.7812500000000000E-04    0.8880615234375000E-03
   23    0.4492187500000000E-03    0.8501815795898438E-03
   24   -0.1953125000000000E-04    0.1025581359863281E-02
   25    0.3535156250000000E-02    0.1125831604003906E-02
   26    0.7050781250000000E-02    0.1117897033691406E-02
   27    0.5820312500000000E-02    0.1048583984375000E-02
   28    0.1093750000000000E-02    0.9447479248046875E-03
   29    0.1054687500000000E-02    0.1045455932617188E-02
   30    0.7226562500000000E-03    0.1017646789550781E-02
   31    0.7031250000000000E-03    0.1050643920898438E-02
   32    0.4062500000000000E-02    0.8871459960937500E-03
   33    0.5468750000000000E-02    0.9286499023437500E-03
   34    0.3300781250000000E-02    0.8290481567382813E-03
   35    0.2714843750000000E-02    0.7793807983398438E-03
   36    0.1796875000000000E-02    0.8650207519531250E-03
   37    0.4609375000000000E-02    0.8762359619140625E-03
   38    0.1464843750000000E-02    0.1041831970214844E-02
   39   -0.1406250000000000E-02    0.1053619384765625E-02
   40   -0.5546875000000000E-02    0.1010894775390625E-02
   41   -0.5781250000000000E-02    0.9749603271484375E-03
   42   -0.3261718750000000E-02    0.1170387268066406E-02
   43    0.6054687500000000E-03    0.8095169067382813E-03
   44    0.1171875000000000E-02    0.1023025512695313E-02
   45   -0.7617187500000000E-03    0.1111640930175781E-02
   46    0.5273437500000000E-03    0.8768081665039062E-03
   47    0.7421875000000000E-03    0.7415008544921875E-03
   48   -0.5859375000000000E-04    0.8372116088867187E-03
   49    0.2070312500000000E-02    0.9355926513671875E-03
   50   -0.1152343750000000E-02    0.9196090698242187E-03
   51   -0.6230468750000000E-02    0.8936691284179688E-03
   52   -0.5078125000000000E-02    0.8519744873046875E-03
   53   -0.3125000000000000E-03    0.9145355224609375E-03
   54   -0.7812500000000000E-04    0.8566284179687500E-03
   55   -0.2734375000000000E-03    0.9947967529296874E-03
   56    0.1464843750000000E-02    0.1093940734863281E-02
   57    0.4140625000000000E-02    0.1097946166992187E-02
   58    0.1171875000000000E-02    0.1055526733398437E-02
   59    0.1269531250000000E-02    0.9498214721679688E-03
   60   -0.1367187500000000E-03    0.8365249633789062E-03
   61    0.7324218750000000E-02    0.1047859191894531E-02
   62    0.2792968750000000E-02    0.8816146850585938E-03
   63   -0.1582031250000000E-02    0.9083175659179688E-03
   64   -0.2343750000000000E-02    0.9970092773437501E-03
   65   -0.4882812500000000E-03    0.8136367797851562E-03
   66    0.4160156250000000E-02    0.9121322631835938E-03
   67    0.3378906250000000E-02    0.1051521301269531E-02
   68   -0.1777343750000000E-02    0.8317184448242188E-03
   69    0.7226562500000000E-03    0.8115005493164062E-03
   70   -0.1875000000000000E-02    0.8267974853515625E-03
   71   -0.4980468750000000E-02    0.7954025268554687E-03
   72    0.2675781250000000E-02    0.8623886108398437E-03
   73   -0.3984375000000000E-02    0.9358215332031250E-03
   74   -0.3085937500000000E-02    0.1027297973632813E-02
   75   -0.1113281250000000E-02    0.8279037475585938E-03
   76   -0.1132812500000000E-02    0.9788513183593751E-03
   77    0.1855468750000000E-02    0.1261253356933594E-02
   78    0.1367187500000000E-03    0.1066246032714844E-02
   79   -0.3183593750000000E-02    0.9411239624023438E-03
   80   -0.4199218750000000E-02    0.9373092651367188E-03
   81   -0.1503906250000000E-02    0.7583999633789063E-03
   82   -0.5156250000000000E-02    0.9690093994140625E-03
   83    0.9960937500000000E-03    0.9984207153320313E-03
   84    0.5859375000000000E-04    0.8010482788085938E-03
   85    0.6250000000000000E-03    0.9417724609375000E-03
   86   -0.3339843750000000E-02    0.9464645385742188E-03
   87   -0.1015625000000000E-02    0.1156845092773437E-02
   88   -0.3222656250000000E-02    0.7063674926757812E-03
   89   -0.1660156250000000E-02    0.7982254028320312E-03
   90   -0.2558593750000000E-02    0.1032295227050781E-02
   91   -0.1953125000000000E-02    0.1011352539062500E-02
   92    0.3183593750000000E-02    0.1043739318847656E-02
   93    0.7226562500000000E-03    0.8774185180664062E-03
   94    0.2441406250000000E-02    0.8301925659179687E-03
   95   -0.3125000000000000E-03    0.8720397949218750E-03
   96   -0.2832031250000000E-02    0.1124916076660156E-02
   97   -0.1972656250000000E-02    0.1179924011230469E-02
   98    0.1738281250000000E-02    0.1113243103027344E-02
   99    0.7812500000000000E-03    0.1064147949218750E-02
  100   -0.3398437500000000E-02    0.7736968994140625E-03
