# time =    0.4664
    0    0.1000000000000000E+01    0.1000000000000000E+01
    1    0.2328906250000000E+00    0.5493537902832031E-01
    2    0.5978515625000000E-01    0.4485588073730468E-02
    3    0.1814453125000000E-01    0.9841537475585938E-03
    4    0.7382812500000000E-02    0.9790802001953126E-03
    5    0.4550781250000000E-02    0.1015052795410156E-02
    6    0.1191406250000000E-02    0.1032752990722656E-02
    7    0.2050781250000000E-02    0.9102249145507813E-03
    8    0.2343750000000000E-03    0.9748840332031250E-03
    9   -0.4238281250000000E-02    0.9572982788085937E-03
   10   -0.3925781250000000E-02    0.1174430847167969E-02
   11    0.6660156250000000E-02    0.1417961120605469E-02
   12    0.5468750000000001E-03    0.1010360717773438E-02
   13    0.9765625000000001E-04    0.7670211791992187E-03
   14    0.1289062500000000E-02    0.9587860107421875E-03
   15   -0.4023437500000000E-02    0.1052398681640625E-02
   16   -0.1386718750000000E-02    0.1134147644042969E-02
   17    0.5664062500000000E-03    0.9267807006835937E-03
   18    0.3066406250000000E-02    0.6956100463867187E-03
   19    0.2851562500000000E-02    0.1018295288085937E-02
   20   -0.2246093750000000E-02    0.6716537475585937E-03
   21   -0.5000000000000000E-02    0.7433319091796876E-03
   22   -0.1328125000000000E-02    0.7138061523437500E-03
   23   -0.4257812500000000E-02    0.1022720336914063E-02
   24    0.2148437500000000E-02    0.8762359619140625E-03
   25    0.5078125000000000E-03    0.9450531005859375E-03
   26    0.2460937500000000E-02    0.9739685058593750E-03
   27   -0.3476562500000000E-02    0.9819793701171876E-03
   28   -0.1289062500000000E-02    0.7819366455078125E-03
   29    0.9375000000000000E-03    0.6767272949218750E-03
   30    0.2070312500000000E-02    0.1013717651367188E-02
   31    0.4101562500000000E-03    0.1278800964355469E-02
   32   -0.1425781250000000E-02    0.1200447082519531E-02
   33    0.6171875000000000E-02    0.1070022583007812E-02
   34    0.5312500000000000E-02    0.1079635620117187E-02
   35   -0.1191406250000000E-02    0.8248519897460937E-03
   36    0.2695312500000000E-02    0.8847045898437500E-03
   37    0.3144531250000000E-02    0.8575057983398437E-03
   38   -0.1562500000000000E-03    0.1111450195312500E-02
   39    0.7812500000000000E-04    0.1227874755859375E-02
   40    0.2070312500000000E-02    0.8994293212890625E-03
   41   -0.1601562500000000E-02    0.9652709960937500E-03
   42    0.5468750000000001E-03    0.7771301269531250E-03
   43    0.1953125000000000E-04    0.9563064575195312E-03
   44   -0.1718750000000000E-02    0.1054687500000000E-02
   45   -0.5273437500000000E-03    0.9493637084960938E-03
   46   -0.2792968750000000E-02    0.8882522583007812E-03
   47   -0.6640625000000000E-03    0.8318328857421875E-03
   48   -0.2421875000000000E-02    0.1005477905273437E-02
   49   -0.2246093750000000E-02    0.8676528930664062E-03
   50    0.1289062500000000E-02    0.1043472290039063E-02
   51   -0.6835937500000000E-03    0.1308708190917969E-02
   52    0.2812500000000000E-02    0.8800506591796875E-03
   53    0.5039062500000000E-02    0.9029388427734375E-03
   54    0.3222656250000000E-02    0.1027030944824219E-02
   55    0.4765625000000000E-02    0.1308364868164063E-02
   56    0.4941406250000000E-02    0.9907150268554687E-03
   57    0.2832031250000000E-02    0.8519363403320313E-03
   58    0.1017578125000000E-01    0.9828567504882812E-03
   59    0.5566406250000000E-02    0.1112632751464844E-02
   60   -0.3183593750000000E-02    0.9996414184570313E-03
   61   -0.5273437500000000E-03    0.8074569702148437E-03
   62    0.1367187500000000E-02    0.1024017333984375E-02
   63    0.1210937500000000E-02    0.1015167236328125E-02
   64   -0.2753906250000000E-02    0.9877395629882813E-03
   65   -0.5078125000000000E-03    0.1112976074218750E-02
   66   -0.5117187500000000E-02    0.1009368896484375E-02
   67   -0.3339843750000000E-02    0.8048629760742188E-03
   68   -0.3906250000000000E-03    0.9286499023437500E-03
   69   -0.9765625000000001E-04    0.1041679382324219E-02
   70    0.1992187500000000E-02    0.9812927246093750E-03
   71   -0.5859375000000000E-03    0.7447052001953125E-03
   72   -0.3906250000000000E-02    0.9079742431640625E-03
   73   -0.5625000000000000E-02    0.7381439208984375E-03
   74   -0.2656250000000000E-02    0.9932708740234375E-03
   75   -0.1933593750000000E-02    0.9550857543945313E-03
   76    0.6640625000000000E-03    0.9436798095703125E-03
   77    0.2500000000000000E-02    0.1045913696289063E-02
   78   -0.1816406250000000E-02    0.1323661804199219E-02
   79   -0.6679687500000000E-02    0.8827209472656250E-03
   80    0.4589843750000000E-02    0.7319259643554688E-03
   81   -0.4238281250000000E-02    0.9158706665039063E-03
   82   -0.2363281250000000E-02    0.1022300720214844E-02
   83   -0.1089843750000000E-01    0.9665679931640625E-03
   84    0.9765625000000001E-04    0.9640884399414062E-03
   85    0.4375000000000000E-02    0.8960723876953125E-03
   86    0.3847656250000000E-02    0.9340286254882812E-03
   87    0.3730468750000000E-02    0.1109580993652344E-02
   88    0.1933593750000000E-02    0.1121635437011719E-02
   89    0.6250000000000000E-03    0.1059799194335937E-02
   90    0.2207031250000000E-02    0.9916305541992187E-03
   91    0.2246093750000000E-02    0.8357620239257813E-03
   92    0.2011718750000000E-02    0.9521865844726563E-03
   93    0.3261718750000000E-02    0.9112167358398438E-03
   94   -0.3125000000000000E-03    0.7138061523437500E-03
   95   -0.1914062500000000E-02    0.7750701904296875E-03
   96    0.3203125000000000E-02    0.8151245117187500E-03
   97    0.3691406250000000E-02    0.1127052307128906E-02
   98   -0.1054687500000000E-02    0.1055068969726562E-02
   99   -0.1914062500000000E-02    0.8547973632812500E-03
  100    0.3964843750000000E-02    0.1007347106933594E-02
