# time =    0.4797
    0    0.1000000000000000E+01    0.1000000000000000E+01
    1    0.2064648437500000E+00    0.4328891754150391E-01
    2    0.4191406250000000E-01    0.2730407714843750E-02
    3    0.1177734375000000E-01    0.1130104064941406E-02
    4    0.6757812500000000E-02    0.9868621826171875E-03
    5    0.4902343750000000E-02    0.8826828002929687E-03
    6    0.2558593750000000E-02    0.1127891540527344E-02
    7    0.1328125000000000E-02    0.1025619506835938E-02
    8   -0.8554687500000000E-02    0.8052062988281250E-03
    9   -0.6445312500000000E-03    0.1039161682128906E-02
   10   -0.2617187500000000E-02    0.1026306152343750E-02
   11    0.2792968750000000E-02    0.1055793762207031E-02
   12    0.2285156250000000E-02    0.1117057800292969E-02
   13    0.1113281250000000E-02    0.1377830505371094E-02
   14   -0.1230468750000000E-02    0.1145973205566406E-02
   15   -0.4375000000000000E-02    0.1006469726562500E-02
   16    0.2949218750000000E-02    0.8393478393554688E-03
   17   -0.2519531250000000E-02    0.7052230834960938E-03
   18    0.3789062500000000E-02    0.1078796386718750E-02
   19    0.2734375000000000E-03    0.1000518798828125E-02
   20    0.2792968750000000E-02    0.8431625366210938E-03
   21    0.4316406250000000E-02    0.1135368347167969E-02
   22   -0.2402343750000000E-02    0.1066093444824219E-02
   23    0.3378906250000000E-02    0.1047630310058594E-02
   24   -0.5468750000000001E-03    0.8087158203125000E-03
   25    0.7832031250000000E-02    0.9183883666992188E-03
   26    0.1582031250000000E-02    0.1098899841308594E-02
   27    0.8671875000000001E-02    0.1152114868164062E-02
   28    0.2597656250000000E-02    0.1012992858886719E-02
   29    0.4667968750000000E-02    0.1149482727050781E-02
   30   -0.5859375000000000E-03    0.1249694824218750E-02
   31   -0.2167968750000000E-02    0.7954788208007813E-03
   32   -0.1660156250000000E-02    0.9141921997070313E-03
   33    0.2929687500000000E-02    0.1082000732421875E-02
   34   -0.7246093750000000E-02    0.1211204528808594E-02
   35   -0.4023437500000000E-02    0.1037597656250000E-02
   36    0.3457031250000000E-02    0.1006965637207031E-02
   37   -0.1289062500000000E-02    0.9065246582031249E-03
   38   -0.4199218750000000E-02    0.1071739196777344E-02
   39   -0.2343750000000000E-02    0.9163665771484375E-03
   40   -0.5683593750000000E-02    0.1038703918457031E-02
   41   -0.1074218750000000E-02    0.9375381469726563E-03
   42    0.1054687500000000E-02    0.1041107177734375E-02
   43   -0.2753906250000000E-02    0.1263313293457031E-02
   44    0.1367187500000000E-02    0.1147918701171875E-02
   45    0.7812500000000000E-03    0.1179428100585938E-02
   46    0.4140625000000000E-02    0.1117782592773437E-02
   47   -0.5058593750000000E-02    0.7809829711914062E-03
   48   -0.7558593750000000E-02    0.8708572387695312E-03
   49   -0.3984375000000000E-02    0.7416534423828125E-03
   50    0.1367187500000000E-02    0.1056213378906250E-02
   51    0.0000000000000000E+00    0.8946228027343750E-03
   52   -0.1894531250000000E-02    0.8204269409179687E-03
   53   -0.2285156250000000E-02    0.8232498168945313E-03
   54    0.1386718750000000E-02    0.1002540588378906E-02
   55   -0.1933593750000000E-02    0.9883499145507812E-03
   56    0.8007812500000000E-03    0.7258224487304688E-03
   57    0.9960937500000000E-03    0.1105384826660156E-02
   58    0.4511718750000000E-02    0.1065254211425781E-02
   59   -0.4101562500000000E-03    0.9781265258789063E-03
   60   -0.2265625000000000E-02    0.1150207519531250E-02
   61    0.4296875000000000E-03    0.8817291259765624E-03
   62   -0.2421875000000000E-02    0.7702636718750000E-03
   63   -0.2519531250000000E-02    0.8007431030273437E-03
   64   -0.2031250000000000E-02    0.8915710449218750E-03
   65   -0.4921875000000000E-02    0.8003234863281250E-03
   66   -0.1640625000000000E-02    0.1245651245117188E-02
   67    0.5468750000000001E-03    0.9578704833984375E-03
   68   -0.3593750000000000E-02    0.8871459960937500E-03
   69   -0.3164062500000000E-02    0.8741760253906250E-03
   70    0.4179687500000000E-02    0.1047210693359375E-02
   71   -0.1328125000000000E-02    0.9810638427734375E-03
   72    0.3144531250000000E-02    0.9844589233398437E-03
   73    0.5507812500000000E-02    0.9532928466796875E-03
   74    0.4492187500000000E-02    0.1128616333007813E-02
   75    0.2871093750000000E-02    0.1251564025878906E-02
   76   -0.3125000000000000E-03    0.1001815795898438E-02
   77    0.1972656250000000E-02    0.8034133911132813E-03
   78   -0.8691406250000000E-02    0.1028556823730469E-02
   79   -0.4375000000000000E-02    0.1251449584960938E-02
   80   -0.4472656250000000E-02    0.9841537475585938E-03
   81   -0.6699218750000000E-02    0.1100502014160156E-02
   82   -0.3691406250000000E-02    0.9558486938476562E-03
   83    0.2890625000000000E-02    0.8883666992187500E-03
   84   -0.1796875000000000E-02    0.7301330566406250E-03
   85   -0.7128906250000000E-02    0.1101036071777344E-02
   86   -0.7382812500000000E-02    0.7340240478515625E-03
   87    0.1191406250000000E-02    0.1034202575683594E-02
   88   -0.1757812500000000E-02    0.1058273315429688E-02
   89    0.1269531250000000E-02    0.1121940612792969E-02
   90   -0.2988281250000000E-02    0.1254692077636719E-02
   91    0.3652343750000000E-02    0.9041976928710938E-03
   92    0.3593750000000000E-02    0.9983825683593751E-03
   93    0.5253906250000000E-02    0.1357917785644531E-02
   94   -0.9765625000000000E-03    0.1106414794921875E-02
   95    0.4003906250000000E-02    0.8313369750976563E-03
   96    0.1933593750000000E-02    0.9160232543945312E-03
   97    0.4335937500000000E-02    0.1128082275390625E-02
   98    0.2636718750000000E-02    0.8994674682617187E-03
   99   -0.3222656250000000E-02    0.1055488586425781E-02
  100   -0.5312500000000000E-02    0.9440612792968750E-03
