# time =    0.4663
    0    0.1000000000000000E+01    0.1000000000000000E+01
    1    0.2293945312500000E+00    0.5349544525146484E-01
    2    0.5439453125000000E-01    0.4002571105957031E-02
    3    0.1648437500000000E-01    0.1195755004882812E-02
    4    0.1333984375000000E-01    0.1195945739746094E-02
    5    0.1542968750000000E-02    0.8717727661132813E-03
    6   -0.7617187500000000E-03    0.1148338317871094E-02
    7   -0.4277343750000000E-02    0.1294822692871094E-02
    8   -0.1601562500000000E-02    0.9100341796875000E-03
    9    0.1367187500000000E-02    0.9970855712890625E-03
   10   -0.4550781250000000E-02    0.1373405456542969E-02
   11   -0.2148437500000000E-03    0.1390190124511719E-02
   12   -0.2988281250000000E-02    0.8801651000976562E-03
   13   -0.8007812500000000E-03    0.7755661010742188E-03
   14    0.2675781250000000E-02    0.8586502075195313E-03
   15    0.2851562500000000E-02    0.8213806152343750E-03
   16    0.4785156250000000E-02    0.1154975891113281E-02
   17    0.4726562500000000E-02    0.9230804443359375E-03
   18    0.9843750000000000E-02    0.9101867675781250E-03
   19   -0.1757812500000000E-03    0.1025733947753906E-02
   20    0.8007812500000000E-03    0.1101722717285156E-02
   21   -0.2929687500000000E-02    0.7675170898437500E-03
   22    0.1054687500000000E-02    0.8638763427734375E-03
   23   -0.4570312500000000E-02    0.1109313964843750E-02
   24   -0.2773437500000000E-02    0.8413696289062500E-03
   25   -0.3554687500000000E-02    0.9402465820312500E-03
   26   -0.1191406250000000E-02    0.8618545532226563E-03
   27    0.4628906250000000E-02    0.1092109680175781E-02
   28   -0.3750000000000000E-02    0.9788513183593751E-03
   29   -0.2109375000000000E-02    0.1098861694335938E-02
   30   -0.5878906250000000E-02    0.1084861755371094E-02
   31    0.2753906250000000E-02    0.8841323852539063E-03
   32    0.7031250000000000E-03    0.1103057861328125E-02
   33    0.2070312500000000E-02    0.9817504882812501E-03
   34   -0.5097656250000000E-02    0.9816360473632812E-03
   35   -0.7421875000000000E-03    0.8833312988281250E-03
   36   -0.5273437500000000E-03    0.9669876098632813E-03
   37    0.5214843750000000E-02    0.8143234252929687E-03
   38   -0.1093750000000000E-02    0.9568023681640625E-03
   39   -0.2929687500000000E-02    0.9960937500000000E-03
   40   -0.1914062500000000E-02    0.8427429199218750E-03
   41    0.2929687500000000E-02    0.7315826416015625E-03
   42    0.5097656250000000E-02    0.1097068786621094E-02
   43    0.4394531250000000E-02    0.8495712280273438E-03
   44    0.2343750000000000E-03    0.1008682250976563E-02
   45    0.4960937500000000E-02    0.1022491455078125E-02
   46   -0.4101562500000000E-03    0.8836746215820313E-03
   47   -0.4257812500000000E-02    0.1369094848632812E-02
   48    0.1953125000000000E-04    0.1215629577636719E-02
   49    0.3242187500000000E-02    0.1063919067382812E-02
   50    0.7539062500000000E-02    0.9357452392578125E-03
   51   -0.1171875000000000E-02    0.1230621337890625E-02
   52    0.3144531250000000E-02    0.9910202026367188E-03
   53   -0.1191406250000000E-02    0.9618759155273438E-03
   54    0.2441406250000000E-02    0.8141708374023438E-03
   55    0.8789062500000000E-03    0.9998703002929688E-03
   56    0.3632812500000000E-02    0.8502197265625000E-03
   57   -0.2500000000000000E-02    0.6156921386718750E-03
   58   -0.3398437500000000E-02    0.1100692749023438E-02
   59   -0.1074218750000000E-02    0.9381484985351563E-03
   60   -0.3906250000000000E-03    0.1079711914062500E-02
   61    0.1679687500000000E-02    0.1228637695312500E-02
   62   -0.3964843750000000E-02    0.9036636352539062E-03
   63    0.2441406250000000E-02    0.1220130920410156E-02
   64    0.1660156250000000E-02    0.8765792846679687E-03
   65   -0.2929687500000000E-02    0.1038818359375000E-02
   66    0.5859375000000000E-04    0.1233024597167969E-02
   67    0.3496093750000000E-02    0.9311294555664063E-03
   68   -0.8203125000000000E-03    0.8164978027343750E-03
   69   -0.3144531250000000E-02    0.9912490844726563E-03
   70   -0.2734375000000000E-02    0.1044769287109375E-02
   71    0.3378906250000000E-02    0.1088829040527344E-02
   72    0.6445312500000000E-03    0.9195327758789063E-03
   73    0.2753906250000000E-02    0.1128654479980469E-02
   74   -0.8398437500000000E-03    0.1020317077636719E-02
   75    0.9179687499999999E-03    0.8140945434570312E-03
   76    0.1445312500000000E-02    0.1145706176757812E-02
   77    0.4003906250000000E-02    0.8621597290039062E-03
   78    0.1777343750000000E-02    0.1018638610839844E-02
   79   -0.3906250000000000E-03    0.9721374511718750E-03
   80    0.1738281250000000E-02    0.8479690551757812E-03
   81    0.0000000000000000E+00    0.8358764648437500E-03
   82   -0.2988281250000000E-02    0.9668350219726562E-03
   83   -0.3320312500000000E-03    0.1283531188964844E-02
   84    0.1289062500000000E-02    0.9101104736328125E-03
   85    0.5058593750000000E-02    0.1088981628417969E-02
   86    0.3203125000000000E-02    0.1031799316406250E-02
   87    0.4179687500000000E-02    0.9159851074218750E-03
   88    0.3457031250000000E-02    0.6090164184570313E-03
   89    0.4394531250000000E-02    0.9277725219726563E-03
   90    0.7167968750000000E-02    0.1071968078613281E-02
   91    0.3398437500000000E-02    0.8984375000000000E-03
   92    0.1152343750000000E-02    0.8781051635742187E-03
   93   -0.8593750000000000E-03    0.1170806884765625E-02
   94    0.3906250000000000E-03    0.8466339111328125E-03
   95    0.6054687500000000E-03    0.9061050415039063E-03
   96   -0.1777343750000000E-02    0.9145736694335938E-03
   97    0.1464843750000000E-02    0.7885360717773438E-03
   98   -0.4257812500000000E-02    0.8210754394531250E-03
   99    0.1796875000000000E-02    0.9630584716796875E-03
  100   -0.4296875000000000E-03    0.9238433837890625E-03
