# time =    0.4726
    0    0.1000000000000000E+01    0.1000000000000000E+01
    1    0.2605664062500000E+00    0.6870136260986329E-01
    2    0.9875000000000000E-01    0.1068794250488281E-01
    3    0.4716796875000000E-01    0.3140220642089844E-02
    4    0.1876953125000000E-01    0.1398353576660156E-02
    5    0.6542968750000000E-02    0.1450691223144531E-02
    6    0.6523437500000000E-02    0.1068191528320312E-02
    7   -0.9765625000000000E-03    0.8100128173828125E-03
    8   -0.4882812500000000E-03    0.1306037902832031E-02
    9   -0.2304687500000000E-02    0.1075439453125000E-02
   10    0.4257812500000000E-02    0.8689117431640625E-03
   11   -0.1562500000000000E-03    0.8124542236328125E-03
   12   -0.2773437500000000E-02    0.9866333007812499E-03
   13   -0.5664062500000000E-03    0.1222572326660156E-02
   14    0.1699218750000000E-02    0.9407424926757813E-03
   15    0.1953125000000000E-04    0.1293449401855469E-02
   16    0.0000000000000000E+00    0.9191894531250000E-03
   17    0.9199218750000000E-02    0.1037559509277344E-02
   18    0.6269531250000000E-02    0.9318161010742188E-03
   19    0.4589843750000000E-02    0.1012229919433594E-02
   20   -0.1933593750000000E-02    0.7472610473632812E-03
   21    0.6308593750000000E-02    0.1164207458496094E-02
   22   -0.1230468750000000E-02    0.8430862426757812E-03
   23    0.2324218750000000E-02    0.1255149841308594E-02
   24   -0.3046875000000000E-02    0.8236694335937500E-03
   25    0.2617187500000000E-02    0.1107254028320312E-02
   26    0.5136718750000000E-02    0.1069068908691406E-02
   27    0.1621093750000000E-02    0.1064186096191406E-02
   28    0.1289062500000000E-02    0.8051300048828125E-03
   29   -0.3183593750000000E-02    0.6799697875976562E-03
   30    0.1953125000000000E-03    0.8370208740234375E-03
   31    0.8789062500000000E-03    0.1184120178222656E-02
   32    0.2285156250000000E-02    0.1038703918457031E-02
   33    0.2480468750000000E-02    0.9325790405273437E-03
   34    0.5234375000000000E-02    0.9360504150390625E-03
   35    0.1093750000000000E-02    0.1109695434570312E-02
   36    0.3574218750000000E-02    0.9411239624023438E-03
   37    0.2597656250000000E-02    0.1093330383300781E-02
   38    0.2402343750000000E-02    0.1123313903808594E-02
   39    0.1386718750000000E-02    0.9167098999023438E-03
   40    0.6425781250000000E-02    0.9882736206054687E-03
   41    0.3906250000000000E-02    0.1041259765625000E-02
   42    0.9765625000000000E-03    0.1085205078125000E-02
   43   -0.4882812500000000E-03    0.8041000366210937E-03
   44    0.7812500000000000E-04    0.8250427246093750E-03
   45   -0.3125000000000000E-03    0.7649230957031250E-03
   46    0.1132812500000000E-02    0.9177398681640625E-03
   47   -0.1542968750000000E-02    0.9793472290039063E-03
   48    0.2519531250000000E-02    0.8884811401367187E-03
   49   -0.2871093750000000E-02    0.8628463745117187E-03
   50   -0.2519531250000000E-02    0.1355323791503906E-02
   51   -0.2089843750000000E-02    0.8776473999023437E-03
   52   -0.6894531250000000E-02    0.8452987670898438E-03
   53    0.3261718750000000E-02    0.8639144897460937E-03
   54    0.1328125000000000E-02    0.1045303344726562E-02
   55   -0.3144531250000000E-02    0.7571029663085937E-03
   56   -0.2109375000000000E-02    0.8145904541015625E-03
   57   -0.8007812500000000E-03    0.1119041442871094E-02
   58    0.1152343750000000E-02    0.8946609497070313E-03
   59   -0.8007812500000000E-03    0.9551620483398437E-03
   60    0.9179687499999999E-03    0.8954238891601562E-03
   61    0.1542968750000000E-02    0.9859848022460939E-03
   62    0.1679687500000000E-02    0.1002578735351562E-02
   63    0.1894531250000000E-02    0.8025741577148437E-03
   64   -0.4082031250000000E-02    0.8404922485351563E-03
   65   -0.4824218750000000E-02    0.9526443481445312E-03
   66   -0.4472656250000000E-02    0.1050758361816406E-02
   67   -0.5859375000000000E-03    0.1041183471679687E-02
   68    0.1074218750000000E-02    0.9643936157226563E-03
   69   -0.1367187500000000E-03    0.9444046020507812E-03
   70   -0.2109375000000000E-02    0.1038436889648438E-02
   71    0.2089843750000000E-02    0.8401107788085937E-03
   72   -0.7812500000000000E-03    0.9690093994140625E-03
   73   -0.5859375000000000E-03    0.8921813964843750E-03
   74   -0.4902343750000000E-02    0.9023666381835938E-03
   75   -0.7031250000000000E-03    0.1238555908203125E-02
   76   -0.4101562500000000E-02    0.1125717163085938E-02
   77   -0.4726562500000000E-02    0.1156463623046875E-02
   78   -0.6054687500000000E-03    0.1232414245605469E-02
   79   -0.4882812500000000E-03    0.9115982055664062E-03
   80    0.1621093750000000E-02    0.1061134338378906E-02
   81    0.4570312500000000E-02    0.1130523681640625E-02
   82    0.2734375000000000E-02    0.9561157226562499E-03
   83   -0.1464843750000000E-02    0.1101493835449219E-02
   84    0.3710937500000000E-03    0.1060676574707031E-02
   85   -0.2578125000000000E-02    0.8883666992187500E-03
   86    0.4882812500000000E-02    0.1081542968750000E-02
   87   -0.3906250000000000E-04    0.1132354736328125E-02
   88    0.2929687500000000E-02    0.1426620483398438E-02
   89   -0.3320312500000000E-02    0.1028289794921875E-02
   90   -0.2617187500000000E-02    0.1124267578125000E-02
   91    0.1464843750000000E-02    0.1220588684082031E-02
   92   -0.2890625000000000E-02    0.9938812255859376E-03
   93   -0.8242187500000000E-02    0.1190872192382813E-02
   94   -0.5605468750000000E-02    0.8158493041992188E-03
   95   -0.7656250000000000E-02    0.9368896484375000E-03
   96   -0.6113281250000000E-02    0.1038780212402344E-02
   97   -0.1660156250000000E-02    0.8550643920898438E-03
   98    0.2792968750000000E-02    0.8199691772460937E-03
   99    0.2500000000000000E-02    0.8842468261718750E-03
  100   -0.1386718750000000E-02    0.1012458801269531E-02
