# time =    0.4702
    0    0.1000000000000000E+01    0.1000000000000000E+01
    1    0.2493750000000000E+00    0.6285476684570312E-01
    2    0.7548828125000000E-01    0.6461830139160156E-02
    3    0.2414062500000000E-01    0.1528778076171875E-02
    4    0.1064453125000000E-01    0.1059074401855469E-02
    5    0.2128906250000000E-02    0.1033439636230469E-02
    6    0.4882812500000000E-03    0.1016197204589844E-02
    7    0.3515625000000000E-03    0.8303833007812500E-03
    8   -0.1894531250000000E-02    0.9972000122070313E-03
    9   -0.7031250000000000E-03    0.8919525146484375E-03
   10   -0.1425781250000000E-02    0.1047019958496094E-02
   11    0.5273437500000000E-03    0.9330368041992188E-03
   12   -0.2070312500000000E-02    0.1157913208007813E-02
   13    0.8593750000000000E-03    0.1141433715820313E-02
   14   -0.3007812500000000E-02    0.8957672119140625E-03
   15   -0.1972656250000000E-02    0.9393692016601562E-03
   16   -0.2949218750000000E-02    0.1024971008300781E-02
   17   -0.4375000000000000E-02    0.1009368896484375E-02
   18   -0.4218750000000000E-02    0.1103591918945313E-02
   19   -0.3046875000000000E-02    0.1020812988281250E-02
   20   -0.1816406250000000E-02    0.1254234313964844E-02
   21    0.8476562500000000E-02    0.1063385009765625E-02
   22    0.3203125000000000E-02    0.7801055908203125E-03
   23   -0.3496093750000000E-02    0.8819198608398437E-03
   24    0.9375000000000000E-03    0.9167480468750000E-03
   25    0.2949218750000000E-02    0.8661270141601563E-03
   26    0.4140625000000000E-02    0.1003265380859375E-02
   27    0.6250000000000000E-03    0.9394073486328125E-03
   28   -0.1640625000000000E-02    0.1041946411132812E-02
   29    0.1484375000000000E-02    0.8615112304687500E-03
   30    0.3945312500000000E-02    0.9724426269531250E-03
   31   -0.1171875000000000E-03    0.9702301025390625E-03
   32    0.1328125000000000E-02    0.1021957397460937E-02
   33    0.4179687500000000E-02    0.7541656494140625E-03
   34    0.3945312500000000E-02    0.8773803710937500E-03
   35    0.1972656250000000E-02    0.1170845031738281E-02
   36   -0.2988281250000000E-02    0.1010017395019531E-02
   37   -0.2714843750000000E-02    0.1129570007324219E-02
   38    0.1035156250000000E-02    0.9162521362304687E-03
   39    0.1035156250000000E-02    0.7594680786132813E-03
   40    0.7812500000000000E-03    0.8459472656250000E-03
   41   -0.1464843750000000E-02    0.9123611450195312E-03
   42    0.2910156250000000E-02    0.7909011840820313E-03
   43    0.3847656250000000E-02    0.8819198608398437E-03
   44    0.3632812500000000E-02    0.8795166015625000E-03
   45   -0.7812500000000000E-04    0.1081390380859375E-02
   46    0.2949218750000000E-02    0.1100425720214844E-02
   47    0.1562500000000000E-02    0.8891296386718750E-03
   48   -0.7226562500000000E-03    0.1121253967285156E-02
   49   -0.1484375000000000E-02    0.9898376464843751E-03
   50    0.3242187500000000E-02    0.1076812744140625E-02
   51   -0.1523437500000000E-02    0.9531402587890626E-03
   52   -0.9765625000000000E-03    0.1020507812500000E-02
   53   -0.2089843750000000E-02    0.8250045776367188E-03
   54    0.3964843750000000E-02    0.7175064086914063E-03
   55    0.9375000000000000E-03    0.9780883789062499E-03
   56   -0.4492187500000000E-03    0.1179008483886719E-02
   57   -0.1953125000000000E-04    0.9869003295898437E-03
   58   -0.5820312500000000E-02    0.9991455078125001E-03
   59    0.7812500000000000E-04    0.1018218994140625E-02
   60   -0.4492187500000000E-03    0.9983444213867187E-03
   61    0.3281250000000000E-02    0.1105728149414063E-02
   62    0.2148437500000000E-03    0.1131553649902344E-02
   63   -0.2675781250000000E-02    0.9887313842773437E-03
   64    0.1503906250000000E-02    0.8324050903320313E-03
   65   -0.2656250000000000E-02    0.8110046386718750E-03
   66   -0.1503906250000000E-02    0.7734298706054688E-03
   67   -0.1503906250000000E-02    0.1134529113769531E-02
   68   -0.2128906250000000E-02    0.9546279907226562E-03
   69   -0.5859375000000000E-04    0.1098976135253906E-02
   70    0.6250000000000000E-03    0.7757568359375001E-03
   71   -0.4707031250000000E-02    0.1156272888183594E-02
   72    0.3261718750000000E-02    0.9006881713867188E-03
   73    0.4570312500000000E-02    0.9889221191406250E-03
   74    0.1132812500000000E-02    0.1027297973632813E-02
   75   -0.4921875000000000E-02    0.1094207763671875E-02
   76    0.6250000000000000E-03    0.9908294677734375E-03
   77    0.4882812500000000E-03    0.1012687683105469E-02
   78    0.6250000000000000E-03    0.9194946289062500E-03
   79    0.3125000000000000E-02    0.1097259521484375E-02
   80    0.2636718750000000E-02    0.8340072631835937E-03
   81    0.6113281250000000E-02    0.8295822143554687E-03
   82    0.2343750000000000E-02    0.7555389404296875E-03
   83   -0.1757812500000000E-02    0.9259796142578125E-03
   84    0.2519531250000000E-02    0.9613418579101562E-03
   85    0.5429687500000000E-02    0.1218032836914063E-02
   86   -0.3769531250000000E-02    0.1230812072753906E-02
   87   -0.2832031250000000E-02    0.9994125366210938E-03
   88    0.2929687500000000E-03    0.1247596740722656E-02
   89    0.4101562500000000E-03    0.8633804321289063E-03
   90   -0.2324218750000000E-02    0.9026718139648437E-03
   91   -0.4335937500000000E-02    0.8226776123046875E-03
   92   -0.1171875000000000E-02    0.1027679443359375E-02
   93   -0.1894531250000000E-02    0.7973098754882812E-03
   94    0.2539062500000000E-03    0.1075172424316406E-02
   95    0.4023437500000000E-02    0.1110992431640625E-02
   96    0.1816406250000000E-02    0.9595108032226563E-03
   97   -0.1796875000000000E-02    0.6891632080078125E-03
   98   -0.8398437500000000E-03    0.8314895629882812E-03
   99    0.1757812500000000E-03    0.9402084350585937E-03
  100   -0.1777343750000000E-02    0.9597396850585938E-03
