# time =    0.4714
    0    0.1000000000000000E+01    0.1000000000000000E+01
    1    0.2131250000000000E+00    0.4625801086425781E-01
    2    0.5025390625000000E-01    0.3497047424316406E-02
    3    0.1167968750000000E-01    0.1027069091796875E-02
    4    0.2968750000000000E-02    0.1143188476562500E-02
    5   -0.1015625000000000E-02    0.7178497314453125E-03
    6   -0.9960937500000000E-03    0.1267585754394531E-02
    7    0.3242187500000000E-02    0.9857177734374999E-03
    8   -0.3164062500000000E-02    0.8840942382812500E-03
    9    0.6230468750000000E-02    0.1077537536621094E-02
   10    0.2246093750000000E-02    0.7995986938476563E-03
   11    0.1406250000000000E-02    0.8508300781250000E-03
   12   -0.1816406250000000E-02    0.7987594604492187E-03
   13    0.1171875000000000E-02    0.7662963867187500E-03
   14   -0.4804687500000000E-02    0.7802581787109375E-03
   15   -0.4902343750000000E-02    0.9360122680664063E-03
   16   -0.3378906250000000E-02    0.8164596557617188E-03
   17   -0.6113281250000000E-02    0.9982681274414062E-03
   18   -0.5859375000000000E-04    0.9550857543945313E-03
   19    0.2714843750000000E-02    0.1018180847167969E-02
   20    0.1699218750000000E-02    0.9608840942382812E-03
   21   -0.1113281250000000E-02    0.1000175476074219E-02
   22    0.1953125000000000E-02    0.9854125976562500E-03
   23    0.2441406250000000E-02    0.1263542175292969E-02
   24    0.4921875000000000E-02    0.1046905517578125E-02
   25   -0.6445312500000000E-03    0.1000022888183594E-02
   26   -0.1523437500000000E-02    0.7608032226562500E-03
   27    0.2343750000000000E-02    0.9304046630859375E-03
   28    0.1230468750000000E-02    0.9173202514648437E-03
   29   -0.9765625000000000E-03    0.9370422363281249E-03
   30   -0.4121093750000000E-02    0.1112632751464844E-02
   31    0.2148437500000000E-03    0.9829330444335938E-03
   32    0.4550781250000000E-02    0.8286666870117187E-03
   33    0.4296875000000000E-02    0.1089172363281250E-02
   34   -0.1367187500000000E-03    0.8024215698242187E-03
   35   -0.4277343750000000E-02    0.7719802856445313E-03
   36   -0.5078125000000000E-03    0.1028976440429688E-02
   37    0.2343750000000000E-02    0.1036834716796875E-02
   38    0.1855468750000000E-02    0.1007270812988281E-02
   39    0.8593750000000000E-03    0.1135330200195313E-02
   40   -0.1757812500000000E-02    0.9754180908203125E-03
   41   -0.2363281250000000E-02    0.1074943542480469E-02
   42   -0.9179687499999999E-03    0.1093711853027344E-02
   43   -0.4316406250000000E-02    0.1106758117675781E-02
   44    0.1855468750000000E-02    0.9990310668945312E-03
   45    0.2382812500000000E-02    0.9989166259765626E-03
   46    0.1152343750000000E-02    0.1247978210449219E-02
   47    0.5839843750000000E-02    0.1171455383300781E-02
   48   -0.2070312500000000E-02    0.1165618896484375E-02
   49   -0.7031250000000000E-03    0.8161926269531250E-03
   50   -0.2988281250000000E-02    0.9526443481445312E-03
   51   -0.4179687500000000E-02    0.8666229248046875E-03
   52   -0.3671875000000000E-02    0.9084320068359374E-03
   53    0.7031250000000000E-03    0.1063613891601562E-02
   54    0.8789062500000000E-03    0.1147270202636719E-02
   55    0.5761718750000000E-02    0.1001777648925781E-02
   56   -0.5468750000000001E-03    0.1009292602539062E-02
   57    0.2773437500000000E-02    0.1056823730468750E-02
   58   -0.4882812500000000E-03    0.1272621154785156E-02
   59    0.3320312500000000E-03    0.9235763549804688E-03
   60    0.2949218750000000E-02    0.7226181030273438E-03
   61   -0.1289062500000000E-02    0.8731842041015625E-03
   62   -0.7597656250000000E-02    0.1045112609863281E-02
   63   -0.8476562500000000E-02    0.1154022216796875E-02
   64   -0.5468750000000001E-03    0.6903076171875000E-03
   65    0.4921875000000000E-02    0.9846496582031250E-03
   66    0.2363281250000000E-02    0.8827590942382812E-03
   67    0.2949218750000000E-02    0.9595108032226563E-03
   68   -0.1367187500000000E-02    0.9633636474609375E-03
   69   -0.4492187500000000E-02    0.7518768310546875E-03
   70   -0.2734375000000000E-03    0.1001586914062500E-02
   71    0.2226562500000000E-02    0.8713531494140625E-03
   72    0.6582031250000000E-02    0.1168556213378906E-02
   73    0.5859375000000000E-03    0.1018295288085937E-02
   74    0.3378906250000000E-02    0.1216239929199219E-02
   75    0.3867187500000000E-02    0.9680175781250000E-03
   76    0.3281250000000000E-02    0.1035995483398437E-02
   77   -0.2207031250000000E-02    0.1116600036621094E-02
   78    0.6445312500000000E-03    0.1026191711425781E-02
   79    0.2734375000000000E-02    0.1335067749023438E-02
   80    0.1367187500000000E-02    0.8504486083984375E-03
   81    0.4179687500000000E-02    0.1050949096679688E-02
   82    0.4316406250000000E-02    0.9521865844726563E-03
   83   -0.3417968750000000E-02    0.1121559143066406E-02
   84   -0.8105468750000001E-02    0.1279335021972656E-02
   85   -0.5332031250000000E-02    0.7959365844726563E-03
   86   -0.1679687500000000E-02    0.1101379394531250E-02
   87    0.4687500000000000E-03    0.1211318969726563E-02
   88    0.4082031250000000E-02    0.9767532348632813E-03
   89    0.4570312500000000E-02    0.1006088256835938E-02
   90    0.2714843750000000E-02    0.8765029907226563E-03
   91    0.3144531250000000E-02    0.1305046081542969E-02
   92    0.1093750000000000E-02    0.9480285644531250E-03
   93   -0.1210937500000000E-02    0.7418060302734375E-03
   94    0.3320312500000000E-03    0.9159469604492188E-03
   95   -0.1796875000000000E-02    0.8930969238281250E-03
   96    0.2246093750000000E-02    0.1129951477050781E-02
   97   -0.4296875000000000E-03    0.1165924072265625E-02
   98   -0.6113281250000000E-02    0.9279251098632812E-03
   99   -0.7812500000000000E-03    0.1021347045898438E-02
  100    0.1953125000000000E-03    0.8527374267578125E-03
