# time =    0.4672
    0    0.1000000000000000E+01    0.1000000000000000E+01
    1    0.2540820312500000E+00    0.6567783355712890E-01
    2    0.7712890625000000E-01    0.6981773376464844E-02
    3    0.2457031250000000E-01    0.1616287231445312E-02
    4    0.1117187500000000E-01    0.1164093017578125E-02
    5    0.4160156250000000E-02    0.1012687683105469E-02
    6    0.8789062500000000E-03    0.1036949157714844E-02
    7   -0.1269531250000000E-02    0.7928085327148438E-03
    8   -0.4375000000000000E-02    0.7830810546875000E-03
    9   -0.4589843750000000E-02    0.8921432495117188E-03
   10   -0.2871093750000000E-02    0.1098136901855469E-02
   11   -0.8398437500000000E-03    0.7508468627929688E-03
   12    0.1777343750000000E-02    0.9879684448242188E-03
   13   -0.3964843750000000E-02    0.1266822814941406E-02
   14   -0.1972656250000000E-02    0.1098594665527344E-02
   15   -0.2089843750000000E-02    0.1070365905761719E-02
   16    0.1171875000000000E-03    0.8750152587890625E-03
   17    0.1777343750000000E-02    0.1161079406738281E-02
   18   -0.5312500000000000E-02    0.7752990722656250E-03
   19   -0.7011718750000000E-02    0.7555007934570313E-03
   20   -0.1093750000000000E-02    0.9252929687500000E-03
   21    0.1406250000000000E-02    0.1048812866210937E-02
   22    0.1347656250000000E-02    0.1125679016113281E-02
   23    0.5273437500000000E-03    0.9893417358398438E-03
   24   -0.4179687500000000E-02    0.1094894409179687E-02
   25    0.2226562500000000E-02    0.9681701660156250E-03
   26    0.5585937500000000E-02    0.9535980224609375E-03
   27   -0.4882812500000000E-03    0.7199478149414062E-03
   28   -0.3125000000000000E-03    0.8427429199218750E-03
   29    0.1699218750000000E-02    0.7736587524414063E-03
   30   -0.2558593750000000E-02    0.1101493835449219E-02
   31   -0.9570312500000000E-03    0.7828903198242187E-03
   32    0.3183593750000000E-02    0.1102867126464844E-02
   33    0.1269531250000000E-02    0.1050987243652344E-02
   34   -0.1972656250000000E-02    0.8700180053710937E-03
   35   -0.1972656250000000E-02    0.7847976684570312E-03
   36   -0.7226562500000000E-03    0.7486343383789062E-03
   37   -0.1503906250000000E-02    0.1036186218261719E-02
   38    0.5878906250000000E-02    0.1138877868652344E-02
   39    0.3183593750000000E-02    0.8502578735351562E-03
   40    0.2109375000000000E-02    0.7829284667968750E-03
   41   -0.2558593750000000E-02    0.9614944458007813E-03
   42   -0.3652343750000000E-02    0.1090278625488281E-02
   43   -0.8007812500000000E-03    0.9666824340820312E-03
   44    0.1953125000000000E-02    0.1058654785156250E-02
   45   -0.1367187500000000E-03    0.9897994995117189E-03
   46    0.1816406250000000E-02    0.8044815063476562E-03
   47   -0.2695312500000000E-02    0.8898162841796875E-03
   48   -0.4121093750000000E-02    0.8858108520507813E-03
   49    0.1347656250000000E-02    0.1103096008300781E-02
   50   -0.7617187500000000E-03    0.9920883178710937E-03
   51    0.1113281250000000E-02    0.9352493286132812E-03
   52   -0.8007812500000000E-03    0.1061134338378906E-02
   53    0.9765625000000001E-04    0.8374404907226563E-03
   54   -0.2148437500000000E-02    0.8686828613281250E-03
   55   -0.3437500000000000E-02    0.7884216308593750E-03
   56   -0.4726562500000000E-02    0.1185989379882812E-02
   57   -0.5195312500000000E-02    0.9263610839843750E-03
   58   -0.9570312500000000E-03    0.8332443237304688E-03
   59    0.3984375000000000E-02    0.8956146240234375E-03
   60    0.1074218750000000E-02    0.7455062866210938E-03
   61   -0.2363281250000000E-02    0.9608078002929688E-03
   62   -0.3808593750000000E-02    0.1000709533691406E-02
   63    0.7617187500000000E-03    0.9986495971679688E-03
   64    0.1718750000000000E-02    0.9938812255859376E-03
   65    0.9375000000000000E-03    0.9710693359375000E-03
   66    0.3671875000000000E-02    0.9026336669921875E-03
   67    0.3535156250000000E-02    0.1096382141113281E-02
   68   -0.1738281250000000E-02    0.9491348266601563E-03
   69   -0.1835937500000000E-02    0.9311676025390625E-03
   70    0.2539062500000000E-03    0.9132003784179687E-03
   71   -0.2929687500000000E-02    0.9700775146484375E-03
   72   -0.8691406250000000E-02    0.9247970581054688E-03
   73    0.1230468750000000E-02    0.9773635864257812E-03
   74   -0.1796875000000000E-02    0.9777832031250000E-03
   75   -0.7617187500000000E-03    0.1091117858886719E-02
   76   -0.6445312500000000E-03    0.1016349792480469E-02
   77    0.7421875000000000E-03    0.1205368041992188E-02
   78   -0.3789062500000000E-02    0.1058349609375000E-02
   79    0.1992187500000000E-02    0.7851409912109375E-03
   80   -0.2910156250000000E-02    0.1082267761230469E-02
   81    0.6054687500000000E-03    0.9825515747070312E-03
   82   -0.4042968750000000E-02    0.9674453735351563E-03
   83   -0.4160156250000000E-02    0.9092330932617187E-03
   84   -0.2070312500000000E-02    0.1005859375000000E-02
   85    0.3906250000000000E-02    0.1012496948242188E-02
   86   -0.1933593750000000E-02    0.1235542297363281E-02
   87   -0.4570312500000000E-02    0.1098175048828125E-02
   88   -0.1210937500000000E-02    0.1053161621093750E-02
   89    0.4433593750000000E-02    0.9215927124023438E-03
   90   -0.8007812500000000E-03    0.8642959594726562E-03
   91   -0.4375000000000000E-02    0.8568572998046875E-03
   92    0.2382812500000000E-02    0.1186676025390625E-02
   93   -0.5175781250000000E-02    0.9865188598632813E-03
   94   -0.1621093750000000E-02    0.8903884887695312E-03
   95    0.2773437500000000E-02    0.9019470214843750E-03
   96    0.3574218750000000E-02    0.9460067749023438E-03
   97   -0.1074218750000000E-02    0.1059837341308594E-02
   98   -0.1230468750000000E-02    0.1028175354003906E-02
   99   -0.2519531250000000E-02    0.1076316833496094E-02
  100    0.4414062500000000E-02    0.8961486816406250E-03
