# time =    0.4683
    0    0.1000000000000000E+01    0.1000000000000000E+01
    1    0.2653125000000000E+00    0.7126808166503906E-01
    2    0.9949218750000000E-01    0.1073905944824219E-01
    3    0.4375000000000000E-01    0.2966995239257812E-02
    4    0.2611328125000000E-01    0.1762733459472656E-02
    5    0.1431640625000000E-01    0.1403694152832031E-02
    6    0.8476562500000000E-02    0.9484863281249999E-03
    7    0.5488281250000000E-02    0.1222114562988281E-02
    8    0.2578125000000000E-02    0.9976959228515626E-03
    9    0.3789062500000000E-02    0.8177185058593751E-03
   10    0.1953125000000000E-02    0.8728027343750000E-03
   11    0.5039062500000000E-02    0.9365081787109375E-03
   12   -0.1718750000000000E-02    0.1002578735351562E-02
   13    0.5859375000000000E-03    0.1029434204101563E-02
   14    0.6054687500000000E-03    0.1127510070800781E-02
   15    0.2011718750000000E-02    0.7035446166992188E-03
   16    0.6796875000000000E-02    0.7939910888671874E-03
   17    0.2597656250000000E-02    0.5934524536132812E-03
   18   -0.1777343750000000E-02    0.1016502380371094E-02
   19    0.2890625000000000E-02    0.1125259399414063E-02
   20    0.2265625000000000E-02    0.7024383544921874E-03
   21    0.9960937500000000E-03    0.1155204772949219E-02
   22   -0.3750000000000000E-02    0.9539794921875000E-03
   23   -0.2226562500000000E-02    0.1019134521484375E-02
   24    0.7226562500000000E-03    0.9249496459960937E-03
   25    0.2207031250000000E-02    0.1232872009277344E-02
   26    0.4707031250000000E-02    0.1234397888183594E-02
   27   -0.2363281250000000E-02    0.7983779907226562E-03
   28    0.8984375000000000E-03    0.8101654052734375E-03
   29   -0.3476562500000000E-02    0.8779144287109374E-03
   30   -0.2441406250000000E-02    0.7526779174804688E-03
   31    0.5214843750000000E-02    0.9436416625976563E-03
   32    0.9570312500000000E-03    0.8802413940429688E-03
   33   -0.1757812500000000E-03    0.8507156372070312E-03
   34   -0.1367187500000000E-03    0.7444381713867188E-03
   35   -0.4023437500000000E-02    0.8631896972656250E-03
   36   -0.1757812500000000E-03    0.8521652221679687E-03
   37    0.2187500000000000E-02    0.9685516357421875E-03
   38   -0.2207031250000000E-02    0.1081123352050781E-02
   39    0.9570312500000000E-03    0.1163520812988281E-02
   40   -0.1953125000000000E-03    0.9974670410156251E-03
   41    0.1718750000000000E-02    0.1156616210937500E-02
   42    0.2304687500000000E-02    0.1173171997070313E-02
   43    0.3593750000000000E-02    0.8204650878906250E-03
   44    0.1191406250000000E-02    0.1060905456542969E-02
   45    0.1367187500000000E-03    0.9861373901367187E-03
   46   -0.4003906250000000E-02    0.1019935607910156E-02
   47    0.2558593750000000E-02    0.1065711975097656E-02
   48    0.9960937500000000E-03    0.1162834167480469E-02
   49    0.3261718750000000E-02    0.8401107788085937E-03
   50    0.5664062500000000E-03    0.1018791198730469E-02
   51   -0.3222656250000000E-02    0.9363174438476562E-03
   52   -0.4648437500000000E-02    0.1026458740234375E-02
   53   -0.8789062500000000E-02    0.1173706054687500E-02
   54   -0.2343750000000000E-02    0.1087265014648437E-02
   55   -0.9765625000000001E-04    0.1130180358886719E-02
   56   -0.1953125000000000E-02    0.1022415161132812E-02
   57   -0.6796875000000000E-02    0.9450531005859375E-03
   58   -0.5937500000000000E-02    0.1343994140625000E-02
   59   -0.1093750000000000E-02    0.8230590820312500E-03
   60   -0.1777343750000000E-02    0.1012077331542969E-02
   61    0.5859375000000000E-04    0.9753799438476562E-03
   62   -0.4277343750000000E-02    0.1196174621582031E-02
   63   -0.2519531250000000E-02    0.1196556091308594E-02
   64    0.6445312500000000E-03    0.7938766479492188E-03
   65    0.2597656250000000E-02    0.8809280395507813E-03
   66   -0.1621093750000000E-02    0.8338546752929688E-03
   67   -0.3457031250000000E-02    0.9717941284179688E-03
   68   -0.3613281250000000E-02    0.9612655639648438E-03
   69   -0.2636718750000000E-02    0.7777023315429688E-03
   70    0.5664062500000000E-03    0.8615493774414062E-03
   71    0.1953125000000000E-03    0.1117477416992187E-02
   72   -0.3515625000000000E-03    0.9364318847656250E-03
   73   -0.3906250000000000E-03    0.9942626953124999E-03
   74   -0.2382812500000000E-02    0.1030044555664062E-02
   75   -0.1972656250000000E-02    0.1279869079589844E-02
   76   -0.5722656250000000E-02    0.1211814880371094E-02
   77   -0.8710937500000000E-02    0.1022720336914063E-02
   78   -0.7226562500000000E-03    0.9276962280273437E-03
   79   -0.2343750000000000E-02    0.9928131103515625E-03
   80   -0.2031250000000000E-02    0.8069610595703125E-03
   81   -0.6445312500000000E-03    0.7761764526367187E-03
   82    0.4101562500000000E-03    0.8534622192382812E-03
   83    0.7812500000000000E-04    0.8979034423828125E-03
   84    0.1250000000000000E-02    0.6066131591796875E-03
   85   -0.2324218750000000E-02    0.7974624633789063E-03
   86    0.5566406250000000E-02    0.7530593872070312E-03
   87    0.1757812500000000E-02    0.7344818115234375E-03
   88    0.2148437500000000E-03    0.7629776000976562E-03
   89   -0.2792968750000000E-02    0.1031379699707031E-02
   90   -0.1484375000000000E-02    0.1239089965820312E-02
   91    0.5468750000000001E-03    0.9165191650390625E-03
   92    0.7812500000000000E-03    0.1019210815429688E-02
   93    0.4101562500000000E-03    0.1124382019042969E-02
   94    0.6562500000000000E-02    0.1050186157226563E-02
   95   -0.1855468750000000E-02    0.9978103637695312E-03
   96   -0.1757812500000000E-02    0.8387756347656250E-03
   97    0.1250000000000000E-02    0.9739685058593750E-03
   98   -0.1406250000000000E-02    0.1026077270507813E-02
   99   -0.1074218750000000E-02    0.1054039001464844E-02
  100   -0.8281250000000000E-02    0.8873748779296875E-03
