# time =    0.4616
    0    0.1000000000000000E+01    0.1000000000000000E+01
    1    0.2994726562500000E+00    0.9043613433837891E-01
    2    0.1140625000000000E+00    0.1393775939941406E-01
    3    0.5197265625000000E-01    0.3536415100097656E-02
    4    0.2423828125000000E-01    0.1463203430175781E-02
    5    0.1371093750000000E-01    0.1009216308593750E-02
    6    0.4062500000000000E-02    0.1045761108398437E-02
    7    0.2617187500000000E-02    0.6639099121093750E-03
    8   -0.9570312500000000E-03    0.8302688598632813E-03
    9    0.7617187500000000E-03    0.1144218444824219E-02
   10    0.1445312500000000E-02    0.1082382202148438E-02
   11    0.1562500000000000E-03    0.1071853637695313E-02
   12   -0.1269531250000000E-02    0.9584426879882812E-03
   13   -0.2988281250000000E-02    0.7679367065429688E-03
   14   -0.2207031250000000E-02    0.8091354370117188E-03
   15   -0.4472656250000000E-02    0.1038017272949219E-02
   16    0.5468750000000001E-03    0.8428955078125000E-03
   17    0.1191406250000000E-02    0.1181068420410156E-02
   18   -0.7812500000000000E-04    0.8913421630859375E-03
   19   -0.1503906250000000E-02    0.8197402954101562E-03
   20   -0.7226562500000000E-03    0.7656478881835938E-03
   21   -0.4042968750000000E-02    0.8695602416992187E-03
   22    0.1132812500000000E-02    0.1006927490234375E-02
   23    0.4101562500000000E-03    0.1047630310058594E-02
   24    0.4355468750000000E-02    0.1106071472167969E-02
   25    0.2753906250000000E-02    0.8248519897460937E-03
   26   -0.1074218750000000E-02    0.1126365661621094E-02
   27   -0.2285156250000000E-02    0.8379745483398437E-03
   28   -0.7363281250000000E-02    0.1161766052246094E-02
   29    0.2070312500000000E-02    0.8743286132812500E-03
   30   -0.2714843750000000E-02    0.1009330749511719E-02
   31   -0.7226562500000000E-03    0.1191139221191406E-02
   32   -0.1425781250000000E-02    0.9766006469726562E-03
   33    0.1210937500000000E-02    0.7175445556640625E-03
   34   -0.3242187500000000E-02    0.7748413085937500E-03
   35   -0.2539062500000000E-02    0.8654022216796876E-03
   36    0.1777343750000000E-02    0.9323501586914062E-03
   37    0.2421875000000000E-02    0.8174133300781250E-03
   38   -0.5878906250000000E-02    0.1131095886230469E-02
   39   -0.2031250000000000E-02    0.1036987304687500E-02
   40   -0.5468750000000001E-03    0.1076965332031250E-02
   41   -0.2871093750000000E-02    0.1063194274902344E-02
   42   -0.2382812500000000E-02    0.9234619140625000E-03
   43    0.8398437500000000E-03    0.9540176391601563E-03
   44   -0.4179687500000000E-02    0.1248474121093750E-02
   45    0.5292968750000000E-02    0.1068534851074219E-02
   46    0.1816406250000000E-02    0.1138801574707031E-02
   47   -0.2363281250000000E-02    0.1094093322753906E-02
   48    0.3105468750000000E-02    0.1008644104003906E-02
   49   -0.2089843750000000E-02    0.6951522827148437E-03
   50   -0.1210937500000000E-02    0.7231140136718750E-03
   51   -0.1484375000000000E-02    0.9724426269531250E-03
   52   -0.2832031250000000E-02    0.9325027465820312E-03
   53   -0.7812500000000000E-03    0.9298706054687500E-03
   54    0.1386718750000000E-02    0.9490585327148437E-03
   55   -0.3320312500000000E-03    0.1146507263183594E-02
   56    0.2050781250000000E-02    0.1072425842285156E-02
   57   -0.1054687500000000E-02    0.1201629638671875E-02
   58   -0.2031250000000000E-02    0.8566284179687500E-03
   59   -0.3300781250000000E-02    0.6943130493164062E-03
   60   -0.5859375000000000E-04    0.1224861145019531E-02
   61    0.5878906250000000E-02    0.9431076049804687E-03
   62   -0.1660156250000000E-02    0.9573745727539062E-03
   63   -0.1250000000000000E-02    0.9553527832031250E-03
   64    0.3027343750000000E-02    0.9720993041992188E-03
   65    0.9960937500000000E-03    0.8980178833007812E-03
   66   -0.2109375000000000E-02    0.1164855957031250E-02
   67   -0.1289062500000000E-02    0.1100158691406250E-02
   68   -0.4003906250000000E-02    0.8347702026367188E-03
   69   -0.3046875000000000E-02    0.9126281738281250E-03
   70   -0.1953125000000000E-02    0.7870483398437500E-03
   71    0.3476562500000000E-02    0.8645629882812499E-03
   72    0.1191406250000000E-02    0.7703018188476563E-03
   73   -0.4882812500000000E-03    0.9760665893554688E-03
   74   -0.1093750000000000E-02    0.7526397705078125E-03
   75    0.5039062500000000E-02    0.8869934082031250E-03
   76    0.1796875000000000E-02    0.9967041015624999E-03
   77   -0.1074218750000000E-02    0.9675979614257813E-03
   78    0.1367187500000000E-02    0.1020050048828125E-02
   79    0.1171875000000000E-02    0.7856750488281250E-03
   80   -0.5859375000000000E-03    0.9987640380859375E-03
   81   -0.2597656250000000E-02    0.1039543151855469E-02
   82    0.2148437500000000E-02    0.9133148193359375E-03
   83    0.5351562500000000E-02    0.9676361083984375E-03
   84    0.4511718750000000E-02    0.7538223266601563E-03
   85    0.3203125000000000E-02    0.9280395507812500E-03
   86    0.6054687500000000E-03    0.1108207702636719E-02
   87    0.2109375000000000E-02    0.8402252197265625E-03
   88   -0.1250000000000000E-02    0.8760070800781249E-03
   89    0.1093750000000000E-02    0.1084976196289063E-02
   90    0.2734375000000000E-03    0.1290283203125000E-02
   91    0.1171875000000000E-03    0.1121215820312500E-02
   92   -0.5859375000000000E-03    0.1236267089843750E-02
   93   -0.5664062500000000E-03    0.7389450073242188E-03
   94    0.2128906250000000E-02    0.8859634399414062E-03
   95    0.6015625000000000E-02    0.9868621826171875E-03
   96    0.3339843750000000E-02    0.9874343872070313E-03
   97    0.7226562500000000E-03    0.9382247924804687E-03
   98    0.1386718750000000E-02    0.9533309936523437E-03
   99   -0.1093750000000000E-02    0.9175109863281250E-03
  100   -0.1171875000000000E-02    0.9487915039062500E-03
