# time =    0.4921
    0    0.1000000000000000E+01    0.1000000000000000E+01
    1    0.1859179687500000E+00    0.3553241729736328E-01
    2    0.3943359375000000E-01    0.2512016296386719E-02
    3    0.9589843750000000E-02    0.1048469543457031E-02
    4    0.3652343750000000E-02    0.1026344299316406E-02
    5   -0.5332031250000000E-02    0.1113929748535156E-02
    6   -0.4726562500000000E-02    0.9877014160156251E-03
    7    0.4101562500000000E-03    0.1040153503417969E-02
    8   -0.4765625000000000E-02    0.1111679077148438E-02
    9    0.1484375000000000E-02    0.1198959350585938E-02
   10   -0.1835937500000000E-02    0.1245346069335937E-02
   11   -0.2773437500000000E-02    0.8255767822265625E-03
   12   -0.3183593750000000E-02    0.7197189331054687E-03
   13   -0.4843750000000000E-02    0.1210250854492187E-02
   14   -0.4199218750000000E-02    0.7287216186523438E-03
   15   -0.4023437500000000E-02    0.1217956542968750E-02
   16   -0.8984375000000000E-03    0.1200485229492187E-02
   17   -0.3710937500000000E-03    0.1157112121582031E-02
   18    0.6445312500000000E-03    0.1006355285644531E-02
   19    0.5273437500000000E-03    0.1069602966308594E-02
   20    0.2089843750000000E-02    0.1136207580566406E-02
   21   -0.2167968750000000E-02    0.8694076538085937E-03
   22   -0.4003906250000000E-02    0.1228218078613281E-02
   23   -0.1503906250000000E-02    0.9519577026367188E-03
   24   -0.3554687500000000E-02    0.1113815307617188E-02
   25   -0.1738281250000000E-02    0.1005821228027344E-02
   26   -0.1582031250000000E-02    0.1102561950683594E-02
   27   -0.5468750000000001E-03    0.8798217773437499E-03
   28   -0.4433593750000000E-02    0.7226943969726562E-03
   29   -0.4316406250000000E-02    0.1057395935058594E-02
   30   -0.3984375000000000E-02    0.1088638305664062E-02
   31    0.1308593750000000E-02    0.1320610046386719E-02
   32   -0.1562500000000000E-03    0.9353637695312500E-03
   33    0.1347656250000000E-02    0.8955764770507813E-03
   34   -0.2656250000000000E-02    0.1276397705078125E-02
   35   -0.4199218750000000E-02    0.1164436340332031E-02
   36   -0.4785156250000000E-02    0.1044731140136719E-02
   37   -0.1484375000000000E-02    0.1083221435546875E-02
   38   -0.2812500000000000E-02    0.1315917968750000E-02
   39    0.2539062500000000E-02    0.8735656738281250E-03
   40   -0.1953125000000000E-04    0.9617996215820312E-03
   41    0.4511718750000000E-02    0.1100730895996094E-02
   42   -0.5273437500000000E-03    0.1028480529785156E-02
   43    0.3339843750000000E-02    0.8587265014648438E-03
   44   -0.1191406250000000E-02    0.1056709289550781E-02
   45   -0.8593750000000000E-03    0.8930969238281250E-03
   46    0.1171875000000000E-03    0.9831237792968751E-03
   47   -0.1640625000000000E-02    0.9970092773437501E-03
   48   -0.2734375000000000E-02    0.8992004394531250E-03
   49   -0.2480468750000000E-02    0.1000404357910156E-02
   50    0.1425781250000000E-02    0.9265518188476562E-03
   51    0.2109375000000000E-02    0.7961273193359375E-03
   52    0.4375000000000000E-02    0.7944488525390625E-03
   53    0.5351562500000000E-02    0.9342956542968750E-03
   54    0.1347656250000000E-02    0.1015663146972656E-02
   55   -0.1054687500000000E-02    0.8362579345703125E-03
   56    0.1894531250000000E-02    0.9215164184570312E-03
   57    0.4179687500000000E-02    0.1021194458007812E-02
   58   -0.3632812500000000E-02    0.8795166015625000E-03
   59   -0.4277343750000000E-02    0.9574508666992188E-03
   60   -0.2753906250000000E-02    0.9115219116210937E-03
   61   -0.4101562500000000E-02    0.1151580810546875E-02
   62   -0.2519531250000000E-02    0.1005821228027344E-02
   63    0.9179687499999999E-03    0.1087760925292969E-02
   64   -0.4296875000000000E-02    0.1050643920898438E-02
   65   -0.4101562500000000E-03    0.1072273254394531E-02
   66    0.2382812500000000E-02    0.9425354003906250E-03
   67    0.2519531250000000E-02    0.1272697448730469E-02
   68    0.5546875000000000E-02    0.1207122802734375E-02
   69    0.4707031250000000E-02    0.9576034545898438E-03
   70   -0.8984375000000000E-03    0.8409881591796875E-03
   71   -0.3437500000000000E-02    0.9199523925781250E-03
   72    0.3515625000000000E-03    0.9503936767578124E-03
   73   -0.1367187500000000E-03    0.9749984741210938E-03
   74    0.1464843750000000E-02    0.1039390563964844E-02
   75   -0.4101562500000000E-03    0.7871627807617187E-03
   76   -0.1269531250000000E-02    0.9572219848632813E-03
   77    0.3574218750000000E-02    0.1374549865722656E-02
   78   -0.5078125000000000E-03    0.7883453369140625E-03
   79    0.4335937500000000E-02    0.1239547729492187E-02
   80   -0.6171875000000000E-02    0.9458923339843750E-03
   81    0.1230468750000000E-02    0.9991836547851563E-03
   82   -0.1699218750000000E-02    0.1113395690917969E-02
   83    0.2343750000000000E-03    0.6537628173828125E-03
   84   -0.4882812500000000E-02    0.8710479736328125E-03
   85    0.9179687499999999E-03    0.1029777526855469E-02
   86   -0.1777343750000000E-02    0.9701156616210938E-03
   87   -0.1582031250000000E-02    0.9653091430664063E-03
   88   -0.1093750000000000E-02    0.1081390380859375E-02
   89    0.2246093750000000E-02    0.1043281555175781E-02
   90    0.5976562500000000E-02    0.9105682373046875E-03
   91    0.3007812500000000E-02    0.8610534667968750E-03
   92   -0.4199218750000000E-02    0.1079292297363281E-02
   93    0.1582031250000000E-02    0.9216690063476563E-03
   94    0.1210937500000000E-02    0.1063308715820313E-02
   95    0.1171875000000000E-03    0.1092071533203125E-02
   96   -0.1992187500000000E-02    0.1037063598632813E-02
   97   -0.1542968750000000E-02    0.9431076049804687E-03
   98    0.1953125000000000E-02    0.1104736328125000E-02
   99    0.8789062500000000E-03    0.9366989135742188E-03
  100    0.7617187500000000E-03    0.1053276062011719E-02
