# time =    0.4643
    0    0.1000000000000000E+01    0.1000000000000000E+01
    1    0.2092773437500000E+00    0.4441326141357422E-01
    2    0.4095703125000000E-01    0.2621040344238281E-02
    3    0.1318359375000000E-01    0.1154747009277344E-02
    4    0.4824218750000000E-02    0.9466171264648438E-03
    5   -0.1074218750000000E-02    0.9556961059570313E-03
    6    0.6250000000000000E-03    0.9499359130859375E-03
    7   -0.3105468750000000E-02    0.9504318237304688E-03
    8   -0.2460937500000000E-02    0.1148529052734375E-02
    9   -0.1015625000000000E-02    0.9906768798828125E-03
   10   -0.9179687499999999E-03    0.8186721801757813E-03
   11    0.1367187500000000E-03    0.1112174987792969E-02
   12   -0.1464843750000000E-02    0.1028938293457031E-02
   13    0.3125000000000000E-03    0.9138488769531250E-03
   14   -0.3808593750000000E-02    0.1202659606933594E-02
   15   -0.4628906250000000E-02    0.1152381896972656E-02
   16   -0.4160156250000000E-02    0.1141166687011719E-02
   17   -0.3320312500000000E-03    0.1037559509277344E-02
   18    0.3847656250000000E-02    0.8920669555664062E-03
   19    0.6835937500000000E-03    0.8726882934570313E-03
   20    0.1250000000000000E-02    0.9176635742187500E-03
   21   -0.4042968750000000E-02    0.1009635925292969E-02
   22    0.4687500000000000E-03    0.1141204833984375E-02
   23   -0.6445312500000000E-03    0.1004676818847656E-02
   24    0.4082031250000000E-02    0.1009864807128906E-02
   25    0.7226562500000000E-03    0.9550857543945313E-03
   26    0.6640625000000000E-03    0.1056747436523437E-02
   27   -0.1523437500000000E-02    0.8178710937500000E-03
   28   -0.2656250000000000E-02    0.8261108398437500E-03
   29   -0.5000000000000000E-02    0.1152496337890625E-02
   30   -0.3339843750000000E-02    0.1002922058105469E-02
   31   -0.3242187500000000E-02    0.8486938476562500E-03
   32   -0.4257812500000000E-02    0.1073074340820313E-02
   33    0.2597656250000000E-02    0.8521652221679687E-03
   34    0.3847656250000000E-02    0.9112930297851562E-03
   35   -0.2578125000000000E-02    0.1033096313476562E-02
   36   -0.2402343750000000E-02    0.1208686828613281E-02
   37    0.1035156250000000E-02    0.8964920043945312E-03
   38   -0.2929687500000000E-03    0.9447097778320313E-03
   39   -0.5078125000000000E-03    0.1081848144531250E-02
   40    0.4785156250000000E-02    0.1209678649902344E-02
   41    0.2636718750000000E-02    0.9407424926757813E-03
   42    0.7617187500000000E-03    0.1039085388183594E-02
   43   -0.2871093750000000E-02    0.1058082580566406E-02
   44   -0.1835937500000000E-02    0.8514404296875000E-03
   45    0.2890625000000000E-02    0.9452819824218750E-03
   46    0.4375000000000000E-02    0.9071350097656250E-03
   47    0.4589843750000000E-02    0.1099357604980469E-02
   48    0.3828125000000000E-02    0.7927703857421875E-03
   49    0.4648437500000000E-02    0.7969665527343750E-03
   50    0.1035156250000000E-02    0.1029472351074219E-02
   51    0.9960937500000000E-03    0.1012992858886719E-02
   52   -0.1367187500000000E-03    0.8436965942382812E-03
   53   -0.5410156250000000E-02    0.1135826110839844E-02
   54    0.7617187500000000E-03    0.9510421752929688E-03
   55    0.6640625000000000E-03    0.9809875488281251E-03
   56    0.2226562500000000E-02    0.9944915771484375E-03
   57   -0.4570312500000000E-02    0.8424377441406250E-03
   58   -0.4492187500000000E-02    0.9365081787109375E-03
   59   -0.2929687500000000E-03    0.8925247192382812E-03
   60   -0.3945312500000000E-02    0.8931732177734374E-03
   61   -0.9882812499999999E-02    0.9342956542968750E-03
   62   -0.9453125000000000E-02    0.8645629882812499E-03
   63    0.3320312500000000E-03    0.1032829284667969E-02
   64    0.3417968750000000E-02    0.1339225769042969E-02
   65    0.1445312500000000E-02    0.9600067138671875E-03
   66   -0.3105468750000000E-02    0.9888076782226562E-03
   67   -0.2363281250000000E-02    0.1062355041503906E-02
   68    0.3222656250000000E-02    0.8025741577148437E-03
   69    0.3125000000000000E-02    0.1026763916015625E-02
   70    0.4628906250000000E-02    0.1037406921386719E-02
   71   -0.1191406250000000E-02    0.8486557006835937E-03
   72   -0.3593750000000000E-02    0.1019973754882812E-02
   73    0.3125000000000000E-03    0.1416931152343750E-02
   74    0.1210937500000000E-02    0.1217880249023437E-02
   75    0.4960937500000000E-02    0.8387756347656250E-03
   76    0.5234375000000000E-02    0.1030960083007812E-02
   77    0.1933593750000000E-02    0.1183509826660156E-02
   78   -0.9179687499999999E-03    0.1045799255371094E-02
   79   -0.1171875000000000E-02    0.7096099853515625E-03
   80    0.4453125000000000E-02    0.8869934082031250E-03
   81    0.2851562500000000E-02    0.9015655517578125E-03
   82    0.3457031250000000E-02    0.1174354553222656E-02
   83    0.4687500000000000E-02    0.1073303222656250E-02
   84   -0.1738281250000000E-02    0.1076011657714844E-02
   85   -0.3164062500000000E-02    0.1108093261718750E-02
   86   -0.4531250000000000E-02    0.9622955322265625E-03
   87    0.2773437500000000E-02    0.8428192138671875E-03
   88    0.1269531250000000E-02    0.9762954711914063E-03
   89   -0.9765625000000000E-03    0.1057891845703125E-02
   90   -0.2792968750000000E-02    0.9011459350585937E-03
   91   -0.2636718750000000E-02    0.8589553833007812E-03
   92   -0.1855468750000000E-02    0.1242866516113281E-02
   93    0.7812500000000000E-04    0.8694458007812500E-03
   94   -0.1328125000000000E-02    0.8496856689453125E-03
   95   -0.1425781250000000E-02    0.1045417785644531E-02
   96    0.4687500000000000E-03    0.8934783935546875E-03
   97   -0.4062500000000000E-02    0.8889770507812500E-03
   98   -0.1640625000000000E-02    0.8832550048828125E-03
   99   -0.3730468750000000E-02    0.6804275512695313E-03
  100   -0.1109375000000000E-01    0.1071929931640625E-02
