# time =    0.4543
    0    0.1000000000000000E+01    0.1000000000000000E+01
    1    0.2637500000000000E+00    0.7035408020019532E-01
    2    0.7279296875000001E-01    0.6062812805175781E-02
    3    0.2033203125000000E-01    0.1269111633300781E-02
    4    0.4511718750000000E-02    0.1082878112792969E-02
    5    0.3515625000000000E-02    0.1067657470703125E-02
    6    0.5761718750000000E-02    0.1016654968261719E-02
    7    0.7226562500000000E-03    0.8173751831054688E-03
    8    0.6445312500000000E-03    0.7658004760742188E-03
    9   -0.3222656250000000E-02    0.9617233276367188E-03
   10    0.1230468750000000E-02    0.9592056274414062E-03
   11    0.7812500000000000E-04    0.8216094970703125E-03
   12   -0.1933593750000000E-02    0.8979415893554687E-03
   13   -0.3281250000000000E-02    0.9268951416015625E-03
   14   -0.2910156250000000E-02    0.8087539672851562E-03
   15    0.2285156250000000E-02    0.8768844604492188E-03
   16    0.2539062500000000E-02    0.1040878295898438E-02
   17    0.5214843750000000E-02    0.1197700500488281E-02
   18    0.2871093750000000E-02    0.1161079406738281E-02
   19   -0.3320312500000000E-03    0.1170082092285156E-02
   20    0.2871093750000000E-02    0.1011848449707031E-02
   21    0.4238281250000000E-02    0.1006965637207031E-02
   22   -0.2011718750000000E-02    0.1162452697753906E-02
   23   -0.1269531250000000E-02    0.8565139770507813E-03
   24   -0.7558593750000000E-02    0.9763717651367187E-03
   25   -0.2011718750000000E-02    0.9122085571289062E-03
   26   -0.4980468750000000E-02    0.8946609497070313E-03
   27   -0.2988281250000000E-02    0.8956527709960937E-03
   28   -0.1425781250000000E-02    0.8894729614257812E-03
   29   -0.2246093750000000E-02    0.7314682006835938E-03
   30   -0.7617187500000000E-03    0.9330368041992188E-03
   31   -0.3593750000000000E-02    0.7381439208984375E-03
   32    0.4492187500000000E-03    0.9334945678710938E-03
   33   -0.4238281250000000E-02    0.9341049194335938E-03
   34   -0.1601562500000000E-02    0.8312988281250000E-03
   35    0.2871093750000000E-02    0.9094619750976562E-03
   36    0.2519531250000000E-02    0.9261703491210937E-03
   37   -0.4296875000000000E-03    0.6114196777343750E-03
   38   -0.2187500000000000E-02    0.8556365966796875E-03
   39    0.2148437500000000E-03    0.1042289733886719E-02
   40    0.3027343750000000E-02    0.1145439147949219E-02
   41    0.3046875000000000E-02    0.9970092773437501E-03
   42    0.1171875000000000E-02    0.1284027099609375E-02
   43    0.8593750000000000E-03    0.8118438720703125E-03
   44   -0.1367187500000000E-02    0.9532928466796875E-03
   45   -0.4804687500000000E-02    0.1050338745117187E-02
   46   -0.4238281250000000E-02    0.1052131652832031E-02
   47    0.1035156250000000E-02    0.1016349792480469E-02
   48   -0.5078125000000000E-03    0.9340667724609376E-03
   49    0.2675781250000000E-02    0.8825302124023437E-03
   50    0.1132812500000000E-02    0.9230804443359375E-03
   51   -0.3710937500000000E-02    0.1042633056640625E-02
   52   -0.1445312500000000E-02    0.7402801513671875E-03
   53   -0.1152343750000000E-02    0.8520889282226563E-03
   54    0.7031250000000000E-03    0.1135482788085938E-02
   55   -0.1093750000000000E-02    0.7830810546875000E-03
   56   -0.6718750000000000E-02    0.8816528320312500E-03
   57   -0.3886718750000000E-02    0.8814620971679687E-03
   58   -0.3867187500000000E-02    0.8602905273437500E-03
   59    0.1015625000000000E-02    0.8586120605468750E-03
   60    0.2578125000000000E-02    0.9886932373046875E-03
   61    0.1308593750000000E-02    0.7719039916992187E-03
   62    0.6445312500000000E-03    0.7912826538085938E-03
   63    0.2304687500000000E-02    0.9980773925781249E-03
   64    0.9570312500000000E-03    0.1032981872558594E-02
   65    0.2382812500000000E-02    0.1062927246093750E-02
   66    0.2597656250000000E-02    0.9148025512695313E-03
   67    0.4550781250000000E-02    0.1150321960449219E-02
   68    0.4472656250000000E-02    0.7389450073242188E-03
   69   -0.2773437500000000E-02    0.9667968750000000E-03
   70    0.1542968750000000E-02    0.7705307006835938E-03
   71    0.1132812500000000E-02    0.1034240722656250E-02
   72    0.9765625000000000E-03    0.1034469604492188E-02
   73   -0.3769531250000000E-02    0.1076698303222656E-02
   74   -0.3203125000000000E-02    0.9268951416015625E-03
   75   -0.3750000000000000E-02    0.1047058105468750E-02
   76   -0.3164062500000000E-02    0.9775543212890625E-03
   77   -0.9960937500000000E-03    0.8671188354492188E-03
   78    0.7460937500000000E-02    0.1082305908203125E-02
   79    0.6660156250000000E-02    0.9284591674804687E-03
   80    0.1757812500000000E-03    0.6708908081054688E-03
   81   -0.2109375000000000E-02    0.8739471435546875E-03
   82   -0.1132812500000000E-02    0.9577941894531250E-03
   83    0.4101562500000000E-03    0.9226608276367188E-03
   84    0.1523437500000000E-02    0.1029357910156250E-02
   85    0.6679687500000000E-02    0.1037368774414062E-02
   86    0.1132812500000000E-02    0.1123657226562500E-02
   87    0.5078125000000000E-02    0.1194915771484375E-02
   88    0.4199218750000000E-02    0.1080513000488281E-02
   89    0.2539062500000000E-02    0.1315994262695313E-02
   90   -0.1074218750000000E-02    0.9907150268554687E-03
   91    0.1757812500000000E-03    0.1104087829589844E-02
   92   -0.2382812500000000E-02    0.9741210937500001E-03
   93   -0.1953125000000000E-03    0.8890533447265625E-03
   94    0.1054687500000000E-02    0.9921264648437499E-03
   95   -0.3085937500000000E-02    0.6200408935546875E-03
   96   -0.5097656250000000E-02    0.1017341613769531E-02
   97    0.1835937500000000E-02    0.8562469482421875E-03
   98    0.2402343750000000E-02    0.9640121459960938E-03
   99    0.2011718750000000E-02    0.9791946411132812E-03
  100   -0.5097656250000000E-02    0.9890365600585937E-03
