# time =    0.4651
    0    0.1000000000000000E+01    0.1000000000000000E+01
    1    0.2073828125000000E+00    0.4391593933105468E-01
    2    0.4154296875000000E-01    0.2767982482910156E-02
    3    0.1248046875000000E-01    0.1093940734863281E-02
    4   -0.1835937500000000E-02    0.1290435791015625E-02
    5    0.1093750000000000E-02    0.1084060668945313E-02
    6   -0.1445312500000000E-02    0.1068115234375000E-02
    7   -0.2773437500000000E-02    0.8277893066406250E-03
    8    0.6250000000000000E-03    0.1223220825195313E-02
    9   -0.2285156250000000E-02    0.8536911010742187E-03
   10    0.5078125000000000E-03    0.1022949218750000E-02
   11    0.3125000000000000E-02    0.1049575805664062E-02
   12   -0.3398437500000000E-02    0.1062011718750000E-02
   13   -0.2734375000000000E-02    0.8744049072265625E-03
   14    0.1035156250000000E-02    0.7546615600585938E-03
   15   -0.4765625000000000E-02    0.8599853515625000E-03
   16   -0.2773437500000000E-02    0.8794403076171875E-03
   17   -0.8984375000000000E-03    0.1016693115234375E-02
   18   -0.5859375000000000E-03    0.9474945068359375E-03
   19   -0.9570312500000000E-03    0.8642196655273438E-03
   20   -0.4296875000000000E-03    0.6945800781250000E-03
   21   -0.5839843750000000E-02    0.1085395812988281E-02
   22   -0.5019531250000000E-02    0.1018409729003906E-02
   23   -0.3789062500000000E-02    0.1052322387695313E-02
   24    0.1562500000000000E-03    0.8941650390625000E-03
   25    0.1328125000000000E-02    0.1126937866210938E-02
   26   -0.5996093750000000E-02    0.1028480529785156E-02
   27    0.1406250000000000E-02    0.9597778320312500E-03
   28    0.3906250000000000E-04    0.9264373779296876E-03
   29   -0.9570312500000000E-03    0.1168785095214844E-02
   30   -0.1757812500000000E-02    0.9444427490234375E-03
   31   -0.8984375000000000E-03    0.1147384643554687E-02
   32    0.1679687500000000E-02    0.9365844726562500E-03
   33   -0.1640625000000000E-02    0.1055755615234375E-02
   34    0.1171875000000000E-03    0.1006469726562500E-02
   35    0.6054687500000000E-03    0.9640121459960938E-03
   36    0.1640625000000000E-02    0.8245086669921874E-03
   37    0.2539062500000000E-03    0.7712936401367187E-03
   38   -0.3359375000000000E-02    0.1252670288085937E-02
   39    0.2050781250000000E-02    0.1112709045410156E-02
   40   -0.5644531250000000E-02    0.1378364562988281E-02
   41    0.7031250000000000E-03    0.1200408935546875E-02
   42    0.1171875000000000E-02    0.1165084838867188E-02
   43   -0.9765625000000000E-03    0.1052017211914062E-02
   44    0.4492187500000000E-03    0.1002006530761719E-02
   45   -0.1777343750000000E-02    0.8754348754882813E-03
   46   -0.1777343750000000E-02    0.1156425476074219E-02
   47    0.7031250000000000E-03    0.9371948242187500E-03
   48    0.1835937500000000E-02    0.9845733642578126E-03
   49   -0.4199218750000000E-02    0.9210586547851562E-03
   50   -0.2773437500000000E-02    0.8306884765625000E-03
   51   -0.3300781250000000E-02    0.9206771850585937E-03
   52   -0.5000000000000000E-02    0.1189651489257813E-02
   53    0.3437500000000000E-02    0.9806060791015625E-03
   54    0.5351562500000000E-02    0.7585144042968750E-03
   55    0.9179687499999999E-03    0.9371566772460937E-03
   56   -0.1503906250000000E-02    0.8282089233398438E-03
   57   -0.3652343750000000E-02    0.1031455993652344E-02
   58   -0.3906250000000000E-04    0.9375762939453125E-03
   59   -0.3671875000000000E-02    0.8596801757812501E-03
   60   -0.3027343750000000E-02    0.1359291076660156E-02
   61   -0.3710937500000000E-02    0.1100158691406250E-02
   62   -0.3417968750000000E-02    0.9144210815429688E-03
   63    0.2148437500000000E-03    0.1037483215332031E-02
   64   -0.2460937500000000E-02    0.1064682006835938E-02
   65    0.5253906250000000E-02    0.8378982543945313E-03
   66    0.5156250000000000E-02    0.7577514648437499E-03
   67    0.2050781250000000E-02    0.7425308227539063E-03
   68   -0.4492187500000000E-02    0.9296417236328125E-03
   69   -0.3710937500000000E-02    0.8973693847656250E-03
   70    0.8984375000000000E-03    0.1127319335937500E-02
   71   -0.2890625000000000E-02    0.1350708007812500E-02
   72    0.4179687500000000E-02    0.9701538085937500E-03
   73    0.5859375000000000E-04    0.9009170532226562E-03
   74    0.1171875000000000E-02    0.7791137695312500E-03
   75   -0.3261718750000000E-02    0.8830642700195313E-03
   76   -0.2265625000000000E-02    0.8177185058593751E-03
   77   -0.1191406250000000E-02    0.9061050415039063E-03
   78    0.1445312500000000E-02    0.9402465820312500E-03
   79   -0.7421875000000000E-03    0.9793853759765625E-03
   80   -0.5253906250000000E-02    0.1026649475097656E-02
   81    0.2929687500000000E-03    0.9104537963867187E-03
   82    0.3906250000000000E-04    0.8213806152343750E-03
   83   -0.7812500000000000E-02    0.8670806884765625E-03
   84    0.4296875000000000E-03    0.8634948730468751E-03
   85    0.3066406250000000E-02    0.9590530395507812E-03
   86   -0.1113281250000000E-02    0.9903335571289063E-03
   87   -0.4296875000000000E-03    0.1040267944335937E-02
   88   -0.2207031250000000E-02    0.8503341674804687E-03
   89   -0.2460937500000000E-02    0.1015090942382813E-02
   90    0.2890625000000000E-02    0.1036682128906250E-02
   91    0.3984375000000000E-02    0.7834625244140625E-03
   92    0.3242187500000000E-02    0.1106262207031250E-02
   93    0.7363281250000000E-02    0.1174278259277344E-02
   94    0.2265625000000000E-02    0.9877777099609375E-03
   95   -0.9179687499999999E-03    0.8783340454101562E-03
   96    0.4179687500000000E-02    0.1077041625976562E-02
   97    0.7070312500000000E-02    0.9191131591796875E-03
   98    0.2382812500000000E-02    0.7583618164062500E-03
   99   -0.2519531250000000E-02    0.9650039672851562E-03
  100    0.6015625000000000E-02    0.1149444580078125E-02
