# time =    0.4651
    0    0.1000000000000000E+01    0.1000000000000000E+01
    1    0.1974414062500000E+00    0.3998851776123047E-01
    2    0.4560546875000000E-01    0.2899665832519531E-02
    3    0.1402343750000000E-01    0.8964538574218750E-03
    4   -0.1132812500000000E-02    0.1115188598632812E-02
    5    0.5390625000000000E-02    0.7797241210937500E-03
    6    0.3105468750000000E-02    0.9682846069335938E-03
    7    0.2480468750000000E-02    0.9907913208007813E-03
    8    0.8789062500000000E-03    0.8801651000976562E-03
    9    0.1875000000000000E-02    0.9020996093750000E-03
   10   -0.1171875000000000E-02    0.1004409790039063E-02
   11    0.1621093750000000E-02    0.1018486022949219E-02
   12    0.4882812500000000E-03    0.9991836547851563E-03
   13   -0.7441406250000000E-02    0.9112930297851562E-03
   14    0.1757812500000000E-03    0.8323287963867187E-03
   15   -0.2597656250000000E-02    0.9932327270507813E-03
   16   -0.4218750000000000E-02    0.8313751220703125E-03
   17    0.1640625000000000E-02    0.1123046875000000E-02
   18   -0.2167968750000000E-02    0.8028793334960937E-03
   19    0.2773437500000000E-02    0.9751892089843749E-03
   20   -0.2109375000000000E-02    0.8885955810546875E-03
   21    0.2617187500000000E-02    0.1150360107421875E-02
   22    0.1621093750000000E-02    0.8837509155273437E-03
   23    0.1308593750000000E-02    0.1179084777832031E-02
   24   -0.1562500000000000E-02    0.1111831665039062E-02
   25   -0.9179687499999999E-03    0.9364700317382813E-03
   26   -0.2324218750000000E-02    0.1027259826660156E-02
   27    0.4707031250000000E-02    0.1041679382324219E-02
   28   -0.3710937500000000E-02    0.1264266967773438E-02
   29   -0.1152343750000000E-02    0.1054496765136719E-02
   30    0.2773437500000000E-02    0.1020050048828125E-02
   31   -0.2500000000000000E-02    0.8016967773437500E-03
   32    0.5390625000000000E-02    0.8458709716796875E-03
   33    0.4589843750000000E-02    0.8505630493164062E-03
   34    0.2109375000000000E-02    0.1096572875976562E-02
   35    0.1796875000000000E-02    0.1114120483398438E-02
   36    0.1386718750000000E-02    0.1030769348144531E-02
   37    0.3769531250000000E-02    0.1059379577636719E-02
   38    0.4902343750000000E-02    0.9482192993164062E-03
   39    0.6308593750000000E-02    0.1004524230957031E-02
   40   -0.2363281250000000E-02    0.1045494079589844E-02
   41   -0.5273437500000000E-03    0.1037254333496094E-02
   42   -0.2421875000000000E-02    0.9024810791015625E-03
   43    0.3144531250000000E-02    0.9914779663085938E-03
   44    0.8007812500000000E-03    0.1022911071777344E-02
   45   -0.3515625000000000E-02    0.9752655029296875E-03
   46   -0.2089843750000000E-02    0.7729721069335937E-03
   47    0.3769531250000000E-02    0.7402420043945313E-03
   48    0.2324218750000000E-02    0.1009101867675781E-02
   49    0.1914062500000000E-02    0.9793853759765625E-03
   50    0.3066406250000000E-02    0.8084487915039063E-03
   51   -0.9765625000000000E-03    0.1015625000000000E-02
   52    0.5859375000000000E-04    0.1198387145996094E-02
   53    0.1679687500000000E-02    0.1115493774414063E-02
   54    0.4414062500000000E-02    0.1079711914062500E-02
   55    0.3339843750000000E-02    0.9376144409179687E-03
   56    0.7226562500000000E-03    0.7719802856445313E-03
   57   -0.2929687500000000E-03    0.1029319763183594E-02
   58   -0.1093750000000000E-02    0.7981872558593750E-03
   59   -0.2480468750000000E-02    0.8554458618164062E-03
   60   -0.2851562500000000E-02    0.1023712158203125E-02
   61   -0.4160156250000000E-02    0.8948898315429688E-03
   62   -0.2109375000000000E-02    0.9648895263671875E-03
   63    0.3417968750000000E-02    0.1177101135253906E-02
   64   -0.1367187500000000E-03    0.8763504028320312E-03
   65   -0.5468750000000001E-03    0.8326721191406250E-03
   66    0.7207031250000000E-02    0.8644485473632813E-03
   67    0.5566406250000000E-02    0.8511734008789062E-03
   68   -0.1171875000000000E-02    0.1057205200195312E-02
   69   -0.2343750000000000E-03    0.9147644042968750E-03
   70   -0.4179687500000000E-02    0.1054840087890625E-02
   71   -0.1699218750000000E-02    0.8909988403320312E-03
   72   -0.1621093750000000E-02    0.9802627563476564E-03
   73   -0.2343750000000000E-02    0.1113128662109375E-02
   74    0.3242187500000000E-02    0.9535980224609375E-03
   75    0.2441406250000000E-02    0.6603622436523438E-03
   76    0.2402343750000000E-02    0.1154289245605469E-02
   77    0.1503906250000000E-02    0.8260726928710938E-03
   78    0.1796875000000000E-02    0.1176223754882812E-02
   79    0.1230468750000000E-02    0.9037399291992187E-03
   80    0.1562500000000000E-03    0.7730102539062499E-03
   81   -0.3515625000000000E-03    0.1029052734375000E-02
   82    0.2871093750000000E-02    0.1249580383300781E-02
   83   -0.8007812500000000E-03    0.8096694946289062E-03
   84    0.5546875000000000E-02    0.1413955688476563E-02
   85    0.3515625000000000E-03    0.8113861083984375E-03
   86   -0.1757812500000000E-02    0.1244430541992188E-02
   87   -0.1210937500000000E-02    0.1366348266601563E-02
   88    0.1757812500000000E-02    0.1245269775390625E-02
   89    0.3476562500000000E-02    0.1120147705078125E-02
   90    0.1738281250000000E-02    0.8919143676757813E-03
   91    0.1210937500000000E-02    0.8570861816406250E-03
   92    0.4687500000000000E-02    0.8410644531250000E-03
   93   -0.2441406250000000E-02    0.1195411682128906E-02
   94    0.9375000000000000E-03    0.1009368896484375E-02
   95    0.2246093750000000E-02    0.9281539916992188E-03
   96    0.3515625000000000E-03    0.8280181884765625E-03
   97   -0.2343750000000000E-03    0.7550811767578125E-03
   98   -0.2929687500000000E-03    0.1170158386230469E-02
   99    0.2304687500000000E-02    0.1030883789062500E-02
  100    0.2343750000000000E-03    0.9665679931640625E-03
