# time =    0.4416
    0    0.1000000000000000E+01    0.1000000000000000E+01
    1    0.3420312500000000E+00    0.1176847839355469E+00
    2    0.1502539062500000E+00    0.2346668243408203E-01
    3    0.8314453125000000E-01    0.7808494567871094E-02
    4    0.5367187500000000E-01    0.4025344848632813E-02
    5    0.3464843750000000E-01    0.2306823730468750E-02
    6    0.2623046875000000E-01    0.1569862365722656E-02
    7    0.1228515625000000E-01    0.1340980529785156E-02
    8    0.9726562500000001E-02    0.1087951660156250E-02
    9    0.9179687500000000E-02    0.1222000122070312E-02
   10    0.7304687500000000E-02    0.9938049316406249E-03
   11    0.7929687499999999E-02    0.1424407958984375E-02
   12    0.1152343750000000E-01    0.1397399902343750E-02
   13    0.3320312500000000E-02    0.9578704833984375E-03
   14    0.3613281250000000E-02    0.9306716918945312E-03
   15    0.4296875000000000E-02    0.9088897705078125E-03
   16    0.4257812500000000E-02    0.9304809570312500E-03
   17    0.2539062500000000E-02    0.1142120361328125E-02
   18   -0.1328125000000000E-02    0.9059906005859375E-03
   19   -0.2480468750000000E-02    0.8617782592773437E-03
   20   -0.2617187500000000E-02    0.1067733764648437E-02
   21   -0.5820312500000000E-02    0.8409118652343750E-03
   22   -0.4394531250000000E-02    0.8011245727539062E-03
   23   -0.4023437500000000E-02    0.8394622802734375E-03
   24   -0.5371093750000000E-02    0.1012382507324219E-02
   25   -0.1464843750000000E-02    0.1168327331542969E-02
   26    0.1367187500000000E-02    0.1038513183593750E-02
   27   -0.1660156250000000E-02    0.1138572692871094E-02
   28   -0.3105468750000000E-02    0.1165733337402344E-02
   29   -0.3261718750000000E-02    0.1175727844238281E-02
   30   -0.1230468750000000E-02    0.9857559204101563E-03
   31    0.6191406250000000E-02    0.9297561645507812E-03
   32   -0.3789062500000000E-02    0.8407592773437500E-03
   33    0.4296875000000000E-03    0.8421325683593750E-03
   34   -0.2753906250000000E-02    0.8316421508789062E-03
   35   -0.3417968750000000E-02    0.8641433715820313E-03
   36   -0.2480468750000000E-02    0.1035728454589844E-02
   37   -0.4101562500000000E-03    0.1232490539550781E-02
   38    0.3359375000000000E-02    0.1060104370117187E-02
   39   -0.9179687499999999E-03    0.9386062622070313E-03
   40    0.1562500000000000E-03    0.8676910400390625E-03
   41    0.1425781250000000E-02    0.1029701232910156E-02
   42    0.1054687500000000E-02    0.1008529663085937E-02
   43   -0.2304687500000000E-02    0.9305572509765625E-03
   44   -0.4199218750000000E-02    0.9502029418945313E-03
   45    0.3398437500000000E-02    0.8915710449218750E-03
   46   -0.7812500000000000E-03    0.9581756591796875E-03
   47   -0.9765625000000000E-03    0.7335662841796875E-03
   48   -0.3125000000000000E-03    0.8905029296875000E-03
   49   -0.3789062500000000E-02    0.8951568603515625E-03
   50    0.7812500000000000E-03    0.8641052246093750E-03
   51   -0.8007812500000000E-03    0.7201004028320313E-03
   52   -0.2148437500000000E-03    0.9769821166992188E-03
   53    0.6640625000000000E-03    0.8727264404296875E-03
   54    0.7617187500000000E-03    0.9604263305664063E-03
   55   -0.6250000000000000E-03    0.9032440185546875E-03
   56   -0.2597656250000000E-02    0.7393264770507813E-03
   57   -0.1679687500000000E-02    0.1019744873046875E-02
   58    0.8984375000000000E-03    0.8469390869140625E-03
   59   -0.2011718750000000E-02    0.9340286254882812E-03
   60   -0.2480468750000000E-02    0.8115768432617188E-03
   61   -0.6972656250000000E-02    0.7945632934570312E-03
   62   -0.4843750000000000E-02    0.9872436523437500E-03
   63   -0.4980468750000000E-02    0.1079902648925781E-02
   64   -0.8007812500000000E-03    0.7928085327148438E-03
   65    0.7226562500000000E-03    0.7628250122070312E-03
   66    0.1914062500000000E-02    0.7685852050781250E-03
   67    0.8398437500000000E-03    0.8880996704101563E-03
   68    0.8984375000000000E-03    0.9487915039062500E-03
   69   -0.8398437500000000E-03    0.7789230346679687E-03
   70    0.2421875000000000E-02    0.9310913085937500E-03
   71   -0.2832031250000000E-02    0.1001319885253906E-02
   72   -0.1367187500000000E-03    0.7693099975585937E-03
   73    0.3691406250000000E-02    0.7776260375976562E-03
   74    0.1425781250000000E-02    0.9100723266601562E-03
   75   -0.2382812500000000E-02    0.7989501953125000E-03
   76    0.2753906250000000E-02    0.1093177795410156E-02
   77    0.3515625000000000E-03    0.1041107177734375E-02
   78   -0.1054687500000000E-02    0.1001358032226562E-02
   79   -0.1132812500000000E-02    0.9272766113281250E-03
   80   -0.3945312500000000E-02    0.6978607177734375E-03
   81   -0.3164062500000000E-02    0.9088134765625000E-03
   82    0.9765625000000000E-03    0.7866668701171875E-03
   83    0.6835937500000000E-03    0.1057929992675781E-02
   84    0.3847656250000000E-02    0.9034347534179688E-03
   85    0.2988281250000000E-02    0.1171226501464844E-02
   86    0.4765625000000000E-02    0.1065216064453125E-02
   87    0.3105468750000000E-02    0.1163749694824219E-02
   88    0.8203125000000000E-03    0.9909820556640624E-03
   89   -0.1054687500000000E-02    0.1143875122070313E-02
   90   -0.2519531250000000E-02    0.1110191345214844E-02
   91   -0.5390625000000000E-02    0.9584808349609375E-03
   92   -0.3125000000000000E-03    0.9644317626953125E-03
   93   -0.2246093750000000E-02    0.1172370910644531E-02
   94   -0.1875000000000000E-02    0.9291076660156250E-03
   95    0.0000000000000000E+00    0.7995605468750000E-03
   96   -0.1484375000000000E-02    0.8065795898437500E-03
   97   -0.4687500000000000E-02    0.1060791015625000E-02
   98   -0.2128906250000000E-02    0.8296585083007813E-03
   99   -0.2792968750000000E-02    0.8457565307617188E-03
  100   -0.3378906250000000E-02    0.9328079223632813E-03
