# time =    0.4672
    0    0.1000000000000000E+01    0.1000000000000000E+01
    1    0.2231640625000000E+00    0.5058593750000000E-01
    2    0.5548828125000000E-01    0.4040489196777344E-02
    3    0.9941406250000000E-02    0.1019172668457031E-02
    4    0.5878906250000000E-02    0.9537124633789062E-03
    5    0.1425781250000000E-02    0.8511734008789062E-03
    6    0.1171875000000000E-03    0.9807586669921876E-03
    7   -0.6035156250000000E-02    0.9886550903320313E-03
    8    0.1269531250000000E-02    0.9405136108398438E-03
    9   -0.9765625000000000E-03    0.8096313476562500E-03
   10    0.6406250000000000E-02    0.1079711914062500E-02
   11    0.1601562500000000E-02    0.8106231689453125E-03
   12    0.6835937500000000E-03    0.8992385864257812E-03
   13   -0.2910156250000000E-02    0.8932113647460938E-03
   14   -0.2343750000000000E-02    0.9348297119140625E-03
   15   -0.5585937500000000E-02    0.9263610839843750E-03
   16    0.5527343750000000E-02    0.1001930236816406E-02
   17    0.3320312500000000E-02    0.7872772216796875E-03
   18    0.2519531250000000E-02    0.1047706604003906E-02
   19    0.4082031250000000E-02    0.9310531616210937E-03
   20   -0.3125000000000000E-03    0.1012268066406250E-02
   21    0.9375000000000000E-03    0.9063720703125000E-03
   22    0.9570312500000000E-03    0.7917404174804688E-03
   23   -0.4335937500000000E-02    0.9432983398437500E-03
   24   -0.4843750000000000E-02    0.9417724609375000E-03
   25    0.1621093750000000E-02    0.8075332641601562E-03
   26   -0.1835937500000000E-02    0.9318542480468750E-03
   27    0.2753906250000000E-02    0.9992599487304687E-03
   28    0.9570312500000000E-03    0.9816360473632812E-03
   29   -0.3320312500000000E-02    0.1127319335937500E-02
   30   -0.3750000000000000E-02    0.1057281494140625E-02
   31   -0.2539062500000000E-02    0.1061782836914062E-02
   32    0.1972656250000000E-02    0.7419204711914063E-03
   33   -0.3632812500000000E-02    0.1057891845703125E-02
   34   -0.4921875000000000E-02    0.9169006347656251E-03
   35   -0.4101562500000000E-03    0.1294441223144531E-02
   36   -0.2714843750000000E-02    0.8470535278320313E-03
   37    0.1718750000000000E-02    0.1062469482421875E-02
   38   -0.1191406250000000E-02    0.8039474487304688E-03
   39   -0.6054687500000000E-03    0.7195663452148437E-03
   40   -0.4941406250000000E-02    0.9655380249023438E-03
   41    0.2089843750000000E-02    0.9011459350585937E-03
   42    0.3125000000000000E-03    0.8586883544921875E-03
   43   -0.5644531250000000E-02    0.1157417297363281E-02
   44   -0.1953125000000000E-02    0.9664916992187501E-03
   45    0.6640625000000000E-02    0.1114501953125000E-02
   46   -0.1093750000000000E-02    0.9429931640625000E-03
   47    0.5273437500000000E-03    0.1321830749511719E-02
   48   -0.8593750000000000E-03    0.1026077270507813E-02
   49    0.5039062500000000E-02    0.7756805419921875E-03
   50    0.2304687500000000E-02    0.9220123291015625E-03
   51   -0.2792968750000000E-02    0.1215858459472656E-02
   52    0.1972656250000000E-02    0.7997512817382813E-03
   53    0.9179687499999999E-03    0.8794784545898438E-03
   54    0.2734375000000000E-02    0.7894134521484375E-03
   55    0.7031250000000000E-03    0.1049575805664062E-02
   56    0.2578125000000000E-02    0.9182739257812500E-03
   57    0.9570312500000000E-03    0.9115982055664062E-03
   58   -0.4628906250000000E-02    0.1079063415527344E-02
   59    0.3203125000000000E-02    0.1014175415039063E-02
   60   -0.6347656250000000E-02    0.1083564758300781E-02
   61   -0.3691406250000000E-02    0.9490585327148437E-03
   62   -0.1953125000000000E-03    0.9209442138671875E-03
   63    0.3437500000000000E-02    0.8191680908203125E-03
   64   -0.2460937500000000E-02    0.8542633056640625E-03
   65   -0.6835937500000000E-03    0.9314346313476562E-03
   66    0.7812500000000000E-03    0.1022644042968750E-02
   67   -0.2675781250000000E-02    0.1092262268066406E-02
   68    0.5683593750000000E-02    0.1296501159667969E-02
   69    0.7812500000000000E-03    0.9711456298828125E-03
   70   -0.1347656250000000E-02    0.1360816955566406E-02
   71    0.4550781250000000E-02    0.1125068664550781E-02
   72    0.1464843750000000E-02    0.1068382263183594E-02
   73   -0.1367187500000000E-02    0.1085891723632813E-02
   74   -0.7871093750000000E-02    0.1054267883300781E-02
   75   -0.5878906250000000E-02    0.1067161560058594E-02
   76   -0.3515625000000000E-02    0.9016418457031251E-03
   77    0.3906250000000000E-04    0.1169281005859375E-02
   78   -0.3378906250000000E-02    0.9096908569335937E-03
   79    0.1914062500000000E-02    0.9559631347656250E-03
   80   -0.4101562500000000E-03    0.8430862426757812E-03
   81    0.3261718750000000E-02    0.8716964721679687E-03
   82    0.8984375000000000E-03    0.8713531494140625E-03
   83   -0.9765625000000000E-03    0.1050338745117187E-02
   84   -0.2910156250000000E-02    0.1039161682128906E-02
   85   -0.2968750000000000E-02    0.1337127685546875E-02
   86    0.3906250000000000E-03    0.8771514892578125E-03
   87   -0.3808593750000000E-02    0.1267967224121094E-02
   88   -0.5097656250000000E-02    0.9727859497070312E-03
   89   -0.1542968750000000E-02    0.9003829956054688E-03
   90   -0.1503906250000000E-02    0.9202957153320312E-03
   91    0.3535156250000000E-02    0.7654953002929687E-03
   92    0.3613281250000000E-02    0.1178398132324219E-02
   93   -0.1210937500000000E-02    0.1020812988281250E-02
   94    0.1074218750000000E-02    0.1076774597167969E-02
   95   -0.1523437500000000E-02    0.9700012207031250E-03
   96    0.9765625000000001E-04    0.1087760925292969E-02
   97    0.6445312500000000E-03    0.9137344360351563E-03
   98    0.1953125000000000E-03    0.7550048828125000E-03
   99   -0.1699218750000000E-02    0.1094856262207031E-02
  100   -0.3710937500000000E-03    0.1267127990722656E-02
