# time =    0.4088
    0    0.1000000000000000E+01    0.1000000000000000E+01
    1    0.4144140625000000E+00    0.1723801422119141E+00
    2    0.2553906250000000E+00    0.6607765197753906E-01
    3    0.1901171875000000E+00    0.3708503723144532E-01
    4    0.1545898437500000E+00    0.2458629608154297E-01
    5    0.1335937500000000E+00    0.1866516113281250E-01
    6    0.1232421875000000E+00    0.1600318908691406E-01
    7    0.1132421875000000E+00    0.1347297668457031E-01
    8    0.1036914062500000E+00    0.1130931854248047E-01
    9    0.1007421875000000E+00    0.1091491699218750E-01
   10    0.9431640625000000E-01    0.9698066711425781E-02
   11    0.9048828125000000E-01    0.8903694152832032E-02
   12    0.8746093750000000E-01    0.8360519409179687E-02
   13    0.8531250000000000E-01    0.8058547973632812E-02
   14    0.8132812500000000E-01    0.7392730712890625E-02
   15    0.7753906250000001E-01    0.6817626953125000E-02
   16    0.7726562500000000E-01    0.6700668334960937E-02
   17    0.7642578125000000E-01    0.6553611755371094E-02
   18    0.7294921875000000E-01    0.6015510559082031E-02
   19    0.7097656250000001E-01    0.5702590942382813E-02
   20    0.7158203125000000E-01    0.5739860534667969E-02
   21    0.6923828125000001E-01    0.5576210021972656E-02
   22    0.6714843750000000E-01    0.5368804931640625E-02
   23    0.6443359375000000E-01    0.5046348571777343E-02
   24    0.6386718750000001E-01    0.4886245727539063E-02
   25    0.6535156250000000E-01    0.5062255859375000E-02
   26    0.6638671875000000E-01    0.5203819274902344E-02
   27    0.6523437500000000E-01    0.5017318725585937E-02
   28    0.6423828125000000E-01    0.4802589416503906E-02
   29    0.6291015625000000E-01    0.4648094177246094E-02
   30    0.6173828125000000E-01    0.4416923522949218E-02
   31    0.6210937500000000E-01    0.4574127197265625E-02
   32    0.6089843750000000E-01    0.4417800903320312E-02
   33    0.5849609375000000E-01    0.4099006652832031E-02
   34    0.5667968750000000E-01    0.3968811035156250E-02
   35    0.5611328125000000E-01    0.3907432556152344E-02
   36    0.5587890625000000E-01    0.3813362121582031E-02
   37    0.5457031250000000E-01    0.3692169189453125E-02
   38    0.5388671875000000E-01    0.3537788391113281E-02
   39    0.5433593750000000E-01    0.3559722900390625E-02
   40    0.5406250000000000E-01    0.3636703491210938E-02
   41    0.5248046875000000E-01    0.3394355773925781E-02
   42    0.5117187500000000E-01    0.3227615356445313E-02
   43    0.5292968750000000E-01    0.3497924804687500E-02
   44    0.5140625000000000E-01    0.3323364257812500E-02
   45    0.5007812500000000E-01    0.3226776123046875E-02
   46    0.4980468750000000E-01    0.3110961914062500E-02
   47    0.4976562500000000E-01    0.3130035400390625E-02
   48    0.4919921875000000E-01    0.3044166564941406E-02
   49    0.4935546875000000E-01    0.3145027160644531E-02
   50    0.5007812500000000E-01    0.3203582763671875E-02
   51    0.4882812500000000E-01    0.2948303222656250E-02
   52    0.4837890625000000E-01    0.2918510437011719E-02
   53    0.4753906250000000E-01    0.2819747924804687E-02
   54    0.4824218750000000E-01    0.2973937988281250E-02
   55    0.4888671875000000E-01    0.3035316467285156E-02
   56    0.4718750000000000E-01    0.2822952270507812E-02
   57    0.4777343750000000E-01    0.2901763916015625E-02
   58    0.4632812500000000E-01    0.2808074951171875E-02
   59    0.4769531250000000E-01    0.2927856445312500E-02
   60    0.4750000000000000E-01    0.2867279052734375E-02
   61    0.4597656250000000E-01    0.2713394165039062E-02
   62    0.4544921875000000E-01    0.2676963806152344E-02
   63    0.4447265625000000E-01    0.2626991271972656E-02
   64    0.4361328125000000E-01    0.2603645324707031E-02
   65    0.4166015625000000E-01    0.2446327209472656E-02
   66    0.4388671875000000E-01    0.2614021301269531E-02
   67    0.4314453125000000E-01    0.2565879821777344E-02
   68    0.4412109375000000E-01    0.2618217468261719E-02
   69    0.4480468750000000E-01    0.2671051025390625E-02
   70    0.4181640625000000E-01    0.2347755432128906E-02
   71    0.4033203125000000E-01    0.2207221984863281E-02
   72    0.4005859375000000E-01    0.2217216491699219E-02
   73    0.3935546875000000E-01    0.2136650085449219E-02
   74    0.4013671875000000E-01    0.2138404846191406E-02
   75    0.3798828125000000E-01    0.2035102844238281E-02
   76    0.3916015625000000E-01    0.2098655700683594E-02
   77    0.4003906250000000E-01    0.2290267944335937E-02
   78    0.3849609375000000E-01    0.2165107727050781E-02
   79    0.3958984375000000E-01    0.2246742248535156E-02
   80    0.4066406250000000E-01    0.2370834350585938E-02
   81    0.4001953125000000E-01    0.2328453063964844E-02
   82    0.4003906250000000E-01    0.2291564941406250E-02
   83    0.3908203125000000E-01    0.2234306335449219E-02
   84    0.3919921875000000E-01    0.2228202819824219E-02
   85    0.3806640625000000E-01    0.2221336364746094E-02
   86    0.3761718750000000E-01    0.2167816162109375E-02
   87    0.3625000000000000E-01    0.2079315185546875E-02
   88    0.3488281250000000E-01    0.1976928710937500E-02
   89    0.3470703125000000E-01    0.1969947814941406E-02
   90    0.3677734375000000E-01    0.2146339416503906E-02
   91    0.3523437500000000E-01    0.2030410766601562E-02
   92    0.3501953125000000E-01    0.2031745910644531E-02
   93    0.3298828125000000E-01    0.1931266784667969E-02
   94    0.3320312500000000E-01    0.1933593750000000E-02
   95    0.3482421875000000E-01    0.2091865539550781E-02
   96    0.3443359375000000E-01    0.2075233459472656E-02
   97    0.3408203125000000E-01    0.2059516906738281E-02
   98    0.3392578125000000E-01    0.1972465515136719E-02
   99    0.3414062500000000E-01    0.2052917480468750E-02
  100    0.3308593750000000E-01    0.1870346069335938E-02
