# time =    0.4853
    0    0.1000000000000000E+01    0.1000000000000000E+01
    1    0.2095312500000000E+00    0.4476661682128906E-01
    2    0.4851562500000000E-01    0.3335418701171875E-02
    3    0.8652343749999999E-02    0.9489059448242188E-03
    4   -0.1328125000000000E-02    0.1064376831054687E-02
    5   -0.8789062500000000E-03    0.1092185974121094E-02
    6   -0.5546875000000000E-02    0.8684539794921875E-03
    7   -0.1601562500000000E-02    0.9956359863281250E-03
    8    0.4472656250000000E-02    0.8964157104492188E-03
    9   -0.3125000000000000E-03    0.1030807495117188E-02
   10    0.2500000000000000E-02    0.1146621704101562E-02
   11    0.8984375000000000E-03    0.8834075927734375E-03
   12   -0.2910156250000000E-02    0.1035728454589844E-02
   13    0.3066406250000000E-02    0.1006813049316406E-02
   14   -0.2734375000000000E-02    0.9750366210937500E-03
   15    0.4609375000000000E-02    0.1247558593750000E-02
   16   -0.7031250000000000E-03    0.1067123413085938E-02
   17   -0.5664062500000000E-02    0.1075057983398437E-02
   18    0.5195312500000000E-02    0.1117782592773437E-02
   19    0.5878906250000000E-02    0.1079444885253906E-02
   20   -0.2539062500000000E-02    0.9307098388671875E-03
   21    0.4160156250000000E-02    0.1241035461425781E-02
   22    0.1152343750000000E-02    0.8977127075195313E-03
   23   -0.1621093750000000E-02    0.1105384826660156E-02
   24   -0.1757812500000000E-02    0.9670257568359375E-03
   25   -0.6640625000000000E-03    0.1117477416992187E-02
   26    0.1679687500000000E-02    0.1115188598632812E-02
   27    0.1113281250000000E-02    0.1015129089355469E-02
   28    0.1367187500000000E-03    0.8684158325195313E-03
   29    0.1621093750000000E-02    0.8742141723632812E-03
   30   -0.2109375000000000E-02    0.9690856933593750E-03
   31    0.3125000000000000E-03    0.8898162841796875E-03
   32    0.6503906250000000E-02    0.9772872924804687E-03
   33    0.4375000000000000E-02    0.8263397216796875E-03
   34   -0.6054687500000000E-03    0.1241874694824219E-02
   35    0.1328125000000000E-02    0.1100540161132812E-02
   36    0.6445312500000000E-03    0.1040306091308594E-02
   37    0.2636718750000000E-02    0.1178703308105469E-02
   38    0.2050781250000000E-02    0.1052436828613281E-02
   39    0.4511718750000000E-02    0.1021308898925781E-02
   40   -0.1445312500000000E-02    0.8707427978515625E-03
   41   -0.3671875000000000E-02    0.1027221679687500E-02
   42   -0.1660156250000000E-02    0.8756637573242188E-03
   43    0.5878906250000000E-02    0.1121788024902344E-02
   44   -0.6250000000000000E-03    0.7288360595703125E-03
   45    0.6250000000000000E-03    0.1074905395507812E-02
   46   -0.1484375000000000E-02    0.8958435058593750E-03
   47    0.1464843750000000E-02    0.1055183410644531E-02
   48    0.2714843750000000E-02    0.8015823364257812E-03
   49   -0.5859375000000000E-03    0.8412933349609375E-03
   50    0.3964843750000000E-02    0.1050758361816406E-02
   51   -0.1796875000000000E-02    0.1084060668945313E-02
   52    0.4863281250000000E-02    0.8259963989257813E-03
   53   -0.1464843750000000E-02    0.1058692932128906E-02
   54   -0.2519531250000000E-02    0.8004379272460938E-03
   55   -0.1835937500000000E-02    0.1098556518554688E-02
   56   -0.3183593750000000E-02    0.1016731262207031E-02
   57    0.1953125000000000E-02    0.9654235839843750E-03
   58   -0.3789062500000000E-02    0.1060714721679688E-02
   59   -0.3671875000000000E-02    0.1088180541992187E-02
   60    0.1171875000000000E-03    0.7922363281250000E-03
   61    0.3378906250000000E-02    0.1008110046386719E-02
   62    0.4453125000000000E-02    0.1219863891601562E-02
   63    0.3593750000000000E-02    0.1027984619140625E-02
   64    0.1523437500000000E-02    0.9348297119140625E-03
   65   -0.1171875000000000E-02    0.1134796142578125E-02
   66   -0.1699218750000000E-02    0.1070137023925781E-02
   67   -0.1230468750000000E-02    0.8040237426757813E-03
   68   -0.2695312500000000E-02    0.1018753051757813E-02
   69    0.1601562500000000E-02    0.1022109985351562E-02
   70    0.2871093750000000E-02    0.8404159545898438E-03
   71    0.3203125000000000E-02    0.9131622314453125E-03
   72    0.2539062500000000E-03    0.9350967407226562E-03
   73   -0.3613281250000000E-02    0.9174728393554687E-03
   74    0.8593750000000000E-03    0.9083557128906250E-03
   75   -0.2871093750000000E-02    0.8233261108398438E-03
   76   -0.2246093750000000E-02    0.1186714172363281E-02
   77    0.2167968750000000E-02    0.9169387817382813E-03
   78   -0.1074218750000000E-02    0.1106452941894531E-02
   79   -0.5273437500000000E-03    0.1123161315917969E-02
   80    0.2304687500000000E-02    0.8486175537109375E-03
   81   -0.3710937500000000E-03    0.9541702270507812E-03
   82    0.1503906250000000E-02    0.9310531616210937E-03
   83    0.1093750000000000E-02    0.1034622192382813E-02
   84    0.8007812500000000E-03    0.1078147888183594E-02
   85    0.4687500000000000E-02    0.1095428466796875E-02
   86    0.8007812500000000E-03    0.8627700805664062E-03
   87    0.3554687500000000E-02    0.8766174316406250E-03
   88    0.3710937500000000E-02    0.1016006469726562E-02
   89    0.1933593750000000E-02    0.8535385131835938E-03
   90   -0.7031250000000000E-02    0.1046142578125000E-02
   91   -0.4492187500000000E-03    0.9630203247070312E-03
   92    0.2128906250000000E-02    0.1334648132324219E-02
   93   -0.1445312500000000E-02    0.1339950561523437E-02
   94   -0.3925781250000000E-02    0.1115303039550781E-02
   95    0.1152343750000000E-02    0.9695816040039062E-03
   96   -0.3320312500000000E-02    0.1069564819335937E-02
   97   -0.7734375000000000E-02    0.9078979492187500E-03
   98    0.1308593750000000E-02    0.1058311462402344E-02
   99   -0.6152343750000000E-02    0.1262397766113281E-02
  100    0.2324218750000000E-02    0.1029930114746094E-02
