# time =    0.4141
    0    0.1000000000000000E+01    0.1000000000000000E+01
    1    0.4263281250000000E+00    0.1825244903564453E+00
    2    0.2447070312500000E+00    0.6092472076416015E-01
    3    0.1716992187500000E+00    0.3046459197998047E-01
    4    0.1352148437500000E+00    0.1934658050537109E-01
    5    0.1094531250000000E+00    0.1307586669921875E-01
    6    0.9630859375000000E-01    0.1033435821533203E-01
    7    0.8632812500000001E-01    0.8344726562500000E-02
    8    0.7697265624999999E-01    0.6878929138183594E-02
    9    0.7169921875000000E-01    0.6281776428222656E-02
   10    0.6839843750000001E-01    0.5869979858398437E-02
   11    0.6548828125000000E-01    0.5324211120605469E-02
   12    0.6437500000000000E-01    0.5076217651367188E-02
   13    0.5730468750000000E-01    0.4283981323242187E-02
   14    0.5611328125000000E-01    0.4142341613769532E-02
   15    0.5076171875000000E-01    0.3764991760253906E-02
   16    0.5013671875000000E-01    0.3768196105957031E-02
   17    0.4966796875000000E-01    0.3543434143066406E-02
   18    0.4646484375000000E-01    0.3277015686035156E-02
   19    0.4703125000000000E-01    0.3325576782226562E-02
   20    0.4781250000000000E-01    0.3327865600585937E-02
   21    0.4087890625000000E-01    0.2818336486816406E-02
   22    0.4132812500000000E-01    0.2932434082031250E-02
   23    0.4160156250000000E-01    0.2821273803710938E-02
   24    0.4154296875000000E-01    0.2898139953613281E-02
   25    0.3732421875000000E-01    0.2532768249511719E-02
   26    0.3898437500000000E-01    0.2544784545898438E-02
   27    0.4025390625000000E-01    0.2684974670410156E-02
   28    0.3849609375000000E-01    0.2501106262207031E-02
   29    0.4007812500000000E-01    0.2585525512695312E-02
   30    0.3949218750000000E-01    0.2676010131835938E-02
   31    0.3775390625000000E-01    0.2556037902832031E-02
   32    0.3525390625000000E-01    0.2351799011230469E-02
   33    0.3417968750000000E-01    0.2435226440429687E-02
   34    0.3386718750000000E-01    0.2311859130859375E-02
   35    0.3408203125000000E-01    0.2353935241699219E-02
   36    0.3457031250000000E-01    0.2252120971679687E-02
   37    0.3160156250000000E-01    0.2141036987304687E-02
   38    0.3292968750000000E-01    0.2210845947265625E-02
   39    0.3658203125000000E-01    0.2581291198730469E-02
   40    0.3246093750000000E-01    0.2271041870117188E-02
   41    0.3171875000000000E-01    0.2011871337890625E-02
   42    0.3146484375000000E-01    0.2110023498535156E-02
   43    0.3158203125000000E-01    0.2225837707519531E-02
   44    0.3259765625000000E-01    0.2260475158691406E-02
   45    0.3128906250000000E-01    0.2177276611328125E-02
   46    0.3208984375000000E-01    0.2346000671386719E-02
   47    0.2693359375000000E-01    0.2131919860839844E-02
   48    0.2875000000000000E-01    0.2196044921875000E-02
   49    0.2873046875000000E-01    0.2214622497558594E-02
   50    0.3039062500000000E-01    0.2091445922851562E-02
   51    0.2830078125000000E-01    0.1923027038574219E-02
   52    0.2683593750000000E-01    0.1771316528320312E-02
   53    0.2576171875000000E-01    0.1839942932128906E-02
   54    0.2820312500000000E-01    0.1953506469726563E-02
   55    0.3160156250000000E-01    0.2237930297851562E-02
   56    0.2640625000000000E-01    0.1956253051757813E-02
   57    0.2560546875000000E-01    0.1953163146972656E-02
   58    0.2500000000000000E-01    0.1745758056640625E-02
   59    0.2535156250000000E-01    0.1754531860351562E-02
   60    0.2720703125000000E-01    0.1931953430175781E-02
   61    0.2576171875000000E-01    0.2007179260253906E-02
   62    0.2298828125000000E-01    0.2021827697753906E-02
   63    0.2152343750000000E-01    0.1882705688476563E-02
   64    0.2052734375000000E-01    0.1816291809082031E-02
   65    0.2550781250000000E-01    0.2022476196289062E-02
   66    0.2412109375000000E-01    0.1944847106933594E-02
   67    0.2648437500000000E-01    0.1848373413085938E-02
   68    0.2656250000000000E-01    0.1803359985351563E-02
   69    0.2783203125000000E-01    0.1908836364746094E-02
   70    0.2460937500000000E-01    0.1880340576171875E-02
   71    0.2267578125000000E-01    0.1779060363769531E-02
   72    0.2107421875000000E-01    0.1766090393066406E-02
   73    0.2187500000000000E-01    0.1759109497070312E-02
   74    0.2119140625000000E-01    0.1610755920410156E-02
   75    0.2322265625000000E-01    0.1643791198730469E-02
   76    0.2210937500000000E-01    0.1702270507812500E-02
   77    0.2308593750000000E-01    0.1739654541015625E-02
   78    0.2451171875000000E-01    0.1871681213378906E-02
   79    0.2244140625000000E-01    0.1565513610839844E-02
   80    0.1947265625000000E-01    0.1585731506347656E-02
   81    0.2441406250000000E-01    0.1612243652343750E-02
   82    0.2058593750000000E-01    0.1333999633789062E-02
   83    0.2072265625000000E-01    0.1444129943847656E-02
   84    0.2136718750000000E-01    0.1415252685546875E-02
   85    0.1917968750000000E-01    0.1486587524414062E-02
   86    0.2101562500000000E-01    0.1585159301757813E-02
   87    0.1988281250000000E-01    0.1461563110351562E-02
   88    0.2023437500000000E-01    0.1441955566406250E-02
   89    0.2281250000000000E-01    0.1539916992187500E-02
   90    0.2009765625000000E-01    0.1449623107910156E-02
   91    0.2166015625000000E-01    0.1492118835449219E-02
   92    0.2375000000000000E-01    0.1569290161132812E-02
   93    0.2341796875000000E-01    0.1628532409667969E-02
   94    0.2527343750000000E-01    0.1667404174804688E-02
   95    0.2537109375000000E-01    0.1772727966308594E-02
   96    0.2546875000000000E-01    0.1711502075195313E-02
   97    0.2203125000000000E-01    0.1547775268554688E-02
   98    0.2384765625000000E-01    0.1741218566894531E-02
   99    0.2191406250000000E-01    0.1665954589843750E-02
  100    0.1990234375000000E-01    0.1543922424316406E-02
