# time =    0.4644
    0    0.1000000000000000E+01    0.1000000000000000E+01
    1    0.1888476562500000E+00    0.3655590057373047E-01
    2    0.4060546875000000E-01    0.2413673400878906E-02
    3    0.1294921875000000E-01    0.1288871765136719E-02
    4    0.5175781250000000E-02    0.1013145446777344E-02
    5    0.5273437500000000E-03    0.1030540466308594E-02
    6    0.2539062500000000E-02    0.8165740966796875E-03
    7    0.5273437500000000E-03    0.1123619079589844E-02
    8    0.4980468750000000E-02    0.7348251342773437E-03
    9    0.6875000000000000E-02    0.9621429443359375E-03
   10   -0.1308593750000000E-02    0.1005592346191406E-02
   11   -0.1972656250000000E-02    0.7951736450195312E-03
   12    0.1445312500000000E-02    0.6739044189453125E-03
   13   -0.4394531250000000E-02    0.9202194213867187E-03
   14    0.1269531250000000E-02    0.1144523620605469E-02
   15   -0.1269531250000000E-02    0.9119033813476563E-03
   16    0.2675781250000000E-02    0.1253471374511719E-02
   17   -0.2714843750000000E-02    0.1140098571777344E-02
   18   -0.3085937500000000E-02    0.7233428955078125E-03
   19   -0.1250000000000000E-02    0.6971740722656250E-03
   20   -0.7031250000000000E-03    0.9150695800781250E-03
   21    0.4160156250000000E-02    0.8041763305664063E-03
   22    0.1386718750000000E-02    0.1123542785644531E-02
   23   -0.1992187500000000E-02    0.1121215820312500E-02
   24    0.5527343750000000E-02    0.1040763854980469E-02
   25   -0.1816406250000000E-02    0.8518600463867188E-03
   26   -0.7812500000000000E-04    0.9468078613281250E-03
   27    0.1230468750000000E-02    0.9698867797851562E-03
   28    0.6054687500000000E-03    0.9775161743164062E-03
   29    0.1914062500000000E-02    0.7700347900390626E-03
   30   -0.7226562500000000E-03    0.8179855346679688E-03
   31   -0.1484375000000000E-02    0.1290054321289063E-02
   32    0.1972656250000000E-02    0.8361434936523437E-03
   33   -0.1503906250000000E-02    0.1037864685058594E-02
   34    0.5859375000000000E-04    0.1340141296386719E-02
   35   -0.9765625000000000E-03    0.8270263671875000E-03
   36    0.1425781250000000E-02    0.1022682189941406E-02
   37    0.3320312500000000E-03    0.8561325073242188E-03
   38    0.3359375000000000E-02    0.1064834594726562E-02
   39   -0.7421875000000000E-03    0.8530426025390625E-03
   40    0.4628906250000000E-02    0.9840774536132814E-03
   41    0.3750000000000000E-02    0.1087493896484375E-02
   42    0.6953125000000000E-02    0.1007232666015625E-02
   43   -0.8593750000000000E-03    0.9287261962890625E-03
   44    0.1035156250000000E-02    0.1061744689941406E-02
   45    0.3613281250000000E-02    0.9168624877929687E-03
   46    0.9375000000000000E-03    0.1059417724609375E-02
   47   -0.2714843750000000E-02    0.1003150939941406E-02
   48    0.4199218750000000E-02    0.8898544311523438E-03
   49    0.1015625000000000E-02    0.9915924072265625E-03
   50    0.7812500000000000E-03    0.8080291748046875E-03
   51   -0.2480468750000000E-02    0.8454513549804687E-03
   52    0.1953125000000000E-04    0.8378982543945313E-03
   53   -0.2460937500000000E-02    0.8598327636718750E-03
   54   -0.4394531250000000E-02    0.9299087524414063E-03
   55   -0.9375000000000000E-03    0.1215286254882812E-02
   56    0.3691406250000000E-02    0.9466934204101562E-03
   57    0.3906250000000000E-02    0.7452392578125001E-03
   58    0.1523437500000000E-02    0.9471893310546875E-03
   59   -0.3554687500000000E-02    0.1054077148437500E-02
   60    0.3066406250000000E-02    0.9379959106445312E-03
   61   -0.8789062500000000E-03    0.1194419860839844E-02
   62   -0.6933593750000000E-02    0.1151008605957031E-02
   63   -0.3378906250000000E-02    0.1049919128417969E-02
   64   -0.1269531250000000E-02    0.9379959106445312E-03
   65   -0.2265625000000000E-02    0.1028900146484375E-02
   66    0.2207031250000000E-02    0.9057235717773438E-03
   67    0.4843750000000000E-02    0.1101150512695313E-02
   68    0.2441406250000000E-02    0.9315109252929687E-03
   69    0.6542968750000000E-02    0.1154289245605469E-02
   70   -0.2324218750000000E-02    0.1021308898925781E-02
   71   -0.6660156250000000E-02    0.1331291198730469E-02
   72    0.3554687500000000E-02    0.9233093261718750E-03
   73    0.4492187500000000E-03    0.1151390075683594E-02
   74   -0.3144531250000000E-02    0.1222572326660156E-02
   75    0.1542968750000000E-02    0.1038017272949219E-02
   76    0.7226562500000000E-03    0.1114463806152344E-02
   77    0.1640625000000000E-02    0.8644104003906250E-03
   78   -0.3085937500000000E-02    0.8290100097656250E-03
   79    0.3125000000000000E-03    0.9713745117187499E-03
   80   -0.1035156250000000E-02    0.8840560913085938E-03
   81    0.1816406250000000E-02    0.1067466735839844E-02
   82    0.4335937500000000E-02    0.8984375000000000E-03
   83    0.3398437500000000E-02    0.9763336181640625E-03
   84    0.4316406250000000E-02    0.9431838989257812E-03
   85    0.4121093750000000E-02    0.8539199829101562E-03
   86    0.1562500000000000E-03    0.6956481933593751E-03
   87    0.1621093750000000E-02    0.1058540344238281E-02
   88    0.1523437500000000E-02    0.1239089965820312E-02
   89    0.3554687500000000E-02    0.1153106689453125E-02
   90    0.7460937500000000E-02    0.9812164306640626E-03
   91   -0.1660156250000000E-02    0.8684921264648437E-03
   92    0.2148437500000000E-03    0.7646560668945312E-03
   93   -0.4921875000000000E-02    0.8715820312500000E-03
   94    0.1425781250000000E-02    0.1217079162597656E-02
   95   -0.3183593750000000E-02    0.9389877319335938E-03
   96   -0.2285156250000000E-02    0.8961105346679687E-03
   97    0.1074218750000000E-02    0.9025192260742188E-03
   98   -0.7812500000000000E-04    0.1114807128906250E-02
   99   -0.5859375000000000E-03    0.1266021728515625E-02
  100   -0.2148437500000000E-03    0.1069679260253906E-02
