# time =    0.4402
    0    0.1000000000000000E+01    0.1000000000000000E+01
    1    0.3041796875000000E+00    0.9327911376953125E-01
    2    0.1431445312500000E+00    0.2138736724853516E-01
    3    0.9214843750000000E-01    0.9416580200195312E-02
    4    0.6820312500000000E-01    0.5668792724609375E-02
    5    0.5574218750000000E-01    0.4050903320312500E-02
    6    0.4394531250000000E-01    0.3082046508789063E-02
    7    0.3625000000000000E-01    0.2339782714843750E-02
    8    0.3335937500000000E-01    0.2083053588867187E-02
    9    0.3003906250000000E-01    0.2129898071289063E-02
   10    0.2492187500000000E-01    0.1916809082031250E-02
   11    0.2457031250000000E-01    0.1709136962890625E-02
   12    0.2017578125000000E-01    0.1655540466308594E-02
   13    0.2085937500000000E-01    0.1617813110351563E-02
   14    0.1746093750000000E-01    0.1558837890625000E-02
   15    0.1892578125000000E-01    0.1590461730957031E-02
   16    0.1607421875000000E-01    0.1608924865722656E-02
   17    0.1476562500000000E-01    0.1373138427734375E-02
   18    0.1513671875000000E-01    0.1320152282714844E-02
   19    0.1134765625000000E-01    0.1018028259277344E-02
   20    0.1218750000000000E-01    0.1046447753906250E-02
   21    0.1171875000000000E-01    0.1006851196289062E-02
   22    0.1117187500000000E-01    0.1197509765625000E-02
   23    0.1267578125000000E-01    0.1213645935058594E-02
   24    0.1248046875000000E-01    0.1241340637207031E-02
   25    0.1343750000000000E-01    0.1318893432617188E-02
   26    0.1339843750000000E-01    0.1514129638671875E-02
   27    0.1017578125000000E-01    0.1006965637207031E-02
   28    0.1226562500000000E-01    0.1091079711914062E-02
   29    0.9726562500000001E-02    0.1030654907226563E-02
   30    0.1560546875000000E-01    0.1286277770996094E-02
   31    0.1755859375000000E-01    0.1384162902832031E-02
   32    0.1494140625000000E-01    0.1336250305175781E-02
   33    0.1005859375000000E-01    0.1121330261230469E-02
   34    0.1136718750000000E-01    0.1144714355468750E-02
   35    0.1171875000000000E-01    0.1124496459960937E-02
   36    0.1234375000000000E-01    0.1000061035156250E-02
   37    0.1306640625000000E-01    0.1348915100097656E-02
   38    0.9492187500000001E-02    0.1057434082031250E-02
   39    0.9003906250000001E-02    0.1129951477050781E-02
   40    0.7871093750000000E-02    0.9195327758789063E-03
   41    0.5000000000000000E-02    0.1109390258789062E-02
   42    0.8652343749999999E-02    0.1039924621582031E-02
   43    0.9121093750000000E-02    0.9789657592773437E-03
   44    0.9550781249999999E-02    0.1035194396972656E-02
   45    0.8535156250000000E-02    0.1141319274902344E-02
   46    0.6796875000000000E-02    0.8953857421875000E-03
   47    0.4960937500000000E-02    0.8380126953125000E-03
   48    0.7675781250000000E-02    0.1062965393066406E-02
   49    0.8964843750000000E-02    0.1196937561035156E-02
   50    0.9648437500000001E-02    0.1127777099609375E-02
   51    0.9960937499999999E-02    0.9596252441406250E-03
   52    0.5507812500000000E-02    0.9555816650390625E-03
   53    0.8222656250000000E-02    0.8269882202148437E-03
   54    0.1224609375000000E-01    0.8006668090820312E-03
   55    0.9355468750000000E-02    0.1033287048339844E-02
   56    0.1601562500000000E-02    0.9894561767578125E-03
   57    0.6601562500000000E-02    0.9944915771484375E-03
   58    0.7363281250000000E-02    0.1222724914550781E-02
   59    0.1230468750000000E-02    0.9646987915039062E-03
   60    0.6855468750000000E-02    0.1126441955566406E-02
   61    0.5449218750000000E-02    0.9516525268554687E-03
   62    0.4023437500000000E-02    0.8900451660156250E-03
   63    0.7031250000000000E-02    0.1164474487304687E-02
   64    0.5195312500000000E-02    0.8168792724609374E-03
   65    0.8691406250000000E-02    0.1072731018066406E-02
   66    0.1087890625000000E-01    0.1254234313964844E-02
   67    0.1298828125000000E-01    0.1050758361816406E-02
   68    0.9238281250000001E-02    0.8763504028320312E-03
   69    0.8886718750000000E-02    0.1125373840332031E-02
   70    0.6679687500000000E-02    0.1095962524414063E-02
   71    0.4804687500000000E-02    0.1013946533203125E-02
   72    0.2519531250000000E-02    0.9962844848632813E-03
   73    0.3750000000000000E-02    0.1119308471679688E-02
   74    0.1191406250000000E-02    0.1088905334472656E-02
   75    0.9375000000000000E-03    0.9384155273437500E-03
   76    0.2265625000000000E-02    0.9265136718750000E-03
   77    0.5273437500000000E-02    0.8676910400390625E-03
   78    0.2402343750000000E-02    0.9453964233398438E-03
   79    0.1953125000000000E-02    0.9979248046875001E-03
   80   -0.2343750000000000E-03    0.1013641357421875E-02
   81   -0.1171875000000000E-02    0.1219558715820312E-02
   82   -0.2285156250000000E-02    0.9028244018554687E-03
   83   -0.1953125000000000E-04    0.9062576293945312E-03
   84    0.4726562500000000E-02    0.1121902465820313E-02
   85    0.1835937500000000E-02    0.9784698486328125E-03
   86   -0.2500000000000000E-02    0.9069061279296875E-03
   87   -0.2265625000000000E-02    0.1076354980468750E-02
   88    0.5859375000000000E-03    0.1065216064453125E-02
   89   -0.5214843750000000E-02    0.1049766540527344E-02
   90    0.3515625000000000E-03    0.9291839599609375E-03
   91   -0.2910156250000000E-02    0.1020698547363281E-02
   92    0.4101562500000000E-03    0.8700180053710937E-03
   93    0.7226562500000000E-03    0.9600448608398437E-03
   94    0.3906250000000000E-03    0.1014862060546875E-02
   95    0.2441406250000000E-02    0.9800338745117188E-03
   96    0.4667968750000000E-02    0.1033439636230469E-02
   97    0.5078125000000000E-03    0.1037979125976563E-02
   98    0.2519531250000000E-02    0.1056709289550781E-02
   99    0.2695312500000000E-02    0.1031265258789062E-02
  100    0.1953125000000000E-04    0.1134681701660156E-02
