# time =    0.4245
    0    0.1000000000000000E+01    0.1000000000000000E+01
    1    0.3918554687500000E+00    0.1541862106323242E+00
    2    0.1755273437500000E+00    0.3184452056884766E-01
    3    0.9191406250000000E-01    0.9268569946289062E-02
    4    0.5365234375000000E-01    0.4196891784667969E-02
    5    0.3570312500000000E-01    0.2484283447265625E-02
    6    0.2095703125000000E-01    0.1424903869628906E-02
    7    0.1271484375000000E-01    0.1295661926269531E-02
    8    0.9882812499999999E-02    0.1280364990234375E-02
    9    0.7675781250000000E-02    0.1025886535644531E-02
   10    0.2304687500000000E-02    0.1107330322265625E-02
   11    0.5273437500000000E-02    0.1077117919921875E-02
   12    0.3964843750000000E-02    0.7271957397460937E-03
   13    0.3125000000000000E-03    0.9327697753906250E-03
   14    0.8789062500000000E-03    0.9319686889648438E-03
   15    0.3320312500000000E-02    0.9184265136718750E-03
   16    0.8789062500000000E-02    0.9013366699218750E-03
   17    0.7812500000000000E-02    0.1001892089843750E-02
   18    0.2695312500000000E-02    0.8695983886718750E-03
   19    0.3574218750000000E-02    0.1010551452636719E-02
   20    0.1816406250000000E-02    0.1047096252441406E-02
   21    0.8144531250000000E-02    0.1149711608886719E-02
   22    0.4453125000000000E-02    0.9194946289062500E-03
   23   -0.6250000000000000E-03    0.1133956909179687E-02
   24    0.8281250000000000E-02    0.1087341308593750E-02
   25    0.2929687500000000E-02    0.9076690673828125E-03
   26    0.6250000000000000E-02    0.1036987304687500E-02
   27    0.2617187500000000E-02    0.1017303466796875E-02
   28    0.1718750000000000E-02    0.9237670898437500E-03
   29   -0.1386718750000000E-02    0.9092330932617187E-03
   30   -0.2382812500000000E-02    0.9990692138671874E-03
   31    0.2382812500000000E-02    0.1070404052734375E-02
   32    0.2070312500000000E-02    0.9681701660156250E-03
   33    0.1992187500000000E-02    0.1076126098632813E-02
   34    0.2148437500000000E-03    0.7081222534179687E-03
   35   -0.2167968750000000E-02    0.7297897338867188E-03
   36   -0.2929687500000000E-03    0.7783889770507813E-03
   37   -0.6328125000000000E-02    0.1159362792968750E-02
   38   -0.3769531250000000E-02    0.1096305847167969E-02
   39   -0.8652343749999999E-02    0.1184196472167969E-02
   40   -0.3847656250000000E-02    0.8842849731445313E-03
   41   -0.2675781250000000E-02    0.8779525756835938E-03
   42   -0.4765625000000000E-02    0.7879638671875000E-03
   43   -0.5214843750000000E-02    0.8731460571289062E-03
   44    0.3125000000000000E-03    0.8063507080078125E-03
   45    0.1152343750000000E-02    0.9734725952148437E-03
   46    0.2343750000000000E-03    0.1240615844726563E-02
   47   -0.4199218750000000E-02    0.1268653869628906E-02
   48    0.5410156250000000E-02    0.8826065063476563E-03
   49    0.1757812500000000E-02    0.7031250000000000E-03
   50    0.5527343750000000E-02    0.1080894470214844E-02
   51    0.1757812500000000E-03    0.1161613464355469E-02
   52   -0.3710937500000000E-03    0.1041679382324219E-02
   53   -0.3437500000000000E-02    0.1133193969726563E-02
   54   -0.2050781250000000E-02    0.1186561584472656E-02
   55   -0.3593750000000000E-02    0.1276168823242188E-02
   56    0.3300781250000000E-02    0.1001701354980469E-02
   57    0.1367187500000000E-02    0.8935546875000000E-03
   58    0.9570312500000000E-03    0.8272933959960938E-03
   59   -0.2402343750000000E-02    0.8285903930664063E-03
   60   -0.1484375000000000E-02    0.7861328125000000E-03
   61    0.1992187500000000E-02    0.1020050048828125E-02
   62   -0.1542968750000000E-02    0.8102035522460937E-03
   63   -0.1796875000000000E-02    0.1106796264648437E-02
   64   -0.2734375000000000E-02    0.8355712890625000E-03
   65   -0.5273437500000000E-03    0.9050369262695312E-03
   66   -0.3847656250000000E-02    0.9799575805664062E-03
   67   -0.3164062500000000E-02    0.9034729003906250E-03
   68    0.5664062500000000E-03    0.8909225463867188E-03
   69    0.1328125000000000E-02    0.8482360839843751E-03
   70   -0.4121093750000000E-02    0.9998703002929688E-03
   71   -0.9960937500000000E-03    0.9992599487304687E-03
   72   -0.3906250000000000E-03    0.1110382080078125E-02
   73   -0.4394531250000000E-02    0.9774398803710938E-03
   74    0.3476562500000000E-02    0.8319854736328125E-03
   75    0.2597656250000000E-02    0.1103630065917969E-02
   76   -0.5839843750000000E-02    0.1127738952636719E-02
   77    0.3476562500000000E-02    0.9572601318359375E-03
   78   -0.1894531250000000E-02    0.8941268920898437E-03
   79    0.7128906250000000E-02    0.1084175109863281E-02
   80    0.4921875000000000E-02    0.8779144287109374E-03
   81    0.7812500000000000E-04    0.1197814941406250E-02
   82   -0.4296875000000000E-03    0.8638763427734375E-03
   83    0.9296875000000000E-02    0.1069183349609375E-02
   84    0.9589843750000000E-02    0.1086158752441406E-02
   85    0.1064453125000000E-01    0.1105232238769531E-02
   86    0.3359375000000000E-02    0.8934783935546875E-03
   87    0.5664062500000000E-03    0.1186408996582031E-02
   88   -0.2753906250000000E-02    0.7142257690429687E-03
   89   -0.4765625000000000E-02    0.9236907958984374E-03
   90   -0.1328125000000000E-02    0.9382629394531250E-03
   91   -0.1875000000000000E-02    0.1109848022460937E-02
   92   -0.1445312500000000E-02    0.1209411621093750E-02
   93    0.2441406250000000E-02    0.9426498413085938E-03
   94    0.9179687499999999E-03    0.1005058288574219E-02
   95    0.1308593750000000E-02    0.8643722534179688E-03
   96   -0.2578125000000000E-02    0.1170730590820312E-02
   97   -0.2148437500000000E-03    0.1015129089355469E-02
   98    0.2109375000000000E-02    0.9385681152343750E-03
   99   -0.5000000000000000E-02    0.7209014892578125E-03
  100   -0.1953125000000000E-02    0.9596252441406250E-03
