# time =    0.4657
    0    0.1000000000000000E+01    0.1000000000000000E+01
    1    0.1815234375000000E+00    0.3389404296875000E-01
    2    0.3906250000000000E-01    0.2475357055664062E-02
    3    0.9941406250000000E-02    0.9983444213867187E-03
    4    0.8007812500000000E-03    0.6827163696289062E-03
    5   -0.4687500000000000E-03    0.1030502319335937E-02
    6    0.4355468750000000E-02    0.9907913208007813E-03
    7    0.2441406250000000E-02    0.7476425170898438E-03
    8   -0.5644531250000000E-02    0.8951950073242187E-03
    9    0.6250000000000000E-03    0.1062011718750000E-02
   10    0.5078125000000000E-03    0.7442474365234375E-03
   11    0.1269531250000000E-02    0.7902145385742188E-03
   12   -0.4687500000000000E-03    0.8425140380859376E-03
   13   -0.4863281250000000E-02    0.8956527709960937E-03
   14    0.8398437500000000E-03    0.8379745483398437E-03
   15    0.6835937500000000E-03    0.9164810180664062E-03
   16   -0.5976562500000000E-02    0.9313201904296874E-03
   17   -0.4023437500000000E-02    0.8484649658203125E-03
   18   -0.5078125000000000E-03    0.1192626953125000E-02
   19    0.3242187500000000E-02    0.7629394531250000E-03
   20    0.4414062500000000E-02    0.8831787109375000E-03
   21    0.4531250000000000E-02    0.8494567871093750E-03
   22   -0.3515625000000000E-02    0.8490753173828125E-03
   23   -0.2539062500000000E-02    0.1107788085937500E-02
   24   -0.4882812500000000E-03    0.1058921813964844E-02
   25    0.2636718750000000E-02    0.7538223266601563E-03
   26    0.4218750000000000E-02    0.1177368164062500E-02
   27    0.1093750000000000E-02    0.8271789550781250E-03
   28   -0.1015625000000000E-02    0.1044692993164063E-02
   29   -0.2382812500000000E-02    0.9559631347656250E-03
   30    0.0000000000000000E+00    0.1115264892578125E-02
   31    0.1113281250000000E-02    0.9489059448242188E-03
   32    0.1777343750000000E-02    0.8032608032226562E-03
   33    0.2656250000000000E-02    0.1124496459960937E-02
   34   -0.3125000000000000E-02    0.6736755371093750E-03
   35   -0.2714843750000000E-02    0.1075553894042969E-02
   36    0.2363281250000000E-02    0.1110496520996094E-02
   37   -0.1953125000000000E-04    0.1064338684082031E-02
   38    0.2949218750000000E-02    0.1069221496582031E-02
   39   -0.1621093750000000E-02    0.9220504760742188E-03
   40   -0.3164062500000000E-02    0.1053085327148438E-02
   41    0.3261718750000000E-02    0.8570480346679687E-03
   42    0.1933593750000000E-02    0.7545089721679687E-03
   43    0.2949218750000000E-02    0.1163978576660156E-02
   44    0.1777343750000000E-02    0.9849929809570312E-03
   45   -0.4296875000000000E-03    0.8357238769531250E-03
   46   -0.2539062500000000E-02    0.9351348876953124E-03
   47   -0.1757812500000000E-03    0.1011619567871094E-02
   48   -0.5546875000000000E-02    0.7647705078125000E-03
   49    0.1015625000000000E-02    0.1008224487304688E-02
   50   -0.2148437500000000E-03    0.1022300720214844E-02
   51   -0.1953125000000000E-03    0.1037063598632813E-02
   52   -0.1230468750000000E-02    0.9352493286132812E-03
   53   -0.4726562500000000E-02    0.1004943847656250E-02
   54    0.4882812500000000E-03    0.1001091003417969E-02
   55   -0.2988281250000000E-02    0.1109886169433594E-02
   56    0.3027343750000000E-02    0.1025123596191406E-02
   57    0.1679687500000000E-02    0.1004257202148437E-02
   58   -0.1835937500000000E-02    0.7523345947265625E-03
   59   -0.1953125000000000E-04    0.1008338928222656E-02
   60    0.1210937500000000E-02    0.1130065917968750E-02
   61   -0.2636718750000000E-02    0.1014442443847656E-02
   62   -0.2500000000000000E-02    0.9416961669921876E-03
   63   -0.3515625000000000E-03    0.1074142456054687E-02
   64   -0.4648437500000000E-02    0.9055328369140625E-03
   65    0.2734375000000000E-02    0.9851074218750000E-03
   66    0.3535156250000000E-02    0.9627914428710937E-03
   67   -0.2792968750000000E-02    0.9119033813476563E-03
   68    0.0000000000000000E+00    0.8626556396484374E-03
   69   -0.2929687500000000E-02    0.1011123657226563E-02
   70    0.1894531250000000E-02    0.1149101257324219E-02
   71   -0.1718750000000000E-02    0.1038742065429688E-02
   72   -0.3125000000000000E-03    0.1009674072265625E-02
   73   -0.2207031250000000E-02    0.9026718139648437E-03
   74   -0.8828124999999999E-02    0.1616058349609375E-02
   75    0.5078125000000000E-03    0.9425354003906250E-03
   76    0.4550781250000000E-02    0.9943771362304688E-03
   77    0.5898437500000000E-02    0.8676147460937500E-03
   78    0.5273437500000000E-03    0.9521102905273438E-03
   79   -0.2050781250000000E-02    0.1125373840332031E-02
   80   -0.9765625000000000E-03    0.8215332031250001E-03
   81   -0.8984375000000000E-03    0.8077239990234375E-03
   82   -0.1035156250000000E-02    0.9466934204101562E-03
   83   -0.2753906250000000E-02    0.9563827514648438E-03
   84   -0.4589843750000000E-02    0.8628463745117187E-03
   85    0.1953125000000000E-02    0.8611297607421875E-03
   86    0.4531250000000000E-02    0.9280395507812500E-03
   87    0.1230468750000000E-02    0.9908676147460938E-03
   88   -0.4316406250000000E-02    0.8506393432617188E-03
   89   -0.1757812500000000E-02    0.8377838134765625E-03
   90   -0.1582031250000000E-02    0.8089828491210937E-03
   91    0.1484375000000000E-02    0.9607696533203126E-03
   92    0.5039062500000000E-02    0.9413909912109375E-03
   93    0.4140625000000000E-02    0.1061706542968750E-02
   94    0.1064453125000000E-01    0.1149024963378906E-02
   95    0.8984375000000000E-03    0.1077575683593750E-02
   96    0.1250000000000000E-02    0.1146697998046875E-02
   97    0.1464843750000000E-02    0.8175277709960938E-03
   98    0.3476562500000000E-02    0.5789947509765625E-03
   99   -0.3730468750000000E-02    0.9434890747070313E-03
  100    0.1289062500000000E-02    0.9693145751953125E-03
