# time =    0.4288
    0    0.1000000000000000E+01    0.1000000000000000E+01
    1    0.3572265625000000E+00    0.1283825683593750E+00
    2    0.1466406250000000E+00    0.2247894287109375E-01
    3    0.6734374999999999E-01    0.5272827148437500E-02
    4    0.3248046875000000E-01    0.1834449768066406E-02
    5    0.1621093750000000E-01    0.9815216064453125E-03
    6    0.1013671875000000E-01    0.1058006286621094E-02
    7    0.6855468750000000E-02    0.1090888977050781E-02
    8    0.2128906250000000E-02    0.9821701049804689E-03
    9    0.4843750000000000E-02    0.9191894531250000E-03
   10    0.1972656250000000E-02    0.1160087585449219E-02
   11   -0.3144531250000000E-02    0.6750869750976562E-03
   12    0.3125000000000000E-03    0.1153564453125000E-02
   13    0.7226562500000000E-03    0.1209068298339844E-02
   14   -0.1152343750000000E-02    0.1289939880371094E-02
   15   -0.2636718750000000E-02    0.1179542541503906E-02
   16   -0.3847656250000000E-02    0.8822250366210938E-03
   17   -0.3339843750000000E-02    0.8093643188476562E-03
   18   -0.3339843750000000E-02    0.1052742004394531E-02
   19    0.6054687500000000E-03    0.9983444213867187E-03
   20    0.3671875000000000E-02    0.9661102294921875E-03
   21   -0.3417968750000000E-02    0.7863998413085938E-03
   22    0.1132812500000000E-02    0.8354187011718750E-03
   23    0.3417968750000000E-02    0.1261482238769531E-02
   24    0.3476562500000000E-02    0.1097869873046875E-02
   25   -0.4765625000000000E-02    0.1032638549804687E-02
   26   -0.4316406250000000E-02    0.1065940856933594E-02
   27   -0.3906250000000000E-03    0.9113311767578125E-03
   28   -0.1347656250000000E-02    0.9760665893554688E-03
   29   -0.1035156250000000E-02    0.1161689758300781E-02
   30   -0.4101562500000000E-03    0.8903121948242187E-03
   31   -0.3925781250000000E-02    0.1012382507324219E-02
   32   -0.1328125000000000E-02    0.9551239013671875E-03
   33   -0.7324218750000000E-02    0.1131248474121094E-02
   34   -0.2148437500000000E-02    0.8682250976562500E-03
   35   -0.5078125000000000E-03    0.9733581542968750E-03
   36    0.1328125000000000E-02    0.8964538574218750E-03
   37    0.2011718750000000E-02    0.8458328247070312E-03
   38    0.4726562500000000E-02    0.9632873535156250E-03
   39    0.2441406250000000E-02    0.1240043640136719E-02
   40    0.3945312500000000E-02    0.1083526611328125E-02
   41    0.7226562500000000E-03    0.1205101013183594E-02
   42    0.1933593750000000E-02    0.1375465393066406E-02
   43    0.2910156250000000E-02    0.1075553894042969E-02
   44   -0.3906250000000000E-03    0.8971405029296875E-03
   45    0.2636718750000000E-02    0.9692001342773437E-03
   46    0.6640625000000000E-03    0.7048034667968750E-03
   47   -0.2480468750000000E-02    0.9260177612304688E-03
   48    0.4023437500000000E-02    0.9059906005859375E-03
   49   -0.1367187500000000E-02    0.1047134399414062E-02
   50    0.8007812500000000E-03    0.9730911254882813E-03
   51   -0.1796875000000000E-02    0.9340667724609376E-03
   52    0.1542968750000000E-02    0.9440231323242187E-03
   53   -0.1250000000000000E-02    0.8884429931640625E-03
   54    0.1933593750000000E-02    0.1131553649902344E-02
   55    0.1953125000000000E-04    0.1051902770996094E-02
   56   -0.2187500000000000E-02    0.8160400390625000E-03
   57    0.5664062500000000E-03    0.1008949279785156E-02
   58   -0.5859375000000000E-03    0.1098098754882813E-02
   59    0.2167968750000000E-02    0.8349990844726562E-03
   60   -0.1562500000000000E-03    0.9881591796875001E-03
   61    0.3320312500000000E-02    0.8406066894531251E-03
   62    0.1894531250000000E-02    0.1121864318847656E-02
   63    0.4570312500000000E-02    0.9491729736328125E-03
   64    0.1367187500000000E-02    0.8914184570312500E-03
   65   -0.1484375000000000E-02    0.8944702148437500E-03
   66    0.3847656250000000E-02    0.1234550476074219E-02
   67    0.2187500000000000E-02    0.1404190063476563E-02
   68    0.3535156250000000E-02    0.1193885803222656E-02
   69    0.1074218750000000E-02    0.1219978332519531E-02
   70   -0.9960937500000000E-03    0.1038551330566406E-02
   71   -0.7617187500000000E-03    0.1052589416503906E-02
   72   -0.2734375000000000E-02    0.8544158935546875E-03
   73    0.8593750000000000E-03    0.1240844726562500E-02
   74    0.2226562500000000E-02    0.1154327392578125E-02
   75    0.8789062500000000E-02    0.1279220581054687E-02
   76   -0.1191406250000000E-02    0.8973312377929687E-03
   77    0.1171875000000000E-03    0.8280944824218750E-03
   78   -0.4882812500000000E-03    0.7304763793945313E-03
   79    0.1738281250000000E-02    0.8567428588867188E-03
   80    0.7031250000000000E-02    0.9361267089843750E-03
   81    0.2246093750000000E-02    0.9743881225585938E-03
   82    0.3222656250000000E-02    0.1098365783691406E-02
   83    0.1503906250000000E-02    0.9440231323242187E-03
   84   -0.3574218750000000E-02    0.7842636108398438E-03
   85   -0.6484375000000000E-02    0.8694458007812500E-03
   86   -0.9960937500000000E-03    0.9358596801757813E-03
   87   -0.3808593750000000E-02    0.8924484252929687E-03
   88   -0.3378906250000000E-02    0.9036636352539062E-03
   89   -0.2421875000000000E-02    0.8205413818359375E-03
   90   -0.3691406250000000E-02    0.8382034301757812E-03
   91    0.1992187500000000E-02    0.9709167480468750E-03
   92    0.8398437500000000E-03    0.9997177124023437E-03
   93    0.2851562500000000E-02    0.8861541748046875E-03
   94   -0.6113281250000000E-02    0.1114997863769531E-02
   95   -0.7421875000000000E-03    0.1020507812500000E-02
   96    0.1035156250000000E-02    0.9023666381835938E-03
   97    0.1796875000000000E-02    0.8595275878906250E-03
   98    0.8789062500000000E-03    0.1193580627441406E-02
   99   -0.2500000000000000E-02    0.1149597167968750E-02
  100   -0.8398437500000000E-03    0.8710098266601563E-03
