# time =    0.4733
    0    0.1000000000000000E+01    0.1000000000000000E+01
    1    0.2125781250000000E+00    0.4607711791992188E-01
    2    0.5835937500000000E-01    0.4209899902343750E-02
    3    0.2179687500000000E-01    0.1452484130859375E-02
    4    0.8359375000000000E-02    0.8192443847656250E-03
    5    0.4902343750000000E-02    0.7406997680664062E-03
    6    0.5039062500000000E-02    0.8686065673828125E-03
    7    0.3320312500000000E-02    0.7360839843750000E-03
    8    0.8203125000000000E-03    0.9674835205078125E-03
    9   -0.5468750000000001E-03    0.8482360839843751E-03
   10    0.1679687500000000E-02    0.8625793457031250E-03
   11   -0.9179687499999999E-03    0.8390426635742187E-03
   12    0.5351562500000000E-02    0.8650207519531250E-03
   13    0.3808593750000000E-02    0.9399795532226562E-03
   14    0.3886718750000000E-02    0.1178321838378906E-02
   15    0.3300781250000000E-02    0.1107139587402344E-02
   16    0.2070312500000000E-02    0.8595275878906250E-03
   17   -0.3535156250000000E-02    0.9099197387695313E-03
   18   -0.4257812500000000E-02    0.9690093994140625E-03
   19    0.1542968750000000E-02    0.9569931030273438E-03
   20   -0.1250000000000000E-02    0.1037139892578125E-02
   21    0.3906250000000000E-04    0.8726501464843750E-03
   22    0.1933593750000000E-02    0.9789657592773437E-03
   23    0.1542968750000000E-02    0.9295272827148437E-03
   24   -0.1875000000000000E-02    0.1018371582031250E-02
   25   -0.6835937500000000E-03    0.8883285522460938E-03
   26   -0.1425781250000000E-02    0.1046562194824219E-02
   27    0.3906250000000000E-04    0.9204101562500000E-03
   28   -0.5410156250000000E-02    0.8431625366210938E-03
   29    0.7812500000000000E-03    0.1239852905273437E-02
   30   -0.2304687500000000E-02    0.1153793334960937E-02
   31    0.3906250000000000E-04    0.1123962402343750E-02
   32   -0.3398437500000000E-02    0.9210968017578125E-03
   33   -0.2871093750000000E-02    0.1152000427246094E-02
   34   -0.7617187500000000E-03    0.1089286804199219E-02
   35   -0.3750000000000000E-02    0.8080291748046875E-03
   36    0.7812500000000000E-03    0.6941223144531250E-03
   37   -0.5019531250000000E-02    0.8157730102539062E-03
   38    0.1757812500000000E-02    0.1060409545898438E-02
   39    0.5468750000000001E-03    0.1065216064453125E-02
   40   -0.2949218750000000E-02    0.1030540466308594E-02
   41   -0.1562500000000000E-02    0.9856414794921875E-03
   42    0.4882812500000000E-02    0.8598327636718750E-03
   43    0.1660156250000000E-02    0.9798049926757813E-03
   44    0.1718750000000000E-02    0.9043121337890625E-03
   45   -0.2011718750000000E-02    0.7363510131835938E-03
   46   -0.1523437500000000E-02    0.7669067382812500E-03
   47   -0.1367187500000000E-03    0.9114456176757813E-03
   48   -0.3789062500000000E-02    0.1026611328125000E-02
   49   -0.1386718750000000E-02    0.8918380737304687E-03
   50    0.7812500000000000E-03    0.9860229492187501E-03
   51    0.2011718750000000E-02    0.1016044616699219E-02
   52   -0.2031250000000000E-02    0.9250640869140625E-03
   53   -0.8593750000000000E-03    0.1114883422851562E-02
   54    0.3476562500000000E-02    0.1131362915039062E-02
   55    0.1425781250000000E-02    0.1030693054199219E-02
   56    0.3320312500000000E-03    0.9136581420898437E-03
   57   -0.2675781250000000E-02    0.9296798706054688E-03
   58    0.3515625000000000E-02    0.1242370605468750E-02
   59    0.7812500000000000E-04    0.7018280029296875E-03
   60   -0.6250000000000000E-03    0.8730316162109376E-03
   61   -0.6054687500000000E-02    0.9645843505859376E-03
   62   -0.1562500000000000E-03    0.1111221313476563E-02
   63   -0.6054687500000000E-03    0.7966232299804688E-03
   64   -0.1484375000000000E-02    0.8184814453125000E-03
   65   -0.3085937500000000E-02    0.8707427978515625E-03
   66    0.2050781250000000E-02    0.8606338500976563E-03
   67    0.2031250000000000E-02    0.1084060668945313E-02
   68   -0.3007812500000000E-02    0.8847808837890625E-03
   69   -0.3339843750000000E-02    0.6851577758789063E-03
   70   -0.7812500000000000E-04    0.8712005615234375E-03
   71    0.2285156250000000E-02    0.9038162231445313E-03
   72   -0.9375000000000000E-03    0.9349060058593750E-03
   73   -0.7226562500000000E-03    0.1060523986816406E-02
   74   -0.1425781250000000E-02    0.1113471984863281E-02
   75   -0.2011718750000000E-02    0.9890365600585937E-03
   76   -0.8789062500000000E-03    0.8410263061523437E-03
   77   -0.3808593750000000E-02    0.9260940551757813E-03
   78    0.3906250000000000E-02    0.1020507812500000E-02
   79    0.9960937500000000E-03    0.1088523864746094E-02
   80    0.1113281250000000E-02    0.9805679321289063E-03
   81    0.2128906250000000E-02    0.9279251098632812E-03
   82    0.2070312500000000E-02    0.1058883666992187E-02
   83    0.1875000000000000E-02    0.8634185791015625E-03
   84   -0.2773437500000000E-02    0.8260345458984375E-03
   85   -0.3847656250000000E-02    0.9053421020507813E-03
   86   -0.3906250000000000E-03    0.9442901611328125E-03
   87    0.9375000000000000E-03    0.9898376464843751E-03
   88    0.1230468750000000E-02    0.8737564086914063E-03
   89   -0.2695312500000000E-02    0.7979583740234375E-03
   90    0.8984375000000000E-03    0.1008987426757812E-02
   91   -0.1757812500000000E-03    0.8475112915039062E-03
   92    0.1152343750000000E-02    0.9421920776367188E-03
   93   -0.6250000000000000E-03    0.8612060546875000E-03
   94   -0.2617187500000000E-02    0.9296417236328125E-03
   95    0.1367187500000000E-03    0.1119194030761719E-02
   96    0.3007812500000000E-02    0.1242141723632813E-02
   97    0.2597656250000000E-02    0.8708572387695312E-03
   98    0.1367187500000000E-03    0.7867813110351562E-03
   99   -0.7226562500000000E-03    0.1168251037597656E-02
  100   -0.2480468750000000E-02    0.1218986511230469E-02
