# time =    0.4609
    0    0.1000000000000000E+01    0.1000000000000000E+01
    1    0.1968554687500000E+00    0.3972263336181640E-01
    2    0.3824218750000000E-01    0.2284774780273438E-02
    3    0.1060546875000000E-01    0.1058540344238281E-02
    4    0.5332031250000000E-02    0.1050910949707031E-02
    5    0.1562500000000000E-02    0.1079025268554688E-02
    6   -0.3300781250000000E-02    0.9555435180664063E-03
    7    0.5859375000000000E-04    0.9174728393554687E-03
    8   -0.7617187500000000E-03    0.1026649475097656E-02
    9    0.5449218750000000E-02    0.1079368591308594E-02
   10   -0.1542968750000000E-02    0.9037399291992187E-03
   11    0.5000000000000000E-02    0.9013366699218750E-03
   12   -0.8007812500000000E-03    0.9231185913085938E-03
   13    0.1484375000000000E-02    0.9166717529296875E-03
   14    0.5996093750000000E-02    0.1136665344238281E-02
   15    0.3886718750000000E-02    0.9981155395507812E-03
   16   -0.2929687500000000E-03    0.1041984558105469E-02
   17   -0.3886718750000000E-02    0.1191139221191406E-02
   18   -0.8789062500000000E-03    0.1222648620605469E-02
   19    0.1328125000000000E-02    0.7979583740234375E-03
   20   -0.2519531250000000E-02    0.6296920776367187E-03
   21    0.2636718750000000E-02    0.1190910339355469E-02
   22    0.5214843750000000E-02    0.9323501586914062E-03
   23    0.1542968750000000E-02    0.8732986450195313E-03
   24   -0.1015625000000000E-02    0.9028625488281250E-03
   25   -0.7421875000000000E-03    0.9196472167968750E-03
   26   -0.2343750000000000E-02    0.9960937500000000E-03
   27   -0.4316406250000000E-02    0.1037178039550781E-02
   28   -0.1230468750000000E-02    0.8652114868164063E-03
   29   -0.2558593750000000E-02    0.8324813842773437E-03
   30   -0.6777343750000000E-02    0.9447860717773437E-03
   31   -0.3281250000000000E-02    0.7624053955078126E-03
   32    0.1562500000000000E-02    0.1139602661132813E-02
   33    0.2675781250000000E-02    0.1148948669433594E-02
   34    0.1171875000000000E-02    0.1006088256835938E-02
   35   -0.5859375000000000E-04    0.1003150939941406E-02
   36    0.1699218750000000E-02    0.9761428833007812E-03
   37   -0.1679687500000000E-02    0.8329772949218751E-03
   38    0.1191406250000000E-02    0.7931900024414063E-03
   39    0.5605468750000000E-02    0.8975601196289062E-03
   40   -0.5410156250000000E-02    0.8577346801757812E-03
   41   -0.1933593750000000E-02    0.9955978393554688E-03
   42    0.3867187500000000E-02    0.9043121337890625E-03
   43    0.2109375000000000E-02    0.7784271240234375E-03
   44   -0.8203125000000000E-03    0.7781219482421875E-03
   45   -0.3574218750000000E-02    0.1098060607910156E-02
   46   -0.4082031250000000E-02    0.1149940490722656E-02
   47   -0.1171875000000000E-03    0.1000061035156250E-02
   48    0.2929687500000000E-03    0.9120559692382813E-03
   49    0.3203125000000000E-02    0.1037979125976563E-02
   50   -0.1074218750000000E-02    0.8975601196289062E-03
   51   -0.1250000000000000E-02    0.1179275512695312E-02
   52   -0.1972656250000000E-02    0.9186172485351563E-03
   53    0.2246093750000000E-02    0.9745407104492187E-03
   54    0.4335937500000000E-02    0.9992218017578125E-03
   55    0.1308593750000000E-02    0.1047401428222656E-02
   56   -0.1835937500000000E-02    0.7672882080078124E-03
   57    0.2597656250000000E-02    0.1166114807128906E-02
   58    0.7812500000000000E-03    0.8668518066406250E-03
   59    0.1269531250000000E-02    0.7664108276367187E-03
   60   -0.7226562500000000E-03    0.1034278869628906E-02
   61   -0.4121093750000000E-02    0.9305953979492187E-03
   62    0.5859375000000000E-03    0.1047744750976563E-02
   63    0.3398437500000000E-02    0.9085845947265625E-03
   64    0.2539062500000000E-03    0.1043663024902344E-02
   65    0.1933593750000000E-02    0.9181594848632812E-03
   66    0.1718750000000000E-02    0.9657287597656250E-03
   67   -0.2265625000000000E-02    0.1221847534179688E-02
   68   -0.3417968750000000E-02    0.8340072631835937E-03
   69   -0.2207031250000000E-02    0.8023452758789063E-03
   70   -0.8398437500000000E-03    0.1191825866699219E-02
   71    0.1347656250000000E-02    0.8357620239257813E-03
   72   -0.5722656250000000E-02    0.8030319213867187E-03
   73    0.8398437500000000E-03    0.8550643920898438E-03
   74   -0.3906250000000000E-03    0.1308288574218750E-02
   75   -0.7578125000000000E-02    0.8755493164062500E-03
   76    0.1210937500000000E-02    0.8016204833984374E-03
   77   -0.5234375000000000E-02    0.9430694580078125E-03
   78   -0.2734375000000000E-03    0.1120681762695312E-02
   79    0.2421875000000000E-02    0.1032180786132812E-02
   80    0.2871093750000000E-02    0.9172439575195312E-03
   81    0.5117187500000000E-02    0.1025772094726562E-02
   82    0.6250000000000000E-03    0.7738494873046876E-03
   83    0.7031250000000000E-03    0.8695220947265625E-03
   84    0.1367187500000000E-03    0.9505081176757812E-03
   85    0.3183593750000000E-02    0.1060371398925781E-02
   86   -0.3925781250000000E-02    0.1111564636230469E-02
   87    0.1523437500000000E-02    0.8434295654296875E-03
   88   -0.1621093750000000E-02    0.9119796752929687E-03
   89   -0.2539062500000000E-02    0.1008911132812500E-02
   90   -0.5136718750000000E-02    0.8657455444335937E-03
   91   -0.8203125000000000E-03    0.1106262207031250E-02
   92    0.2558593750000000E-02    0.8244705200195312E-03
   93   -0.6699218750000000E-02    0.9627914428710937E-03
   94   -0.4316406250000000E-02    0.1100959777832031E-02
   95   -0.2285156250000000E-02    0.1117973327636719E-02
   96   -0.3613281250000000E-02    0.1193275451660156E-02
   97   -0.3437500000000000E-02    0.1064910888671875E-02
   98   -0.7812500000000000E-03    0.1027297973632813E-02
   99    0.1347656250000000E-02    0.9679794311523438E-03
  100    0.2246093750000000E-02    0.9444046020507812E-03
