# time =    0.4441
    0    0.1000000000000000E+01    0.1000000000000000E+01
    1    0.3161328125000000E+00    0.1007605743408203E+00
    2    0.1168750000000000E+00    0.1445899963378906E-01
    3    0.5115234375000000E-01    0.3382225036621094E-02
    4    0.2544921875000000E-01    0.1738777160644531E-02
    5    0.1048828125000000E-01    0.1086540222167969E-02
    6    0.8378906250000000E-02    0.9672927856445312E-03
    7    0.6992187500000000E-02    0.1110992431640625E-02
    8   -0.4589843750000000E-02    0.9199142456054688E-03
    9   -0.3750000000000000E-02    0.1100234985351563E-02
   10   -0.1425781250000000E-02    0.7551193237304687E-03
   11   -0.6660156250000000E-02    0.9318923950195312E-03
   12   -0.9707031250000000E-02    0.1024360656738281E-02
   13   -0.2285156250000000E-02    0.1164131164550781E-02
   14   -0.7421875000000000E-03    0.1072921752929687E-02
   15   -0.5507812500000000E-02    0.9946441650390625E-03
   16    0.2167968750000000E-02    0.1140174865722656E-02
   17    0.7226562500000000E-03    0.8787918090820313E-03
   18    0.6289062500000000E-02    0.1087570190429688E-02
   19    0.4902343750000000E-02    0.1081123352050781E-02
   20    0.4042968750000000E-02    0.9402847290039063E-03
   21    0.6425781250000000E-02    0.9725570678710937E-03
   22    0.1015625000000000E-02    0.1162261962890625E-02
   23   -0.1718750000000000E-02    0.9835052490234375E-03
   24    0.5156250000000000E-02    0.1035919189453125E-02
   25    0.6250000000000000E-03    0.7717895507812500E-03
   26   -0.3906250000000000E-04    0.1129379272460938E-02
   27    0.1542968750000000E-02    0.9113693237304687E-03
   28   -0.1640625000000000E-02    0.9929656982421875E-03
   29   -0.4492187500000000E-03    0.9263229370117188E-03
   30    0.2050781250000000E-02    0.7305526733398437E-03
   31    0.1816406250000000E-02    0.9487533569335938E-03
   32   -0.5781250000000000E-02    0.1059494018554688E-02
   33   -0.2167968750000000E-02    0.1113624572753906E-02
   34    0.7617187500000000E-03    0.9790420532226562E-03
   35    0.4707031250000000E-02    0.8547592163085937E-03
   36   -0.2675781250000000E-02    0.1071586608886719E-02
   37   -0.4433593750000000E-02    0.9933090209960937E-03
   38    0.1308593750000000E-02    0.1003532409667969E-02
   39    0.4179687500000000E-02    0.1191864013671875E-02
   40   -0.1660156250000000E-02    0.8935928344726562E-03
   41   -0.2675781250000000E-02    0.9067153930664062E-03
   42   -0.1132812500000000E-02    0.1036148071289063E-02
   43   -0.1132812500000000E-02    0.1132736206054687E-02
   44   -0.2558593750000000E-02    0.1008338928222656E-02
   45   -0.8007812500000000E-03    0.9910964965820313E-03
   46   -0.1289062500000000E-02    0.7942962646484375E-03
   47    0.4628906250000000E-02    0.7838821411132813E-03
   48    0.2187500000000000E-02    0.1332168579101563E-02
   49   -0.3476562500000000E-02    0.1171112060546875E-02
   50   -0.2558593750000000E-02    0.9323501586914062E-03
   51   -0.2011718750000000E-02    0.7999038696289062E-03
   52   -0.6738281250000000E-02    0.1179008483886719E-02
   53    0.8007812500000000E-03    0.9369277954101563E-03
   54    0.2597656250000000E-02    0.9837722778320312E-03
   55   -0.3613281250000000E-02    0.8984756469726563E-03
   56   -0.4218750000000000E-02    0.9468841552734375E-03
   57   -0.8007812500000000E-03    0.9198379516601562E-03
   58   -0.3906250000000000E-04    0.1033020019531250E-02
   59   -0.5859375000000000E-03    0.9865570068359375E-03
   60   -0.1113281250000000E-02    0.7979202270507812E-03
   61   -0.1992187500000000E-02    0.9008026123046874E-03
   62    0.1914062500000000E-02    0.8930206298828125E-03
   63    0.1484375000000000E-02    0.8705902099609375E-03
   64    0.3164062500000000E-02    0.1071624755859375E-02
   65   -0.2617187500000000E-02    0.9396362304687500E-03
   66    0.9179687499999999E-03    0.8866500854492188E-03
   67    0.4257812500000000E-02    0.1110992431640625E-02
   68    0.2988281250000000E-02    0.1240348815917969E-02
   69    0.6250000000000000E-02    0.1203689575195313E-02
   70    0.1660156250000000E-02    0.8768844604492188E-03
   71   -0.1074218750000000E-02    0.1127586364746094E-02
   72    0.4121093750000000E-02    0.1002540588378906E-02
   73    0.4960937500000000E-02    0.1046676635742187E-02
   74    0.3574218750000000E-02    0.1027793884277344E-02
   75   -0.2734375000000000E-03    0.1027145385742187E-02
   76    0.1386718750000000E-02    0.1073188781738281E-02
   77    0.2792968750000000E-02    0.8739852905273438E-03
   78    0.1308593750000000E-02    0.9836196899414063E-03
   79    0.3730468750000000E-02    0.9408950805664063E-03
   80    0.3769531250000000E-02    0.1138877868652344E-02
   81    0.3320312500000000E-02    0.8280944824218750E-03
   82    0.2890625000000000E-02    0.1013183593750000E-02
   83    0.4687500000000000E-03    0.1124954223632812E-02
   84    0.9765625000000000E-03    0.8963012695312500E-03
   85   -0.7421875000000000E-03    0.8300018310546875E-03
   86   -0.2519531250000000E-02    0.1010627746582031E-02
   87   -0.5664062500000000E-03    0.1123542785644531E-02
   88    0.2441406250000000E-02    0.1098976135253906E-02
   89    0.2617187500000000E-02    0.9175109863281250E-03
   90    0.3125000000000000E-02    0.1258087158203125E-02
   91   -0.9765625000000001E-04    0.8912277221679687E-03
   92    0.1699218750000000E-02    0.8326339721679688E-03
   93   -0.1484375000000000E-02    0.1047210693359375E-02
   94   -0.3027343750000000E-02    0.9041213989257812E-03
   95    0.2421875000000000E-02    0.8328247070312500E-03
   96    0.1875000000000000E-02    0.9677124023437500E-03
   97    0.9433593750000000E-02    0.9836959838867188E-03
   98    0.4375000000000000E-02    0.8483123779296875E-03
   99    0.5625000000000000E-02    0.9841918945312500E-03
  100    0.1992187500000000E-02    0.1024932861328125E-02
