# time =    0.4579
    0    0.1000000000000000E+01    0.1000000000000000E+01
    1    0.1782812500000000E+00    0.3287612915039063E-01
    2    0.3562500000000000E-01    0.2080459594726562E-02
    3    0.4140625000000000E-02    0.8189392089843750E-03
    4   -0.3398437500000000E-02    0.1025466918945312E-02
    5    0.2421875000000000E-02    0.1286087036132812E-02
    6    0.1386718750000000E-02    0.1032447814941406E-02
    7   -0.2734375000000000E-03    0.1166229248046875E-02
    8   -0.9375000000000000E-03    0.8451080322265625E-03
    9    0.1972656250000000E-02    0.7538986206054687E-03
   10    0.1308593750000000E-02    0.9481430053710938E-03
   11   -0.3984375000000000E-02    0.9896850585937500E-03
   12   -0.2968750000000000E-02    0.7691955566406249E-03
   13   -0.7656250000000000E-02    0.1184692382812500E-02
   14   -0.1386718750000000E-02    0.8832931518554688E-03
   15    0.2929687500000000E-03    0.1007041931152344E-02
   16    0.6425781250000000E-02    0.8726882934570313E-03
   17    0.2753906250000000E-02    0.7735824584960937E-03
   18    0.3046875000000000E-02    0.1071548461914062E-02
   19   -0.4902343750000000E-02    0.1265830993652344E-02
   20   -0.1035156250000000E-02    0.8569717407226563E-03
   21   -0.2539062500000000E-02    0.1099929809570312E-02
   22   -0.1562500000000000E-03    0.7408142089843750E-03
   23    0.2597656250000000E-02    0.1141777038574219E-02
   24    0.1621093750000000E-02    0.9056472778320312E-03
   25    0.1171875000000000E-03    0.8812713623046875E-03
   26   -0.1621093750000000E-02    0.9164810180664062E-03
   27   -0.4062500000000000E-02    0.9753417968750000E-03
   28   -0.5800781250000000E-02    0.9076309204101563E-03
   29   -0.3710937500000000E-03    0.1099586486816406E-02
   30    0.7812500000000000E-03    0.1095733642578125E-02
   31   -0.1679687500000000E-02    0.1018829345703125E-02
   32    0.2246093750000000E-02    0.8052444458007813E-03
   33   -0.4121093750000000E-02    0.1155738830566406E-02
   34    0.3203125000000000E-02    0.1034393310546875E-02
   35    0.6210937500000000E-02    0.1047973632812500E-02
   36    0.1816406250000000E-02    0.1032066345214844E-02
   37   -0.4707031250000000E-02    0.9912490844726563E-03
   38   -0.2402343750000000E-02    0.7513809204101562E-03
   39   -0.3632812500000000E-02    0.9500122070312500E-03
   40   -0.5117187500000000E-02    0.1166610717773437E-02
   41   -0.6347656250000000E-02    0.1188850402832031E-02
   42   -0.5859375000000000E-03    0.1112823486328125E-02
   43   -0.4042968750000000E-02    0.8313369750976563E-03
   44   -0.3828125000000000E-02    0.9223175048828125E-03
   45    0.5078125000000000E-03    0.1186752319335938E-02
   46    0.3378906250000000E-02    0.9336471557617188E-03
   47    0.1835937500000000E-02    0.9807586669921876E-03
   48   -0.3789062500000000E-02    0.9577941894531250E-03
   49   -0.3906250000000000E-04    0.9703063964843751E-03
   50    0.5644531250000000E-02    0.1096916198730469E-02
   51   -0.8398437500000000E-03    0.1002540588378906E-02
   52   -0.5175781250000000E-02    0.9533309936523437E-03
   53    0.2832031250000000E-02    0.1096229553222656E-02
   54    0.5214843750000000E-02    0.9195327758789063E-03
   55    0.1464843750000000E-02    0.1017417907714844E-02
   56    0.3320312500000000E-03    0.8552932739257813E-03
   57    0.8203125000000000E-03    0.8286285400390625E-03
   58   -0.1953125000000000E-03    0.1031951904296875E-02
   59    0.8984375000000000E-03    0.8371734619140625E-03
   60    0.4316406250000000E-02    0.8118057250976563E-03
   61   -0.8593750000000000E-03    0.7624053955078126E-03
   62   -0.2031250000000000E-02    0.9151458740234375E-03
   63    0.4140625000000000E-02    0.1126403808593750E-02
   64    0.5214843750000000E-02    0.9476089477539062E-03
   65    0.4375000000000000E-02    0.1055603027343750E-02
   66    0.3027343750000000E-02    0.8826065063476563E-03
   67   -0.3789062500000000E-02    0.7579803466796875E-03
   68   -0.2949218750000000E-02    0.9597396850585938E-03
   69    0.4101562500000000E-03    0.1000862121582031E-02
   70    0.2441406250000000E-02    0.1323966979980469E-02
   71    0.7636718750000000E-02    0.1268119812011719E-02
   72    0.5078125000000000E-02    0.1149291992187500E-02
   73    0.4492187500000000E-02    0.1071395874023438E-02
   74    0.6640625000000000E-03    0.9432220458984375E-03
   75    0.8398437500000000E-03    0.8247756958007813E-03
   76   -0.2128906250000000E-02    0.1224098205566406E-02
   77   -0.3515625000000000E-03    0.1113052368164062E-02
   78    0.7617187500000000E-03    0.7046890258789062E-03
   79    0.1562500000000000E-03    0.9601593017578125E-03
   80    0.4355468750000000E-02    0.1120948791503906E-02
   81    0.4570312500000000E-02    0.1068420410156250E-02
   82   -0.7031250000000000E-03    0.6356811523437499E-03
   83    0.7226562500000000E-03    0.8351516723632813E-03
   84   -0.3906250000000000E-04    0.9638214111328125E-03
   85    0.1875000000000000E-02    0.1198730468750000E-02
   86    0.1816406250000000E-02    0.9996414184570313E-03
   87    0.1855468750000000E-02    0.9324264526367188E-03
   88   -0.2363281250000000E-02    0.1039543151855469E-02
   89    0.2304687500000000E-02    0.1168212890625000E-02
   90    0.1445312500000000E-02    0.8635711669921875E-03
   91    0.5273437500000000E-03    0.9879684448242188E-03
   92   -0.2421875000000000E-02    0.9891510009765625E-03
   93   -0.3417968750000000E-02    0.1176185607910156E-02
   94   -0.5625000000000000E-02    0.9896850585937500E-03
   95   -0.5878906250000000E-02    0.9651565551757812E-03
   96    0.1406250000000000E-02    0.8132934570312500E-03
   97   -0.2343750000000000E-03    0.7525634765625000E-03
   98   -0.7226562500000000E-03    0.8736801147460938E-03
   99    0.9960937500000000E-03    0.9891891479492188E-03
  100   -0.4746093750000000E-02    0.1022529602050781E-02
