# time =    0.4767
    0    0.1000000000000000E+01    0.1000000000000000E+01
    1    0.2420312500000000E+00    0.5934303283691406E-01
    2    0.6660156250000000E-01    0.5416183471679687E-02
    3    0.2283203125000000E-01    0.1385612487792969E-02
    4    0.9218750000000000E-02    0.1292419433593750E-02
    5    0.2226562500000000E-02    0.1033935546875000E-02
    6   -0.6835937500000000E-03    0.9083938598632812E-03
    7    0.3652343750000000E-02    0.8941268920898437E-03
    8    0.2929687500000000E-02    0.1025314331054687E-02
    9   -0.1894531250000000E-02    0.9881973266601563E-03
   10   -0.2246093750000000E-02    0.8689498901367187E-03
   11   -0.4062500000000000E-02    0.9137725830078125E-03
   12    0.3613281250000000E-02    0.7948684692382813E-03
   13   -0.2734375000000000E-02    0.8213043212890625E-03
   14   -0.1875000000000000E-02    0.7604217529296875E-03
   15    0.0000000000000000E+00    0.1110229492187500E-02
   16    0.2402343750000000E-02    0.7446670532226563E-03
   17   -0.3828125000000000E-02    0.1001510620117188E-02
   18   -0.3632812500000000E-02    0.8956909179687500E-03
   19    0.9179687499999999E-03    0.9955215454101564E-03
   20   -0.3417968750000000E-02    0.8941268920898437E-03
   21   -0.3320312500000000E-03    0.9504318237304688E-03
   22    0.4121093750000000E-02    0.9729385375976563E-03
   23    0.3261718750000000E-02    0.1050758361816406E-02
   24   -0.3906250000000000E-03    0.1142196655273438E-02
   25    0.6445312500000000E-03    0.8695602416992187E-03
   26   -0.2441406250000000E-02    0.8417129516601563E-03
   27   -0.2832031250000000E-02    0.9961318969726562E-03
   28   -0.2734375000000000E-02    0.1093750000000000E-02
   29   -0.4296875000000000E-02    0.1073760986328125E-02
   30   -0.1835937500000000E-02    0.8108520507812500E-03
   31   -0.5429687500000000E-02    0.1214752197265625E-02
   32   -0.1953125000000000E-04    0.1004295349121094E-02
   33    0.3574218750000000E-02    0.1029090881347656E-02
   34    0.3417968750000000E-02    0.1071052551269531E-02
   35    0.3144531250000000E-02    0.8057022094726563E-03
   36   -0.9765625000000001E-04    0.7826614379882812E-03
   37    0.4179687500000000E-02    0.1015090942382813E-02
   38   -0.5078125000000000E-03    0.1078262329101563E-02
   39    0.1113281250000000E-02    0.9135818481445313E-03
   40    0.5273437500000000E-03    0.1206398010253906E-02
   41   -0.6250000000000000E-03    0.1055603027343750E-02
   42    0.7812500000000000E-02    0.8497619628906250E-03
   43   -0.5078125000000000E-03    0.9761810302734375E-03
   44    0.1953125000000000E-04    0.9189224243164062E-03
   45    0.1113281250000000E-02    0.8665847778320312E-03
   46   -0.1953125000000000E-03    0.8074188232421875E-03
   47    0.2207031250000000E-02    0.1054649353027344E-02
   48    0.8789062500000000E-03    0.1177330017089844E-02
   49    0.1718750000000000E-02    0.1078338623046875E-02
   50    0.5019531250000000E-02    0.1078071594238281E-02
   51    0.3613281250000000E-02    0.9532546997070312E-03
   52   -0.4082031250000000E-02    0.1263236999511719E-02
   53   -0.1816406250000000E-02    0.8301925659179687E-03
   54   -0.2929687500000000E-02    0.9157562255859375E-03
   55   -0.2597656250000000E-02    0.1069831848144531E-02
   56   -0.1933593750000000E-02    0.8626937866210938E-03
   57   -0.5000000000000000E-02    0.9542083740234374E-03
   58    0.8398437500000000E-03    0.1150932312011719E-02
   59    0.5800781250000000E-02    0.9115219116210937E-03
   60    0.3906250000000000E-03    0.8911132812500000E-03
   61   -0.1425781250000000E-02    0.9743118286132812E-03
   62   -0.5468750000000000E-02    0.1033630371093750E-02
   63    0.3125000000000000E-03    0.1318130493164063E-02
   64    0.4316406250000000E-02    0.1084480285644531E-02
   65    0.9375000000000000E-03    0.9026336669921875E-03
   66   -0.1914062500000000E-02    0.1125259399414063E-02
   67   -0.6757812500000000E-02    0.8914947509765625E-03
   68   -0.3808593750000000E-02    0.1057777404785156E-02
   69    0.1074218750000000E-02    0.8172225952148437E-03
   70    0.0000000000000000E+00    0.1100311279296875E-02
   71    0.2343750000000000E-03    0.1062698364257812E-02
   72   -0.7421875000000000E-03    0.1026535034179688E-02
   73    0.1914062500000000E-02    0.1111068725585937E-02
   74    0.1308593750000000E-02    0.7661819458007812E-03
   75    0.8203125000000000E-03    0.1105499267578125E-02
   76    0.1582031250000000E-02    0.9849166870117187E-03
   77   -0.1171875000000000E-03    0.8454132080078125E-03
   78   -0.1757812500000000E-03    0.9691238403320313E-03
   79   -0.1464843750000000E-02    0.1009788513183594E-02
   80   -0.2910156250000000E-02    0.1074867248535156E-02
   81    0.1132812500000000E-02    0.1104049682617188E-02
   82   -0.6445312500000000E-03    0.9177017211914062E-03
   83    0.1269531250000000E-02    0.9527969360351563E-03
   84   -0.5429687500000000E-02    0.8805847167968750E-03
   85   -0.2714843750000000E-02    0.9748458862304688E-03
   86   -0.3066406250000000E-02    0.1049995422363281E-02
   87    0.1777343750000000E-02    0.9403610229492187E-03
   88    0.2558593750000000E-02    0.8990859985351562E-03
   89   -0.3203125000000000E-02    0.9741973876953125E-03
   90   -0.2089843750000000E-02    0.8714675903320312E-03
   91   -0.2656250000000000E-02    0.9690856933593750E-03
   92   -0.1621093750000000E-02    0.9260177612304688E-03
   93   -0.2812500000000000E-02    0.8504486083984375E-03
   94    0.6250000000000000E-03    0.8793640136718750E-03
   95    0.2226562500000000E-02    0.1029510498046875E-02
   96   -0.3730468750000000E-02    0.9378433227539062E-03
   97   -0.7441406250000000E-02    0.8507156372070312E-03
   98   -0.8710937500000000E-02    0.9468841552734375E-03
   99   -0.5449218750000000E-02    0.1000480651855469E-02
  100   -0.2890625000000000E-02    0.9841918945312500E-03
