# time =    0.4647
    0    0.1000000000000000E+01    0.1000000000000000E+01
    1    0.2755078125000000E+00    0.7681869506835938E-01
    2    0.1118359375000000E+00    0.1351531982421875E-01
    3    0.5601562500000000E-01    0.4120941162109375E-02
    4    0.3378906250000000E-01    0.2174301147460938E-02
    5    0.2220703125000000E-01    0.1235694885253906E-02
    6    0.1148437500000000E-01    0.1160812377929688E-02
    7    0.7519531250000000E-02    0.1043968200683594E-02
    8    0.6269531250000000E-02    0.8865737915039062E-03
    9    0.4628906250000000E-02    0.9964370727539062E-03
   10    0.3964843750000000E-02    0.8118820190429688E-03
   11    0.2011718750000000E-02    0.1011314392089844E-02
   12    0.2734375000000000E-03    0.8817291259765624E-03
   13    0.1152343750000000E-02    0.8292770385742187E-03
   14    0.2968750000000000E-02    0.1127166748046875E-02
   15   -0.1503906250000000E-02    0.9903335571289063E-03
   16    0.2148437500000000E-03    0.7703781127929687E-03
   17   -0.4902343750000000E-02    0.1109733581542969E-02
   18   -0.6250000000000000E-02    0.1040649414062500E-02
   19   -0.6250000000000000E-02    0.1133041381835937E-02
   20   -0.2226562500000000E-02    0.1004104614257813E-02
   21    0.1367187500000000E-03    0.9211349487304687E-03
   22   -0.1191406250000000E-02    0.1187095642089844E-02
   23    0.3066406250000000E-02    0.1224937438964844E-02
   24    0.6015625000000000E-02    0.1121215820312500E-02
   25   -0.2011718750000000E-02    0.7896804809570312E-03
   26    0.3906250000000000E-03    0.8377838134765625E-03
   27   -0.3652343750000000E-02    0.1008262634277344E-02
   28    0.2597656250000000E-02    0.9983444213867187E-03
   29   -0.1367187500000000E-03    0.9566116333007813E-03
   30    0.1855468750000000E-02    0.9018325805664062E-03
   31   -0.2929687500000000E-03    0.1147041320800781E-02
   32   -0.2578125000000000E-02    0.9153747558593750E-03
   33   -0.1777343750000000E-02    0.8722305297851563E-03
   34   -0.1757812500000000E-02    0.8590698242187500E-03
   35   -0.4316406250000000E-02    0.9209060668945312E-03
   36   -0.2695312500000000E-02    0.1035919189453125E-02
   37   -0.6582031250000000E-02    0.1019935607910156E-02
   38   -0.6601562500000000E-02    0.9582519531250000E-03
   39   -0.1464843750000000E-02    0.9225082397460938E-03
   40   -0.2441406250000000E-02    0.9436416625976563E-03
   41   -0.3710937500000000E-02    0.8991241455078125E-03
   42    0.2363281250000000E-02    0.8805465698242188E-03
   43   -0.8203125000000000E-03    0.9454345703125000E-03
   44    0.1464843750000000E-02    0.8555221557617188E-03
   45   -0.2910156250000000E-02    0.8115768432617188E-03
   46   -0.4628906250000000E-02    0.9195327758789063E-03
   47   -0.4492187500000000E-03    0.8647537231445312E-03
   48    0.1484375000000000E-02    0.7194519042968750E-03
   49    0.3691406250000000E-02    0.1063880920410156E-02
   50    0.3066406250000000E-02    0.1053276062011719E-02
   51    0.3867187500000000E-02    0.1022109985351562E-02
   52   -0.2695312500000000E-02    0.1098098754882813E-02
   53   -0.2812500000000000E-02    0.8991241455078125E-03
   54   -0.4550781250000000E-02    0.9459304809570312E-03
   55   -0.4765625000000000E-02    0.8485412597656250E-03
   56   -0.1015625000000000E-02    0.9004211425781250E-03
   57   -0.2207031250000000E-02    0.1025733947753906E-02
   58    0.2148437500000000E-03    0.1015129089355469E-02
   59    0.2988281250000000E-02    0.1084785461425781E-02
   60   -0.3457031250000000E-02    0.8681106567382812E-03
   61   -0.3496093750000000E-02    0.1104316711425781E-02
   62    0.1289062500000000E-02    0.9965515136718750E-03
   63    0.1679687500000000E-02    0.9633636474609375E-03
   64    0.1386718750000000E-02    0.1077156066894531E-02
   65    0.1875000000000000E-02    0.1012268066406250E-02
   66    0.5664062500000000E-03    0.1152992248535156E-02
   67    0.4199218750000000E-02    0.1063117980957031E-02
   68   -0.4296875000000000E-03    0.9613037109375000E-03
   69    0.7031250000000000E-03    0.1017379760742187E-02
   70   -0.1757812500000000E-03    0.9894943237304687E-03
   71    0.2812500000000000E-02    0.8677673339843750E-03
   72    0.6835937500000000E-03    0.7987594604492187E-03
   73    0.4589843750000000E-02    0.9787368774414062E-03
   74    0.2304687500000000E-02    0.1000061035156250E-02
   75    0.1816406250000000E-02    0.1053047180175781E-02
   76   -0.1777343750000000E-02    0.1058540344238281E-02
   77    0.1640625000000000E-02    0.9172821044921875E-03
   78   -0.5390625000000000E-02    0.9382629394531250E-03
   79    0.1855468750000000E-02    0.8031845092773438E-03
   80   -0.2285156250000000E-02    0.1073188781738281E-02
   81   -0.1269531250000000E-02    0.8731460571289062E-03
   82    0.2617187500000000E-02    0.9042358398437500E-03
   83    0.7421875000000000E-03    0.9483337402343750E-03
   84    0.8789062500000000E-03    0.9247970581054688E-03
   85   -0.6445312500000000E-03    0.8527755737304688E-03
   86   -0.7812500000000000E-03    0.8520507812500001E-03
   87    0.7226562500000000E-03    0.8500289916992188E-03
   88    0.3339843750000000E-02    0.9378433227539062E-03
   89    0.2539062500000000E-02    0.8686828613281250E-03
   90    0.2421875000000000E-02    0.9753417968750000E-03
   91   -0.2988281250000000E-02    0.1009483337402344E-02
   92    0.4375000000000000E-02    0.7679748535156250E-03
   93   -0.9375000000000000E-03    0.8152770996093750E-03
   94   -0.1093750000000000E-02    0.8368682861328125E-03
   95   -0.1777343750000000E-02    0.1028709411621094E-02
   96   -0.6015625000000000E-02    0.9194183349609375E-03
   97   -0.5664062500000000E-03    0.1141624450683594E-02
   98   -0.6054687500000000E-03    0.9521865844726563E-03
   99   -0.2890625000000000E-02    0.1031036376953125E-02
  100   -0.7421875000000000E-02    0.1127777099609375E-02
