# time =    0.4485
    0    0.1000000000000000E+01    0.1000000000000000E+01
    1    0.2843945312500000E+00    0.8160747528076172E-01
    2    0.9134765625000001E-01    0.9065361022949218E-02
    3    0.3138671875000000E-01    0.1776847839355469E-02
    4    0.1189453125000000E-01    0.1011085510253906E-02
    5    0.6386718750000000E-02    0.1076698303222656E-02
    6    0.4394531250000000E-02    0.1056632995605469E-02
    7    0.6328125000000000E-02    0.9676361083984375E-03
    8   -0.1660156250000000E-02    0.1019325256347656E-02
    9    0.4882812500000000E-03    0.8606338500976563E-03
   10    0.2128906250000000E-02    0.9115219116210937E-03
   11   -0.1562500000000000E-02    0.9333038330078125E-03
   12   -0.4921875000000000E-02    0.1050262451171875E-02
   13   -0.8593750000000000E-03    0.1050415039062500E-02
   14   -0.1066406250000000E-01    0.1314849853515625E-02
   15   -0.1503906250000000E-02    0.8529281616210938E-03
   16   -0.3710937500000000E-02    0.1139144897460938E-02
   17    0.2089843750000000E-02    0.1119422912597656E-02
   18   -0.7226562500000000E-03    0.1016349792480469E-02
   19   -0.1718750000000000E-02    0.8625793457031250E-03
   20   -0.5078125000000000E-02    0.1126556396484375E-02
   21   -0.3750000000000000E-02    0.1090927124023438E-02
   22   -0.4824218750000000E-02    0.1070594787597656E-02
   23   -0.2851562500000000E-02    0.9115600585937500E-03
   24    0.1582031250000000E-02    0.9686660766601563E-03
   25    0.1171875000000000E-02    0.9093475341796875E-03
   26   -0.2500000000000000E-02    0.9353637695312500E-03
   27   -0.1914062500000000E-02    0.1151123046875000E-02
   28    0.5273437500000000E-02    0.1124496459960937E-02
   29   -0.1953125000000000E-03    0.9077453613281250E-03
   30    0.2617187500000000E-02    0.1077957153320312E-02
   31   -0.1054687500000000E-02    0.7964324951171875E-03
   32   -0.3027343750000000E-02    0.8618545532226563E-03
   33    0.1855468750000000E-02    0.1089973449707031E-02
   34   -0.2363281250000000E-02    0.9132766723632812E-03
   35    0.2050781250000000E-02    0.1004066467285156E-02
   36    0.2656250000000000E-02    0.7325744628906250E-03
   37    0.4628906250000000E-02    0.9308242797851562E-03
   38    0.1464843750000000E-02    0.9291458129882812E-03
   39    0.1542968750000000E-02    0.9508132934570312E-03
   40    0.1816406250000000E-02    0.9512710571289063E-03
   41    0.3710937500000000E-03    0.7533645629882813E-03
   42    0.4707031250000000E-02    0.9106063842773438E-03
   43    0.1738281250000000E-02    0.9997940063476562E-03
   44    0.3339843750000000E-02    0.1058387756347656E-02
   45    0.5468750000000001E-03    0.1124038696289063E-02
   46    0.1582031250000000E-02    0.1017875671386719E-02
   47    0.1230468750000000E-02    0.9787368774414062E-03
   48    0.1171875000000000E-02    0.1111373901367187E-02
   49   -0.2343750000000000E-03    0.8402252197265625E-03
   50   -0.4257812500000000E-02    0.8520507812500001E-03
   51   -0.4023437500000000E-02    0.1107711791992187E-02
   52   -0.6601562500000000E-02    0.1195297241210937E-02
   53   -0.2949218750000000E-02    0.1198539733886719E-02
   54    0.5859375000000000E-04    0.8993148803710938E-03
   55   -0.1835937500000000E-02    0.1084594726562500E-02
   56    0.5664062500000000E-03    0.9006881713867188E-03
   57    0.2968750000000000E-02    0.8541107177734375E-03
   58   -0.7617187500000000E-03    0.6564712524414063E-03
   59   -0.5019531250000000E-02    0.1057014465332031E-02
   60    0.1347656250000000E-02    0.1002922058105469E-02
   61   -0.3671875000000000E-02    0.9313964843750000E-03
   62   -0.2656250000000000E-02    0.8339691162109375E-03
   63   -0.6718750000000000E-02    0.1027374267578125E-02
   64   -0.3164062500000000E-02    0.9709930419921875E-03
   65   -0.6542968750000000E-02    0.8446121215820312E-03
   66   -0.2304687500000000E-02    0.8538818359375000E-03
   67    0.4023437500000000E-02    0.9078979492187500E-03
   68   -0.2050781250000000E-02    0.1093635559082031E-02
   69    0.3730468750000000E-02    0.9740829467773437E-03
   70    0.3769531250000000E-02    0.9800338745117188E-03
   71   -0.3808593750000000E-02    0.1131782531738281E-02
   72   -0.3789062500000000E-02    0.9193420410156250E-03
   73    0.7031250000000000E-03    0.1076049804687500E-02
   74   -0.3984375000000000E-02    0.8248901367187500E-03
   75   -0.2031250000000000E-02    0.1187896728515625E-02
   76   -0.1953125000000000E-02    0.1055603027343750E-02
   77   -0.5351562500000000E-02    0.9017944335937500E-03
   78    0.2070312500000000E-02    0.1061630249023438E-02
   79    0.6113281250000000E-02    0.8043289184570312E-03
   80    0.3554687500000000E-02    0.1105346679687500E-02
   81    0.1308593750000000E-02    0.1138725280761719E-02
   82    0.9570312500000000E-03    0.9032058715820313E-03
   83   -0.6640625000000000E-03    0.9745788574218750E-03
   84    0.0000000000000000E+00    0.9850311279296876E-03
   85    0.5273437500000000E-03    0.8894729614257812E-03
   86    0.3496093750000000E-02    0.1025581359863281E-02
   87    0.4980468750000000E-02    0.1024360656738281E-02
   88    0.2128906250000000E-02    0.8005142211914062E-03
   89    0.5859375000000000E-04    0.1136207580566406E-02
   90    0.6621093750000000E-02    0.9001541137695312E-03
   91    0.0000000000000000E+00    0.9735107421875000E-03
   92    0.2910156250000000E-02    0.1024284362792969E-02
   93    0.8007812500000000E-03    0.1026573181152344E-02
   94   -0.7226562500000000E-03    0.9418869018554687E-03
   95    0.2871093750000000E-02    0.9686660766601563E-03
   96   -0.5117187500000000E-02    0.9218597412109375E-03
   97    0.7421875000000000E-03    0.1143722534179687E-02
   98   -0.1777343750000000E-02    0.9508132934570312E-03
   99    0.3339843750000000E-02    0.8056259155273437E-03
  100   -0.5039062500000000E-02    0.8750915527343750E-03
