# time =    0.4705
    0    0.1000000000000000E+01    0.1000000000000000E+01
    1    0.2660546875000000E+00    0.7157302856445312E-01
    2    0.9693359375000000E-01    0.1033016204833984E-01
    3    0.5087890625000000E-01    0.3860206604003906E-02
    4    0.3373046875000000E-01    0.2020378112792969E-02
    5    0.1984375000000000E-01    0.1528320312500000E-02
    6    0.1152343750000000E-01    0.1015472412109375E-02
    7    0.1333984375000000E-01    0.1104393005371094E-02
    8    0.2968750000000000E-02    0.8202362060546875E-03
    9    0.3339843750000000E-02    0.9075546264648437E-03
   10    0.2636718750000000E-02    0.1007575988769531E-02
   11    0.3886718750000000E-02    0.9587478637695313E-03
   12   -0.6308593750000000E-02    0.1055793762207031E-02
   13    0.4296875000000000E-03    0.9304809570312500E-03
   14   -0.9960937500000000E-03    0.1019172668457031E-02
   15   -0.2890625000000000E-02    0.1012954711914063E-02
   16   -0.2089843750000000E-02    0.1105842590332031E-02
   17   -0.3730468750000000E-02    0.9800338745117188E-03
   18   -0.7812500000000000E-04    0.1013412475585938E-02
   19    0.5859375000000000E-03    0.7775878906250000E-03
   20    0.2988281250000000E-02    0.8066177368164062E-03
   21   -0.2714843750000000E-02    0.1045417785644531E-02
   22   -0.5664062500000000E-03    0.1226692199707031E-02
   23   -0.3476562500000000E-02    0.8762359619140625E-03
   24    0.4179687500000000E-02    0.8751678466796875E-03
   25    0.8339843749999999E-02    0.7530593872070312E-03
   26    0.8789062500000000E-03    0.9664535522460937E-03
   27    0.3925781250000000E-02    0.1137809753417969E-02
   28   -0.5859375000000000E-04    0.9213638305664063E-03
   29    0.2070312500000000E-02    0.1123046875000000E-02
   30    0.1562500000000000E-03    0.7661437988281250E-03
   31    0.2988281250000000E-02    0.9205245971679688E-03
   32   -0.8789062500000000E-03    0.9698867797851562E-03
   33   -0.2167968750000000E-02    0.1181068420410156E-02
   34   -0.4433593750000000E-02    0.9134292602539062E-03
   35   -0.3750000000000000E-02    0.9243774414062500E-03
   36   -0.3320312500000000E-03    0.1275291442871094E-02
   37   -0.1621093750000000E-02    0.1046409606933594E-02
   38   -0.2382812500000000E-02    0.1150283813476563E-02
   39   -0.1171875000000000E-02    0.1027221679687500E-02
   40    0.1015625000000000E-02    0.1169662475585938E-02
   41    0.1738281250000000E-02    0.7997512817382813E-03
   42   -0.6445312500000000E-03    0.8040237426757813E-03
   43   -0.3281250000000000E-02    0.1003646850585938E-02
   44    0.4101562500000000E-03    0.1013374328613281E-02
   45    0.3515625000000000E-02    0.9775543212890625E-03
   46    0.1972656250000000E-02    0.6135177612304688E-03
   47    0.2031250000000000E-02    0.8960723876953125E-03
   48    0.4550781250000000E-02    0.1100959777832031E-02
   49   -0.2929687500000000E-03    0.7107162475585938E-03
   50   -0.2363281250000000E-02    0.8093643188476562E-03
   51    0.2929687500000000E-02    0.1034774780273437E-02
   52   -0.1367187500000000E-03    0.1208229064941406E-02
   53    0.1640625000000000E-02    0.1067047119140625E-02
   54   -0.1796875000000000E-02    0.8787536621093751E-03
   55    0.2265625000000000E-02    0.7936859130859375E-03
   56    0.0000000000000000E+00    0.8917999267578125E-03
   57   -0.2773437500000000E-02    0.8441925048828125E-03
   58   -0.1425781250000000E-02    0.1135063171386719E-02
   59   -0.2382812500000000E-02    0.1010665893554687E-02
   60    0.4414062500000000E-02    0.1076126098632813E-02
   61   -0.7226562500000000E-03    0.8865737915039062E-03
   62    0.5273437500000000E-02    0.8672332763671875E-03
   63    0.2304687500000000E-02    0.1123657226562500E-02
   64    0.2265625000000000E-02    0.1035842895507813E-02
   65    0.6054687500000000E-02    0.7724761962890625E-03
   66    0.2812500000000000E-02    0.9866333007812499E-03
   67   -0.2070312500000000E-02    0.9481811523437500E-03
   68   -0.1054687500000000E-02    0.7326507568359375E-03
   69   -0.4082031250000000E-02    0.1090736389160156E-02
   70    0.2773437500000000E-02    0.9284210205078125E-03
   71    0.2226562500000000E-02    0.9295654296875000E-03
   72    0.1093750000000000E-02    0.8917236328125000E-03
   73    0.1093750000000000E-02    0.7920074462890625E-03
   74   -0.2539062500000000E-03    0.8687210083007812E-03
   75    0.7226562500000000E-03    0.9375381469726563E-03
   76   -0.1855468750000000E-02    0.1100807189941406E-02
   77   -0.1367187500000000E-03    0.1079292297363281E-02
   78    0.4296875000000000E-03    0.1206359863281250E-02
   79   -0.3632812500000000E-02    0.1017456054687500E-02
   80    0.3906250000000000E-04    0.8740997314453124E-03
   81    0.1171875000000000E-03    0.9787750244140624E-03
   82    0.7812500000000000E-03    0.1032028198242188E-02
   83   -0.1171875000000000E-03    0.9464263916015625E-03
   84   -0.6269531250000000E-02    0.1090583801269531E-02
   85   -0.3437500000000000E-02    0.9346771240234375E-03
   86   -0.3691406250000000E-02    0.8830642700195313E-03
   87   -0.4296875000000000E-02    0.1153564453125000E-02
   88   -0.1562500000000000E-03    0.1017684936523437E-02
   89    0.4179687500000000E-02    0.9822082519531251E-03
   90    0.1542968750000000E-02    0.1042900085449219E-02
   91    0.4316406250000000E-02    0.8354568481445312E-03
   92   -0.1054687500000000E-02    0.9061431884765625E-03
   93    0.2402343750000000E-02    0.8718490600585938E-03
   94    0.4042968750000000E-02    0.9983444213867187E-03
   95    0.2597656250000000E-02    0.1049156188964844E-02
   96   -0.9765625000000001E-04    0.1055641174316406E-02
   97    0.2402343750000000E-02    0.1024742126464844E-02
   98   -0.3457031250000000E-02    0.1078834533691406E-02
   99   -0.3886718750000000E-02    0.8903121948242187E-03
  100   -0.3496093750000000E-02    0.1165351867675781E-02
