# time =    0.4660
    0    0.1000000000000000E+01    0.1000000000000000E+01
    1    0.2077539062500000E+00    0.4415660858154297E-01
    2    0.4783203125000000E-01    0.3361930847167969E-02
    3    0.1474609375000000E-01    0.1170539855957031E-02
    4    0.5644531250000000E-02    0.9879684448242188E-03
    5    0.5097656250000000E-02    0.9292984008789063E-03
    6    0.2070312500000000E-02    0.9235382080078125E-03
    7   -0.4023437500000000E-02    0.1092910766601562E-02
    8    0.4238281250000000E-02    0.9247970581054688E-03
    9    0.2148437500000000E-03    0.8405685424804687E-03
   10    0.1757812500000000E-03    0.1037254333496094E-02
   11    0.6250000000000000E-03    0.1044921875000000E-02
   12    0.1972656250000000E-02    0.9978103637695312E-03
   13   -0.6250000000000000E-03    0.7384490966796875E-03
   14   -0.1953125000000000E-02    0.1097259521484375E-02
   15   -0.1542968750000000E-02    0.8600997924804687E-03
   16   -0.5156250000000000E-02    0.9621429443359375E-03
   17    0.4296875000000000E-03    0.9728240966796875E-03
   18   -0.1894531250000000E-02    0.1088447570800781E-02
   19   -0.7812500000000000E-04    0.8840942382812500E-03
   20    0.1640625000000000E-02    0.1095504760742188E-02
   21   -0.1054687500000000E-02    0.8966064453125000E-03
   22   -0.6347656250000000E-02    0.1425895690917969E-02
   23    0.1777343750000000E-02    0.9355545043945312E-03
   24    0.3320312500000000E-03    0.9739303588867188E-03
   25    0.6054687500000000E-03    0.1074943542480469E-02
   26    0.2382812500000000E-02    0.8356475830078125E-03
   27    0.3652343750000000E-02    0.9482955932617188E-03
   28    0.3906250000000000E-04    0.6738281249999999E-03
   29   -0.5468750000000001E-03    0.9185791015625000E-03
   30    0.2011718750000000E-02    0.1000862121582031E-02
   31   -0.1328125000000000E-02    0.9751892089843749E-03
   32    0.5058593750000000E-02    0.1020851135253906E-02
   33   -0.1757812500000000E-03    0.9522628784179687E-03
   34    0.1035156250000000E-02    0.8485794067382812E-03
   35    0.1132812500000000E-02    0.1069030761718750E-02
   36    0.9765625000000000E-03    0.9246063232421875E-03
   37    0.4609375000000000E-02    0.1015853881835938E-02
   38    0.4843750000000000E-02    0.8164978027343750E-03
   39   -0.5605468750000000E-02    0.8848953247070312E-03
   40    0.1816406250000000E-02    0.7715988159179688E-03
   41   -0.2851562500000000E-02    0.8497619628906250E-03
   42   -0.1699218750000000E-02    0.8803176879882813E-03
   43   -0.2226562500000000E-02    0.9455871582031250E-03
   44    0.7226562500000000E-03    0.8636856079101562E-03
   45    0.3906250000000000E-03    0.8393859863281250E-03
   46    0.3085937500000000E-02    0.6613922119140625E-03
   47    0.3554687500000000E-02    0.9247589111328125E-03
   48   -0.1093750000000000E-02    0.1151657104492187E-02
   49    0.2343750000000000E-02    0.7811737060546875E-03
   50    0.2148437500000000E-03    0.9210586547851562E-03
   51    0.3769531250000000E-02    0.8217239379882812E-03
   52    0.3066406250000000E-02    0.9864425659179687E-03
   53    0.2050781250000000E-02    0.9004592895507813E-03
   54   -0.1953125000000000E-04    0.8854293823242188E-03
   55   -0.3125000000000000E-02    0.1079711914062500E-02
   56   -0.2343750000000000E-02    0.9722137451171876E-03
   57   -0.2460937500000000E-02    0.7463073730468749E-03
   58   -0.4335937500000000E-02    0.1092681884765625E-02
   59   -0.1757812500000000E-03    0.1097755432128906E-02
   60   -0.3945312500000000E-02    0.9491729736328125E-03
   61   -0.1484375000000000E-02    0.7807922363281250E-03
   62   -0.2929687500000000E-03    0.9020614624023437E-03
   63    0.4648437500000000E-02    0.1158065795898437E-02
   64    0.5585937500000000E-02    0.1192474365234375E-02
   65   -0.1894531250000000E-02    0.8165359497070313E-03
   66    0.2343750000000000E-03    0.1172637939453125E-02
   67    0.1640625000000000E-02    0.1047134399414062E-02
   68   -0.4667968750000000E-02    0.1129875183105469E-02
   69   -0.4453125000000000E-02    0.8852386474609375E-03
   70   -0.1132812500000000E-02    0.1085052490234375E-02
   71   -0.3320312500000000E-03    0.8390426635742187E-03
   72    0.4160156250000000E-02    0.1101112365722656E-02
   73    0.3574218750000000E-02    0.9805679321289063E-03
   74    0.7929687499999999E-02    0.1095123291015625E-02
   75    0.2773437500000000E-02    0.8917999267578125E-03
   76    0.3066406250000000E-02    0.1023368835449219E-02
   77    0.1875000000000000E-02    0.7427978515625000E-03
   78    0.4296875000000000E-03    0.9027862548828125E-03
   79    0.2285156250000000E-02    0.8657455444335937E-03
   80    0.2519531250000000E-02    0.1082649230957031E-02
   81    0.1796875000000000E-02    0.1077728271484375E-02
   82    0.9179687499999999E-03    0.8963394165039062E-03
   83    0.2734375000000000E-03    0.9115600585937500E-03
   84   -0.4687500000000000E-02    0.1065597534179687E-02
   85    0.8593750000000000E-03    0.6813049316406250E-03
   86    0.9960937500000000E-03    0.7176589965820312E-03
   87   -0.1679687500000000E-02    0.8463287353515626E-03
   88    0.4316406250000000E-02    0.1318016052246094E-02
   89    0.6640625000000000E-03    0.7366943359375000E-03
   90   -0.1582031250000000E-02    0.9600448608398437E-03
   91   -0.3320312500000000E-02    0.9204864501953125E-03
   92   -0.3906250000000000E-02    0.1173095703125000E-02
   93    0.5273437500000000E-03    0.9133529663085938E-03
   94   -0.3125000000000000E-03    0.9655761718750000E-03
   95   -0.2675781250000000E-02    0.9704971313476562E-03
   96   -0.1542968750000000E-02    0.9460067749023438E-03
   97   -0.3281250000000000E-02    0.8602142333984375E-03
   98    0.2812500000000000E-02    0.9847259521484374E-03
   99    0.6113281250000000E-02    0.8462905883789062E-03
  100    0.3496093750000000E-02    0.8940505981445313E-03
