# time =    0.4790
    0    0.1000000000000000E+01    0.1000000000000000E+01
    1    0.2316210937500000E+00    0.5430660247802734E-01
    2    0.7005859375000000E-01    0.5846138000488281E-02
    3    0.2500000000000000E-01    0.1498641967773438E-02
    4    0.1406250000000000E-02    0.7324218750000000E-03
    5    0.1308593750000000E-02    0.8401870727539062E-03
    6    0.3144531250000000E-02    0.9280014038085938E-03
    7   -0.1933593750000000E-02    0.1109275817871094E-02
    8    0.1914062500000000E-02    0.1131973266601563E-02
    9   -0.5488281250000000E-02    0.1002235412597656E-02
   10   -0.5468750000000000E-02    0.1215438842773438E-02
   11   -0.6875000000000000E-02    0.9587860107421875E-03
   12   -0.1191406250000000E-02    0.7158279418945313E-03
   13    0.1113281250000000E-02    0.8669662475585938E-03
   14   -0.8398437500000000E-03    0.9566879272460937E-03
   15   -0.3691406250000000E-02    0.9654617309570313E-03
   16    0.3593750000000000E-02    0.9909057617187500E-03
   17   -0.2695312500000000E-02    0.1182174682617187E-02
   18   -0.1953125000000000E-04    0.8750534057617187E-03
   19   -0.3808593750000000E-02    0.1008491516113281E-02
   20   -0.3828125000000000E-02    0.1104202270507812E-02
   21   -0.4843750000000000E-02    0.9957885742187501E-03
   22    0.1914062500000000E-02    0.8988189697265625E-03
   23    0.1542968750000000E-02    0.1051979064941406E-02
   24   -0.6835937500000000E-03    0.9043502807617187E-03
   25   -0.1972656250000000E-02    0.1192359924316406E-02
   26   -0.1093750000000000E-02    0.1033630371093750E-02
   27   -0.3222656250000000E-02    0.1213035583496094E-02
   28   -0.3984375000000000E-02    0.1107330322265625E-02
   29   -0.1757812500000000E-02    0.8916473388671875E-03
   30   -0.2656250000000000E-02    0.1017913818359375E-02
   31   -0.2050781250000000E-02    0.9857559204101563E-03
   32   -0.7812500000000000E-04    0.9695434570312500E-03
   33   -0.3242187500000000E-02    0.8950042724609375E-03
   34    0.1347656250000000E-02    0.9251785278320313E-03
   35   -0.2343750000000000E-02    0.1047592163085938E-02
   36   -0.6699218750000000E-02    0.1161384582519531E-02
   37   -0.2070312500000000E-02    0.9298706054687500E-03
   38   -0.4589843750000000E-02    0.1217231750488281E-02
   39   -0.2089843750000000E-02    0.9949111938476563E-03
   40   -0.4101562500000000E-03    0.8216476440429687E-03
   41    0.5859375000000000E-04    0.1243934631347656E-02
   42    0.7031250000000000E-03    0.8735656738281250E-03
   43    0.4394531250000000E-02    0.9751510620117187E-03
   44    0.4472656250000000E-02    0.9704971313476562E-03
   45   -0.2871093750000000E-02    0.8763504028320312E-03
   46    0.0000000000000000E+00    0.8911895751953125E-03
   47   -0.4218750000000000E-02    0.1121749877929688E-02
   48   -0.3808593750000000E-02    0.7681655883789063E-03
   49   -0.3730468750000000E-02    0.9416580200195312E-03
   50   -0.3359375000000000E-02    0.9279632568359375E-03
   51    0.4414062500000000E-02    0.1050109863281250E-02
   52   -0.8593750000000000E-03    0.9363555908203125E-03
   53    0.8007812500000000E-03    0.1012992858886719E-02
   54    0.7304687500000000E-02    0.1120758056640625E-02
   55    0.6835937500000000E-03    0.8578109741210938E-03
   56   -0.9570312500000000E-03    0.9232711791992188E-03
   57    0.8203125000000000E-03    0.7375335693359375E-03
   58    0.2128906250000000E-02    0.8872604370117188E-03
   59   -0.2148437500000000E-03    0.8427047729492187E-03
   60    0.2109375000000000E-02    0.1001892089843750E-02
   61   -0.4296875000000000E-03    0.1235275268554687E-02
   62   -0.3515625000000000E-03    0.1057205200195312E-02
   63   -0.1230468750000000E-02    0.9517288208007813E-03
   64   -0.1816406250000000E-02    0.9639358520507812E-03
   65   -0.9765625000000000E-03    0.1060180664062500E-02
   66   -0.2890625000000000E-02    0.1035690307617188E-02
   67   -0.2050781250000000E-02    0.8186721801757813E-03
   68   -0.5371093750000000E-02    0.1240653991699219E-02
   69   -0.3828125000000000E-02    0.8816528320312500E-03
   70   -0.5273437500000000E-02    0.1065979003906250E-02
   71   -0.3945312500000000E-02    0.1142501831054688E-02
   72   -0.1562500000000000E-03    0.1276321411132812E-02
   73   -0.1132812500000000E-02    0.9391021728515625E-03
   74    0.8593750000000000E-03    0.1062088012695313E-02
   75    0.1933593750000000E-02    0.1005821228027344E-02
   76   -0.2441406250000000E-02    0.7720565795898437E-03
   77   -0.4453125000000000E-02    0.1024856567382813E-02
   78   -0.3515625000000000E-03    0.8702850341796874E-03
   79   -0.1582031250000000E-02    0.9694290161132812E-03
   80   -0.9960937500000000E-03    0.9886550903320313E-03
   81   -0.2617187500000000E-02    0.9996795654296875E-03
   82   -0.1562500000000000E-03    0.8950042724609375E-03
   83   -0.3867187500000000E-02    0.1138839721679688E-02
   84   -0.1484375000000000E-02    0.9187316894531250E-03
   85   -0.6250000000000000E-03    0.1078338623046875E-02
   86   -0.4472656250000000E-02    0.1137275695800781E-02
   87   -0.4707031250000000E-02    0.1036720275878906E-02
   88   -0.2382812500000000E-02    0.9276580810546875E-03
   89   -0.1230468750000000E-02    0.1033515930175781E-02
   90   -0.2773437500000000E-02    0.9510040283203125E-03
   91    0.2265625000000000E-02    0.1152725219726563E-02
   92    0.3750000000000000E-02    0.9225463867187500E-03
   93    0.6367187500000000E-02    0.9835052490234375E-03
   94    0.1113281250000000E-02    0.6560897827148438E-03
   95   -0.3964843750000000E-02    0.8364486694335938E-03
   96   -0.4238281250000000E-02    0.9044265747070313E-03
   97   -0.6074218750000000E-02    0.6653213500976562E-03
   98   -0.4199218750000000E-02    0.8409500122070312E-03
   99   -0.6152343750000000E-02    0.1196632385253906E-02
  100   -0.3046875000000000E-02    0.9743499755859375E-03
