# time =    0.4648
    0    0.1000000000000000E+01    0.1000000000000000E+01
    1    0.2004101562500000E+00    0.4091701507568359E-01
    2    0.4859375000000000E-01    0.3419876098632812E-02
    3    0.1703125000000000E-01    0.1335983276367188E-02
    4   -0.3906250000000000E-03    0.1023788452148437E-02
    5    0.2519531250000000E-02    0.1084022521972656E-02
    6   -0.3222656250000000E-02    0.8633804321289063E-03
    7   -0.8007812500000000E-03    0.1090278625488281E-02
    8    0.1953125000000000E-04    0.8489608764648438E-03
    9   -0.3339843750000000E-02    0.1069831848144531E-02
   10    0.1699218750000000E-02    0.1163597106933594E-02
   11    0.2636718750000000E-02    0.1134986877441406E-02
   12   -0.1035156250000000E-02    0.1063575744628906E-02
   13   -0.1484375000000000E-02    0.8065032958984375E-03
   14    0.9179687499999999E-03    0.8192825317382813E-03
   15   -0.3769531250000000E-02    0.1066703796386719E-02
   16    0.3730468750000000E-02    0.9164047241210937E-03
   17    0.2343750000000000E-02    0.1249008178710938E-02
   18    0.2324218750000000E-02    0.1228675842285156E-02
   19    0.3359375000000000E-02    0.9637451171874999E-03
   20   -0.3398437500000000E-02    0.1186294555664063E-02
   21    0.3710937500000000E-03    0.1174964904785156E-02
   22    0.1972656250000000E-02    0.9293746948242187E-03
   23    0.3906250000000000E-04    0.1215667724609375E-02
   24   -0.1875000000000000E-02    0.8837127685546875E-03
   25    0.2734375000000000E-03    0.1009521484375000E-02
   26   -0.8203125000000000E-03    0.1025238037109375E-02
   27   -0.1445312500000000E-02    0.1039276123046875E-02
   28    0.1386718750000000E-02    0.1030616760253906E-02
   29   -0.2031250000000000E-02    0.8965301513671875E-03
   30   -0.1464843750000000E-02    0.7829666137695312E-03
   31   -0.2949218750000000E-02    0.9283828735351563E-03
   32   -0.6679687500000000E-02    0.1188201904296875E-02
   33   -0.4277343750000000E-02    0.8049392700195312E-03
   34   -0.1113281250000000E-02    0.7529067993164063E-03
   35   -0.2382812500000000E-02    0.9419250488281250E-03
   36    0.5898437500000000E-02    0.1224899291992188E-02
   37   -0.2207031250000000E-02    0.8423995971679688E-03
   38   -0.5859375000000000E-02    0.1003494262695313E-02
   39    0.1113281250000000E-02    0.9499740600585938E-03
   40    0.5273437500000000E-02    0.1187820434570312E-02
   41    0.3769531250000000E-02    0.1087150573730469E-02
   42    0.5214843750000000E-02    0.9325027465820312E-03
   43    0.1250000000000000E-02    0.1212463378906250E-02
   44   -0.7226562500000000E-03    0.1106758117675781E-02
   45   -0.8984375000000000E-03    0.9690093994140625E-03
   46   -0.2304687500000000E-02    0.1024627685546875E-02
   47    0.4355468750000000E-02    0.7947921752929687E-03
   48   -0.1464843750000000E-02    0.9294509887695313E-03
   49    0.7128906250000000E-02    0.9132003784179687E-03
   50    0.2812500000000000E-02    0.9735107421875000E-03
   51   -0.9375000000000000E-03    0.9254455566406250E-03
   52    0.1582031250000000E-02    0.1068840026855469E-02
   53    0.3652343750000000E-02    0.1162300109863281E-02
   54    0.4492187500000000E-03    0.1220741271972656E-02
   55    0.2382812500000000E-02    0.1196060180664063E-02
   56    0.5664062500000000E-03    0.9651565551757812E-03
   57    0.3515625000000000E-03    0.8930206298828125E-03
   58    0.5214843750000000E-02    0.1075019836425781E-02
   59    0.4492187500000000E-03    0.9133529663085938E-03
   60    0.5917968750000000E-02    0.8607101440429687E-03
   61    0.2949218750000000E-02    0.1210594177246094E-02
   62    0.1152343750000000E-02    0.9636306762695313E-03
   63    0.1484375000000000E-02    0.9748840332031250E-03
   64    0.4101562500000000E-03    0.9418869018554687E-03
   65    0.3007812500000000E-02    0.8975982666015625E-03
   66   -0.1757812500000000E-02    0.1112213134765625E-02
   67    0.4296875000000000E-02    0.7837677001953125E-03
   68    0.3945312500000000E-02    0.1057739257812500E-02
   69    0.1621093750000000E-02    0.1019706726074219E-02
   70    0.4863281250000000E-02    0.1135063171386719E-02
   71   -0.1835937500000000E-02    0.8773040771484375E-03
   72    0.3554687500000000E-02    0.1111221313476563E-02
   73   -0.6093750000000000E-02    0.1142272949218750E-02
   74   -0.1953125000000000E-03    0.8457946777343750E-03
   75    0.2597656250000000E-02    0.1218757629394531E-02
   76    0.6855468750000000E-02    0.8172225952148437E-03
   77    0.1015625000000000E-02    0.1024780273437500E-02
   78   -0.1660156250000000E-02    0.1255836486816406E-02
   79   -0.1855468750000000E-02    0.9983444213867187E-03
   80   -0.1210937500000000E-02    0.9087371826171875E-03
   81   -0.2695312500000000E-02    0.8044433593750000E-03
   82   -0.4062500000000000E-02    0.1052017211914062E-02
   83    0.1796875000000000E-02    0.8409881591796875E-03
   84    0.1757812500000000E-03    0.9635543823242188E-03
   85   -0.5195312500000000E-02    0.1049270629882813E-02
   86   -0.3125000000000000E-03    0.1205902099609375E-02
   87    0.4121093750000000E-02    0.8597183227539063E-03
   88   -0.2382812500000000E-02    0.1098632812500000E-02
   89    0.5078125000000000E-03    0.1219100952148437E-02
   90    0.1953125000000000E-02    0.1013183593750000E-02
   91    0.1953125000000000E-02    0.1157073974609375E-02
   92    0.4101562500000000E-02    0.1153945922851562E-02
   93    0.1757812500000000E-02    0.8712768554687500E-03
   94   -0.2226562500000000E-02    0.7590484619140625E-03
   95   -0.2480468750000000E-02    0.8564376831054687E-03
   96    0.5468750000000001E-03    0.1233978271484375E-02
   97   -0.1875000000000000E-02    0.1131286621093750E-02
   98    0.1523437500000000E-02    0.8294677734375000E-03
   99   -0.3125000000000000E-02    0.1260604858398437E-02
  100   -0.3710937500000000E-02    0.1075744628906250E-02
