# time =    0.4178
    0    0.1000000000000000E+01    0.1000000000000000E+01
    1    0.4067968750000000E+00    0.1659912109375000E+00
    2    0.2177148437500000E+00    0.4830928802490234E-01
    3    0.1377734375000000E+00    0.1981986999511719E-01
    4    0.9962890625000000E-01    0.1092639923095703E-01
    5    0.7990234374999999E-01    0.7320976257324219E-02
    6    0.6357421874999999E-01    0.5069770812988281E-02
    7    0.5615234375000000E-01    0.3980598449707031E-02
    8    0.4728515625000000E-01    0.3296394348144531E-02
    9    0.4078125000000000E-01    0.2554779052734375E-02
   10    0.3291015625000000E-01    0.1887626647949219E-02
   11    0.3316406250000000E-01    0.1823348999023438E-02
   12    0.3062500000000000E-01    0.1828918457031250E-02
   13    0.2845703125000000E-01    0.1644783020019531E-02
   14    0.2564453125000000E-01    0.1489448547363281E-02
   15    0.2609375000000000E-01    0.1509628295898438E-02
   16    0.2523437500000000E-01    0.1549377441406250E-02
   17    0.2279296875000000E-01    0.1365699768066406E-02
   18    0.2273437500000000E-01    0.1408233642578125E-02
   19    0.1923828125000000E-01    0.1342964172363281E-02
   20    0.1625000000000000E-01    0.1247100830078125E-02
   21    0.1476562500000000E-01    0.1088562011718750E-02
   22    0.1328125000000000E-01    0.1046066284179688E-02
   23    0.1740234375000000E-01    0.1163825988769531E-02
   24    0.1496093750000000E-01    0.1280593872070312E-02
   25    0.1125000000000000E-01    0.1266708374023438E-02
   26    0.9531250000000000E-02    0.1061325073242188E-02
   27    0.9765625000000000E-02    0.1191101074218750E-02
   28    0.1148437500000000E-01    0.1031799316406250E-02
   29    0.9726562500000001E-02    0.1033325195312500E-02
   30    0.1146484375000000E-01    0.1096992492675781E-02
   31    0.1115234375000000E-01    0.9310531616210937E-03
   32    0.1085937500000000E-01    0.7645416259765625E-03
   33    0.1087890625000000E-01    0.1122932434082031E-02
   34    0.1214843750000000E-01    0.1200332641601563E-02
   35    0.1306640625000000E-01    0.1084938049316406E-02
   36    0.1003906250000000E-01    0.1179656982421875E-02
   37    0.9101562500000000E-02    0.1238632202148437E-02
   38    0.1095703125000000E-01    0.1406898498535156E-02
   39    0.8613281250000000E-02    0.1178321838378906E-02
   40    0.8457031250000000E-02    0.1089286804199219E-02
   41    0.7207031250000000E-02    0.1024818420410156E-02
   42    0.7949218750000001E-02    0.1074333190917969E-02
   43    0.9804687499999999E-02    0.1177902221679687E-02
   44    0.6074218750000000E-02    0.1086845397949219E-02
   45    0.5996093750000000E-02    0.1262550354003906E-02
   46    0.3906250000000000E-02    0.1035461425781250E-02
   47    0.8046875000000000E-02    0.1066665649414063E-02
   48    0.6093750000000000E-02    0.1073760986328125E-02
   49    0.5429687500000000E-02    0.9723663330078125E-03
   50    0.6425781250000000E-02    0.1094322204589844E-02
   51    0.5078125000000000E-02    0.1088485717773437E-02
   52    0.6152343750000000E-02    0.1120338439941406E-02
   53    0.7656250000000000E-02    0.9602355957031250E-03
   54    0.6152343750000000E-02    0.9871292114257812E-03
   55    0.7109375000000000E-02    0.1078796386718750E-02
   56    0.7636718750000000E-02    0.1061210632324219E-02
   57    0.5000000000000000E-02    0.9655761718750000E-03
   58    0.3671875000000000E-02    0.1205444335937500E-02
   59    0.2832031250000000E-02    0.1015968322753906E-02
   60    0.3691406250000000E-02    0.1155052185058594E-02
   61    0.8593750000000001E-02    0.1182556152343750E-02
   62    0.6347656250000000E-02    0.9778213500976562E-03
   63    0.4355468750000000E-02    0.9239578247070313E-03
   64    0.4062500000000000E-02    0.8883666992187500E-03
   65    0.3339843750000000E-02    0.8519363403320313E-03
   66    0.5234375000000000E-02    0.8876800537109375E-03
   67    0.2968750000000000E-02    0.8098602294921875E-03
   68    0.3769531250000000E-02    0.1024131774902344E-02
   69    0.8789062500000000E-02    0.1057662963867187E-02
   70    0.7011718750000000E-02    0.1181297302246094E-02
   71    0.8027343750000001E-02    0.1085548400878906E-02
   72    0.6933593750000000E-02    0.9251022338867187E-03
   73    0.5996093750000000E-02    0.9711074829101562E-03
   74    0.5234375000000000E-02    0.1014633178710938E-02
   75    0.4316406250000000E-02    0.1147422790527344E-02
   76    0.3828125000000000E-02    0.1242675781250000E-02
   77    0.4316406250000000E-02    0.7409286499023437E-03
   78    0.3085937500000000E-02    0.8497619628906250E-03
   79    0.8398437500000000E-03    0.9355545043945312E-03
   80    0.1054687500000000E-02    0.9841156005859376E-03
   81   -0.8203125000000000E-03    0.9095764160156250E-03
   82    0.1191406250000000E-02    0.8176040649414063E-03
   83   -0.5664062500000000E-03    0.7799148559570312E-03
   84   -0.4492187500000000E-03    0.7979965209960937E-03
   85    0.2343750000000000E-03    0.9107208251953125E-03
   86   -0.7421875000000000E-03    0.1062164306640625E-02
   87    0.1367187500000000E-03    0.9588241577148437E-03
   88    0.3535156250000000E-02    0.1001091003417969E-02
   89    0.2148437500000000E-02    0.1157760620117188E-02
   90    0.2949218750000000E-02    0.1097679138183594E-02
   91    0.9375000000000000E-03    0.1067428588867187E-02
   92    0.9765625000000001E-04    0.1132164001464844E-02
   93   -0.1015625000000000E-02    0.1363525390625000E-02
   94    0.1074218750000000E-02    0.8452987670898438E-03
   95   -0.2246093750000000E-02    0.8594131469726562E-03
   96    0.4375000000000000E-02    0.9452056884765625E-03
   97    0.3847656250000000E-02    0.8218765258789062E-03
   98    0.4375000000000000E-02    0.8519744873046875E-03
   99    0.3574218750000000E-02    0.9420394897460937E-03
  100    0.1296875000000000E-01    0.9828948974609376E-03
