# time =    0.4541
    0    0.1000000000000000E+01    0.1000000000000000E+01
    1    0.2752929687500000E+00    0.7655986785888672E-01
    2    0.9033203125000000E-01    0.9092140197753906E-02
    3    0.3302734375000000E-01    0.2027473449707031E-02
    4    0.1076171875000000E-01    0.1031913757324219E-02
    5    0.4277343750000000E-02    0.8765029907226563E-03
    6    0.4082031250000000E-02    0.8868789672851563E-03
    7    0.6660156250000000E-02    0.1148872375488281E-02
    8    0.1308593750000000E-02    0.1100273132324219E-02
    9    0.3925781250000000E-02    0.7554244995117188E-03
   10    0.4941406250000000E-02    0.1000404357910156E-02
   11    0.5859375000000000E-04    0.7148361206054687E-03
   12    0.6386718750000000E-02    0.1041831970214844E-02
   13    0.2460937500000000E-02    0.1036376953125000E-02
   14    0.4277343750000000E-02    0.1187324523925781E-02
   15    0.1757812500000000E-02    0.1087341308593750E-02
   16    0.3710937500000000E-03    0.8026504516601562E-03
   17    0.5566406250000000E-02    0.9183883666992188E-03
   18    0.2636718750000000E-02    0.9716415405273438E-03
   19    0.1191406250000000E-02    0.1075859069824219E-02
   20   -0.2734375000000000E-02    0.1014175415039063E-02
   21   -0.1953125000000000E-02    0.7153320312500000E-03
   22   -0.4003906250000000E-02    0.9079360961914062E-03
   23    0.4531250000000000E-02    0.9815979003906250E-03
   24    0.2871093750000000E-02    0.9391403198242187E-03
   25    0.4589843750000000E-02    0.8525466918945313E-03
   26    0.5859375000000000E-03    0.9773254394531250E-03
   27    0.5078125000000000E-03    0.1078720092773437E-02
   28   -0.9765625000000000E-03    0.7436370849609375E-03
   29    0.2519531250000000E-02    0.1074714660644531E-02
   30   -0.5351562500000000E-02    0.8953857421875000E-03
   31    0.2539062500000000E-02    0.1071853637695313E-02
   32    0.3886718750000000E-02    0.1002082824707031E-02
   33    0.3417968750000000E-02    0.1009483337402344E-02
   34   -0.4843750000000000E-02    0.9250640869140625E-03
   35   -0.1015625000000000E-02    0.1099700927734375E-02
   36    0.3710937500000000E-03    0.8341598510742187E-03
   37    0.3730468750000000E-02    0.9971237182617187E-03
   38   -0.1425781250000000E-02    0.1076469421386719E-02
   39    0.3710937500000000E-02    0.9687805175781250E-03
   40   -0.6308593750000000E-02    0.8561325073242188E-03
   41   -0.4472656250000000E-02    0.1215629577636719E-02
   42   -0.4882812500000000E-02    0.1062850952148438E-02
   43   -0.1523437500000000E-02    0.9634399414062500E-03
   44    0.9765625000000001E-04    0.1012382507324219E-02
   45   -0.1875000000000000E-02    0.1025009155273437E-02
   46   -0.2382812500000000E-02    0.1144561767578125E-02
   47   -0.2460937500000000E-02    0.7519531250000000E-03
   48    0.2753906250000000E-02    0.9453201293945313E-03
   49    0.2734375000000000E-02    0.7605743408203125E-03
   50    0.3281250000000000E-02    0.9067535400390625E-03
   51   -0.1718750000000000E-02    0.1022567749023438E-02
   52    0.3847656250000000E-02    0.9366226196289063E-03
   53    0.8984375000000000E-03    0.1044921875000000E-02
   54    0.6210937500000000E-02    0.9705352783203125E-03
   55    0.2402343750000000E-02    0.1066246032714844E-02
   56   -0.4550781250000000E-02    0.1285285949707031E-02
   57   -0.8144531250000000E-02    0.1043281555175781E-02
   58   -0.1972656250000000E-02    0.1069602966308594E-02
   59   -0.5742187500000000E-02    0.9749603271484375E-03
   60    0.2734375000000000E-03    0.1003799438476562E-02
   61   -0.1953125000000000E-02    0.8603668212890625E-03
   62   -0.1582031250000000E-02    0.1021690368652344E-02
   63    0.1191406250000000E-02    0.1002922058105469E-02
   64    0.2031250000000000E-02    0.8320617675781250E-03
   65   -0.5761718750000000E-02    0.8942794799804688E-03
   66   -0.4179687500000000E-02    0.1288528442382812E-02
   67   -0.2988281250000000E-02    0.1004524230957031E-02
   68    0.3125000000000000E-03    0.9473419189453125E-03
   69    0.2089843750000000E-02    0.1101799011230469E-02
   70    0.3886718750000000E-02    0.9897994995117189E-03
   71    0.3671875000000000E-02    0.8480834960937500E-03
   72    0.6347656250000000E-02    0.1230583190917969E-02
   73    0.4531250000000000E-02    0.7977294921875000E-03
   74    0.1328125000000000E-02    0.9042358398437500E-03
   75   -0.7128906250000000E-02    0.8135604858398438E-03
   76   -0.3242187500000000E-02    0.8805084228515625E-03
   77   -0.1953125000000000E-03    0.8880615234375000E-03
   78    0.2832031250000000E-02    0.9972000122070313E-03
   79   -0.1347656250000000E-02    0.8124160766601562E-03
   80   -0.1425781250000000E-02    0.8281326293945313E-03
   81   -0.7285156250000000E-02    0.7964706420898437E-03
   82   -0.7539062500000000E-02    0.1031112670898438E-02
   83   -0.9003906250000001E-02    0.9049606323242187E-03
   84   -0.5312500000000000E-02    0.9054565429687501E-03
   85   -0.3085937500000000E-02    0.1020660400390625E-02
   86   -0.3125000000000000E-03    0.7928466796875000E-03
   87    0.4492187500000000E-03    0.1027412414550781E-02
   88   -0.1464843750000000E-02    0.7886886596679688E-03
   89    0.1484375000000000E-02    0.8644866943359375E-03
   90   -0.2890625000000000E-02    0.1001739501953125E-02
   91    0.4863281250000000E-02    0.1059455871582031E-02
   92    0.4960937500000000E-02    0.8310699462890626E-03
   93    0.7617187500000000E-03    0.8023452758789063E-03
   94    0.2519531250000000E-02    0.9864425659179687E-03
   95    0.6953125000000000E-02    0.1041412353515625E-02
   96    0.3671875000000000E-02    0.1104278564453125E-02
   97    0.3613281250000000E-02    0.1111030578613281E-02
   98   -0.2871093750000000E-02    0.9886550903320313E-03
   99   -0.4335937500000000E-02    0.1021652221679687E-02
  100   -0.3183593750000000E-02    0.9797286987304687E-03
