# time =    0.4516
    0    0.1000000000000000E+01    0.1000000000000000E+01
    1    0.2936718750000000E+00    0.8705627441406250E-01
    2    0.1094335937500000E+00    0.1289859771728516E-01
    3    0.4654296875000000E-01    0.3366050720214844E-02
    4    0.2052734375000000E-01    0.1482353210449219E-02
    5    0.1064453125000000E-01    0.1221961975097656E-02
    6    0.9199218750000000E-02    0.1039772033691406E-02
    7    0.8730468750000000E-02    0.9980392456054687E-03
    8    0.4062500000000000E-02    0.9260559082031250E-03
    9    0.2324218750000000E-02    0.9075546264648437E-03
   10    0.1386718750000000E-02    0.1169471740722656E-02
   11    0.1445312500000000E-02    0.1155853271484375E-02
   12   -0.1132812500000000E-02    0.9738922119140625E-03
   13    0.4667968750000000E-02    0.1020011901855469E-02
   14   -0.1953125000000000E-02    0.1137084960937500E-02
   15    0.1699218750000000E-02    0.1014518737792969E-02
   16   -0.1757812500000000E-03    0.8429336547851562E-03
   17   -0.2949218750000000E-02    0.9819412231445313E-03
   18   -0.2246093750000000E-02    0.1034126281738281E-02
   19   -0.4707031250000000E-02    0.1108436584472656E-02
   20   -0.8789062500000000E-03    0.9627151489257813E-03
   21    0.3125000000000000E-03    0.7688903808593750E-03
   22   -0.4863281250000000E-02    0.7178115844726562E-03
   23   -0.1894531250000000E-02    0.6906509399414063E-03
   24    0.8789062500000000E-03    0.9186172485351563E-03
   25   -0.2441406250000000E-02    0.9423446655273438E-03
   26    0.6445312500000000E-03    0.1268424987792969E-02
   27   -0.4550781250000000E-02    0.1027870178222656E-02
   28   -0.3867187500000000E-02    0.1002502441406250E-02
   29   -0.4882812500000000E-03    0.7327651977539063E-03
   30   -0.6640625000000000E-03    0.9751892089843749E-03
   31   -0.1152343750000000E-02    0.8689498901367187E-03
   32   -0.2343750000000000E-03    0.6890869140624999E-03
   33   -0.3457031250000000E-02    0.9286117553710938E-03
   34   -0.3613281250000000E-02    0.9601211547851562E-03
   35   -0.3046875000000000E-02    0.8391571044921875E-03
   36    0.1035156250000000E-02    0.9775161743164062E-03
   37   -0.7011718750000000E-02    0.9140396118164063E-03
   38   -0.1171875000000000E-03    0.1039428710937500E-02
   39   -0.1093750000000000E-02    0.9136962890625000E-03
   40    0.1562500000000000E-02    0.1162033081054688E-02
   41    0.5195312500000000E-02    0.8935546875000000E-03
   42    0.1113281250000000E-02    0.9631729125976563E-03
   43   -0.6640625000000000E-03    0.7516479492187500E-03
   44    0.4687500000000000E-03    0.8341979980468750E-03
   45   -0.3417968750000000E-02    0.1013374328613281E-02
   46   -0.4882812500000000E-03    0.8351516723632813E-03
   47   -0.1054687500000000E-02    0.9309387207031250E-03
   48    0.1171875000000000E-03    0.1003112792968750E-02
   49    0.3515625000000000E-02    0.8321380615234374E-03
   50    0.2148437500000000E-03    0.1330528259277344E-02
   51   -0.4335937500000000E-02    0.9933471679687499E-03
   52   -0.4882812500000000E-02    0.9415435791015625E-03
   53   -0.2558593750000000E-02    0.8291244506835937E-03
   54   -0.1250000000000000E-02    0.1010589599609375E-02
   55    0.1308593750000000E-02    0.1004295349121094E-02
   56    0.2675781250000000E-02    0.9260940551757813E-03
   57   -0.1230468750000000E-02    0.8694076538085937E-03
   58    0.2539062500000000E-03    0.9944534301757812E-03
   59   -0.1582031250000000E-02    0.1062126159667969E-02
   60   -0.3457031250000000E-02    0.1021080017089844E-02
   61   -0.5117187500000000E-02    0.9940338134765624E-03
   62   -0.1171875000000000E-02    0.6549835205078125E-03
   63   -0.4023437500000000E-02    0.1167221069335938E-02
   64   -0.2246093750000000E-02    0.8143234252929687E-03
   65    0.5859375000000000E-03    0.9056091308593750E-03
   66   -0.4863281250000000E-02    0.8432388305664063E-03
   67    0.7558593750000000E-02    0.9924697875976563E-03
   68   -0.2050781250000000E-02    0.1020545959472656E-02
   69    0.1074218750000000E-02    0.9711837768554688E-03
   70    0.3242187500000000E-02    0.7408905029296875E-03
   71    0.5332031250000000E-02    0.1077384948730469E-02
   72    0.8730468750000000E-02    0.1050376892089844E-02
   73   -0.9179687499999999E-03    0.1090431213378906E-02
   74   -0.2832031250000000E-02    0.1399650573730469E-02
   75    0.3906250000000000E-04    0.9913635253906250E-03
   76    0.4179687500000000E-02    0.9197998046875000E-03
   77    0.3144531250000000E-02    0.9539413452148437E-03
   78    0.1289062500000000E-02    0.7425689697265625E-03
   79    0.4042968750000000E-02    0.1141166687011719E-02
   80    0.1074218750000000E-02    0.9397506713867187E-03
   81    0.1503906250000000E-02    0.1071052551269531E-02
   82   -0.4316406250000000E-02    0.9457778930664063E-03
   83   -0.2988281250000000E-02    0.9164047241210937E-03
   84   -0.5937500000000000E-02    0.8179473876953125E-03
   85   -0.5859375000000000E-04    0.1124534606933594E-02
   86    0.1191406250000000E-02    0.7893753051757813E-03
   87   -0.2910156250000000E-02    0.1032371520996094E-02
   88    0.2812500000000000E-02    0.8541870117187500E-03
   89   -0.4550781250000000E-02    0.7976150512695313E-03
   90   -0.3164062500000000E-02    0.8440399169921875E-03
   91   -0.2382812500000000E-02    0.9342193603515625E-03
   92   -0.5468750000000001E-03    0.1186904907226562E-02
   93   -0.2734375000000000E-03    0.1218414306640625E-02
   94    0.2207031250000000E-02    0.1073493957519531E-02
   95    0.5820312500000000E-02    0.1174621582031250E-02
   96    0.1796875000000000E-02    0.8875274658203125E-03
   97    0.6054687500000000E-03    0.1011924743652344E-02
   98    0.6113281250000000E-02    0.1048469543457031E-02
   99    0.4746093750000000E-02    0.9962844848632813E-03
  100    0.8007812500000000E-03    0.8183670043945313E-03
