# time =    0.4271
    0    0.1000000000000000E+01    0.1000000000000000E+01
    1    0.3769335937500000E+00    0.1427901840209961E+00
    2    0.1676171875000000E+00    0.2907028198242188E-01
    3    0.8513671875000001E-01    0.8245506286621095E-02
    4    0.4974609375000000E-01    0.3538322448730469E-02
    5    0.3318359375000000E-01    0.2118644714355469E-02
    6    0.2064453125000000E-01    0.1385612487792969E-02
    7    0.1064453125000000E-01    0.1000328063964844E-02
    8    0.1158203125000000E-01    0.9531784057617188E-03
    9    0.8437500000000001E-02    0.9302520751953126E-03
   10    0.3828125000000000E-02    0.8446502685546875E-03
   11   -0.2519531250000000E-02    0.1015052795410156E-02
   12   -0.5917968750000000E-02    0.9575271606445312E-03
   13   -0.3242187500000000E-02    0.9085845947265625E-03
   14   -0.3710937500000000E-03    0.8452224731445312E-03
   15   -0.2753906250000000E-02    0.7800674438476563E-03
   16    0.8105468750000001E-02    0.9158706665039063E-03
   17    0.3046875000000000E-02    0.8534240722656250E-03
   18   -0.1152343750000000E-02    0.8385086059570313E-03
   19   -0.1796875000000000E-02    0.9281921386718750E-03
   20    0.1035156250000000E-02    0.8609390258789062E-03
   21    0.1640625000000000E-02    0.1277847290039063E-02
   22    0.1796875000000000E-02    0.1093139648437500E-02
   23    0.2148437500000000E-03    0.9132766723632812E-03
   24    0.4003906250000000E-02    0.8965682983398438E-03
   25    0.3320312500000000E-03    0.9274673461914062E-03
   26    0.4082031250000000E-02    0.1117057800292969E-02
   27   -0.1367187500000000E-02    0.1114349365234375E-02
   28    0.1035156250000000E-02    0.9390640258789062E-03
   29    0.6640625000000000E-03    0.1190643310546875E-02
   30   -0.1171875000000000E-03    0.7843017578125000E-03
   31    0.1835937500000000E-02    0.8755493164062500E-03
   32    0.1328125000000000E-02    0.7093048095703125E-03
   33    0.4414062500000000E-02    0.8693695068359375E-03
   34   -0.8398437500000000E-03    0.9034347534179688E-03
   35   -0.1523437500000000E-02    0.9323120117187500E-03
   36    0.9570312500000000E-03    0.9180068969726563E-03
   37    0.1777343750000000E-02    0.9702682495117187E-03
   38    0.4160156250000000E-02    0.8190536499023438E-03
   39    0.8203125000000000E-03    0.8531188964843749E-03
   40   -0.2714843750000000E-02    0.8070755004882812E-03
   41   -0.5058593750000000E-02    0.9603500366210938E-03
   42    0.4882812500000000E-03    0.1016120910644531E-02
   43   -0.2617187500000000E-02    0.8827972412109375E-03
   44   -0.1621093750000000E-02    0.9832382202148438E-03
   45   -0.1093750000000000E-02    0.1024093627929687E-02
   46    0.2519531250000000E-02    0.9807968139648438E-03
   47   -0.1933593750000000E-02    0.9367752075195312E-03
   48   -0.9375000000000000E-03    0.1000747680664062E-02
   49    0.1718750000000000E-02    0.7563781738281250E-03
   50   -0.2910156250000000E-02    0.8421707153320313E-03
   51   -0.5078125000000000E-03    0.9692382812500000E-03
   52   -0.5859375000000000E-03    0.1061477661132812E-02
   53    0.3925781250000000E-02    0.1004981994628906E-02
   54    0.7207031250000000E-02    0.9098434448242187E-03
   55    0.1392578125000000E-01    0.9675979614257813E-03
   56    0.9687500000000000E-02    0.1149597167968750E-02
   57    0.8808593750000000E-02    0.1034355163574219E-02
   58    0.9375000000000000E-03    0.7703399658203125E-03
   59   -0.4902343750000000E-02    0.9286880493164062E-03
   60   -0.2910156250000000E-02    0.1079978942871094E-02
   61   -0.1171875000000000E-03    0.1001281738281250E-02
   62   -0.4238281250000000E-02    0.1003303527832031E-02
   63   -0.7460937500000000E-02    0.8595275878906250E-03
   64   -0.7285156250000000E-02    0.1078376770019531E-02
   65   -0.8281250000000000E-02    0.1104660034179687E-02
   66   -0.2343750000000000E-03    0.9333038330078125E-03
   67   -0.3339843750000000E-02    0.1034126281738281E-02
   68   -0.4296875000000000E-02    0.1232757568359375E-02
   69   -0.7949218750000001E-02    0.9527206420898438E-03
   70   -0.3007812500000000E-02    0.1464767456054688E-02
   71   -0.1992187500000000E-02    0.9275817871093750E-03
   72   -0.3144531250000000E-02    0.8540725708007812E-03
   73   -0.1835937500000000E-02    0.8773040771484375E-03
   74   -0.4296875000000000E-03    0.1020355224609375E-02
   75    0.7226562500000000E-03    0.1004981994628906E-02
   76    0.2343750000000000E-02    0.8370971679687500E-03
   77    0.1171875000000000E-03    0.1156234741210938E-02
   78   -0.2480468750000000E-02    0.9531784057617188E-03
   79   -0.4882812500000000E-03    0.7600021362304687E-03
   80    0.1621093750000000E-02    0.1008644104003906E-02
   81    0.3808593750000000E-02    0.9974288940429689E-03
   82    0.5664062500000000E-02    0.8154296875000000E-03
   83    0.5664062500000000E-03    0.1011772155761719E-02
   84    0.2832031250000000E-02    0.8554458618164062E-03
   85    0.1367187500000000E-02    0.9629058837890625E-03
   86    0.6113281250000000E-02    0.9450912475585938E-03
   87    0.5429687500000000E-02    0.1023406982421875E-02
   88    0.7089843750000000E-02    0.8933639526367187E-03
   89    0.1796875000000000E-02    0.9071350097656250E-03
   90   -0.1171875000000000E-03    0.9949493408203125E-03
   91   -0.1972656250000000E-02    0.7679367065429688E-03
   92   -0.4824218750000000E-02    0.9695053100585938E-03
   93   -0.7285156250000000E-02    0.1043968200683594E-02
   94   -0.4042968750000000E-02    0.1069374084472656E-02
   95   -0.4414062500000000E-02    0.1070632934570313E-02
   96   -0.2363281250000000E-02    0.1103706359863281E-02
   97    0.5859375000000000E-03    0.9386444091796875E-03
   98   -0.2343750000000000E-02    0.1132507324218750E-02
   99   -0.1210937500000000E-02    0.8687591552734375E-03
  100    0.1113281250000000E-02    0.1118431091308594E-02
