# time =    0.4666
    0    0.1000000000000000E+01    0.1000000000000000E+01
    1    0.2406445312500000E+00    0.5877025604248047E-01
    2    0.6154296875000000E-01    0.4749870300292969E-02
    3    0.1992187500000000E-01    0.1413116455078125E-02
    4    0.6699218750000000E-02    0.1024055480957031E-02
    5    0.3632812500000000E-02    0.9449005126953125E-03
    6   -0.3066406250000000E-02    0.1054725646972656E-02
    7   -0.5078125000000000E-03    0.8909606933593750E-03
    8   -0.2382812500000000E-02    0.1158447265625000E-02
    9    0.3671875000000000E-02    0.1001815795898438E-02
   10    0.5546875000000000E-02    0.9949493408203125E-03
   11   -0.4882812500000000E-03    0.9450149536132812E-03
   12   -0.1738281250000000E-02    0.8727645874023437E-03
   13   -0.3515625000000000E-02    0.1098632812500000E-02
   14    0.4492187500000000E-02    0.1175003051757812E-02
   15   -0.1562500000000000E-03    0.1109161376953125E-02
   16    0.3906250000000000E-04    0.7869720458984375E-03
   17   -0.1210937500000000E-02    0.1264343261718750E-02
   18   -0.2851562500000000E-02    0.8972167968750000E-03
   19   -0.4687500000000000E-03    0.1003570556640625E-02
   20   -0.1503906250000000E-02    0.8678054809570313E-03
   21   -0.1933593750000000E-02    0.1084251403808594E-02
   22   -0.3515625000000000E-03    0.8116912841796875E-03
   23   -0.4550781250000000E-02    0.1098060607910156E-02
   24   -0.2753906250000000E-02    0.1171379089355469E-02
   25    0.0000000000000000E+00    0.1115722656250000E-02
   26   -0.1171875000000000E-02    0.8910369873046875E-03
   27   -0.4960937500000000E-02    0.1047286987304688E-02
   28   -0.1835937500000000E-02    0.9233856201171875E-03
   29    0.1601562500000000E-02    0.1127471923828125E-02
   30    0.6914062500000000E-02    0.9066009521484375E-03
   31    0.7617187500000000E-03    0.9866714477539062E-03
   32    0.1542968750000000E-02    0.9061050415039063E-03
   33   -0.4101562500000000E-02    0.6871795654296874E-03
   34   -0.7226562500000000E-02    0.1189117431640625E-02
   35   -0.1367187500000000E-02    0.9366607666015625E-03
   36    0.1328125000000000E-02    0.1092834472656250E-02
   37   -0.1972656250000000E-02    0.1022834777832031E-02
   38    0.2714843750000000E-02    0.9495925903320313E-03
   39    0.1171875000000000E-03    0.6977844238281250E-03
   40    0.1855468750000000E-02    0.9697341918945313E-03
   41    0.5937500000000000E-02    0.7895660400390625E-03
   42    0.1953125000000000E-03    0.9387969970703125E-03
   43    0.4746093750000000E-02    0.8614730834960938E-03
   44    0.5722656250000000E-02    0.1095237731933594E-02
   45    0.5937500000000000E-02    0.1023559570312500E-02
   46    0.4550781250000000E-02    0.8301162719726563E-03
   47   -0.2617187500000000E-02    0.9244537353515625E-03
   48    0.7812500000000000E-03    0.8690643310546875E-03
   49    0.3417968750000000E-02    0.9257888793945312E-03
   50    0.2773437500000000E-02    0.1084518432617188E-02
   51    0.4238281250000000E-02    0.1098899841308594E-02
   52    0.3476562500000000E-02    0.1252822875976563E-02
   53    0.1289062500000000E-02    0.1119689941406250E-02
   54    0.6054687500000000E-03    0.8626174926757812E-03
   55    0.4296875000000000E-03    0.7804870605468750E-03
   56   -0.4140625000000000E-02    0.8644866943359375E-03
   57    0.6250000000000000E-03    0.8690643310546875E-03
   58    0.1210937500000000E-02    0.1193466186523438E-02
   59    0.3007812500000000E-02    0.1082611083984375E-02
   60    0.5039062500000000E-02    0.8833312988281250E-03
   61   -0.3593750000000000E-02    0.1030349731445313E-02
   62   -0.6054687500000000E-03    0.1050682067871094E-02
   63    0.2890625000000000E-02    0.1000747680664062E-02
   64    0.3515625000000000E-02    0.1104660034179687E-02
   65    0.2421875000000000E-02    0.8905029296875000E-03
   66   -0.1679687500000000E-02    0.8392333984375000E-03
   67   -0.5859375000000000E-04    0.7535171508789063E-03
   68   -0.1445312500000000E-02    0.9335327148437500E-03
   69   -0.3964843750000000E-02    0.8462142944335938E-03
   70   -0.7851562499999999E-02    0.9761810302734375E-03
   71   -0.8984375000000000E-03    0.1024932861328125E-02
   72    0.8203125000000000E-03    0.1122055053710937E-02
   73    0.4570312500000000E-02    0.9838104248046874E-03
   74    0.3417968750000000E-02    0.8774185180664062E-03
   75    0.4687500000000000E-03    0.1042633056640625E-02
   76   -0.1953125000000000E-03    0.9317779541015625E-03
   77    0.1933593750000000E-02    0.8297348022460937E-03
   78   -0.4687500000000000E-03    0.8884429931640625E-03
   79   -0.1953125000000000E-02    0.8315277099609375E-03
   80    0.2304687500000000E-02    0.1016540527343750E-02
   81    0.3730468750000000E-02    0.1041221618652344E-02
   82    0.5761718750000000E-02    0.9756851196289063E-03
   83    0.1542968750000000E-02    0.7716751098632812E-03
   84   -0.2343750000000000E-02    0.8467102050781250E-03
   85   -0.5859375000000000E-03    0.1079483032226563E-02
   86    0.5019531250000000E-02    0.1048851013183594E-02
   87   -0.3046875000000000E-02    0.1035385131835938E-02
   88   -0.3652343750000000E-02    0.8770370483398437E-03
   89   -0.8398437500000000E-03    0.8993911743164063E-03
   90   -0.5273437500000000E-03    0.8131027221679688E-03
   91   -0.3515625000000000E-02    0.1209945678710938E-02
   92    0.6054687500000000E-03    0.8760452270507813E-03
   93    0.2871093750000000E-02    0.8275985717773437E-03
   94   -0.1640625000000000E-02    0.8227539062500000E-03
   95   -0.1171875000000000E-02    0.1113281250000000E-02
   96    0.2500000000000000E-02    0.8592987060546875E-03
   97    0.7812500000000000E-04    0.7476043701171875E-03
   98    0.3437500000000000E-02    0.7917785644531250E-03
   99   -0.3320312500000000E-03    0.1083259582519531E-02
  100   -0.5859375000000000E-04    0.9279251098632812E-03
