# time =    0.4713
    0    0.1000000000000000E+01    0.1000000000000000E+01
    1    0.1928906250000000E+00    0.3803993225097656E-01
    2    0.3783203125000000E-01    0.2367820739746094E-02
    3    0.9218750000000000E-02    0.1329421997070312E-02
    4   -0.7324218750000000E-02    0.1067771911621094E-02
    5   -0.2480468750000000E-02    0.8147048950195312E-03
    6   -0.3710937500000000E-03    0.1165428161621094E-02
    7    0.3007812500000000E-02    0.9989929199218750E-03
    8    0.2324218750000000E-02    0.1116523742675781E-02
    9   -0.3652343750000000E-02    0.9187698364257812E-03
   10   -0.1171875000000000E-02    0.1064682006835938E-02
   11    0.1523437500000000E-02    0.8798217773437499E-03
   12   -0.1621093750000000E-02    0.8577346801757812E-03
   13   -0.5156250000000000E-02    0.1021423339843750E-02
   14   -0.7031250000000000E-03    0.1002731323242188E-02
   15    0.3398437500000000E-02    0.1095962524414063E-02
   16    0.4882812500000000E-03    0.9914779663085938E-03
   17    0.3320312500000000E-03    0.9923171997070312E-03
   18   -0.8593750000000000E-03    0.1022109985351562E-02
   19   -0.1464843750000000E-02    0.1159934997558594E-02
   20   -0.4941406250000000E-02    0.1223411560058594E-02
   21   -0.7812500000000000E-03    0.1057662963867187E-02
   22    0.1074218750000000E-02    0.1036643981933594E-02
   23    0.2812500000000000E-02    0.1067428588867187E-02
   24    0.5546875000000000E-02    0.9552001953125000E-03
   25    0.1250000000000000E-02    0.1221313476562500E-02
   26    0.1464843750000000E-02    0.9222793579101563E-03
   27    0.4765625000000000E-02    0.8943176269531250E-03
   28   -0.1562500000000000E-02    0.1005401611328125E-02
   29   -0.1894531250000000E-02    0.8005142211914062E-03
   30    0.9765625000000001E-04    0.1072196960449219E-02
   31    0.7617187500000000E-03    0.1089973449707031E-02
   32   -0.7226562500000000E-03    0.1225013732910156E-02
   33   -0.1289062500000000E-02    0.9748077392578125E-03
   34   -0.6054687500000000E-03    0.8864212036132813E-03
   35    0.1191406250000000E-02    0.7278823852539063E-03
   36    0.2929687500000000E-02    0.1008071899414062E-02
   37    0.3515625000000000E-02    0.9146118164062500E-03
   38    0.1992187500000000E-02    0.9393310546875000E-03
   39   -0.1757812500000000E-02    0.9701538085937500E-03
   40   -0.1660156250000000E-02    0.1191215515136719E-02
   41    0.1308593750000000E-02    0.9340286254882812E-03
   42   -0.3007812500000000E-02    0.1108322143554688E-02
   43   -0.4062500000000000E-02    0.9229278564453125E-03
   44    0.1835937500000000E-02    0.1060104370117187E-02
   45    0.6269531250000000E-02    0.8816146850585938E-03
   46   -0.4882812500000000E-03    0.9769058227539062E-03
   47    0.1230468750000000E-02    0.1038169860839844E-02
   48    0.1113281250000000E-02    0.9408187866210937E-03
   49   -0.9570312500000000E-03    0.9784317016601563E-03
   50    0.4687500000000000E-03    0.1083374023437500E-02
   51    0.2949218750000000E-02    0.1016578674316406E-02
   52   -0.1484375000000000E-02    0.7535552978515625E-03
   53   -0.5664062500000000E-03    0.7500839233398437E-03
   54   -0.4375000000000000E-02    0.1023864746093750E-02
   55    0.3007812500000000E-02    0.1089248657226563E-02
   56    0.3886718750000000E-02    0.7478713989257813E-03
   57   -0.1386718750000000E-02    0.1096916198730469E-02
   58   -0.5839843750000000E-02    0.1412544250488281E-02
   59   -0.5390625000000000E-02    0.8173370361328125E-03
   60    0.9765625000000000E-03    0.1077880859375000E-02
   61   -0.5996093750000000E-02    0.8404159545898438E-03
   62   -0.1972656250000000E-02    0.1035194396972656E-02
   63   -0.2792968750000000E-02    0.1217842102050781E-02
   64   -0.4042968750000000E-02    0.9975814819335937E-03
   65   -0.2832031250000000E-02    0.8244705200195312E-03
   66   -0.1269531250000000E-02    0.9640884399414062E-03
   67    0.4941406250000000E-02    0.7732772827148438E-03
   68    0.5429687500000000E-02    0.9725189208984375E-03
   69   -0.4003906250000000E-02    0.1068534851074219E-02
   70    0.6015625000000000E-02    0.9611511230468750E-03
   71    0.1835937500000000E-02    0.1148681640625000E-02
   72    0.5976562500000000E-02    0.7832336425781250E-03
   73   -0.4707031250000000E-02    0.1064567565917969E-02
   74   -0.6308593750000000E-02    0.9176254272460938E-03
   75    0.4160156250000000E-02    0.9506607055664063E-03
   76    0.6386718750000000E-02    0.8473587036132812E-03
   77    0.1029296875000000E-01    0.1006813049316406E-02
   78    0.3769531250000000E-02    0.1008949279785156E-02
   79    0.4765625000000000E-02    0.7300567626953125E-03
   80   -0.1835937500000000E-02    0.7643890380859375E-03
   81   -0.4140625000000000E-02    0.7206726074218750E-03
   82   -0.2539062500000000E-03    0.8427047729492187E-03
   83    0.1250000000000000E-02    0.9153747558593750E-03
   84    0.2734375000000000E-03    0.9350585937500000E-03
   85    0.2128906250000000E-02    0.7862472534179688E-03
   86    0.2812500000000000E-02    0.9713745117187499E-03
   87   -0.3320312500000000E-03    0.8376693725585938E-03
   88   -0.2460937500000000E-02    0.7796478271484375E-03
   89   -0.6777343750000000E-02    0.7929611206054688E-03
   90    0.1406250000000000E-02    0.9371185302734375E-03
   91    0.3691406250000000E-02    0.9446334838867187E-03
   92   -0.2050781250000000E-02    0.7754135131835938E-03
   93    0.1250000000000000E-02    0.9881591796875001E-03
   94   -0.4335937500000000E-02    0.9033966064453125E-03
   95   -0.1328125000000000E-02    0.7933807373046875E-03
   96   -0.4121093750000000E-02    0.1067390441894531E-02
   97   -0.1796875000000000E-02    0.8477783203125000E-03
   98   -0.6054687500000000E-03    0.1169166564941406E-02
   99   -0.3144531250000000E-02    0.9852981567382813E-03
  100    0.6054687500000000E-03    0.7915115356445313E-03
