# time =    0.4802
    0    0.1000000000000000E+01    0.1000000000000000E+01
    1    0.2341210937500000E+00    0.5543964385986328E-01
    2    0.7160156249999999E-01    0.6186218261718750E-02
    3    0.2851562500000000E-01    0.1769485473632813E-02
    4    0.1537109375000000E-01    0.1545982360839844E-02
    5    0.6796875000000000E-02    0.1025772094726562E-02
    6    0.9179687500000000E-02    0.1096420288085938E-02
    7    0.3671875000000000E-02    0.1245803833007812E-02
    8    0.8984375000000000E-03    0.1011428833007812E-02
    9   -0.1933593750000000E-02    0.1166496276855469E-02
   10   -0.6406250000000000E-02    0.8264923095703125E-03
   11   -0.1933593750000000E-02    0.1055870056152344E-02
   12    0.2597656250000000E-02    0.8990859985351562E-03
   13   -0.3652343750000000E-02    0.1150093078613281E-02
   14   -0.1171875000000000E-02    0.1009216308593750E-02
   15    0.3847656250000000E-02    0.1023674011230469E-02
   16    0.3925781250000000E-02    0.1006202697753906E-02
   17    0.1152343750000000E-02    0.9202957153320312E-03
   18   -0.1562500000000000E-03    0.1053543090820313E-02
   19    0.2441406250000000E-02    0.1110725402832031E-02
   20   -0.2578125000000000E-02    0.1220855712890625E-02
   21    0.2656250000000000E-02    0.1035766601562500E-02
   22    0.1679687500000000E-02    0.9364318847656250E-03
   23   -0.3652343750000000E-02    0.1179542541503906E-02
   24   -0.3261718750000000E-02    0.9884262084960938E-03
   25   -0.2070312500000000E-02    0.1176605224609375E-02
   26    0.9375000000000000E-03    0.1110305786132813E-02
   27   -0.7910156250000000E-02    0.8846664428710937E-03
   28   -0.5742187500000000E-02    0.8268737792968750E-03
   29   -0.2460937500000000E-02    0.1272201538085938E-02
   30   -0.2324218750000000E-02    0.1051139831542969E-02
   31    0.1679687500000000E-02    0.1071014404296875E-02
   32   -0.4960937500000000E-02    0.7314300537109375E-03
   33   -0.2539062500000000E-03    0.8604049682617188E-03
   34   -0.4531250000000000E-02    0.9343719482421875E-03
   35   -0.2382812500000000E-02    0.9462738037109375E-03
   36   -0.1679687500000000E-02    0.1088867187500000E-02
   37   -0.1425781250000000E-02    0.9129714965820313E-03
   38   -0.1406250000000000E-02    0.9613037109375000E-03
   39   -0.3320312500000000E-02    0.9529113769531250E-03
   40   -0.1230468750000000E-02    0.9715652465820312E-03
   41   -0.5917968750000000E-02    0.1010627746582031E-02
   42    0.2792968750000000E-02    0.9808731079101562E-03
   43   -0.8593750000000000E-03    0.7359313964843750E-03
   44    0.1972656250000000E-02    0.8961105346679687E-03
   45   -0.1464843750000000E-02    0.9736251831054687E-03
   46    0.9765625000000000E-03    0.8532714843750000E-03
   47    0.1953125000000000E-03    0.7354736328125000E-03
   48    0.2773437500000000E-02    0.8969116210937500E-03
   49    0.5664062500000000E-03    0.9720230102539063E-03
   50    0.1757812500000000E-03    0.1188011169433594E-02
   51   -0.2929687500000000E-02    0.8327484130859375E-03
   52   -0.2324218750000000E-02    0.8415603637695313E-03
   53   -0.3007812500000000E-02    0.1035690307617188E-02
   54   -0.4882812500000000E-02    0.1024475097656250E-02
   55   -0.1210937500000000E-02    0.1083755493164063E-02
   56    0.5078125000000000E-03    0.1020736694335937E-02
   57   -0.3535156250000000E-02    0.1121864318847656E-02
   58    0.6054687500000000E-03    0.9886550903320313E-03
   59    0.9765625000000001E-04    0.8356094360351563E-03
   60   -0.5898437500000000E-02    0.8016967773437500E-03
   61   -0.3085937500000000E-02    0.1017074584960938E-02
   62   -0.3125000000000000E-02    0.1040649414062500E-02
   63   -0.9570312500000000E-03    0.1104850769042969E-02
   64   -0.3906250000000000E-04    0.1017684936523437E-02
   65   -0.3769531250000000E-02    0.9822463989257813E-03
   66   -0.9765625000000001E-04    0.1047325134277344E-02
   67   -0.8593750000000000E-03    0.9898376464843751E-03
   68    0.1660156250000000E-02    0.7252883911132812E-03
   69   -0.8398437500000000E-03    0.1094779968261719E-02
   70   -0.8203125000000000E-03    0.1026840209960938E-02
   71    0.8593750000000000E-03    0.1035003662109375E-02
   72   -0.3164062500000000E-02    0.1185760498046875E-02
   73   -0.2929687500000000E-02    0.9314727783203125E-03
   74   -0.8007812500000000E-03    0.1026878356933594E-02
   75    0.1074218750000000E-02    0.1219596862792969E-02
   76    0.3867187500000000E-02    0.9174346923828125E-03
   77    0.9765625000000001E-04    0.1020011901855469E-02
   78    0.2968750000000000E-02    0.8967590332031250E-03
   79   -0.2949218750000000E-02    0.1169853210449219E-02
   80    0.4296875000000000E-02    0.1243286132812500E-02
   81    0.6718750000000000E-02    0.1318130493164063E-02
   82    0.2089843750000000E-02    0.1603584289550781E-02
   83    0.5859375000000000E-03    0.1036987304687500E-02
   84    0.2851562500000000E-02    0.8883666992187500E-03
   85    0.8789062500000000E-03    0.1086921691894531E-02
   86    0.1250000000000000E-02    0.9960174560546876E-03
   87   -0.2539062500000000E-02    0.1141128540039062E-02
   88   -0.9960937500000000E-03    0.1238746643066406E-02
   89   -0.2011718750000000E-02    0.9525680541992188E-03
   90   -0.4257812500000000E-02    0.1103820800781250E-02
   91   -0.2343750000000000E-03    0.1221466064453125E-02
   92   -0.3027343750000000E-02    0.9814834594726563E-03
   93   -0.4355468750000000E-02    0.8942031860351562E-03
   94   -0.1992187500000000E-02    0.8078765869140625E-03
   95   -0.9375000000000000E-03    0.1119461059570312E-02
   96   -0.5097656250000000E-02    0.9096145629882812E-03
   97   -0.3808593750000000E-02    0.1041984558105469E-02
   98   -0.1777343750000000E-02    0.8499526977539063E-03
   99    0.1367187500000000E-03    0.7882308959960937E-03
  100   -0.2109375000000000E-02    0.1022033691406250E-02
