# time =    0.4609
    0    0.1000000000000000E+01    0.1000000000000000E+01
    1    0.2419140625000000E+00    0.5948188781738281E-01
    2    0.6488281250000000E-01    0.4991531372070312E-02
    3    0.1740234375000000E-01    0.1406745910644531E-02
    4    0.6250000000000000E-02    0.8894348144531250E-03
    5    0.3652343750000000E-02    0.9177017211914062E-03
    6   -0.1875000000000000E-02    0.7590484619140625E-03
    7   -0.7812500000000000E-04    0.7847595214843750E-03
    8    0.1953125000000000E-02    0.1100387573242187E-02
    9    0.9375000000000000E-03    0.1091308593750000E-02
   10   -0.1953125000000000E-04    0.8111953735351563E-03
   11   -0.1699218750000000E-02    0.8676528930664062E-03
   12   -0.4316406250000000E-02    0.1146354675292969E-02
   13    0.2109375000000000E-02    0.1131668090820313E-02
   14   -0.2363281250000000E-02    0.1094779968261719E-02
   15   -0.2031250000000000E-02    0.1048965454101563E-02
   16    0.1250000000000000E-02    0.1125793457031250E-02
   17   -0.4804687500000000E-02    0.1011810302734375E-02
   18    0.1386718750000000E-02    0.9950637817382813E-03
   19    0.2539062500000000E-03    0.1195335388183594E-02
   20   -0.7128906250000000E-02    0.8256149291992188E-03
   21    0.1503906250000000E-02    0.9824752807617188E-03
   22   -0.1972656250000000E-02    0.9801864624023437E-03
   23    0.5664062500000000E-02    0.8453369140625000E-03
   24    0.5859375000000000E-03    0.9494018554687500E-03
   25    0.3535156250000000E-02    0.1193580627441406E-02
   26    0.6250000000000000E-03    0.1072845458984375E-02
   27    0.1542968750000000E-02    0.1076087951660156E-02
   28   -0.1093750000000000E-02    0.9325408935546875E-03
   29   -0.3593750000000000E-02    0.9912109374999999E-03
   30   -0.2656250000000000E-02    0.1133880615234375E-02
   31   -0.1015625000000000E-02    0.1000976562500000E-02
   32   -0.4882812500000000E-03    0.1226387023925781E-02
   33    0.4316406250000000E-02    0.9809494018554687E-03
   34    0.2929687500000000E-02    0.8467864990234375E-03
   35   -0.3320312500000000E-03    0.1001396179199219E-02
   36   -0.6445312500000000E-03    0.8108901977539062E-03
   37   -0.6445312500000000E-03    0.1246070861816406E-02
   38   -0.2714843750000000E-02    0.1130714416503906E-02
   39    0.5468750000000001E-03    0.7866668701171875E-03
   40    0.4121093750000000E-02    0.9915542602539063E-03
   41   -0.9375000000000000E-03    0.9630584716796875E-03
   42   -0.2695312500000000E-02    0.1164245605468750E-02
   43   -0.2734375000000000E-03    0.9282684326171875E-03
   44    0.4082031250000000E-02    0.8445358276367187E-03
   45    0.1386718750000000E-02    0.9433364868164062E-03
   46    0.7617187500000000E-03    0.1241722106933594E-02
   47   -0.3789062500000000E-02    0.8596801757812501E-03
   48   -0.4765625000000000E-02    0.1055068969726562E-02
   49   -0.1386718750000000E-02    0.1111259460449219E-02
   50   -0.1308593750000000E-02    0.1216011047363281E-02
   51    0.3984375000000000E-02    0.8403015136718750E-03
   52   -0.6660156250000000E-02    0.8441543579101562E-03
   53    0.6445312500000000E-03    0.7150650024414062E-03
   54    0.2402343750000000E-02    0.1006813049316406E-02
   55    0.1738281250000000E-02    0.8955001831054688E-03
   56    0.6523437500000000E-02    0.9336853027343750E-03
   57   -0.1230468750000000E-02    0.9651565551757812E-03
   58   -0.1328125000000000E-02    0.7273864746093750E-03
   59   -0.2324218750000000E-02    0.9964370727539062E-03
   60    0.1269531250000000E-02    0.1087913513183594E-02
   61    0.8203125000000000E-03    0.8686828613281250E-03
   62   -0.2382812500000000E-02    0.1058425903320312E-02
   63   -0.3671875000000000E-02    0.9496307373046875E-03
   64    0.5976562500000000E-02    0.8669281005859375E-03
   65    0.1601562500000000E-02    0.8644104003906250E-03
   66    0.2011718750000000E-02    0.8468246459960938E-03
   67   -0.7812500000000000E-04    0.9917449951171876E-03
   68    0.7167968750000000E-02    0.1155204772949219E-02
   69   -0.2148437500000000E-02    0.8187103271484375E-03
   70    0.2656250000000000E-02    0.9262084960937500E-03
   71    0.3984375000000000E-02    0.1120452880859375E-02
   72   -0.1855468750000000E-02    0.1277580261230469E-02
   73   -0.3808593750000000E-02    0.1003150939941406E-02
   74    0.1718750000000000E-02    0.8991241455078125E-03
   75   -0.1796875000000000E-02    0.9925842285156250E-03
   76   -0.3281250000000000E-02    0.9457397460937500E-03
   77    0.1171875000000000E-02    0.7589721679687500E-03
   78    0.6250000000000000E-03    0.1379776000976562E-02
   79    0.3183593750000000E-02    0.9144973754882812E-03
   80   -0.1210937500000000E-02    0.1137313842773437E-02
   81    0.2519531250000000E-02    0.6779098510742188E-03
   82    0.2558593750000000E-02    0.8290481567382813E-03
   83    0.3105468750000000E-02    0.8354568481445312E-03
   84    0.5859375000000000E-03    0.6494140625000000E-03
   85    0.5859375000000000E-02    0.9613800048828125E-03
   86    0.3750000000000000E-02    0.1132125854492187E-02
   87   -0.2734375000000000E-03    0.9390258789062500E-03
   88    0.2773437500000000E-02    0.9571838378906250E-03
   89   -0.1152343750000000E-02    0.9608078002929688E-03
   90   -0.1210937500000000E-02    0.1067352294921875E-02
   91   -0.7812500000000000E-03    0.1212463378906250E-02
   92    0.3046875000000000E-02    0.1056289672851562E-02
   93    0.1738281250000000E-02    0.1119422912597656E-02
   94    0.1718750000000000E-02    0.9116363525390625E-03
   95    0.3320312500000000E-03    0.7109451293945313E-03
   96   -0.1875000000000000E-02    0.7545471191406250E-03
   97    0.6074218750000000E-02    0.9000778198242187E-03
   98    0.6894531250000000E-02    0.1028938293457031E-02
   99    0.3632812500000000E-02    0.9111785888671876E-03
  100   -0.7812500000000000E-03    0.6391906738281250E-03
