# time =    0.4733
    0    0.1000000000000000E+01    0.1000000000000000E+01
    1    0.2142187500000000E+00    0.4648101806640625E-01
    2    0.5505859375000000E-01    0.3979911804199219E-02
    3    0.1431640625000000E-01    0.1364936828613281E-02
    4    0.2988281250000000E-02    0.1196937561035156E-02
    5   -0.2558593750000000E-02    0.9332656860351563E-03
    6    0.3222656250000000E-02    0.1039314270019531E-02
    7   -0.9765625000000001E-04    0.8811569213867188E-03
    8    0.1074218750000000E-02    0.9095382690429688E-03
    9    0.1894531250000000E-02    0.1055717468261719E-02
   10    0.3398437500000000E-02    0.8549499511718750E-03
   11    0.1562500000000000E-03    0.9782409667968750E-03
   12   -0.1972656250000000E-02    0.1048011779785156E-02
   13   -0.1054687500000000E-02    0.9609222412109375E-03
   14    0.3027343750000000E-02    0.7775497436523438E-03
   15    0.4863281250000000E-02    0.1169319152832031E-02
   16    0.5976562500000000E-02    0.9902191162109374E-03
   17    0.1953125000000000E-02    0.1003417968750000E-02
   18   -0.5156250000000000E-02    0.9091949462890625E-03
   19   -0.4296875000000000E-03    0.8300781250000000E-03
   20    0.1054687500000000E-02    0.1032485961914063E-02
   21    0.3710937500000000E-02    0.1005630493164063E-02
   22    0.4687500000000000E-03    0.9734344482421875E-03
   23    0.1621093750000000E-02    0.8591842651367187E-03
   24    0.2382812500000000E-02    0.1107559204101562E-02
   25    0.3242187500000000E-02    0.9974670410156251E-03
   26   -0.1132812500000000E-02    0.8826446533203125E-03
   27   -0.3125000000000000E-02    0.5749511718750000E-03
   28   -0.3007812500000000E-02    0.1064071655273437E-02
   29   -0.3886718750000000E-02    0.1053886413574219E-02
   30    0.6640625000000000E-03    0.9647369384765625E-03
   31    0.2167968750000000E-02    0.8834457397460938E-03
   32    0.7226562500000000E-02    0.9643554687500000E-03
   33    0.2304687500000000E-02    0.1134643554687500E-02
   34    0.2929687500000000E-03    0.1003150939941406E-02
   35   -0.2382812500000000E-02    0.1153793334960937E-02
   36    0.2890625000000000E-02    0.1082000732421875E-02
   37   -0.4785156250000000E-02    0.8716201782226563E-03
   38    0.7226562500000000E-03    0.1041297912597656E-02
   39   -0.5351562500000000E-02    0.8753967285156250E-03
   40    0.5859375000000000E-03    0.8692169189453126E-03
   41    0.2148437500000000E-02    0.7711791992187500E-03
   42    0.9375000000000000E-03    0.7877349853515625E-03
   43   -0.9375000000000000E-03    0.7931518554687500E-03
   44   -0.1777343750000000E-02    0.1114616394042969E-02
   45   -0.1152343750000000E-02    0.9255599975585937E-03
   46    0.2011718750000000E-02    0.9770584106445312E-03
   47    0.4726562500000000E-02    0.1197204589843750E-02
   48   -0.1953125000000000E-03    0.1135864257812500E-02
   49   -0.2558593750000000E-02    0.1186180114746094E-02
   50   -0.2988281250000000E-02    0.8058547973632812E-03
   51   -0.7226562500000000E-02    0.1050338745117187E-02
   52   -0.1972656250000000E-02    0.9024429321289062E-03
   53    0.3457031250000000E-02    0.1113700866699219E-02
   54    0.4707031250000000E-02    0.1125755310058594E-02
   55   -0.3750000000000000E-02    0.8520507812500001E-03
   56   -0.2304687500000000E-02    0.1243972778320313E-02
   57   -0.1757812500000000E-02    0.9402465820312500E-03
   58   -0.1894531250000000E-02    0.1028175354003906E-02
   59    0.2128906250000000E-02    0.7783126831054688E-03
   60    0.2226562500000000E-02    0.1035537719726562E-02
   61   -0.2734375000000000E-03    0.9758758544921875E-03
   62    0.1406250000000000E-02    0.1245346069335937E-02
   63   -0.4394531250000000E-02    0.1301689147949219E-02
   64   -0.2109375000000000E-02    0.9840393066406249E-03
   65   -0.1191406250000000E-02    0.9681320190429687E-03
   66   -0.4492187500000000E-03    0.1260871887207031E-02
   67   -0.4589843750000000E-02    0.1049003601074219E-02
   68    0.3164062500000000E-02    0.7380676269531250E-03
   69    0.4101562500000000E-03    0.7970809936523437E-03
   70   -0.8203125000000000E-03    0.1140136718750000E-02
   71    0.1386718750000000E-02    0.9096908569335937E-03
   72    0.3300781250000000E-02    0.1003303527832031E-02
   73   -0.2929687500000000E-03    0.1203651428222656E-02
   74   -0.6640625000000000E-03    0.1152343750000000E-02
   75    0.1738281250000000E-02    0.1183204650878906E-02
   76   -0.1523437500000000E-02    0.9962463378906251E-03
   77    0.1562500000000000E-03    0.9962463378906251E-03
   78    0.8593750000000000E-03    0.1078262329101563E-02
   79   -0.6835937500000000E-03    0.7942581176757813E-03
   80    0.2167968750000000E-02    0.9502792358398438E-03
   81    0.3320312500000000E-03    0.9399795532226562E-03
   82   -0.1386718750000000E-02    0.1066780090332031E-02
   83   -0.1425781250000000E-02    0.6502151489257812E-03
   84   -0.4160156250000000E-02    0.9165573120117188E-03
   85   -0.6835937500000000E-03    0.1024818420410156E-02
   86   -0.5664062500000000E-03    0.9311294555664063E-03
   87    0.3691406250000000E-02    0.9331130981445313E-03
   88    0.7617187500000000E-03    0.9695816040039062E-03
   89    0.1679687500000000E-02    0.8090972900390625E-03
   90    0.4082031250000000E-02    0.9186935424804688E-03
   91   -0.4257812500000000E-02    0.1191177368164062E-02
   92   -0.3613281250000000E-02    0.1062812805175781E-02
   93   -0.4101562500000000E-03    0.9464645385742188E-03
   94    0.3710937500000000E-02    0.1050109863281250E-02
   95    0.3847656250000000E-02    0.9505844116210937E-03
   96    0.2988281250000000E-02    0.9820175170898438E-03
   97    0.8203125000000000E-03    0.1052017211914062E-02
   98    0.1054687500000000E-02    0.7712554931640625E-03
   99    0.2480468750000000E-02    0.7750320434570312E-03
  100    0.1171875000000000E-03    0.1015853881835938E-02
