# time =    0.4624
    0    0.1000000000000000E+01    0.1000000000000000E+01
    1    0.2022265625000000E+00    0.4174140930175781E-01
    2    0.4386718750000000E-01    0.2841873168945313E-02
    3    0.9160156250000001E-02    0.9917831420898438E-03
    4    0.2558593750000000E-02    0.1013298034667969E-02
    5   -0.9179687499999999E-03    0.1037330627441406E-02
    6   -0.4101562500000000E-03    0.1084251403808594E-02
    7    0.1894531250000000E-02    0.9972000122070313E-03
    8   -0.4296875000000000E-03    0.9500122070312500E-03
    9    0.2109375000000000E-02    0.9233093261718750E-03
   10    0.4277343750000000E-02    0.9997940063476562E-03
   11    0.4355468750000000E-02    0.8578872680664062E-03
   12    0.1464843750000000E-02    0.1004142761230469E-02
   13    0.2402343750000000E-02    0.6606674194335937E-03
   14    0.4902343750000000E-02    0.9274673461914062E-03
   15    0.4726562500000000E-02    0.9288787841796875E-03
   16   -0.6640625000000000E-03    0.9251403808593750E-03
   17   -0.6835937500000000E-03    0.7371902465820312E-03
   18    0.9570312500000000E-03    0.8468246459960938E-03
   19    0.1464843750000000E-02    0.1072044372558594E-02
   20   -0.2304687500000000E-02    0.9918975830078124E-03
   21   -0.4218750000000000E-02    0.9207916259765625E-03
   22   -0.7246093750000000E-02    0.8821487426757812E-03
   23    0.1953125000000000E-04    0.1056404113769531E-02
   24    0.3125000000000000E-03    0.1198806762695312E-02
   25    0.1191406250000000E-02    0.1132469177246094E-02
   26    0.2519531250000000E-02    0.7635879516601562E-03
   27    0.1757812500000000E-03    0.7077407836914063E-03
   28    0.2148437500000000E-02    0.8484649658203125E-03
   29   -0.5273437500000000E-03    0.9838485717773438E-03
   30    0.4589843750000000E-02    0.1051139831542969E-02
   31    0.6406250000000000E-02    0.1215515136718750E-02
   32    0.2167968750000000E-02    0.7573318481445313E-03
   33    0.5722656250000000E-02    0.9034347534179688E-03
   34   -0.6582031250000000E-02    0.1042366027832031E-02
   35    0.1757812500000000E-02    0.8763885498046875E-03
   36    0.4667968750000000E-02    0.1062202453613281E-02
   37   -0.1855468750000000E-02    0.8847427368164063E-03
   38   -0.7617187500000000E-03    0.8581161499023437E-03
   39   -0.2128906250000000E-02    0.1064109802246094E-02
   40   -0.2031250000000000E-02    0.1425170898437500E-02
   41    0.8398437500000000E-03    0.1154441833496094E-02
   42    0.1835937500000000E-02    0.8731079101562500E-03
   43    0.1738281250000000E-02    0.8771896362304687E-03
   44   -0.3378906250000000E-02    0.8871841430664062E-03
   45    0.2382812500000000E-02    0.9532928466796875E-03
   46    0.5957031250000000E-02    0.8804702758789063E-03
   47    0.2734375000000000E-03    0.1023712158203125E-02
   48    0.3105468750000000E-02    0.1064720153808594E-02
   49   -0.6738281250000000E-02    0.1002464294433594E-02
   50    0.1171875000000000E-02    0.8975219726562500E-03
   51   -0.4355468750000000E-02    0.6294631958007812E-03
   52    0.3242187500000000E-02    0.6670379638671876E-03
   53    0.9375000000000000E-03    0.1039962768554688E-02
   54    0.5859375000000000E-04    0.7262802124023437E-03
   55    0.2363281250000000E-02    0.9231948852539062E-03
   56    0.3027343750000000E-02    0.9405136108398438E-03
   57    0.3417968750000000E-02    0.8236312866210937E-03
   58    0.1914062500000000E-02    0.1077651977539062E-02
   59    0.5000000000000000E-02    0.9991455078125001E-03
   60    0.5703125000000000E-02    0.1078643798828125E-02
   61    0.3730468750000000E-02    0.1068840026855469E-02
   62    0.4648437500000000E-02    0.1210250854492187E-02
   63    0.5312500000000000E-02    0.1171264648437500E-02
   64    0.9765625000000001E-04    0.7786178588867188E-03
   65   -0.1464843750000000E-02    0.1060752868652344E-02
   66    0.5937500000000000E-02    0.8005523681640626E-03
   67   -0.1503906250000000E-02    0.1050148010253906E-02
   68    0.2109375000000000E-02    0.1037979125976563E-02
   69    0.7617187500000000E-03    0.9789657592773437E-03
   70    0.7031250000000000E-03    0.1192016601562500E-02
   71   -0.3535156250000000E-02    0.1163139343261719E-02
   72   -0.9960937500000000E-03    0.1180992126464844E-02
   73    0.1601562500000000E-02    0.9194946289062500E-03
   74    0.2011718750000000E-02    0.9315872192382813E-03
   75    0.1992187500000000E-02    0.9535980224609375E-03
   76    0.2519531250000000E-02    0.9985733032226562E-03
   77   -0.9570312500000000E-03    0.8418655395507812E-03
   78   -0.1542968750000000E-02    0.9253311157226562E-03
   79   -0.2558593750000000E-02    0.1016120910644531E-02
   80   -0.1289062500000000E-02    0.8993530273437500E-03
   81   -0.2050781250000000E-02    0.1051368713378906E-02
   82    0.1660156250000000E-02    0.8938980102539063E-03
   83    0.2324218750000000E-02    0.1047401428222656E-02
   84   -0.4101562500000000E-03    0.9949874877929687E-03
   85   -0.7226562500000000E-03    0.9876632690429688E-03
   86   -0.1816406250000000E-02    0.1138725280761719E-02
   87   -0.2128906250000000E-02    0.8588027954101562E-03
   88   -0.3652343750000000E-02    0.9299087524414063E-03
   89   -0.3066406250000000E-02    0.9229660034179687E-03
   90    0.1953125000000000E-03    0.8846282958984375E-03
   91   -0.4492187500000000E-03    0.9042739868164063E-03
   92   -0.4082031250000000E-02    0.1191368103027344E-02
   93   -0.1875000000000000E-02    0.1003112792968750E-02
   94    0.1367187500000000E-02    0.9759521484375000E-03
   95   -0.3144531250000000E-02    0.8433914184570313E-03
   96   -0.3164062500000000E-02    0.8734130859375000E-03
   97   -0.3046875000000000E-02    0.1123809814453125E-02
   98    0.1875000000000000E-02    0.8432769775390625E-03
   99   -0.1699218750000000E-02    0.1032829284667969E-02
  100    0.3378906250000000E-02    0.8126449584960938E-03
