# time =    0.4372
    0    0.1000000000000000E+01    0.1000000000000000E+01
    1    0.3189843750000000E+00    0.1024473571777344E+00
    2    0.1523046875000000E+00    0.2408493041992188E-01
    3    0.9115234375000000E-01    0.9130744934082032E-02
    4    0.6662109375000000E-01    0.5366249084472656E-02
    5    0.4988281250000000E-01    0.3433380126953125E-02
    6    0.4193359375000000E-01    0.2570381164550781E-02
    7    0.3439453125000000E-01    0.2169685363769531E-02
    8    0.3656250000000000E-01    0.2266159057617187E-02
    9    0.3533203125000000E-01    0.1948051452636719E-02
   10    0.2792968750000000E-01    0.1673736572265625E-02
   11    0.1986328125000000E-01    0.1136970520019531E-02
   12    0.2042968750000000E-01    0.1037673950195312E-02
   13    0.1769531250000000E-01    0.1225891113281250E-02
   14    0.2150390625000000E-01    0.1394996643066406E-02
   15    0.1328125000000000E-01    0.1074295043945313E-02
   16    0.1222656250000000E-01    0.1058731079101563E-02
   17    0.1167968750000000E-01    0.8350372314453125E-03
   18    0.1210937500000000E-01    0.9278106689453125E-03
   19    0.1142578125000000E-01    0.8647537231445312E-03
   20    0.1138671875000000E-01    0.9168624877929687E-03
   21    0.1052734375000000E-01    0.1098289489746094E-02
   22    0.7265625000000000E-02    0.9450531005859375E-03
   23    0.8320312500000000E-02    0.1205902099609375E-02
   24    0.9570312500000001E-02    0.1025543212890625E-02
   25    0.1291015625000000E-01    0.1154289245605469E-02
   26    0.9238281250000001E-02    0.1018562316894531E-02
   27    0.4238281250000000E-02    0.9770584106445312E-03
   28    0.4609375000000000E-02    0.8345031738281250E-03
   29    0.6386718750000000E-02    0.1153221130371094E-02
   30    0.3906250000000000E-02    0.8953094482421875E-03
   31    0.3378906250000000E-02    0.8920669555664062E-03
   32    0.7246093750000000E-02    0.1132392883300781E-02
   33    0.5839843750000000E-02    0.1114997863769531E-02
   34    0.3300781250000000E-02    0.8507156372070312E-03
   35    0.2148437500000000E-02    0.8216094970703125E-03
   36    0.1171875000000000E-02    0.1129379272460938E-02
   37    0.2304687500000000E-02    0.1247024536132812E-02
   38    0.5156250000000000E-02    0.1057739257812500E-02
   39   -0.1992187500000000E-02    0.1027603149414062E-02
   40   -0.5468750000000001E-03    0.9841918945312500E-03
   41   -0.3906250000000000E-04    0.9268951416015625E-03
   42    0.6054687500000000E-03    0.8973312377929687E-03
   43   -0.5859375000000000E-03    0.8341979980468750E-03
   44   -0.2148437500000000E-02    0.8106231689453125E-03
   45   -0.6835937500000000E-03    0.8466720581054687E-03
   46    0.3906250000000000E-04    0.8523559570312500E-03
   47   -0.2636718750000000E-02    0.7191085815429687E-03
   48    0.2617187500000000E-02    0.1047286987304688E-02
   49    0.2011718750000000E-02    0.7915878295898437E-03
   50   -0.2441406250000000E-02    0.1001396179199219E-02
   51   -0.3906250000000000E-04    0.8467102050781250E-03
   52    0.9179687499999999E-03    0.7435226440429687E-03
   53    0.4003906250000000E-02    0.7976150512695313E-03
   54    0.3105468750000000E-02    0.7736587524414063E-03
   55    0.1367187500000000E-02    0.1203384399414062E-02
   56    0.2031250000000000E-02    0.1084289550781250E-02
   57    0.1230468750000000E-02    0.9418869018554687E-03
   58   -0.3339843750000000E-02    0.1137428283691406E-02
   59   -0.1953125000000000E-02    0.1023101806640625E-02
   60   -0.5585937500000000E-02    0.1020202636718750E-02
   61   -0.3164062500000000E-02    0.1127090454101562E-02
   62    0.3203125000000000E-02    0.1137924194335938E-02
   63   -0.1757812500000000E-03    0.1142845153808594E-02
   64    0.1679687500000000E-02    0.9300994873046875E-03
   65    0.1953125000000000E-02    0.8416748046874999E-03
   66    0.3710937500000000E-03    0.1019401550292969E-02
   67   -0.1015625000000000E-02    0.8767700195312500E-03
   68    0.8007812500000000E-03    0.8298110961914063E-03
   69   -0.8593750000000000E-03    0.9252929687500000E-03
   70    0.4531250000000000E-02    0.8729553222656250E-03
   71    0.6074218750000000E-02    0.8697891235351562E-03
   72    0.3261718750000000E-02    0.1006965637207031E-02
   73   -0.1562500000000000E-03    0.8353424072265625E-03
   74    0.5312500000000000E-02    0.9824371337890626E-03
   75   -0.3183593750000000E-02    0.6898117065429688E-03
   76    0.1660156250000000E-02    0.7165908813476562E-03
   77   -0.4492187500000000E-03    0.9572219848632813E-03
   78    0.1757812500000000E-03    0.9724044799804687E-03
   79   -0.3105468750000000E-02    0.9158706665039063E-03
   80   -0.2890625000000000E-02    0.9156036376953125E-03
   81    0.3515625000000000E-03    0.9134674072265625E-03
   82    0.1894531250000000E-02    0.8220291137695313E-03
   83   -0.1015625000000000E-02    0.7312774658203125E-03
   84    0.2402343750000000E-02    0.8290481567382813E-03
   85    0.4257812500000000E-02    0.7599639892578125E-03
   86    0.1367187500000000E-03    0.7981491088867187E-03
   87    0.9960937500000000E-03    0.7928848266601562E-03
   88    0.1835937500000000E-02    0.8611297607421875E-03
   89    0.2519531250000000E-02    0.9048080444335937E-03
   90    0.2246093750000000E-02    0.8938980102539063E-03
   91    0.1601562500000000E-02    0.8338165283203125E-03
   92    0.1132812500000000E-02    0.9452056884765625E-03
   93    0.1796875000000000E-02    0.8348846435546876E-03
   94    0.3007812500000000E-02    0.1193847656250000E-02
   95    0.5019531250000000E-02    0.9647750854492187E-03
   96    0.7304687500000000E-02    0.9585571289062500E-03
   97    0.6210937500000000E-02    0.1011505126953125E-02
   98    0.3437500000000000E-02    0.1011810302734375E-02
   99    0.4140625000000000E-02    0.8760833740234375E-03
  100    0.1523437500000000E-02    0.9356689453125000E-03
