# time =    0.4701
    0    0.1000000000000000E+01    0.1000000000000000E+01
    1    0.2689453125000000E+00    0.7294937133789063E-01
    2    0.1012890625000000E+00    0.1138946533203125E-01
    3    0.5585937500000000E-01    0.4228744506835937E-02
    4    0.3287109375000000E-01    0.2196617126464844E-02
    5    0.2626953125000000E-01    0.1797142028808594E-02
    6    0.1583984375000000E-01    0.1093788146972656E-02
    7    0.9101562500000000E-02    0.1037063598632813E-02
    8    0.8613281250000000E-02    0.9538650512695313E-03
    9    0.5488281250000000E-02    0.9112930297851562E-03
   10    0.2910156250000000E-02    0.9648513793945313E-03
   11   -0.1269531250000000E-02    0.8784103393554688E-03
   12   -0.1523437500000000E-02    0.8295440673828125E-03
   13   -0.7226562500000000E-03    0.1150779724121094E-02
   14    0.4707031250000000E-02    0.9651565551757812E-03
   15    0.4882812500000000E-03    0.9920883178710937E-03
   16   -0.1777343750000000E-02    0.1065940856933594E-02
   17   -0.8398437500000000E-03    0.8415603637695313E-03
   18    0.5820312500000000E-02    0.1062240600585937E-02
   19    0.6152343750000000E-02    0.9193038940429688E-03
   20    0.2949218750000000E-02    0.9545516967773437E-03
   21    0.2109375000000000E-02    0.1034774780273437E-02
   22    0.3515625000000000E-02    0.9896087646484376E-03
   23    0.1718750000000000E-02    0.8968353271484375E-03
   24    0.7031250000000000E-03    0.8381652832031250E-03
   25   -0.1992187500000000E-02    0.9902954101562501E-03
   26    0.1210937500000000E-02    0.1064987182617188E-02
   27    0.3085937500000000E-02    0.1471481323242188E-02
   28   -0.1738281250000000E-02    0.9688949584960938E-03
   29    0.5859375000000000E-03    0.8515930175781250E-03
   30    0.1796875000000000E-02    0.9295654296875000E-03
   31    0.3125000000000000E-02    0.8942413330078125E-03
   32   -0.2480468750000000E-02    0.9464645385742188E-03
   33   -0.7226562500000000E-03    0.1068687438964844E-02
   34   -0.1601562500000000E-02    0.9777069091796875E-03
   35   -0.3242187500000000E-02    0.8799743652343750E-03
   36   -0.7968750000000000E-02    0.1090011596679688E-02
   37   -0.3574218750000000E-02    0.8851242065429688E-03
   38   -0.1953125000000000E-03    0.1031799316406250E-02
   39   -0.4062500000000000E-02    0.1049270629882813E-02
   40    0.5664062500000000E-03    0.8364486694335938E-03
   41   -0.2636718750000000E-02    0.1321983337402344E-02
   42   -0.3535156250000000E-02    0.1064643859863281E-02
   43   -0.7324218750000000E-02    0.1107597351074219E-02
   44    0.8593750000000000E-03    0.1035079956054687E-02
   45    0.2070312500000000E-02    0.1140136718750000E-02
   46    0.8203125000000000E-03    0.1179656982421875E-02
   47    0.2988281250000000E-02    0.9024429321289062E-03
   48    0.7031250000000000E-03    0.1311264038085938E-02
   49    0.4687500000000000E-02    0.9497833251953125E-03
   50    0.3007812500000000E-02    0.8855438232421874E-03
   51    0.1757812500000000E-02    0.9622955322265625E-03
   52    0.1015625000000000E-02    0.8525848388671875E-03
   53    0.4218750000000000E-02    0.9252166748046875E-03
   54   -0.1542968750000000E-02    0.8189773559570312E-03
   55   -0.6250000000000000E-03    0.8888244628906250E-03
   56    0.8984375000000000E-03    0.8906555175781250E-03
   57   -0.1269531250000000E-02    0.1012306213378906E-02
   58    0.4003906250000000E-02    0.8845138549804688E-03
   59    0.3906250000000000E-02    0.1157455444335938E-02
   60    0.2246093750000000E-02    0.1021537780761719E-02
   61    0.3515625000000000E-03    0.1085281372070312E-02
   62   -0.4003906250000000E-02    0.8693313598632812E-03
   63   -0.4101562500000000E-03    0.1015739440917969E-02
   64   -0.1035156250000000E-02    0.1092643737792969E-02
   65    0.2773437500000000E-02    0.7059478759765625E-03
   66    0.3925781250000000E-02    0.8716964721679687E-03
   67    0.2871093750000000E-02    0.9038925170898437E-03
   68   -0.4609375000000000E-02    0.1029434204101563E-02
   69    0.1503906250000000E-02    0.7444381713867188E-03
   70    0.6835937500000000E-03    0.8373641967773437E-03
   71    0.1601562500000000E-02    0.8442687988281250E-03
   72    0.1328125000000000E-02    0.8949279785156250E-03
   73    0.4570312500000000E-02    0.6026458740234375E-03
   74    0.4082031250000000E-02    0.8137130737304688E-03
   75   -0.2343750000000000E-03    0.7839965820312500E-03
   76    0.1191406250000000E-02    0.8620071411132812E-03
   77    0.4707031250000000E-02    0.7642745971679687E-03
   78    0.2812500000000000E-02    0.8430480957031250E-03
   79    0.2753906250000000E-02    0.8749008178710937E-03
   80    0.1230468750000000E-02    0.7453536987304687E-03
   81   -0.1171875000000000E-02    0.9313201904296874E-03
   82   -0.2539062500000000E-02    0.9075164794921875E-03
   83    0.1757812500000000E-03    0.1059913635253906E-02
   84   -0.4707031250000000E-02    0.1097755432128906E-02
   85    0.2382812500000000E-02    0.9439849853515625E-03
   86    0.5214843750000000E-02    0.1012153625488281E-02
   87    0.6757812500000000E-02    0.8348846435546876E-03
   88    0.1718750000000000E-02    0.1050720214843750E-02
   89    0.1406250000000000E-02    0.1037521362304688E-02
   90   -0.2773437500000000E-02    0.7226562500000000E-03
   91   -0.2578125000000000E-02    0.8013153076171875E-03
   92   -0.5859375000000000E-03    0.9625244140625000E-03
   93    0.1425781250000000E-02    0.1031074523925781E-02
   94    0.1699218750000000E-02    0.9788894653320313E-03
   95    0.7812500000000000E-03    0.1043243408203125E-02
   96   -0.9765625000000001E-04    0.7956314086914062E-03
   97   -0.1660156250000000E-02    0.1201972961425781E-02
   98   -0.6035156250000000E-02    0.9920120239257813E-03
   99    0.6054687500000000E-03    0.1029624938964844E-02
  100   -0.2421875000000000E-02    0.8953094482421875E-03
