# time =    0.4742
    0    0.1000000000000000E+01    0.1000000000000000E+01
    1    0.2435156250000000E+00    0.6003936767578125E-01
    2    0.6589843750000000E-01    0.5264739990234375E-02
    3    0.2437500000000000E-01    0.1484756469726563E-02
    4    0.1201171875000000E-01    0.1238288879394531E-02
    5    0.1478515625000000E-01    0.1214103698730469E-02
    6    0.4511718750000000E-02    0.6217575073242188E-03
    7    0.3320312500000000E-03    0.8685684204101562E-03
    8    0.5449218750000000E-02    0.1063041687011719E-02
    9    0.4375000000000000E-02    0.1086807250976562E-02
   10    0.2246093750000000E-02    0.1026039123535156E-02
   11    0.6132812500000000E-02    0.8593750000000000E-03
   12    0.2343750000000000E-03    0.1175003051757812E-02
   13    0.3906250000000000E-02    0.1263656616210937E-02
   14    0.7812500000000000E-04    0.1010513305664062E-02
   15    0.2050781250000000E-02    0.7757949829101563E-03
   16   -0.2148437500000000E-02    0.1023330688476562E-02
   17   -0.2070312500000000E-02    0.9500885009765625E-03
   18   -0.2304687500000000E-02    0.1015548706054688E-02
   19   -0.4902343750000000E-02    0.1001396179199219E-02
   20    0.2421875000000000E-02    0.8141326904296875E-03
   21    0.4511718750000000E-02    0.1030082702636719E-02
   22    0.3085937500000000E-02    0.1017150878906250E-02
   23    0.1933593750000000E-02    0.9431076049804687E-03
   24    0.3789062500000000E-02    0.9653472900390625E-03
   25   -0.4296875000000000E-03    0.1102523803710937E-02
   26    0.1660156250000000E-02    0.1090049743652344E-02
   27   -0.8066406250000000E-02    0.1005973815917969E-02
   28    0.6484375000000000E-02    0.8901977539062501E-03
   29   -0.5859375000000000E-03    0.8713531494140625E-03
   30    0.3496093750000000E-02    0.8623123168945313E-03
   31    0.1718750000000000E-02    0.1038055419921875E-02
   32    0.5761718750000000E-02    0.1114768981933594E-02
   33   -0.1738281250000000E-02    0.8662796020507813E-03
   34   -0.1113281250000000E-02    0.9114456176757813E-03
   35   -0.1738281250000000E-02    0.9476089477539062E-03
   36   -0.3183593750000000E-02    0.1098060607910156E-02
   37   -0.4472656250000000E-02    0.1167106628417969E-02
   38   -0.5000000000000000E-02    0.8213043212890625E-03
   39   -0.5468750000000000E-02    0.1115722656250000E-02
   40   -0.7402343750000000E-02    0.7367324829101562E-03
   41   -0.3906250000000000E-04    0.1014480590820312E-02
   42   -0.6835937500000000E-03    0.8298110961914063E-03
   43    0.4667968750000000E-02    0.8216476440429687E-03
   44    0.1171875000000000E-03    0.8480834960937500E-03
   45   -0.2148437500000000E-02    0.1026458740234375E-02
   46   -0.6777343750000000E-02    0.1041145324707031E-02
   47    0.2675781250000000E-02    0.8639144897460937E-03
   48    0.3281250000000000E-02    0.1390686035156250E-02
   49    0.7949218750000001E-02    0.1070289611816406E-02
   50   -0.2285156250000000E-02    0.9964370727539062E-03
   51    0.7812500000000000E-03    0.1022567749023438E-02
   52    0.1347656250000000E-02    0.1236000061035156E-02
   53    0.4863281250000000E-02    0.8762741088867188E-03
   54    0.1523437500000000E-02    0.8486175537109375E-03
   55    0.2265625000000000E-02    0.7555389404296875E-03
   56    0.4199218750000000E-02    0.8818435668945312E-03
   57   -0.3261718750000000E-02    0.9827041625976563E-03
   58   -0.4277343750000000E-02    0.1216773986816406E-02
   59   -0.8007812499999999E-02    0.1079940795898438E-02
   60    0.2031250000000000E-02    0.1061325073242188E-02
   61    0.1152343750000000E-02    0.1115226745605469E-02
   62    0.2285156250000000E-02    0.1073646545410156E-02
   63   -0.3906250000000000E-03    0.8667755126953125E-03
   64    0.4648437500000000E-02    0.1001052856445313E-02
   65    0.5175781250000000E-02    0.8877182006835938E-03
   66    0.7558593750000000E-02    0.1322212219238281E-02
   67   -0.1152343750000000E-02    0.9305191040039063E-03
   68   -0.2363281250000000E-02    0.1029930114746094E-02
   69   -0.1171875000000000E-03    0.8904266357421875E-03
   70   -0.2812500000000000E-02    0.8847808837890625E-03
   71   -0.1503906250000000E-02    0.1127128601074219E-02
   72   -0.7617187500000000E-02    0.1227722167968750E-02
   73   -0.5859375000000000E-02    0.1305770874023438E-02
   74   -0.5429687500000000E-02    0.1265182495117188E-02
   75    0.1855468750000000E-02    0.1504783630371094E-02
   76   -0.2441406250000000E-02    0.1085700988769531E-02
   77    0.5859375000000000E-03    0.9328460693359375E-03
   78   -0.4179687500000000E-02    0.1188583374023437E-02
   79   -0.2675781250000000E-02    0.9885025024414062E-03
   80   -0.1171875000000000E-02    0.1189117431640625E-02
   81   -0.6894531250000000E-02    0.1061668395996094E-02
   82   -0.3085937500000000E-02    0.1113357543945313E-02
   83   -0.8984375000000000E-03    0.7922363281250000E-03
   84    0.3007812500000000E-02    0.7112884521484375E-03
   85    0.7226562500000000E-03    0.7246017456054687E-03
   86    0.1250000000000000E-02    0.9906768798828125E-03
   87    0.2304687500000000E-02    0.9930419921875000E-03
   88   -0.6835937500000000E-03    0.1150321960449219E-02
   89    0.3574218750000000E-02    0.1099128723144531E-02
   90   -0.2812500000000000E-02    0.1048202514648437E-02
   91    0.3515625000000000E-03    0.8550262451171874E-03
   92   -0.3125000000000000E-03    0.9706878662109375E-03
   93   -0.5312500000000000E-02    0.7598114013671875E-03
   94   -0.5664062500000000E-03    0.1075172424316406E-02
   95   -0.3593750000000000E-02    0.7479858398437500E-03
   96   -0.5664062500000000E-03    0.9493637084960938E-03
   97    0.5078125000000000E-02    0.7758331298828125E-03
   98    0.1191406250000000E-02    0.7947158813476563E-03
   99   -0.1855468750000000E-02    0.8718490600585938E-03
  100    0.3828125000000000E-02    0.9378814697265626E-03
