# time =    0.4780
    0    0.1000000000000000E+01    0.1000000000000000E+01
    1    0.2040429687500000E+00    0.4223918914794922E-01
    2    0.4880859375000000E-01    0.3423042297363281E-02
    3    0.1492187500000000E-01    0.1093368530273438E-02
    4   -0.7226562500000000E-03    0.7896804809570312E-03
    5   -0.4140625000000000E-02    0.9044647216796875E-03
    6    0.2148437500000000E-03    0.1034812927246094E-02
    7    0.9765625000000001E-04    0.8022689819335938E-03
    8    0.3320312500000000E-03    0.9258651733398438E-03
    9   -0.1777343750000000E-02    0.9430313110351563E-03
   10    0.1738281250000000E-02    0.9498214721679688E-03
   11   -0.3515625000000000E-03    0.1061401367187500E-02
   12   -0.2382812500000000E-02    0.8061218261718750E-03
   13    0.4082031250000000E-02    0.9523391723632813E-03
   14    0.1933593750000000E-02    0.8724594116210938E-03
   15   -0.4296875000000000E-03    0.9028625488281250E-03
   16    0.3906250000000000E-04    0.1069641113281250E-02
   17   -0.5859375000000000E-03    0.8879852294921875E-03
   18   -0.3261718750000000E-02    0.1041145324707031E-02
   19   -0.1132812500000000E-02    0.8998107910156250E-03
   20   -0.1269531250000000E-02    0.9753799438476562E-03
   21   -0.7421875000000000E-03    0.1126403808593750E-02
   22    0.4003906250000000E-02    0.7871627807617187E-03
   23    0.5410156250000000E-02    0.1104393005371094E-02
   24   -0.3281250000000000E-02    0.9331512451171875E-03
   25    0.3398437500000000E-02    0.8592987060546875E-03
   26    0.5039062500000000E-02    0.9760284423828126E-03
   27    0.4746093750000000E-02    0.9032821655273437E-03
   28    0.3437500000000000E-02    0.1260070800781250E-02
   29   -0.2773437500000000E-02    0.9119415283203125E-03
   30   -0.1035156250000000E-02    0.1132240295410156E-02
   31   -0.2695312500000000E-02    0.9932708740234375E-03
   32   -0.8027343750000001E-02    0.1050148010253906E-02
   33   -0.3750000000000000E-02    0.1148605346679688E-02
   34    0.5859375000000000E-04    0.8416366577148437E-03
   35    0.2148437500000000E-03    0.8729934692382812E-03
   36    0.8984375000000000E-03    0.8647918701171875E-03
   37   -0.1582031250000000E-02    0.9440231323242187E-03
   38    0.4414062500000000E-02    0.7457733154296875E-03
   39    0.3730468750000000E-02    0.1100044250488281E-02
   40    0.2539062500000000E-03    0.9343338012695313E-03
   41   -0.4394531250000000E-02    0.9439468383789062E-03
   42   -0.8398437500000000E-03    0.9638595581054687E-03
   43    0.2539062500000000E-03    0.7376480102539063E-03
   44   -0.3417968750000000E-02    0.1113014221191406E-02
   45   -0.1308593750000000E-02    0.9691238403320313E-03
   46    0.1289062500000000E-02    0.8417510986328125E-03
   47    0.2656250000000000E-02    0.9738922119140625E-03
   48    0.4472656250000000E-02    0.1007881164550781E-02
   49   -0.2714843750000000E-02    0.8875656127929687E-03
   50    0.3906250000000000E-03    0.5864715576171875E-03
   51    0.4726562500000000E-02    0.9919738769531251E-03
   52    0.1367187500000000E-03    0.9486007690429687E-03
   53   -0.6542968750000000E-02    0.9191513061523437E-03
   54   -0.7421875000000000E-03    0.8812713623046875E-03
   55    0.1601562500000000E-02    0.1158828735351562E-02
   56    0.7031250000000000E-03    0.1192626953125000E-02
   57    0.9570312500000000E-03    0.8684158325195313E-03
   58    0.3906250000000000E-03    0.1112670898437500E-02
   59   -0.3320312500000000E-03    0.7052993774414062E-03
   60    0.5371093750000000E-02    0.1284980773925781E-02
   61    0.3398437500000000E-02    0.1288299560546875E-02
   62    0.2187500000000000E-02    0.9696960449218750E-03
   63    0.3359375000000000E-02    0.1262359619140625E-02
   64   -0.3125000000000000E-03    0.7837677001953125E-03
   65    0.1738281250000000E-02    0.7410049438476562E-03
   66    0.3574218750000000E-02    0.8672714233398437E-03
   67    0.6835937500000000E-03    0.8174514770507812E-03
   68    0.9179687499999999E-03    0.1418037414550781E-02
   69    0.5058593750000000E-02    0.8330154418945313E-03
   70    0.4628906250000000E-02    0.8531570434570313E-03
   71   -0.4375000000000000E-02    0.9455108642578126E-03
   72   -0.3769531250000000E-02    0.1046257019042969E-02
   73   -0.2949218750000000E-02    0.1056938171386719E-02
   74   -0.1445312500000000E-02    0.1067276000976562E-02
   75    0.1015625000000000E-02    0.9667205810546875E-03
   76    0.2949218750000000E-02    0.1136207580566406E-02
   77   -0.1328125000000000E-02    0.9129333496093750E-03
   78   -0.3691406250000000E-02    0.9046554565429688E-03
   79    0.5859375000000000E-03    0.7526397705078125E-03
   80   -0.1757812500000000E-03    0.1038627624511719E-02
   81   -0.1894531250000000E-02    0.9614944458007813E-03
   82   -0.9375000000000000E-03    0.1010589599609375E-02
   83   -0.2265625000000000E-02    0.1160278320312500E-02
   84   -0.2480468750000000E-02    0.9331893920898437E-03
   85    0.2441406250000000E-02    0.9200668334960937E-03
   86    0.9960937500000000E-03    0.7488632202148438E-03
   87    0.5039062500000000E-02    0.9635162353515625E-03
   88    0.9765625000000001E-04    0.1068534851074219E-02
   89    0.2851562500000000E-02    0.1243820190429688E-02
   90    0.1054687500000000E-02    0.1104049682617188E-02
   91    0.8789062500000000E-03    0.1042823791503906E-02
   92   -0.2558593750000000E-02    0.1409339904785156E-02
   93   -0.3320312500000000E-03    0.8362197875976563E-03
   94   -0.5175781250000000E-02    0.7770919799804688E-03
   95   -0.2285156250000000E-02    0.7806015014648437E-03
   96    0.8593750000000000E-03    0.7795715332031251E-03
   97    0.2109375000000000E-02    0.9944915771484375E-03
   98   -0.2832031250000000E-02    0.9210586547851562E-03
   99   -0.2343750000000000E-02    0.7885742187500000E-03
  100   -0.2167968750000000E-02    0.9738540649414062E-03
