# time =    0.4719
    0    0.1000000000000000E+01    0.1000000000000000E+01
    1    0.2312500000000000E+00    0.5428039550781250E-01
    2    0.6128906250000000E-01    0.4672317504882812E-02
    3    0.2181640625000000E-01    0.1492195129394531E-02
    4    0.7246093750000000E-02    0.1097755432128906E-02
    5    0.3632812500000000E-02    0.8097076416015625E-03
    6    0.0000000000000000E+00    0.9323120117187500E-03
    7    0.3320312500000000E-02    0.9339141845703125E-03
    8   -0.1601562500000000E-02    0.1165771484375000E-02
    9   -0.3574218750000000E-02    0.8876419067382812E-03
   10    0.2558593750000000E-02    0.8583450317382812E-03
   11   -0.1269531250000000E-02    0.6920242309570312E-03
   12   -0.5878906250000000E-02    0.9673690795898438E-03
   13    0.1347656250000000E-02    0.8369064331054687E-03
   14    0.3339843750000000E-02    0.1029243469238281E-02
   15   -0.3554687500000000E-02    0.1113128662109375E-02
   16    0.3984375000000000E-02    0.7832336425781250E-03
   17    0.4785156250000000E-02    0.1059532165527344E-02
   18    0.1757812500000000E-02    0.8873748779296875E-03
   19   -0.9960937500000000E-03    0.1247749328613281E-02
   20    0.3105468750000000E-02    0.8368301391601563E-03
   21    0.4179687500000000E-02    0.1000595092773438E-02
   22   -0.5859375000000000E-03    0.1041412353515625E-02
   23   -0.2187500000000000E-02    0.6877136230468750E-03
   24    0.2050781250000000E-02    0.8868789672851563E-03
   25    0.1464843750000000E-02    0.1087608337402344E-02
   26    0.1367187500000000E-02    0.9661102294921875E-03
   27   -0.4882812500000000E-02    0.7949829101562500E-03
   28   -0.2363281250000000E-02    0.8734512329101562E-03
   29   -0.3906250000000000E-04    0.7412719726562500E-03
   30   -0.2207031250000000E-02    0.8932876586914062E-03
   31   -0.4746093750000000E-02    0.1304054260253906E-02
   32    0.1054687500000000E-02    0.1060562133789062E-02
   33   -0.1425781250000000E-02    0.9284591674804687E-03
   34   -0.3906250000000000E-02    0.8619689941406250E-03
   35   -0.3359375000000000E-02    0.9499359130859375E-03
   36   -0.4648437500000000E-02    0.1139144897460938E-02
   37   -0.2753906250000000E-02    0.1054420471191406E-02
   38   -0.5429687500000000E-02    0.9912872314453126E-03
   39   -0.4960937500000000E-02    0.1088256835937500E-02
   40    0.6386718750000000E-02    0.1105613708496094E-02
   41   -0.1562500000000000E-03    0.9295654296875000E-03
   42   -0.5429687500000000E-02    0.8196258544921876E-03
   43    0.7421875000000000E-03    0.1093139648437500E-02
   44    0.3906250000000000E-02    0.9696197509765625E-03
   45   -0.2128906250000000E-02    0.9376144409179687E-03
   46   -0.3750000000000000E-02    0.6940460205078125E-03
   47   -0.2246093750000000E-02    0.9582138061523437E-03
   48    0.2187500000000000E-02    0.9729003906250000E-03
   49    0.2558593750000000E-02    0.1022758483886719E-02
   50   -0.1953125000000000E-04    0.1131629943847656E-02
   51   -0.2714843750000000E-02    0.1154823303222656E-02
   52    0.2324218750000000E-02    0.8653640747070312E-03
   53    0.5488281250000000E-02    0.9183883666992188E-03
   54   -0.6425781250000000E-02    0.9653091430664063E-03
   55    0.1972656250000000E-02    0.1121406555175781E-02
   56   -0.1289062500000000E-02    0.9297943115234375E-03
   57    0.6894531250000000E-02    0.9144973754882812E-03
   58   -0.3632812500000000E-02    0.8460235595703125E-03
   59   -0.4902343750000000E-02    0.1187934875488281E-02
   60    0.2519531250000000E-02    0.9634017944335938E-03
   61   -0.8203125000000000E-03    0.7818603515625000E-03
   62    0.1503906250000000E-02    0.1029472351074219E-02
   63   -0.2539062500000000E-03    0.1090583801269531E-02
   64    0.4746093750000000E-02    0.8633804321289063E-03
   65   -0.4882812500000000E-03    0.9399795532226562E-03
   66    0.3515625000000000E-03    0.8861541748046875E-03
   67    0.1406250000000000E-02    0.8628845214843750E-03
   68    0.6640625000000000E-03    0.8663940429687500E-03
   69   -0.2851562500000000E-02    0.8093261718750000E-03
   70   -0.1152343750000000E-02    0.9901046752929688E-03
   71    0.2382812500000000E-02    0.1050415039062500E-02
   72    0.1582031250000000E-02    0.7401657104492188E-03
   73    0.1992187500000000E-02    0.1270370483398437E-02
   74    0.2304687500000000E-02    0.9292602539062500E-03
   75   -0.8593750000000000E-03    0.1075744628906250E-02
   76    0.0000000000000000E+00    0.9741973876953125E-03
   77    0.4902343750000000E-02    0.1388206481933594E-02
   78    0.5078125000000000E-03    0.9103393554687499E-03
   79    0.2167968750000000E-02    0.9436416625976563E-03
   80    0.4257812500000000E-02    0.9168243408203125E-03
   81   -0.4687500000000000E-03    0.8134460449218750E-03
   82   -0.3964843750000000E-02    0.9904861450195312E-03
   83   -0.2871093750000000E-02    0.9004592895507813E-03
   84   -0.1542968750000000E-02    0.7551956176757812E-03
   85    0.1953125000000000E-03    0.8952331542968750E-03
   86    0.1953125000000000E-03    0.9473419189453125E-03
   87    0.4218750000000000E-02    0.8891296386718750E-03
   88   -0.2929687500000000E-03    0.7744979858398438E-03
   89   -0.1757812500000000E-03    0.1149177551269531E-02
   90    0.2773437500000000E-02    0.9799194335937500E-03
   91    0.7617187500000000E-03    0.9251022338867187E-03
   92   -0.9375000000000000E-03    0.9403228759765625E-03
   93    0.1640625000000000E-02    0.1053085327148438E-02
   94   -0.2304687500000000E-02    0.9553527832031250E-03
   95    0.1210937500000000E-02    0.9210205078125000E-03
   96   -0.2285156250000000E-02    0.8437728881835937E-03
   97    0.2460937500000000E-02    0.1000137329101563E-02
   98    0.7812500000000000E-04    0.1028289794921875E-02
   99   -0.8007812500000000E-03    0.9360122680664063E-03
  100    0.1835937500000000E-02    0.7621765136718750E-03
