# time =    0.4089
    0    0.1000000000000000E+01    0.1000000000000000E+01
    1    0.3972265625000000E+00    0.1584851074218750E+00
    2    0.2280664062500000E+00    0.5269611358642578E-01
    3    0.1670703125000000E+00    0.2878990173339844E-01
    4    0.1379882812500000E+00    0.1979579925537110E-01
    5    0.1170312500000000E+00    0.1451797485351563E-01
    6    0.1044335937500000E+00    0.1185207366943359E-01
    7    0.9492187500000000E-01    0.9933166503906250E-02
    8    0.9023437500000001E-01    0.9240875244140625E-02
    9    0.8400390625000000E-01    0.8181953430175781E-02
   10    0.8035156250000000E-01    0.7490768432617188E-02
   11    0.7304687500000000E-01    0.6294097900390625E-02
   12    0.6750000000000000E-01    0.5629730224609375E-02
   13    0.6724609375000000E-01    0.5592994689941407E-02
   14    0.6777343750000001E-01    0.5660858154296875E-02
   15    0.6386718750000001E-01    0.5109710693359375E-02
   16    0.6537109375000000E-01    0.5313758850097656E-02
   17    0.6427734374999999E-01    0.5033378601074219E-02
   18    0.6238281250000000E-01    0.4878921508789063E-02
   19    0.5964843750000000E-01    0.4528884887695313E-02
   20    0.5666015625000000E-01    0.4178810119628906E-02
   21    0.5591796875000000E-01    0.3979148864746093E-02
   22    0.5421875000000000E-01    0.3819198608398437E-02
   23    0.5535156250000000E-01    0.4047775268554687E-02
   24    0.5421875000000000E-01    0.3857879638671875E-02
   25    0.5261718750000000E-01    0.3769226074218750E-02
   26    0.5113281250000000E-01    0.3497619628906250E-02
   27    0.5128906250000000E-01    0.3555374145507812E-02
   28    0.5183593750000000E-01    0.3665466308593750E-02
   29    0.4978515625000000E-01    0.3408012390136719E-02
   30    0.4917968750000000E-01    0.3315048217773437E-02
   31    0.4996093750000000E-01    0.3479690551757812E-02
   32    0.4765625000000000E-01    0.3198623657226562E-02
   33    0.4531250000000000E-01    0.2948379516601562E-02
   34    0.4535156250000000E-01    0.2916336059570312E-02
   35    0.4482421875000000E-01    0.2851066589355469E-02
   36    0.4437500000000000E-01    0.2825698852539063E-02
   37    0.4396484375000000E-01    0.2829093933105469E-02
   38    0.4251953125000000E-01    0.2567787170410156E-02
   39    0.4076171875000000E-01    0.2453269958496094E-02
   40    0.4080078125000000E-01    0.2507286071777344E-02
   41    0.4000000000000000E-01    0.2567901611328125E-02
   42    0.3748046875000000E-01    0.2428398132324219E-02
   43    0.3728515625000000E-01    0.2412681579589844E-02
   44    0.3644531250000000E-01    0.2390060424804687E-02
   45    0.3867187500000000E-01    0.2615890502929688E-02
   46    0.3882812500000000E-01    0.2545089721679687E-02
   47    0.3894531250000000E-01    0.2457351684570312E-02
   48    0.3734375000000000E-01    0.2358016967773437E-02
   49    0.3748046875000000E-01    0.2421607971191406E-02
   50    0.3945312500000000E-01    0.2465515136718750E-02
   51    0.3667968750000000E-01    0.2312469482421875E-02
   52    0.3529296875000000E-01    0.2068595886230469E-02
   53    0.3658203125000000E-01    0.2277488708496094E-02
   54    0.3445312500000000E-01    0.2090606689453125E-02
   55    0.3746093750000000E-01    0.2308654785156250E-02
   56    0.3564453125000000E-01    0.2138633728027344E-02
   57    0.3492187500000000E-01    0.2078399658203125E-02
   58    0.3611328125000000E-01    0.2066993713378906E-02
   59    0.3666015625000000E-01    0.2113151550292969E-02
   60    0.3576171875000000E-01    0.2001075744628906E-02
   61    0.3666015625000000E-01    0.2183723449707031E-02
   62    0.3494140625000000E-01    0.2115135192871094E-02
   63    0.3552734375000000E-01    0.2164192199707031E-02
   64    0.3564453125000000E-01    0.2144279479980469E-02
   65    0.3570312500000000E-01    0.2096786499023437E-02
   66    0.3378906250000000E-01    0.1971893310546875E-02
   67    0.3257812500000000E-01    0.2005844116210938E-02
   68    0.3388671875000000E-01    0.1995201110839844E-02
   69    0.3343750000000000E-01    0.1923751831054688E-02
   70    0.3195312500000000E-01    0.1819000244140625E-02
   71    0.3160156250000000E-01    0.1697082519531250E-02
   72    0.3398437500000000E-01    0.1891021728515625E-02
   73    0.3224609375000000E-01    0.1803627014160156E-02
   74    0.3119140625000000E-01    0.1845664978027344E-02
   75    0.3009765625000000E-01    0.1686897277832031E-02
   76    0.3156250000000000E-01    0.1774902343750000E-02
   77    0.3195312500000000E-01    0.1692428588867188E-02
   78    0.3207031250000000E-01    0.1764907836914063E-02
   79    0.2917968750000000E-01    0.1677246093750000E-02
   80    0.2980468750000000E-01    0.1650466918945313E-02
   81    0.3048828125000000E-01    0.1681175231933594E-02
   82    0.2992187500000000E-01    0.1754760742187500E-02
   83    0.3048828125000000E-01    0.1802940368652344E-02
   84    0.2951171875000000E-01    0.1635704040527344E-02
   85    0.3001953125000000E-01    0.1722221374511719E-02
   86    0.2976562500000000E-01    0.1783599853515625E-02
   87    0.3251953125000000E-01    0.1871604919433594E-02
   88    0.3101562500000000E-01    0.1826629638671875E-02
   89    0.3048828125000000E-01    0.1778984069824219E-02
   90    0.3123046875000000E-01    0.1738090515136719E-02
   91    0.3039062500000000E-01    0.1692581176757812E-02
   92    0.2996093750000000E-01    0.1674118041992188E-02
   93    0.2994140625000000E-01    0.1791877746582031E-02
   94    0.2929687500000000E-01    0.1630859375000000E-02
   95    0.2960937500000000E-01    0.1664352416992188E-02
   96    0.2964843750000000E-01    0.1783905029296875E-02
   97    0.2978515625000000E-01    0.1696662902832031E-02
   98    0.2853515625000000E-01    0.1631965637207031E-02
   99    0.2869140625000000E-01    0.1609611511230469E-02
  100    0.2796875000000000E-01    0.1532974243164063E-02
