# time =    0.4313
    0    0.1000000000000000E+01    0.1000000000000000E+01
    1    0.3281445312500000E+00    0.1084227371215820E+00
    2    0.1679687500000000E+00    0.2911743164062500E-01
    3    0.1023828125000000E+00    0.1145294189453125E-01
    4    0.7697265624999999E-01    0.6767005920410156E-02
    5    0.6154296875000000E-01    0.4621696472167969E-02
    6    0.5289062500000000E-01    0.3734893798828125E-02
    7    0.4902343750000000E-01    0.3332519531250000E-02
    8    0.4263671875000000E-01    0.2698783874511719E-02
    9    0.3882812500000000E-01    0.2544555664062500E-02
   10    0.3828125000000000E-01    0.2371597290039063E-02
   11    0.3132812500000000E-01    0.1710205078125000E-02
   12    0.3013671875000000E-01    0.1868476867675781E-02
   13    0.2865234375000000E-01    0.1772499084472656E-02
   14    0.2585937500000000E-01    0.1644821166992188E-02
   15    0.2542968750000000E-01    0.1590881347656250E-02
   16    0.2107421875000000E-01    0.1406440734863281E-02
   17    0.2105468750000000E-01    0.1443481445312500E-02
   18    0.2130859375000000E-01    0.1471824645996094E-02
   19    0.1699218750000000E-01    0.1134643554687500E-02
   20    0.1816406250000000E-01    0.1198043823242188E-02
   21    0.1845703125000000E-01    0.1162757873535156E-02
   22    0.1546875000000000E-01    0.1244049072265625E-02
   23    0.1621093750000000E-01    0.1144027709960937E-02
   24    0.1392578125000000E-01    0.1075096130371094E-02
   25    0.1722656250000000E-01    0.1204986572265625E-02
   26    0.1570312500000000E-01    0.1121673583984375E-02
   27    0.1476562500000000E-01    0.1321792602539062E-02
   28    0.1152343750000000E-01    0.1206588745117188E-02
   29    0.1558593750000000E-01    0.1019744873046875E-02
   30    0.1404296875000000E-01    0.9666061401367187E-03
   31    0.1599609375000000E-01    0.1197776794433594E-02
   32    0.1095703125000000E-01    0.1004676818847656E-02
   33    0.1027343750000000E-01    0.8910369873046875E-03
   34    0.1259765625000000E-01    0.9365463256835937E-03
   35    0.8417968749999999E-02    0.8046340942382813E-03
   36    0.1099609375000000E-01    0.9055709838867187E-03
   37    0.1224609375000000E-01    0.9305953979492187E-03
   38    0.1056640625000000E-01    0.9806442260742187E-03
   39    0.1218750000000000E-01    0.1100006103515625E-02
   40    0.1164062500000000E-01    0.1071701049804687E-02
   41    0.1011718750000000E-01    0.1096115112304687E-02
   42    0.9707031250000000E-02    0.1168708801269531E-02
   43    0.9843750000000000E-02    0.1055679321289063E-02
   44    0.7792968750000000E-02    0.8344650268554688E-03
   45    0.9316406249999999E-02    0.8798599243164063E-03
   46    0.4570312500000000E-02    0.7330322265625000E-03
   47    0.6347656250000000E-02    0.9679794311523438E-03
   48    0.6484375000000000E-02    0.9008789062500000E-03
   49    0.5781250000000000E-02    0.7357788085937500E-03
   50    0.6015625000000000E-02    0.8361053466796875E-03
   51    0.7109375000000000E-02    0.8750152587890625E-03
   52    0.7890625000000000E-02    0.1015396118164063E-02
   53    0.6074218750000000E-02    0.1091117858886719E-02
   54    0.6367187500000000E-02    0.1013641357421875E-02
   55    0.6171875000000000E-02    0.9221649169921875E-03
   56    0.6972656250000000E-02    0.1017112731933594E-02
   57    0.7695312500000000E-02    0.1130599975585937E-02
   58    0.2578125000000000E-02    0.1082992553710937E-02
   59    0.5117187500000000E-02    0.1128692626953125E-02
   60    0.6640625000000000E-02    0.9596252441406250E-03
   61    0.7519531250000000E-02    0.1188926696777344E-02
   62    0.9394531249999999E-02    0.1040458679199219E-02
   63    0.6269531250000000E-02    0.1241264343261719E-02
   64    0.7187500000000000E-02    0.1099090576171875E-02
   65    0.8046875000000000E-02    0.1305694580078125E-02
   66    0.9765625000000000E-02    0.1211624145507813E-02
   67    0.8125000000000000E-02    0.1224517822265625E-02
   68    0.7421875000000000E-02    0.1289443969726562E-02
   69    0.3652343750000000E-02    0.1072349548339844E-02
   70    0.5507812500000000E-02    0.1104736328125000E-02
   71    0.5664062500000000E-02    0.9436035156250001E-03
   72    0.7832031250000000E-02    0.9759140014648438E-03
   73    0.6933593750000000E-02    0.1077842712402344E-02
   74    0.7500000000000000E-02    0.8273315429687500E-03
   75    0.6816406250000000E-02    0.9705734252929688E-03
   76    0.3476562500000000E-02    0.8766174316406250E-03
   77    0.5742187500000000E-02    0.9851837158203125E-03
   78    0.6601562500000000E-02    0.1162948608398438E-02
   79    0.3476562500000000E-02    0.1091308593750000E-02
   80    0.3164062500000000E-02    0.1098022460937500E-02
   81    0.5253906250000000E-02    0.1094474792480469E-02
   82    0.6308593750000000E-02    0.1108665466308594E-02
   83    0.6855468750000000E-02    0.1132926940917969E-02
   84    0.4511718750000000E-02    0.8607864379882813E-03
   85    0.7246093750000000E-02    0.1248283386230469E-02
   86    0.6269531250000000E-02    0.1252326965332031E-02
   87    0.8417968749999999E-02    0.1222572326660156E-02
   88    0.8085937499999999E-02    0.9703826904296875E-03
   89    0.9199218750000000E-02    0.1097526550292969E-02
   90    0.3535156250000000E-02    0.9199142456054688E-03
   91    0.2363281250000000E-02    0.1040382385253906E-02
   92    0.4863281250000000E-02    0.1323204040527344E-02
   93    0.4101562500000000E-02    0.1317749023437500E-02
   94    0.6152343750000000E-02    0.1257743835449219E-02
   95    0.7480468750000000E-02    0.1288185119628906E-02
   96    0.5625000000000000E-02    0.1453552246093750E-02
   97    0.6503906250000000E-02    0.1279869079589844E-02
   98    0.5507812500000000E-02    0.8395385742187500E-03
   99    0.6425781250000000E-02    0.1226005554199219E-02
  100    0.7871093750000000E-02    0.1211891174316406E-02
