# time =    0.4710
    0    0.1000000000000000E+01    0.1000000000000000E+01
    1    0.2439257812500000E+00    0.6039096832275390E-01
    2    0.6800781250000000E-01    0.5817489624023437E-02
    3    0.2037109375000000E-01    0.1428871154785156E-02
    4    0.7832031250000000E-02    0.1020088195800781E-02
    5    0.1386718750000000E-02    0.7579421997070312E-03
    6    0.2656250000000000E-02    0.9536743164062500E-03
    7    0.2480468750000000E-02    0.9469985961914062E-03
    8    0.3125000000000000E-02    0.9591674804687500E-03
    9    0.6152343750000000E-02    0.1119346618652344E-02
   10    0.0000000000000000E+00    0.1013870239257812E-02
   11    0.2988281250000000E-02    0.7191085815429687E-03
   12    0.4296875000000000E-02    0.8145141601562500E-03
   13    0.3320312500000000E-03    0.8198928833007813E-03
   14    0.0000000000000000E+00    0.9912109374999999E-03
   15    0.1347656250000000E-02    0.9669113159179687E-03
   16    0.1601562500000000E-02    0.1011276245117188E-02
   17    0.9570312500000000E-03    0.1184730529785156E-02
   18    0.5175781250000000E-02    0.8459091186523438E-03
   19   -0.1054687500000000E-02    0.1222152709960937E-02
   20    0.1015625000000000E-02    0.8406829833984375E-03
   21   -0.3339843750000000E-02    0.8784866333007812E-03
   22   -0.3320312500000000E-03    0.1198921203613281E-02
   23   -0.5292968750000000E-02    0.9035873413085938E-03
   24    0.1171875000000000E-02    0.8953857421875000E-03
   25    0.5664062500000000E-03    0.9248733520507812E-03
   26   -0.9765625000000001E-04    0.1000785827636719E-02
   27   -0.1562500000000000E-03    0.1158828735351562E-02
   28    0.4101562500000000E-03    0.9174728393554687E-03
   29   -0.1562500000000000E-03    0.9599304199218749E-03
   30   -0.6445312500000000E-03    0.9914779663085938E-03
   31   -0.1953125000000000E-02    0.9839630126953125E-03
   32   -0.4882812500000000E-02    0.1007156372070312E-02
   33    0.2441406250000000E-02    0.1004753112792969E-02
   34    0.3671875000000000E-02    0.8499145507812500E-03
   35   -0.1621093750000000E-02    0.9926986694335938E-03
   36   -0.6210937500000000E-02    0.7904815673828125E-03
   37   -0.2187500000000000E-02    0.6598663330078125E-03
   38   -0.1367187500000000E-02    0.1163940429687500E-02
   39   -0.5429687500000000E-02    0.1146469116210938E-02
   40    0.2324218750000000E-02    0.1088981628417969E-02
   41    0.2753906250000000E-02    0.1140480041503906E-02
   42    0.4921875000000000E-02    0.9548950195312500E-03
   43    0.1054687500000000E-02    0.1149978637695312E-02
   44    0.1562500000000000E-02    0.1235427856445313E-02
   45    0.3964843750000000E-02    0.1341209411621094E-02
   46   -0.4296875000000000E-03    0.1043930053710938E-02
   47   -0.5546875000000000E-02    0.1153106689453125E-02
   48   -0.1093750000000000E-02    0.7724761962890625E-03
   49   -0.1191406250000000E-02    0.9995651245117186E-03
   50    0.2343750000000000E-03    0.9116363525390625E-03
   51   -0.2265625000000000E-02    0.8435058593750000E-03
   52   -0.2265625000000000E-02    0.9410095214843750E-03
   53    0.4023437500000000E-02    0.9511566162109375E-03
   54    0.5175781250000000E-02    0.8916854858398438E-03
   55   -0.2421875000000000E-02    0.1109313964843750E-02
   56    0.2539062500000000E-03    0.9715652465820312E-03
   57   -0.2167968750000000E-02    0.9141921997070313E-03
   58    0.8398437500000000E-03    0.8314132690429687E-03
   59   -0.1914062500000000E-02    0.8709716796875000E-03
   60   -0.2187500000000000E-02    0.1005477905273437E-02
   61    0.5136718750000000E-02    0.7565689086914063E-03
   62    0.1289062500000000E-02    0.6517791748046876E-03
   63    0.1738281250000000E-02    0.1076469421386719E-02
   64   -0.3496093750000000E-02    0.7671737670898438E-03
   65    0.9960937500000000E-03    0.8418655395507812E-03
   66   -0.6054687500000000E-03    0.9228134155273437E-03
   67   -0.2714843750000000E-02    0.8620834350585938E-03
   68   -0.9570312500000000E-03    0.1006278991699219E-02
   69   -0.7226562500000000E-03    0.9714126586914063E-03
   70   -0.3242187500000000E-02    0.1027984619140625E-02
   71    0.6582031250000000E-02    0.9187698364257812E-03
   72    0.4003906250000000E-02    0.7490158081054687E-03
   73    0.6835937500000000E-03    0.9898757934570313E-03
   74   -0.1269531250000000E-02    0.1026878356933594E-02
   75   -0.9570312500000001E-02    0.1216125488281250E-02
   76   -0.3613281250000000E-02    0.9481430053710938E-03
   77   -0.3945312500000000E-02    0.9648895263671875E-03
   78    0.6250000000000000E-03    0.9864044189453124E-03
   79    0.2070312500000000E-02    0.8770751953125000E-03
   80    0.7050781250000000E-02    0.1038322448730469E-02
   81    0.6601562500000000E-02    0.9300994873046875E-03
   82   -0.5976562500000000E-02    0.8591461181640625E-03
   83   -0.4257812500000000E-02    0.1162567138671875E-02
   84    0.2167968750000000E-02    0.9673690795898438E-03
   85    0.3906250000000000E-04    0.7032012939453125E-03
   86    0.5859375000000000E-03    0.1129150390625000E-02
   87    0.5078125000000000E-03    0.9250640869140625E-03
   88    0.3613281250000000E-02    0.1048088073730469E-02
   89    0.5136718750000000E-02    0.7635116577148438E-03
   90    0.8417968749999999E-02    0.1125831604003906E-02
   91    0.1992187500000000E-02    0.8042144775390625E-03
   92    0.2246093750000000E-02    0.8202743530273438E-03
   93    0.9960937500000000E-03    0.9818649291992187E-03
   94    0.4726562500000000E-02    0.1027297973632813E-02
   95   -0.1777343750000000E-02    0.1037864685058594E-02
   96   -0.1445312500000000E-02    0.8946990966796875E-03
   97   -0.2597656250000000E-02    0.9186172485351563E-03
   98   -0.7207031250000000E-02    0.1006889343261719E-02
   99   -0.9765625000000000E-03    0.9054565429687501E-03
  100   -0.1953125000000000E-03    0.8596038818359375E-03
