# time =    0.4774
    0    0.1000000000000000E+01    0.1000000000000000E+01
    1    0.2254101562500000E+00    0.5154735565185547E-01
    2    0.6310546875000000E-01    0.4809455871582031E-02
    3    0.2242187500000000E-01    0.1475067138671875E-02
    4    0.5605468750000000E-02    0.1037940979003906E-02
    5    0.4335937500000000E-02    0.1039505004882812E-02
    6   -0.5468750000000001E-03    0.8840942382812500E-03
    7    0.4355468750000000E-02    0.1253242492675781E-02
    8    0.4433593750000000E-02    0.1066017150878906E-02
    9    0.7421875000000000E-03    0.1161727905273438E-02
   10    0.5898437500000000E-02    0.9608459472656250E-03
   11    0.4609375000000000E-02    0.8851623535156250E-03
   12    0.3398437500000000E-02    0.1058807373046875E-02
   13    0.4628906250000000E-02    0.1362953186035156E-02
   14   -0.1386718750000000E-02    0.9473800659179687E-03
   15    0.1367187500000000E-03    0.6904220581054688E-03
   16   -0.2890625000000000E-02    0.9716033935546875E-03
   17   -0.5097656250000000E-02    0.7876205444335937E-03
   18   -0.5644531250000000E-02    0.1208763122558594E-02
   19   -0.4707031250000000E-02    0.1064491271972656E-02
   20   -0.3808593750000000E-02    0.8169937133789062E-03
   21   -0.7148437500000000E-02    0.1055221557617188E-02
   22   -0.1972656250000000E-02    0.9839248657226563E-03
   23   -0.4003906250000000E-02    0.9192276000976562E-03
   24    0.5117187500000000E-02    0.9410095214843750E-03
   25   -0.2109375000000000E-02    0.1063690185546875E-02
   26    0.1816406250000000E-02    0.1131019592285156E-02
   27    0.3378906250000000E-02    0.1053199768066406E-02
   28   -0.2148437500000000E-02    0.7489013671875000E-03
   29   -0.1152343750000000E-02    0.9175491333007813E-03
   30   -0.3066406250000000E-02    0.9317398071289062E-03
   31    0.7226562500000000E-03    0.1276741027832031E-02
   32   -0.1328125000000000E-02    0.1138076782226562E-02
   33   -0.1992187500000000E-02    0.9781646728515626E-03
   34   -0.1992187500000000E-02    0.1206665039062500E-02
   35    0.1191406250000000E-02    0.9888839721679688E-03
   36    0.7226562500000000E-03    0.1137886047363281E-02
   37    0.4726562500000000E-02    0.8467864990234375E-03
   38   -0.3281250000000000E-02    0.7504272460937500E-03
   39   -0.3906250000000000E-02    0.9986114501953124E-03
   40   -0.1796875000000000E-02    0.8254241943359375E-03
   41   -0.2539062500000000E-02    0.9975433349609375E-03
   42    0.3828125000000000E-02    0.1097030639648437E-02
   43    0.1132812500000000E-02    0.1034088134765625E-02
   44   -0.2929687500000000E-03    0.9011459350585937E-03
   45   -0.7031250000000000E-03    0.8617401123046875E-03
   46    0.2382812500000000E-02    0.7139587402343750E-03
   47    0.1699218750000000E-02    0.1120414733886719E-02
   48    0.4570312500000000E-02    0.9143829345703125E-03
   49    0.3867187500000000E-02    0.9789276123046875E-03
   50    0.1503906250000000E-02    0.1190681457519531E-02
   51   -0.7421875000000000E-03    0.9152984619140625E-03
   52   -0.2480468750000000E-02    0.9280014038085938E-03
   53   -0.5000000000000000E-02    0.8902740478515625E-03
   54   -0.3085937500000000E-02    0.8959197998046876E-03
   55    0.5625000000000000E-02    0.9174346923828125E-03
   56    0.8261718750000001E-02    0.9779739379882813E-03
   57   -0.1347656250000000E-02    0.9030532836914062E-03
   58    0.4882812500000000E-03    0.8620071411132812E-03
   59    0.6640625000000000E-03    0.1196517944335938E-02
   60   -0.4433593750000000E-02    0.1154823303222656E-02
   61   -0.2265625000000000E-02    0.8939361572265625E-03
   62    0.3535156250000000E-02    0.9553146362304688E-03
   63   -0.2597656250000000E-02    0.1173057556152344E-02
   64   -0.2753906250000000E-02    0.1002616882324219E-02
   65    0.4296875000000000E-03    0.1120834350585937E-02
   66   -0.2343750000000000E-02    0.1023406982421875E-02
   67   -0.4062500000000000E-02    0.1308593750000000E-02
   68   -0.2109375000000000E-02    0.9026336669921875E-03
   69    0.2148437500000000E-02    0.1102828979492188E-02
   70   -0.2050781250000000E-02    0.6418991088867188E-03
   71    0.1523437500000000E-02    0.9185791015625000E-03
   72    0.3339843750000000E-02    0.6143569946289063E-03
   73   -0.2851562500000000E-02    0.8604431152343750E-03
   74   -0.1171875000000000E-03    0.8677673339843750E-03
   75   -0.1542968750000000E-02    0.7902145385742188E-03
   76   -0.4433593750000000E-02    0.1105079650878906E-02
   77   -0.4414062500000000E-02    0.8998870849609375E-03
   78   -0.2734375000000000E-03    0.1001586914062500E-02
   79    0.1152343750000000E-02    0.1211738586425781E-02
   80    0.4316406250000000E-02    0.1052742004394531E-02
   81    0.5664062500000000E-02    0.9069061279296875E-03
   82    0.2656250000000000E-02    0.7573699951171875E-03
   83   -0.1679687500000000E-02    0.9518432617187500E-03
   84   -0.2578125000000000E-02    0.1330718994140625E-02
   85    0.3535156250000000E-02    0.1238975524902344E-02
   86    0.9375000000000000E-03    0.9329223632812500E-03
   87    0.1855468750000000E-02    0.9811019897460937E-03
   88   -0.2675781250000000E-02    0.9573745727539062E-03
   89   -0.2500000000000000E-02    0.7907104492187500E-03
   90    0.4433593750000000E-02    0.1084938049316406E-02
   91    0.1972656250000000E-02    0.1136741638183594E-02
   92   -0.1875000000000000E-02    0.1093368530273438E-02
   93   -0.7167968750000000E-02    0.8917617797851563E-03
   94   -0.4824218750000000E-02    0.1364021301269531E-02
   95   -0.1757812500000000E-03    0.1200218200683594E-02
   96    0.3437500000000000E-02    0.1063613891601562E-02
   97   -0.1406250000000000E-02    0.1014633178710938E-02
   98   -0.2402343750000000E-02    0.6297683715820313E-03
   99    0.1699218750000000E-02    0.7946395874023438E-03
  100    0.1406250000000000E-02    0.8895874023437500E-03
