# time =    0.4515
    0    0.1000000000000000E+01    0.1000000000000000E+01
    1    0.1811328125000000E+00    0.3384811401367187E-01
    2    0.3427734375000000E-01    0.2044563293457031E-02
    3    0.6308593750000000E-02    0.8886337280273437E-03
    4   -0.1191406250000000E-02    0.1025428771972656E-02
    5    0.4843750000000000E-02    0.1082077026367188E-02
    6   -0.1660156250000000E-02    0.1189994812011719E-02
    7   -0.4101562500000000E-02    0.7853698730468750E-03
    8    0.2089843750000000E-02    0.1070823669433594E-02
    9    0.2519531250000000E-02    0.9032821655273437E-03
   10   -0.3437500000000000E-02    0.8998107910156250E-03
   11   -0.5664062500000000E-03    0.1100502014160156E-02
   12    0.5683593750000000E-02    0.1054039001464844E-02
   13    0.3906250000000000E-03    0.1226272583007812E-02
   14    0.2363281250000000E-02    0.1237144470214844E-02
   15   -0.6816406250000000E-02    0.1027107238769531E-02
   16   -0.4687500000000000E-03    0.9864807128906251E-03
   17   -0.5312500000000000E-02    0.9757995605468750E-03
   18   -0.1191406250000000E-02    0.9538650512695313E-03
   19    0.2929687500000000E-03    0.9505081176757812E-03
   20   -0.6835937500000000E-03    0.1099052429199219E-02
   21    0.2832031250000000E-02    0.1189231872558594E-02
   22    0.2265625000000000E-02    0.9746551513671875E-03
   23    0.2871093750000000E-02    0.8941268920898437E-03
   24   -0.1914062500000000E-02    0.1028137207031250E-02
   25    0.2089843750000000E-02    0.1114997863769531E-02
   26    0.3164062500000000E-02    0.1090164184570312E-02
   27    0.4335937500000000E-02    0.1010131835937500E-02
   28    0.4589843750000000E-02    0.1140861511230469E-02
   29    0.1152343750000000E-02    0.7091140747070312E-03
   30   -0.3496093750000000E-02    0.9381484985351563E-03
   31   -0.4003906250000000E-02    0.1096382141113281E-02
   32    0.3828125000000000E-02    0.9283447265625001E-03
   33   -0.1523437500000000E-02    0.1001892089843750E-02
   34    0.1328125000000000E-02    0.9819793701171876E-03
   35   -0.1464843750000000E-02    0.8812332153320312E-03
   36   -0.7226562500000000E-03    0.8859634399414062E-03
   37   -0.2539062500000000E-02    0.9214782714843750E-03
   38    0.5097656250000000E-02    0.1049079895019531E-02
   39    0.1113281250000000E-02    0.1096000671386719E-02
   40    0.3261718750000000E-02    0.1220283508300781E-02
   41    0.6093750000000000E-02    0.1083679199218750E-02
   42   -0.1796875000000000E-02    0.8747100830078125E-03
   43   -0.5156250000000000E-02    0.9612274169921875E-03
   44    0.3261718750000000E-02    0.1144523620605469E-02
   45    0.2734375000000000E-02    0.1154327392578125E-02
   46    0.1796875000000000E-02    0.8256530761718750E-03
   47    0.4492187500000000E-02    0.1105499267578125E-02
   48   -0.1679687500000000E-02    0.9033203125000000E-03
   49    0.0000000000000000E+00    0.9928894042968749E-03
   50   -0.2695312500000000E-02    0.9521484375000000E-03
   51   -0.1191406250000000E-02    0.1255760192871094E-02
   52   -0.4296875000000000E-03    0.1251449584960938E-02
   53    0.3964843750000000E-02    0.9413528442382813E-03
   54   -0.4335937500000000E-02    0.6704711914062500E-03
   55   -0.2285156250000000E-02    0.9316635131835937E-03
   56    0.1035156250000000E-02    0.8935165405273437E-03
   57    0.9765625000000000E-03    0.9458160400390625E-03
   58    0.6250000000000000E-03    0.9375000000000000E-03
   59   -0.3730468750000000E-02    0.8192825317382813E-03
   60    0.4101562500000000E-03    0.8966445922851563E-03
   61   -0.1289062500000000E-02    0.1066207885742188E-02
   62   -0.8398437500000000E-03    0.8460617065429687E-03
   63   -0.7226562500000000E-03    0.8227920532226562E-03
   64   -0.1386718750000000E-02    0.1086540222167969E-02
   65   -0.2089843750000000E-02    0.1117210388183594E-02
   66   -0.8593750000000000E-03    0.9127807617187500E-03
   67   -0.5468750000000001E-03    0.7849884033203125E-03
   68   -0.2070312500000000E-02    0.1015396118164063E-02
   69   -0.6718750000000000E-02    0.1053009033203125E-02
   70   -0.4433593750000000E-02    0.8497238159179688E-03
   71   -0.1484375000000000E-02    0.1060562133789062E-02
   72   -0.4960937500000000E-02    0.9844970703124999E-03
   73    0.6445312500000000E-02    0.8989715576171875E-03
   74   -0.2539062500000000E-03    0.9040451049804688E-03
   75   -0.1425781250000000E-02    0.9933853149414063E-03
   76   -0.4687500000000000E-02    0.1110687255859375E-02
   77   -0.3789062500000000E-02    0.9838867187500001E-03
   78   -0.1250000000000000E-02    0.1209793090820312E-02
   79    0.2480468750000000E-02    0.8839797973632812E-03
   80   -0.3437500000000000E-02    0.1053161621093750E-02
   81   -0.3476562500000000E-02    0.8602142333984375E-03
   82   -0.2968750000000000E-02    0.8465576171875000E-03
   83   -0.3632812500000000E-02    0.9064483642578125E-03
   84   -0.4492187500000000E-03    0.7117080688476562E-03
   85   -0.2480468750000000E-02    0.9169387817382813E-03
   86    0.5058593750000000E-02    0.7431411743164063E-03
   87    0.5488281250000000E-02    0.7738113403320312E-03
   88    0.1738281250000000E-02    0.9275436401367188E-03
   89    0.4238281250000000E-02    0.7873153686523437E-03
   90    0.6015625000000000E-02    0.1065826416015625E-02
   91    0.2011718750000000E-02    0.8989334106445313E-03
   92   -0.1328125000000000E-02    0.8937072753906250E-03
   93    0.2988281250000000E-02    0.1105537414550781E-02
   94    0.1425781250000000E-02    0.9835433959960937E-03
   95   -0.1757812500000000E-03    0.9590530395507812E-03
   96   -0.2539062500000000E-03    0.8946609497070313E-03
   97    0.2851562500000000E-02    0.1009521484375000E-02
   98    0.1484375000000000E-02    0.7729339599609375E-03
   99   -0.1757812500000000E-02    0.1009445190429688E-02
  100   -0.3886718750000000E-02    0.1037101745605469E-02
