# time =    0.4669
    0    0.1000000000000000E+01    0.1000000000000000E+01
    1    0.2222070312500000E+00    0.5018489837646484E-01
    2    0.5246093750000000E-01    0.3727798461914063E-02
    3    0.1222656250000000E-01    0.9189605712890625E-03
    4    0.4707031250000000E-02    0.1232490539550781E-02
    5    0.1328125000000000E-02    0.1021347045898438E-02
    6   -0.2070312500000000E-02    0.7852935791015626E-03
    7   -0.4785156250000000E-02    0.8481979370117187E-03
    8   -0.1992187500000000E-02    0.8694458007812500E-03
    9   -0.2695312500000000E-02    0.9394836425781250E-03
   10   -0.8007812500000000E-03    0.9757614135742187E-03
   11   -0.4609375000000000E-02    0.8776092529296875E-03
   12    0.2968750000000000E-02    0.8171081542968750E-03
   13   -0.6582031250000000E-02    0.9936904907226563E-03
   14    0.8789062500000000E-03    0.7341384887695312E-03
   15    0.1328125000000000E-02    0.1068420410156250E-02
   16   -0.7421875000000000E-03    0.9260559082031250E-03
   17   -0.2128906250000000E-02    0.8472061157226563E-03
   18   -0.1523437500000000E-02    0.1029739379882812E-02
   19    0.1191406250000000E-02    0.9772109985351563E-03
   20    0.3144531250000000E-02    0.1090965270996094E-02
   21   -0.3378906250000000E-02    0.1008567810058594E-02
   22   -0.2792968750000000E-02    0.8958816528320312E-03
   23    0.2363281250000000E-02    0.1124610900878906E-02
   24    0.7050781250000000E-02    0.9527206420898438E-03
   25    0.5585937500000000E-02    0.1167907714843750E-02
   26    0.3671875000000000E-02    0.9961700439453124E-03
   27    0.4296875000000000E-03    0.1009674072265625E-02
   28   -0.3906250000000000E-04    0.1029586791992187E-02
   29   -0.1562500000000000E-02    0.1345596313476563E-02
   30    0.1503906250000000E-02    0.8618545532226563E-03
   31    0.1816406250000000E-02    0.9389114379882812E-03
   32   -0.2695312500000000E-02    0.1090316772460937E-02
   33   -0.1308593750000000E-02    0.9127426147460938E-03
   34    0.1269531250000000E-02    0.8780288696289062E-03
   35    0.1074218750000000E-02    0.7509994506835938E-03
   36    0.9375000000000000E-03    0.1048126220703125E-02
   37   -0.2363281250000000E-02    0.7903671264648437E-03
   38   -0.4472656250000000E-02    0.9337997436523437E-03
   39    0.5664062500000000E-03    0.8100509643554687E-03
   40   -0.2207031250000000E-02    0.1030006408691406E-02
   41   -0.4570312500000000E-02    0.7405853271484374E-03
   42   -0.1171875000000000E-02    0.8569335937499999E-03
   43    0.1152343750000000E-02    0.6343460083007812E-03
   44   -0.4492187500000000E-02    0.9931945800781251E-03
   45   -0.5097656250000000E-02    0.1030616760253906E-02
   46   -0.5332031250000000E-02    0.1184349060058594E-02
   47    0.3281250000000000E-02    0.1226272583007812E-02
   48    0.5859375000000000E-04    0.9695053100585938E-03
   49   -0.1777343750000000E-02    0.1005668640136719E-02
   50   -0.1269531250000000E-02    0.9811782836914062E-03
   51   -0.6152343750000000E-02    0.9576034545898438E-03
   52    0.3320312500000000E-03    0.7669448852539063E-03
   53   -0.1738281250000000E-02    0.7483291625976562E-03
   54    0.2539062500000000E-03    0.9444808959960938E-03
   55   -0.2246093750000000E-02    0.9647750854492187E-03
   56    0.1230468750000000E-02    0.7992172241210937E-03
   57   -0.2929687500000000E-03    0.1006278991699219E-02
   58    0.6562500000000000E-02    0.9602355957031250E-03
   59    0.1035156250000000E-02    0.9899520874023437E-03
   60    0.2089843750000000E-02    0.8421707153320313E-03
   61   -0.1660156250000000E-02    0.8609390258789062E-03
   62   -0.6171875000000000E-02    0.8409118652343750E-03
   63    0.1660156250000000E-02    0.7847213745117188E-03
   64    0.2460937500000000E-02    0.1033630371093750E-02
   65   -0.2539062500000000E-03    0.1131706237792969E-02
   66    0.2988281250000000E-02    0.1010551452636719E-02
   67   -0.1562500000000000E-03    0.7125854492187500E-03
   68   -0.1601562500000000E-02    0.7649993896484375E-03
   69   -0.2363281250000000E-02    0.8813858032226563E-03
   70    0.1445312500000000E-02    0.1063766479492188E-02
   71    0.1699218750000000E-02    0.1173667907714844E-02
   72    0.4042968750000000E-02    0.9360885620117187E-03
   73    0.7812500000000000E-03    0.9387207031250000E-03
   74   -0.1367187500000000E-02    0.7514953613281250E-03
   75   -0.3457031250000000E-02    0.9500503540039063E-03
   76   -0.2207031250000000E-02    0.9404373168945313E-03
   77    0.5468750000000001E-03    0.8893585205078124E-03
   78   -0.3593750000000000E-02    0.9130096435546875E-03
   79   -0.3496093750000000E-02    0.8273696899414062E-03
   80   -0.3906250000000000E-03    0.9835815429687499E-03
   81    0.4101562500000000E-03    0.7888412475585937E-03
   82   -0.2460937500000000E-02    0.1024475097656250E-02
   83   -0.1308593750000000E-02    0.8833694458007812E-03
   84    0.6054687500000000E-03    0.1217994689941406E-02
   85    0.8945312500000000E-02    0.1273117065429688E-02
   86    0.4003906250000000E-02    0.8813858032226563E-03
   87    0.1367187500000000E-03    0.9392166137695313E-03
   88   -0.1445312500000000E-02    0.1355819702148438E-02
   89    0.6054687500000000E-03    0.1152992248535156E-02
   90    0.3789062500000000E-02    0.1079711914062500E-02
   91   -0.1054687500000000E-02    0.1044464111328125E-02
   92   -0.2441406250000000E-02    0.9135055541992187E-03
   93   -0.7968750000000000E-02    0.8558654785156251E-03
   94   -0.5957031250000000E-02    0.1041679382324219E-02
   95   -0.1132812500000000E-02    0.1007919311523438E-02
   96    0.1074218750000000E-02    0.1052513122558594E-02
   97   -0.2929687500000000E-03    0.1087226867675781E-02
   98    0.1875000000000000E-02    0.9441375732421875E-03
   99   -0.9765625000000001E-04    0.8557510375976563E-03
  100    0.5156250000000000E-02    0.8659362792968750E-03
