# time =    0.4406
    0    0.1000000000000000E+01    0.1000000000000000E+01
    1    0.3072851562500000E+00    0.9500080108642578E-01
    2    0.1135546875000000E+00    0.1365402221679688E-01
    3    0.4017578125000000E-01    0.2517662048339844E-02
    4    0.1652343750000000E-01    0.1142730712890625E-02
    5    0.8964843750000000E-02    0.1123695373535156E-02
    6    0.4082031250000000E-02    0.1070823669433594E-02
    7    0.6445312500000000E-02    0.9237670898437500E-03
    8    0.2324218750000000E-02    0.1106300354003906E-02
    9    0.5664062500000000E-03    0.1001777648925781E-02
   10   -0.1621093750000000E-02    0.1014442443847656E-02
   11   -0.3085937500000000E-02    0.1005401611328125E-02
   12    0.1953125000000000E-02    0.8341217041015625E-03
   13   -0.5058593750000000E-02    0.1085700988769531E-02
   14   -0.1171875000000000E-03    0.1291503906250000E-02
   15   -0.1328125000000000E-02    0.1121902465820313E-02
   16   -0.5273437500000000E-03    0.9920120239257813E-03
   17    0.1308593750000000E-02    0.9920883178710937E-03
   18   -0.1406250000000000E-02    0.9375762939453125E-03
   19   -0.4628906250000000E-02    0.1185111999511719E-02
   20   -0.4921875000000000E-02    0.9577941894531250E-03
   21   -0.6464843750000000E-02    0.1030845642089844E-02
   22   -0.2148437500000000E-03    0.1118583679199219E-02
   23   -0.2480468750000000E-02    0.9463882446289063E-03
   24   -0.5742187500000000E-02    0.9883880615234376E-03
   25   -0.4687500000000000E-03    0.1085052490234375E-02
   26   -0.1074218750000000E-02    0.1044197082519531E-02
   27   -0.1757812500000000E-03    0.1022377014160156E-02
   28    0.2363281250000000E-02    0.8944320678710937E-03
   29   -0.1171875000000000E-02    0.1176300048828125E-02
   30   -0.5214843750000000E-02    0.1023902893066406E-02
   31   -0.7617187500000000E-02    0.1194610595703125E-02
   32    0.6835937500000000E-03    0.1062431335449219E-02
   33   -0.3320312500000000E-03    0.9681320190429687E-03
   34    0.3789062500000000E-02    0.1165695190429687E-02
   35    0.1953125000000000E-02    0.9148406982421875E-03
   36   -0.4492187500000000E-03    0.9435653686523437E-03
   37   -0.3417968750000000E-02    0.1020927429199219E-02
   38    0.1250000000000000E-02    0.9271240234375000E-03
   39    0.3105468750000000E-02    0.1073722839355469E-02
   40    0.2988281250000000E-02    0.8608627319335937E-03
   41    0.2792968750000000E-02    0.7503128051757812E-03
   42   -0.4296875000000000E-03    0.9500885009765625E-03
   43    0.1601562500000000E-02    0.9258270263671875E-03
   44    0.2753906250000000E-02    0.1157035827636719E-02
   45    0.3750000000000000E-02    0.1270370483398437E-02
   46    0.2910156250000000E-02    0.9570693969726562E-03
   47    0.3710937500000000E-03    0.6240463256835938E-03
   48    0.4375000000000000E-02    0.1123504638671875E-02
   49   -0.4023437500000000E-02    0.1265335083007812E-02
   50   -0.9570312500000000E-03    0.9591293334960938E-03
   51   -0.1679687500000000E-02    0.1234436035156250E-02
   52   -0.3417968750000000E-02    0.8556747436523438E-03
   53   -0.4316406250000000E-02    0.8589553833007812E-03
   54    0.2167968750000000E-02    0.9052658081054688E-03
   55    0.5468750000000001E-03    0.7837677001953125E-03
   56    0.1367187500000000E-02    0.9748840332031250E-03
   57   -0.1347656250000000E-02    0.1436271667480469E-02
   58   -0.5625000000000000E-02    0.9353637695312500E-03
   59   -0.2636718750000000E-02    0.9094619750976562E-03
   60   -0.2500000000000000E-02    0.7254791259765625E-03
   61   -0.2226562500000000E-02    0.1103439331054687E-02
   62   -0.2324218750000000E-02    0.8597946166992187E-03
   63   -0.2734375000000000E-03    0.1206817626953125E-02
   64    0.7031250000000000E-03    0.1196441650390625E-02
   65    0.2128906250000000E-02    0.1408119201660156E-02
   66    0.1113281250000000E-02    0.9418869018554687E-03
   67   -0.1835937500000000E-02    0.9413146972656250E-03
   68   -0.8007812500000000E-03    0.9392929077148437E-03
   69   -0.2343750000000000E-03    0.1140518188476563E-02
   70   -0.2050781250000000E-02    0.8471298217773437E-03
   71   -0.2304687500000000E-02    0.1009979248046875E-02
   72   -0.1347656250000000E-02    0.1086006164550781E-02
   73    0.5078125000000000E-03    0.1071701049804687E-02
   74    0.1816406250000000E-02    0.7645797729492188E-03
   75   -0.1171875000000000E-03    0.6376647949218750E-03
   76    0.1171875000000000E-03    0.8147430419921875E-03
   77   -0.3125000000000000E-02    0.8316802978515625E-03
   78   -0.2851562500000000E-02    0.8892059326171875E-03
   79    0.4101562500000000E-03    0.9564590454101562E-03
   80   -0.3027343750000000E-02    0.9491348266601563E-03
   81   -0.2988281250000000E-02    0.9948348999023438E-03
   82   -0.5664062500000000E-03    0.8227157592773437E-03
   83    0.2714843750000000E-02    0.7498550415039062E-03
   84   -0.2617187500000000E-02    0.9201049804687500E-03
   85    0.1445312500000000E-02    0.8173370361328125E-03
   86    0.4179687500000000E-02    0.9628295898437500E-03
   87   -0.2148437500000000E-02    0.9258270263671875E-03
   88   -0.1953125000000000E-04    0.1212654113769531E-02
   89   -0.5078125000000000E-03    0.1103363037109375E-02
   90    0.5742187500000000E-02    0.1083374023437500E-02
   91    0.5390625000000000E-02    0.1218948364257813E-02
   92    0.6660156250000000E-02    0.1228141784667969E-02
   93   -0.3906250000000000E-02    0.1086502075195312E-02
   94   -0.4101562500000000E-03    0.9241104125976562E-03
   95   -0.4687500000000000E-03    0.9647369384765625E-03
   96    0.1562500000000000E-03    0.1199874877929688E-02
   97   -0.4179687500000000E-02    0.1099624633789062E-02
   98   -0.2128906250000000E-02    0.9203720092773438E-03
   99   -0.5332031250000000E-02    0.1135520935058594E-02
  100   -0.5957031250000000E-02    0.1152610778808594E-02
