# time =    0.4749
    0    0.1000000000000000E+01    0.1000000000000000E+01
    1    0.1935351562500000E+00    0.3826160430908203E-01
    2    0.4234375000000000E-01    0.2798843383789063E-02
    3    0.1033203125000000E-01    0.1145439147949219E-02
    4   -0.3164062500000000E-02    0.9476470947265625E-03
    5   -0.5859375000000000E-04    0.6808090209960937E-03
    6   -0.2382812500000000E-02    0.1047058105468750E-02
    7   -0.2792968750000000E-02    0.7098007202148437E-03
    8   -0.5371093750000000E-02    0.8768844604492188E-03
    9   -0.5937500000000000E-02    0.1039428710937500E-02
   10    0.1542968750000000E-02    0.1004600524902344E-02
   11   -0.9765625000000000E-03    0.8787536621093751E-03
   12    0.2128906250000000E-02    0.9647750854492187E-03
   13    0.2207031250000000E-02    0.1125068664550781E-02
   14    0.2343750000000000E-03    0.9819030761718749E-03
   15   -0.1347656250000000E-02    0.1054191589355469E-02
   16    0.9570312500000000E-03    0.9485244750976563E-03
   17    0.5527343750000000E-02    0.7742691040039062E-03
   18    0.1914062500000000E-02    0.8338928222656250E-03
   19    0.3847656250000000E-02    0.7364273071289063E-03
   20    0.4687500000000000E-03    0.1200408935546875E-02
   21   -0.1328125000000000E-02    0.1022567749023438E-02
   22   -0.1425781250000000E-02    0.9543991088867187E-03
   23    0.3261718750000000E-02    0.9689712524414062E-03
   24   -0.3515625000000000E-03    0.1081924438476563E-02
   25    0.3750000000000000E-02    0.1048355102539062E-02
   26    0.1640625000000000E-02    0.8213043212890625E-03
   27    0.9960937500000000E-03    0.1014213562011719E-02
   28   -0.5546875000000000E-02    0.1145553588867188E-02
   29    0.1835937500000000E-02    0.9651184082031250E-03
   30    0.8593750000000000E-03    0.7762145996093750E-03
   31   -0.2343750000000000E-02    0.8718872070312500E-03
   32   -0.3652343750000000E-02    0.8752059936523438E-03
   33   -0.5976562500000000E-02    0.1057968139648437E-02
   34   -0.3730468750000000E-02    0.1007499694824219E-02
   35    0.2792968750000000E-02    0.1008338928222656E-02
   36   -0.4746093750000000E-02    0.1169395446777344E-02
   37   -0.2246093750000000E-02    0.1321525573730469E-02
   38   -0.1191406250000000E-02    0.1028556823730469E-02
   39    0.2695312500000000E-02    0.1090469360351563E-02
   40    0.3496093750000000E-02    0.8819961547851563E-03
   41   -0.1660156250000000E-02    0.8662033081054687E-03
   42    0.1972656250000000E-02    0.8784866333007812E-03
   43   -0.1425781250000000E-02    0.9532546997070312E-03
   44   -0.5058593750000000E-02    0.1183891296386719E-02
   45   -0.6816406250000000E-02    0.9363937377929687E-03
   46   -0.4218750000000000E-02    0.9937286376953125E-03
   47   -0.2578125000000000E-02    0.8513641357421875E-03
   48    0.7382812500000000E-02    0.1146163940429687E-02
   49   -0.1816406250000000E-02    0.8536911010742187E-03
   50    0.4277343750000000E-02    0.9661483764648438E-03
   51    0.8300781250000000E-02    0.1132545471191406E-02
   52    0.2988281250000000E-02    0.9083175659179688E-03
   53    0.3281250000000000E-02    0.9826660156250001E-03
   54    0.2441406250000000E-02    0.1272010803222656E-02
   55   -0.1425781250000000E-02    0.9154129028320312E-03
   56    0.2636718750000000E-02    0.6902694702148437E-03
   57    0.2207031250000000E-02    0.9119033813476563E-03
   58   -0.1699218750000000E-02    0.8187484741210937E-03
   59    0.2519531250000000E-02    0.9484481811523437E-03
   60    0.3066406250000000E-02    0.1014060974121094E-02
   61   -0.1464843750000000E-02    0.1153526306152344E-02
   62    0.3242187500000000E-02    0.9326934814453125E-03
   63    0.4433593750000000E-02    0.8002090454101563E-03
   64   -0.5644531250000000E-02    0.1133766174316406E-02
   65   -0.2714843750000000E-02    0.9984207153320313E-03
   66   -0.5468750000000001E-03    0.8367156982421875E-03
   67   -0.5859375000000000E-04    0.1009635925292969E-02
   68   -0.3710937500000000E-03    0.9325790405273437E-03
   69   -0.1093750000000000E-02    0.8466339111328125E-03
   70   -0.3515625000000000E-02    0.8062744140625001E-03
   71    0.3925781250000000E-02    0.7926559448242187E-03
   72   -0.2109375000000000E-02    0.8748626708984375E-03
   73    0.3710937500000000E-03    0.1009941101074219E-02
   74    0.4296875000000000E-03    0.1004180908203125E-02
   75    0.8398437500000000E-03    0.8794021606445313E-03
   76   -0.4121093750000000E-02    0.1043434143066406E-02
   77   -0.1757812500000000E-03    0.9881210327148436E-03
   78   -0.4570312500000000E-02    0.7604980468750001E-03
   79   -0.1464843750000000E-02    0.8765029907226563E-03
   80   -0.2324218750000000E-02    0.1091804504394531E-02
   81    0.2519531250000000E-02    0.8949661254882813E-03
   82    0.1757812500000000E-02    0.9724426269531250E-03
   83    0.1054687500000000E-02    0.9934234619140626E-03
   84    0.8789062500000000E-03    0.8649063110351562E-03
   85   -0.1835937500000000E-02    0.8277893066406250E-03
   86    0.1875000000000000E-02    0.1028976440429688E-02
   87    0.9179687499999999E-03    0.1005821228027344E-02
   88   -0.4492187500000000E-03    0.1027793884277344E-02
   89    0.7617187500000000E-03    0.9061050415039063E-03
   90    0.3242187500000000E-02    0.1017379760742187E-02
   91   -0.4257812500000000E-02    0.9982299804687500E-03
   92    0.4960937500000000E-02    0.7694244384765625E-03
   93   -0.3164062500000000E-02    0.7893371582031250E-03
   94    0.7226562500000000E-03    0.8913040161132813E-03
   95   -0.6933593750000000E-02    0.7960128784179687E-03
   96    0.7226562500000000E-03    0.7986831665039063E-03
   97   -0.3867187500000000E-02    0.5018615722656250E-03
   98   -0.3691406250000000E-02    0.8408737182617188E-03
   99   -0.1757812500000000E-02    0.7569885253906250E-03
  100    0.5273437500000000E-03    0.1217231750488281E-02
