# time =    0.4612
    0    0.1000000000000000E+01    0.1000000000000000E+01
    1    0.2510546875000000E+00    0.6386795043945312E-01
    2    0.6464843750000000E-01    0.5238189697265625E-02
    3    0.1833984375000000E-01    0.1386680603027344E-02
    4    0.2812500000000000E-02    0.1058502197265625E-02
    5    0.1562500000000000E-02    0.1126403808593750E-02
    6    0.2265625000000000E-02    0.9169769287109375E-03
    7   -0.1015625000000000E-02    0.7820892333984375E-03
    8    0.2128906250000000E-02    0.8555221557617188E-03
    9    0.2890625000000000E-02    0.1040115356445313E-02
   10    0.3125000000000000E-03    0.1233291625976563E-02
   11    0.2597656250000000E-02    0.9915542602539063E-03
   12    0.3828125000000000E-02    0.1086502075195312E-02
   13   -0.1484375000000000E-02    0.1085357666015625E-02
   14    0.4296875000000000E-03    0.9941101074218751E-03
   15   -0.2949218750000000E-02    0.1027488708496094E-02
   16    0.2695312500000000E-02    0.1015777587890625E-02
   17    0.6054687500000000E-03    0.7240676879882813E-03
   18   -0.2148437500000000E-02    0.1060714721679688E-02
   19   -0.2578125000000000E-02    0.8570098876953125E-03
   20   -0.3183593750000000E-02    0.8392715454101562E-03
   21   -0.1464843750000000E-02    0.9881973266601563E-03
   22    0.4101562500000000E-03    0.8580398559570313E-03
   23    0.2890625000000000E-02    0.9168243408203125E-03
   24   -0.8984375000000000E-03    0.9876251220703124E-03
   25    0.2109375000000000E-02    0.8946228027343750E-03
   26   -0.1621093750000000E-02    0.9379196166992188E-03
   27   -0.5000000000000000E-02    0.1123657226562500E-02
   28   -0.4375000000000000E-02    0.1281890869140625E-02
   29   -0.1953125000000000E-03    0.1056594848632813E-02
   30    0.2792968750000000E-02    0.7995986938476563E-03
   31    0.2050781250000000E-02    0.9502029418945313E-03
   32   -0.2734375000000000E-03    0.1135482788085938E-02
   33    0.6445312500000000E-02    0.1016311645507813E-02
   34    0.1113281250000000E-02    0.8934402465820313E-03
   35    0.2792968750000000E-02    0.8276748657226562E-03
   36    0.1464843750000000E-02    0.6868362426757813E-03
   37    0.4843750000000000E-02    0.9500885009765625E-03
   38    0.2187500000000000E-02    0.8895111083984375E-03
   39   -0.2500000000000000E-02    0.1059646606445312E-02
   40   -0.1367187500000000E-02    0.1109313964843750E-02
   41    0.1582031250000000E-02    0.9284591674804687E-03
   42    0.7226562500000000E-03    0.1020545959472656E-02
   43   -0.1562500000000000E-03    0.1053009033203125E-02
   44    0.2832031250000000E-02    0.1050758361816406E-02
   45    0.7890625000000000E-02    0.9307098388671875E-03
   46    0.1523437500000000E-02    0.9652709960937500E-03
   47    0.1132812500000000E-02    0.9555053710937500E-03
   48    0.1777343750000000E-02    0.1049919128417969E-02
   49   -0.3027343750000000E-02    0.7697677612304687E-03
   50    0.1074218750000000E-02    0.8492660522460937E-03
   51   -0.5136718750000000E-02    0.8982467651367187E-03
   52    0.1230468750000000E-02    0.7751083374023437E-03
   53    0.1406250000000000E-02    0.9694671630859374E-03
   54    0.3281250000000000E-02    0.9794616699218750E-03
   55   -0.1093750000000000E-02    0.1012115478515625E-02
   56    0.1035156250000000E-02    0.1123466491699219E-02
   57    0.1953125000000000E-03    0.1235351562500000E-02
   58    0.1562500000000000E-02    0.9614562988281250E-03
   59   -0.1171875000000000E-03    0.9743499755859375E-03
   60    0.4160156250000000E-02    0.1011466979980469E-02
   61    0.2656250000000000E-02    0.6837463378906250E-03
   62    0.1621093750000000E-02    0.9908676147460938E-03
   63    0.2441406250000000E-02    0.1048164367675781E-02
   64    0.8398437500000000E-03    0.1074638366699219E-02
   65    0.2304687500000000E-02    0.8786010742187500E-03
   66   -0.1152343750000000E-02    0.7207107543945313E-03
   67   -0.2285156250000000E-02    0.6162643432617188E-03
   68    0.1113281250000000E-02    0.1010246276855469E-02
   69    0.9179687499999999E-03    0.8456802368164062E-03
   70   -0.1210937500000000E-02    0.1118698120117187E-02
   71    0.1347656250000000E-02    0.9640884399414062E-03
   72   -0.4296875000000000E-03    0.9391784667968750E-03
   73   -0.8203125000000000E-03    0.1068038940429688E-02
   74   -0.5488281250000000E-02    0.1067390441894531E-02
   75    0.2929687500000000E-02    0.1219329833984375E-02
   76    0.1718750000000000E-02    0.1117858886718750E-02
   77    0.5351562500000000E-02    0.1208496093750000E-02
   78   -0.2929687500000000E-03    0.1026496887207031E-02
   79    0.3164062500000000E-02    0.1149444580078125E-02
   80    0.5390625000000000E-02    0.9452819824218750E-03
   81   -0.7421875000000000E-03    0.8821105957031250E-03
   82    0.2656250000000000E-02    0.9593963623046875E-03
   83   -0.2812500000000000E-02    0.1089172363281250E-02
   84    0.1953125000000000E-03    0.8810424804687500E-03
   85   -0.3281250000000000E-02    0.7819366455078125E-03
   86   -0.4101562500000000E-03    0.8174514770507812E-03
   87   -0.8886718750000000E-02    0.8591079711914063E-03
   88   -0.2031250000000000E-02    0.8925628662109375E-03
   89    0.6054687500000000E-03    0.9142684936523437E-03
   90    0.5136718750000000E-02    0.1133308410644531E-02
   91    0.9238281250000001E-02    0.1292076110839844E-02
   92    0.1093750000000000E-02    0.9773254394531250E-03
   93   -0.3554687500000000E-02    0.9194183349609375E-03
   94   -0.1582031250000000E-02    0.8993148803710938E-03
   95    0.3476562500000000E-02    0.8690643310546875E-03
   96    0.3671875000000000E-02    0.8779144287109374E-03
   97   -0.1367187500000000E-03    0.1079139709472656E-02
   98   -0.3984375000000000E-02    0.1153793334960937E-02
   99   -0.9765625000000001E-04    0.9549331665039063E-03
  100   -0.1464843750000000E-02    0.1138191223144531E-02
