# time =    0.4547
    0    0.1000000000000000E+01    0.1000000000000000E+01
    1    0.1741992187500000E+00    0.3141139984130859E-01
    2    0.3650390625000000E-01    0.2341270446777344E-02
    3    0.8730468750000000E-02    0.9506607055664063E-03
    4    0.2812500000000000E-02    0.8739471435546875E-03
    5   -0.5273437500000000E-03    0.9148025512695313E-03
    6   -0.1914062500000000E-02    0.8521270751953125E-03
    7   -0.9375000000000000E-03    0.7062530517578124E-03
    8    0.1640625000000000E-02    0.9640502929687500E-03
    9   -0.3320312500000000E-03    0.1123466491699219E-02
   10   -0.2363281250000000E-02    0.9220504760742188E-03
   11    0.2832031250000000E-02    0.1074485778808594E-02
   12    0.2773437500000000E-02    0.1014862060546875E-02
   13    0.1250000000000000E-02    0.8613586425781250E-03
   14    0.1835937500000000E-02    0.1197738647460938E-02
   15    0.6250000000000000E-03    0.8319091796875000E-03
   16   -0.1933593750000000E-02    0.7609939575195313E-03
   17    0.1093750000000000E-02    0.1312637329101563E-02
   18    0.2070312500000000E-02    0.9455871582031250E-03
   19    0.5664062500000000E-03    0.9566879272460937E-03
   20   -0.1855468750000000E-02    0.9875869750976562E-03
   21    0.2675781250000000E-02    0.8867263793945312E-03
   22    0.1386718750000000E-02    0.8163070678710938E-03
   23   -0.7265625000000000E-02    0.9292602539062500E-03
   24   -0.1328125000000000E-02    0.1065673828125000E-02
   25   -0.1699218750000000E-02    0.1077919006347656E-02
   26    0.6347656250000000E-02    0.7118606567382813E-03
   27   -0.4257812500000000E-02    0.6466674804687500E-03
   28    0.4316406250000000E-02    0.7565689086914063E-03
   29   -0.2597656250000000E-02    0.9467697143554687E-03
   30    0.3222656250000000E-02    0.9108352661132813E-03
   31   -0.3339843750000000E-02    0.1020698547363281E-02
   32    0.2187500000000000E-02    0.1321411132812500E-02
   33    0.2871093750000000E-02    0.9709548950195313E-03
   34   -0.3632812500000000E-02    0.8109283447265625E-03
   35   -0.1738281250000000E-02    0.1023216247558594E-02
   36   -0.2812500000000000E-02    0.9925842285156250E-03
   37   -0.1914062500000000E-02    0.9020233154296875E-03
   38   -0.2148437500000000E-02    0.8901214599609375E-03
   39   -0.3906250000000000E-03    0.8303070068359375E-03
   40    0.5292968750000000E-02    0.1129341125488281E-02
   41    0.1054687500000000E-02    0.9593200683593750E-03
   42   -0.1582031250000000E-02    0.9748458862304688E-03
   43    0.1933593750000000E-02    0.8663558959960938E-03
   44    0.7031250000000000E-03    0.8874511718749999E-03
   45   -0.2070312500000000E-02    0.1136932373046875E-02
   46    0.4882812500000000E-02    0.1095962524414063E-02
   47    0.4296875000000000E-03    0.9159851074218750E-03
   48    0.1640625000000000E-02    0.1118927001953125E-02
   49    0.2910156250000000E-02    0.8026504516601562E-03
   50   -0.2148437500000000E-03    0.8318710327148437E-03
   51    0.7812500000000000E-03    0.9884643554687500E-03
   52    0.1855468750000000E-02    0.9241867065429688E-03
   53   -0.1347656250000000E-02    0.8718490600585938E-03
   54   -0.4277343750000000E-02    0.7521438598632812E-03
   55   -0.2949218750000000E-02    0.8455276489257813E-03
   56    0.3144531250000000E-02    0.1020927429199219E-02
   57    0.2988281250000000E-02    0.8301162719726563E-03
   58    0.3222656250000000E-02    0.1009101867675781E-02
   59   -0.3281250000000000E-02    0.9433746337890625E-03
   60   -0.2148437500000000E-03    0.1004142761230469E-02
   61    0.1855468750000000E-02    0.1081047058105469E-02
   62   -0.6250000000000000E-03    0.9126281738281250E-03
   63   -0.1816406250000000E-02    0.8168411254882812E-03
   64    0.8984375000000000E-03    0.9366607666015625E-03
   65   -0.1796875000000000E-02    0.1443481445312500E-02
   66   -0.1894531250000000E-02    0.1004905700683594E-02
   67   -0.2558593750000000E-02    0.8916091918945312E-03
   68    0.4863281250000000E-02    0.1004066467285156E-02
   69   -0.4375000000000000E-02    0.1110763549804688E-02
   70    0.7812500000000000E-04    0.9523010253906249E-03
   71   -0.3710937500000000E-03    0.1011543273925781E-02
   72    0.1699218750000000E-02    0.1318321228027344E-02
   73    0.1953125000000000E-03    0.9650421142578125E-03
   74   -0.2382812500000000E-02    0.8317565917968750E-03
   75   -0.2890625000000000E-02    0.9860992431640625E-03
   76   -0.4941406250000000E-02    0.9337234497070313E-03
   77    0.2988281250000000E-02    0.1042823791503906E-02
   78   -0.7031250000000000E-03    0.9532165527343750E-03
   79   -0.6503906250000000E-02    0.9064865112304687E-03
   80   -0.3476562500000000E-02    0.7143402099609375E-03
   81   -0.9179687499999999E-03    0.1213340759277344E-02
   82    0.1718750000000000E-02    0.8718872070312500E-03
   83   -0.7031250000000000E-03    0.9038543701171875E-03
   84   -0.4687500000000000E-03    0.1066589355468750E-02
   85   -0.5878906250000000E-02    0.1268043518066406E-02
   86   -0.2929687500000000E-02    0.9348297119140625E-03
   87    0.9375000000000000E-03    0.8198547363281250E-03
   88    0.1367187500000000E-03    0.1026344299316406E-02
   89   -0.4082031250000000E-02    0.1157112121582031E-02
   90   -0.2304687500000000E-02    0.1036453247070312E-02
   91   -0.2734375000000000E-03    0.1176452636718750E-02
   92    0.1210937500000000E-02    0.7860565185546875E-03
   93    0.7031250000000000E-03    0.8558654785156251E-03
   94   -0.1171875000000000E-03    0.8065795898437500E-03
   95    0.1562500000000000E-02    0.9587097167968750E-03
   96    0.4355468750000000E-02    0.7606124877929687E-03
   97   -0.3906250000000000E-03    0.1011962890625000E-02
   98   -0.9765625000000000E-03    0.7444763183593750E-03
   99    0.2539062500000000E-02    0.8528900146484375E-03
  100    0.5273437500000000E-03    0.1005592346191406E-02
