# time =    0.4637
    0    0.1000000000000000E+01    0.1000000000000000E+01
    1    0.1813281250000000E+00    0.3374862670898438E-01
    2    0.3296875000000000E-01    0.1990127563476563E-02
    3    0.1796875000000000E-02    0.1151580810546875E-02
    4    0.2343750000000000E-02    0.9207153320312501E-03
    5    0.3710937500000000E-03    0.9072494506835938E-03
    6   -0.1269531250000000E-02    0.8289718627929688E-03
    7    0.2656250000000000E-02    0.1046295166015625E-02
    8    0.4550781250000000E-02    0.8509445190429687E-03
    9    0.1308593750000000E-02    0.8978652954101563E-03
   10   -0.3281250000000000E-02    0.9895324707031249E-03
   11   -0.3847656250000000E-02    0.1018791198730469E-02
   12    0.2031250000000000E-02    0.1352920532226563E-02
   13    0.1699218750000000E-02    0.6725692749023438E-03
   14    0.6230468750000000E-02    0.9206008911132813E-03
   15    0.6132812500000000E-02    0.9665679931640625E-03
   16   -0.4687500000000000E-03    0.8599853515625000E-03
   17    0.3378906250000000E-02    0.1002693176269531E-02
   18    0.4492187500000000E-03    0.9831619262695313E-03
   19    0.2363281250000000E-02    0.8781814575195313E-03
   20    0.8789062500000000E-03    0.1037712097167969E-02
   21   -0.1757812500000000E-02    0.9387207031250000E-03
   22   -0.2382812500000000E-02    0.1008224487304688E-02
   23   -0.3593750000000000E-02    0.8768463134765626E-03
   24   -0.2617187500000000E-02    0.9626007080078125E-03
   25   -0.2792968750000000E-02    0.7626724243164063E-03
   26   -0.1113281250000000E-02    0.8699417114257813E-03
   27   -0.4179687500000000E-02    0.8909606933593750E-03
   28    0.8007812500000000E-03    0.1037025451660156E-02
   29   -0.2011718750000000E-02    0.7257461547851562E-03
   30   -0.1875000000000000E-02    0.9166717529296875E-03
   31    0.6015625000000000E-02    0.1085281372070312E-02
   32    0.4121093750000000E-02    0.1144676208496094E-02
   33    0.2500000000000000E-02    0.8789062500000000E-03
   34    0.5859375000000000E-03    0.7914733886718750E-03
   35    0.7617187500000000E-03    0.7825088500976562E-03
   36   -0.1386718750000000E-02    0.6290817260742187E-03
   37   -0.8789062500000000E-03    0.1025657653808594E-02
   38    0.2617187500000000E-02    0.9535217285156250E-03
   39   -0.2753906250000000E-02    0.9561538696289063E-03
   40   -0.3906250000000000E-04    0.1021804809570313E-02
   41    0.7617187500000000E-03    0.1083412170410156E-02
   42    0.2324218750000000E-02    0.9842300415039062E-03
   43    0.3847656250000000E-02    0.1162986755371094E-02
   44   -0.5312500000000000E-02    0.8092498779296874E-03
   45   -0.1054687500000000E-02    0.1109313964843750E-02
   46   -0.6796875000000000E-02    0.1029891967773438E-02
   47   -0.1835937500000000E-02    0.8158874511718750E-03
   48    0.1152343750000000E-02    0.7719802856445313E-03
   49    0.1074218750000000E-02    0.8557510375976563E-03
   50    0.9765625000000000E-03    0.1208267211914063E-02
   51    0.1875000000000000E-02    0.1040267944335937E-02
   52    0.2949218750000000E-02    0.1061058044433594E-02
   53    0.4355468750000000E-02    0.9732437133789062E-03
   54    0.3964843750000000E-02    0.8408737182617188E-03
   55   -0.1191406250000000E-02    0.7972335815429688E-03
   56   -0.3828125000000000E-02    0.7424163818359375E-03
   57    0.1718750000000000E-02    0.6333923339843750E-03
   58   -0.5273437500000000E-03    0.9572219848632813E-03
   59   -0.3222656250000000E-02    0.8591842651367187E-03
   60    0.3730468750000000E-02    0.1213951110839844E-02
   61    0.5859375000000000E-02    0.8631134033203125E-03
   62   -0.1699218750000000E-02    0.8602523803710937E-03
   63   -0.9375000000000000E-03    0.8432006835937500E-03
   64    0.2011718750000000E-02    0.1044273376464844E-02
   65   -0.3066406250000000E-02    0.7781600952148438E-03
   66   -0.3671875000000000E-02    0.9468078613281250E-03
   67    0.2734375000000000E-03    0.1078796386718750E-02
   68   -0.2089843750000000E-02    0.8755111694335937E-03
   69   -0.2968750000000000E-02    0.8851623535156250E-03
   70    0.1132812500000000E-02    0.9291839599609375E-03
   71   -0.5878906250000000E-02    0.9384536743164062E-03
   72   -0.3906250000000000E-02    0.1038284301757813E-02
   73   -0.3574218750000000E-02    0.9873580932617187E-03
   74   -0.5859375000000000E-04    0.9313583374023438E-03
   75    0.2792968750000000E-02    0.7678604125976562E-03
   76   -0.2324218750000000E-02    0.1192054748535156E-02
   77    0.1367187500000000E-03    0.9830093383789062E-03
   78   -0.2949218750000000E-02    0.1209449768066406E-02
   79    0.9765625000000000E-03    0.7955932617187500E-03
   80   -0.2011718750000000E-02    0.8484268188476562E-03
   81    0.5644531250000000E-02    0.1100578308105469E-02
   82   -0.1699218750000000E-02    0.8177566528320313E-03
   83    0.3222656250000000E-02    0.9344100952148437E-03
   84   -0.1113281250000000E-02    0.8890151977539063E-03
   85   -0.2343750000000000E-03    0.1138153076171875E-02
   86   -0.2597656250000000E-02    0.1043739318847656E-02
   87    0.2597656250000000E-02    0.1173439025878906E-02
   88   -0.7812500000000000E-04    0.9489440917968750E-03
   89   -0.1777343750000000E-02    0.9693527221679688E-03
   90    0.2304687500000000E-02    0.9355163574218750E-03
   91    0.2597656250000000E-02    0.9819412231445313E-03
   92   -0.1542968750000000E-02    0.9341812133789062E-03
   93    0.2695312500000000E-02    0.1015625000000000E-02
   94    0.8828124999999999E-02    0.1256103515625000E-02
   95    0.1464843750000000E-02    0.9121322631835938E-03
   96    0.1992187500000000E-02    0.1065521240234375E-02
   97    0.1289062500000000E-02    0.1262664794921875E-02
   98    0.1679687500000000E-02    0.9193420410156250E-03
   99    0.3515625000000000E-03    0.1211318969726563E-02
  100   -0.2539062500000000E-02    0.8850860595703125E-03
