# time =    0.4518
    0    0.1000000000000000E+01    0.1000000000000000E+01
    1    0.1728906250000000E+00    0.3064552307128906E-01
    2    0.3310546875000000E-01    0.1926383972167969E-02
    3    0.5878906250000000E-02    0.7898330688476563E-03
    4    0.7519531250000000E-02    0.1001167297363281E-02
    5    0.7421875000000000E-03    0.9692382812500000E-03
    6    0.4101562500000000E-03    0.8421707153320313E-03
    7    0.1269531250000000E-02    0.8013534545898437E-03
    8   -0.4492187500000000E-02    0.9017944335937500E-03
    9    0.2109375000000000E-02    0.1170425415039062E-02
   10    0.1425781250000000E-02    0.8438491821289063E-03
   11   -0.1367187500000000E-03    0.1037101745605469E-02
   12   -0.2167968750000000E-02    0.9842300415039062E-03
   13   -0.3671875000000000E-02    0.9217071533203125E-03
   14    0.5468750000000001E-03    0.1027374267578125E-02
   15   -0.1992187500000000E-02    0.1257476806640625E-02
   16    0.3535156250000000E-02    0.1225395202636719E-02
   17    0.4023437500000000E-02    0.1078796386718750E-02
   18   -0.9375000000000000E-03    0.6564331054687500E-03
   19   -0.2714843750000000E-02    0.9878921508789064E-03
   20   -0.5957031250000000E-02    0.1059913635253906E-02
   21   -0.5312500000000000E-02    0.9826660156250001E-03
   22   -0.3867187500000000E-02    0.1169357299804688E-02
   23   -0.2011718750000000E-02    0.1047325134277344E-02
   24    0.1210937500000000E-02    0.8393096923828125E-03
   25    0.3632812500000000E-02    0.9095764160156250E-03
   26    0.7792968750000000E-02    0.9491348266601563E-03
   27    0.5273437500000000E-02    0.1088027954101563E-02
   28    0.8984375000000000E-03    0.9576416015625000E-03
   29   -0.3535156250000000E-02    0.1191673278808594E-02
   30   -0.5664062500000000E-02    0.1174468994140625E-02
   31   -0.1191406250000000E-02    0.1006660461425781E-02
   32   -0.2011718750000000E-02    0.1264686584472656E-02
   33   -0.1152343750000000E-02    0.1152305603027344E-02
   34    0.1328125000000000E-02    0.1056900024414063E-02
   35    0.7421875000000000E-03    0.1040267944335937E-02
   36   -0.1777343750000000E-02    0.8966445922851563E-03
   37   -0.4765625000000000E-02    0.1066894531250000E-02
   38    0.2421875000000000E-02    0.1089935302734375E-02
   39   -0.2148437500000000E-02    0.1115341186523437E-02
   40    0.8984375000000000E-03    0.8127593994140625E-03
   41    0.1191406250000000E-02    0.1007041931152344E-02
   42    0.1738281250000000E-02    0.8771133422851563E-03
   43    0.7226562500000000E-03    0.7934188842773438E-03
   44    0.1582031250000000E-02    0.9582901000976563E-03
   45   -0.2421875000000000E-02    0.1240386962890625E-02
   46   -0.6250000000000000E-02    0.1040496826171875E-02
   47    0.2617187500000000E-02    0.1135864257812500E-02
   48    0.5253906250000000E-02    0.1134452819824219E-02
   49    0.6640625000000000E-03    0.9712982177734375E-03
   50   -0.3476562500000000E-02    0.9557342529296875E-03
   51    0.2109375000000000E-02    0.1161651611328125E-02
   52    0.1523437500000000E-02    0.1299972534179687E-02
   53    0.1855468750000000E-02    0.1089897155761719E-02
   54   -0.4453125000000000E-02    0.1046905517578125E-02
   55   -0.2929687500000000E-02    0.1067504882812500E-02
   56    0.6835937500000000E-02    0.8683776855468749E-03
   57    0.1972656250000000E-02    0.8261489868164062E-03
   58    0.5078125000000000E-03    0.1017150878906250E-02
   59    0.1523437500000000E-02    0.1004486083984375E-02
   60   -0.1621093750000000E-02    0.8988571166992187E-03
   61   -0.1777343750000000E-02    0.9824752807617188E-03
   62   -0.2089843750000000E-02    0.1089134216308594E-02
   63    0.2207031250000000E-02    0.9943771362304688E-03
   64   -0.3906250000000000E-04    0.8752441406250000E-03
   65    0.4687500000000000E-02    0.1173324584960937E-02
   66    0.1562500000000000E-02    0.1123733520507812E-02
   67    0.3046875000000000E-02    0.9191894531250000E-03
   68   -0.1386718750000000E-02    0.8692550659179688E-03
   69   -0.2851562500000000E-02    0.9685516357421875E-03
   70   -0.5468750000000000E-02    0.1124801635742188E-02
   71   -0.1074218750000000E-02    0.1170692443847656E-02
   72    0.1894531250000000E-02    0.9656906127929688E-03
   73    0.4882812500000000E-02    0.1112442016601563E-02
   74   -0.1210937500000000E-02    0.9506988525390625E-03
   75    0.1074218750000000E-02    0.1014366149902344E-02
   76    0.6757812500000000E-02    0.8232879638671875E-03
   77    0.4589843750000000E-02    0.1122169494628906E-02
   78   -0.2128906250000000E-02    0.1044502258300781E-02
   79   -0.1269531250000000E-02    0.9180831909179687E-03
   80    0.1835937500000000E-02    0.7566070556640625E-03
   81   -0.2792968750000000E-02    0.1058769226074219E-02
   82    0.4335937500000000E-02    0.1071014404296875E-02
   83   -0.3730468750000000E-02    0.8845901489257812E-03
   84   -0.3593750000000000E-02    0.9867095947265626E-03
   85   -0.4394531250000000E-02    0.9970474243164063E-03
   86   -0.3769531250000000E-02    0.7420730590820313E-03
   87    0.3046875000000000E-02    0.1132736206054687E-02
   88    0.2812500000000000E-02    0.8600616455078125E-03
   89   -0.1132812500000000E-02    0.9329986572265625E-03
   90    0.7890625000000000E-02    0.9231567382812500E-03
   91   -0.3085937500000000E-02    0.1112594604492188E-02
   92   -0.9765625000000001E-04    0.8204269409179687E-03
   93   -0.2929687500000000E-03    0.9487533569335938E-03
   94    0.5273437500000000E-02    0.1021499633789062E-02
   95    0.2265625000000000E-02    0.9791564941406250E-03
   96    0.6660156250000000E-02    0.1157798767089844E-02
   97   -0.5078125000000000E-03    0.9301757812500000E-03
   98    0.4453125000000000E-02    0.7849884033203125E-03
   99    0.6328125000000000E-02    0.9951019287109376E-03
  100   -0.4296875000000000E-03    0.7016754150390625E-03
