# time =    0.4717
    0    0.1000000000000000E+01    0.1000000000000000E+01
    1    0.2277929687500000E+00    0.5260631561279297E-01
    2    0.5552734375000000E-01    0.4051094055175781E-02
    3    0.1998046875000000E-01    0.1208686828613281E-02
    4    0.9062499999999999E-02    0.1010131835937500E-02
    5    0.2050781250000000E-02    0.9088516235351562E-03
    6   -0.7812500000000000E-04    0.8031463623046875E-03
    7   -0.2988281250000000E-02    0.8971786499023437E-03
    8   -0.1718750000000000E-02    0.8858489990234375E-03
    9    0.1406250000000000E-02    0.9316253662109375E-03
   10   -0.1718750000000000E-02    0.9651947021484375E-03
   11   -0.4687500000000000E-03    0.8625793457031250E-03
   12   -0.2343750000000000E-02    0.9080505371093750E-03
   13    0.3535156250000000E-02    0.1187858581542969E-02
   14    0.1328125000000000E-02    0.8410644531250000E-03
   15   -0.1367187500000000E-03    0.1009559631347656E-02
   16   -0.1972656250000000E-02    0.9120559692382813E-03
   17    0.3320312500000000E-03    0.9434890747070313E-03
   18   -0.3554687500000000E-02    0.8494567871093750E-03
   19   -0.5117187500000000E-02    0.1011276245117188E-02
   20   -0.3359375000000000E-02    0.8804321289062500E-03
   21   -0.5468750000000000E-02    0.8995819091796875E-03
   22   -0.2304687500000000E-02    0.8452606201171875E-03
   23   -0.1328125000000000E-02    0.9846496582031250E-03
   24   -0.1367187500000000E-03    0.8361434936523437E-03
   25   -0.4101562500000000E-03    0.1019477844238281E-02
   26   -0.1484375000000000E-02    0.8047485351562500E-03
   27   -0.2773437500000000E-02    0.8801269531250000E-03
   28    0.2480468750000000E-02    0.1089057922363281E-02
   29    0.2675781250000000E-02    0.1252784729003906E-02
   30    0.3691406250000000E-02    0.8154678344726563E-03
   31   -0.2343750000000000E-02    0.8779907226562500E-03
   32    0.1230468750000000E-02    0.8747482299804688E-03
   33    0.9765625000000001E-04    0.6942367553710938E-03
   34   -0.1191406250000000E-02    0.8205032348632813E-03
   35   -0.1542968750000000E-02    0.7967758178710938E-03
   36   -0.1269531250000000E-02    0.9009170532226562E-03
   37   -0.2929687500000000E-03    0.1016654968261719E-02
   38    0.3125000000000000E-03    0.8759307861328125E-03
   39    0.6386718750000000E-02    0.8445358276367187E-03
   40    0.4472656250000000E-02    0.1030082702636719E-02
   41   -0.4882812500000000E-03    0.8044815063476562E-03
   42   -0.1757812500000000E-02    0.6052398681640625E-03
   43    0.3632812500000000E-02    0.9947967529296874E-03
   44   -0.2929687500000000E-03    0.1133003234863281E-02
   45   -0.8398437500000000E-03    0.9889602661132812E-03
   46   -0.3242187500000000E-02    0.8782958984375000E-03
   47   -0.4335937500000000E-02    0.9918975830078124E-03
   48   -0.3203125000000000E-02    0.9330749511718750E-03
   49    0.1757812500000000E-02    0.8351135253906250E-03
   50    0.1406250000000000E-02    0.8418273925781250E-03
   51    0.2949218750000000E-02    0.1064414978027344E-02
   52    0.3730468750000000E-02    0.9342575073242187E-03
   53    0.1679687500000000E-02    0.8094787597656250E-03
   54    0.2617187500000000E-02    0.9561920166015625E-03
   55    0.4628906250000000E-02    0.8835983276367187E-03
   56    0.2753906250000000E-02    0.9061050415039063E-03
   57    0.4316406250000000E-02    0.9804153442382812E-03
   58    0.2812500000000000E-02    0.1296768188476562E-02
   59    0.3808593750000000E-02    0.1194038391113281E-02
   60    0.6582031250000000E-02    0.1261100769042969E-02
   61    0.6777343750000000E-02    0.1103553771972656E-02
   62    0.9960937500000000E-03    0.1037483215332031E-02
   63    0.2148437500000000E-02    0.8904266357421875E-03
   64   -0.1484375000000000E-02    0.1083450317382812E-02
   65   -0.5996093750000000E-02    0.9704208374023437E-03
   66   -0.9960937500000000E-03    0.1151313781738281E-02
   67    0.1562500000000000E-02    0.9114074707031250E-03
   68    0.4121093750000000E-02    0.7897567749023438E-03
   69   -0.3906250000000000E-03    0.7528686523437501E-03
   70    0.1308593750000000E-02    0.1085929870605469E-02
   71    0.1406250000000000E-02    0.8972930908203125E-03
   72    0.9960937500000000E-03    0.1118965148925781E-02
   73   -0.1894531250000000E-02    0.8717727661132813E-03
   74   -0.1894531250000000E-02    0.1058540344238281E-02
   75   -0.2519531250000000E-02    0.8590316772460937E-03
   76    0.1367187500000000E-03    0.1155738830566406E-02
   77   -0.1816406250000000E-02    0.8322525024414062E-03
   78    0.6308593750000000E-02    0.1108818054199219E-02
   79    0.4628906250000000E-02    0.9085464477539062E-03
   80   -0.1875000000000000E-02    0.8845520019531250E-03
   81    0.3632812500000000E-02    0.1149139404296875E-02
   82    0.1308593750000000E-02    0.1050148010253906E-02
   83   -0.2402343750000000E-02    0.1141395568847656E-02
   84    0.3691406250000000E-02    0.1002235412597656E-02
   85   -0.3476562500000000E-02    0.1127395629882813E-02
   86   -0.4257812500000000E-02    0.7558441162109374E-03
   87   -0.7714843750000000E-02    0.1184959411621094E-02
   88   -0.6738281250000000E-02    0.7731246948242187E-03
   89   -0.3710937500000000E-02    0.1019668579101563E-02
   90    0.1601562500000000E-02    0.8275604248046875E-03
   91   -0.4687500000000000E-03    0.9889221191406250E-03
   92    0.3828125000000000E-02    0.9645080566406250E-03
   93    0.8984375000000000E-03    0.7596588134765624E-03
   94   -0.5000000000000000E-02    0.1164474487304687E-02
   95   -0.1816406250000000E-02    0.8754348754882813E-03
   96    0.1367187500000000E-03    0.1095466613769531E-02
   97    0.2558593750000000E-02    0.1065483093261719E-02
   98   -0.2148437500000000E-02    0.9329986572265625E-03
   99   -0.8398437500000000E-03    0.1037559509277344E-02
  100    0.8242187500000000E-02    0.1019287109375000E-02
