# time =    0.4659
    0    0.1000000000000000E+01    0.1000000000000000E+01
    1    0.2443945312500000E+00    0.6061992645263672E-01
    2    0.6718750000000000E-01    0.5413284301757812E-02
    3    0.1744140625000000E-01    0.1278495788574219E-02
    4    0.2265625000000000E-02    0.8415985107421875E-03
    5    0.5664062500000000E-02    0.8758544921875000E-03
    6    0.9179687499999999E-03    0.9843063354492186E-03
    7    0.3710937500000000E-03    0.9623336791992188E-03
    8    0.1074218750000000E-02    0.7567214965820313E-03
    9    0.8203125000000000E-03    0.7778167724609375E-03
   10    0.1191406250000000E-02    0.1206855773925781E-02
   11    0.1328125000000000E-02    0.1228027343750000E-02
   12   -0.3300781250000000E-02    0.8343887329101562E-03
   13   -0.4511718750000000E-02    0.9458541870117187E-03
   14    0.3222656250000000E-02    0.1127891540527344E-02
   15    0.8984375000000000E-03    0.8930206298828125E-03
   16    0.1816406250000000E-02    0.9543228149414062E-03
   17   -0.1425781250000000E-02    0.1096305847167969E-02
   18    0.1250000000000000E-02    0.1096725463867188E-02
   19    0.7031250000000000E-03    0.1209564208984375E-02
   20   -0.7031250000000000E-03    0.1099853515625000E-02
   21   -0.1601562500000000E-02    0.1084289550781250E-02
   22   -0.3496093750000000E-02    0.8404159545898438E-03
   23   -0.1777343750000000E-02    0.1040306091308594E-02
   24   -0.2460937500000000E-02    0.9457397460937500E-03
   25    0.1835937500000000E-02    0.8594512939453125E-03
   26    0.1035156250000000E-02    0.9804916381835936E-03
   27   -0.9960937500000000E-03    0.1081275939941406E-02
   28   -0.6386718750000000E-02    0.9415054321289063E-03
   29   -0.3105468750000000E-02    0.9236526489257812E-03
   30   -0.6269531250000000E-02    0.9854507446289062E-03
   31   -0.1210937500000000E-02    0.1027679443359375E-02
   32   -0.2558593750000000E-02    0.9581375122070312E-03
   33   -0.5312500000000000E-02    0.1136779785156250E-02
   34    0.2636718750000000E-02    0.7831954956054688E-03
   35   -0.2285156250000000E-02    0.8277511596679688E-03
   36   -0.4726562500000000E-02    0.1005630493164063E-02
   37    0.2343750000000000E-03    0.8307647705078125E-03
   38   -0.5273437500000000E-03    0.9424209594726563E-03
   39   -0.3046875000000000E-02    0.1264343261718750E-02
   40   -0.2089843750000000E-02    0.9212112426757813E-03
   41    0.1757812500000000E-03    0.1240730285644531E-02
   42    0.5332031250000000E-02    0.1017799377441406E-02
   43   -0.7968750000000000E-02    0.9789276123046875E-03
   44    0.4589843750000000E-02    0.7876968383789063E-03
   45   -0.2519531250000000E-02    0.9482955932617188E-03
   46    0.5937500000000000E-02    0.8374023437500000E-03
   47    0.4257812500000000E-02    0.1116790771484375E-02
   48   -0.1328125000000000E-02    0.1174545288085937E-02
   49    0.9765625000000001E-04    0.1015205383300781E-02
   50    0.5468750000000001E-03    0.1075057983398437E-02
   51    0.7421875000000000E-03    0.1006698608398437E-02
   52    0.2246093750000000E-02    0.8575057983398437E-03
   53    0.2265625000000000E-02    0.8013153076171875E-03
   54    0.8203125000000000E-03    0.7990264892578125E-03
   55    0.3554687500000000E-02    0.1297836303710938E-02
   56   -0.5234375000000000E-02    0.1007385253906250E-02
   57   -0.1933593750000000E-02    0.1049079895019531E-02
   58   -0.4101562500000000E-02    0.9117126464843750E-03
   59    0.1367187500000000E-02    0.1109390258789062E-02
   60    0.1660156250000000E-02    0.8057022094726563E-03
   61   -0.2812500000000000E-02    0.9221649169921875E-03
   62   -0.6738281250000000E-02    0.1152153015136719E-02
   63    0.7812500000000000E-03    0.1164474487304687E-02
   64    0.2187500000000000E-02    0.9328460693359375E-03
   65   -0.3574218750000000E-02    0.9414291381835937E-03
   66   -0.1269531250000000E-02    0.8999252319335937E-03
   67    0.2890625000000000E-02    0.9230041503906250E-03
   68    0.3125000000000000E-03    0.7810211181640625E-03
   69    0.7226562500000000E-03    0.9698867797851562E-03
   70    0.2050781250000000E-02    0.1175575256347656E-02
   71   -0.4863281250000000E-02    0.8140182495117187E-03
   72   -0.9179687499999999E-03    0.9199142456054688E-03
   73   -0.1230468750000000E-02    0.1044807434082031E-02
   74    0.9765625000000001E-04    0.1064720153808594E-02
   75   -0.4140625000000000E-02    0.1203002929687500E-02
   76   -0.8554687500000000E-02    0.9468841552734375E-03
   77   -0.6289062500000000E-02    0.7959747314453125E-03
   78   -0.2656250000000000E-02    0.7791137695312500E-03
   79    0.1191406250000000E-02    0.1067771911621094E-02
   80   -0.2832031250000000E-02    0.8342361450195312E-03
   81    0.4882812500000000E-03    0.9639358520507812E-03
   82   -0.7031250000000000E-03    0.1173171997070313E-02
   83    0.1171875000000000E-02    0.8954620361328125E-03
   84   -0.6250000000000000E-03    0.8969879150390624E-03
   85   -0.2929687500000000E-03    0.9615707397460937E-03
   86   -0.1621093750000000E-02    0.1076850891113281E-02
   87   -0.1269531250000000E-02    0.1165122985839844E-02
   88   -0.4687500000000000E-02    0.1349716186523437E-02
   89   -0.2539062500000000E-02    0.1000823974609375E-02
   90    0.3906250000000000E-04    0.9510803222656250E-03
   91    0.1562500000000000E-03    0.1076736450195312E-02
   92    0.3066406250000000E-02    0.1155738830566406E-02
   93   -0.2636718750000000E-02    0.9991073608398438E-03
   94   -0.2871093750000000E-02    0.1097068786621094E-02
   95   -0.1660156250000000E-02    0.9418869018554687E-03
   96    0.5664062500000000E-03    0.8723068237304687E-03
   97    0.7011718750000000E-02    0.9259414672851562E-03
   98   -0.1992187500000000E-02    0.1143569946289062E-02
   99    0.2128906250000000E-02    0.8241653442382813E-03
  100   -0.2265625000000000E-02    0.7715606689453125E-03
