# time =    0.4608
    0    0.1000000000000000E+01    0.1000000000000000E+01
    1    0.2788085937500000E+00    0.7854274749755859E-01
    2    0.9935546875000000E-01    0.1108692169189453E-01
    3    0.4011718750000000E-01    0.2836990356445313E-02
    4    0.1623046875000000E-01    0.1364402770996094E-02
    5    0.5761718750000000E-02    0.7223892211914063E-03
    6    0.5820312500000000E-02    0.7989501953125000E-03
    7   -0.1757812500000000E-03    0.9601211547851562E-03
    8    0.1191406250000000E-02    0.8337783813476562E-03
    9    0.3906250000000000E-03    0.8840179443359375E-03
   10   -0.1875000000000000E-02    0.9049224853515625E-03
   11   -0.2675781250000000E-02    0.9830856323242187E-03
   12   -0.3515625000000000E-02    0.8143615722656250E-03
   13    0.1289062500000000E-02    0.9973907470703124E-03
   14    0.3554687500000000E-02    0.1052398681640625E-02
   15    0.2773437500000000E-02    0.7791137695312500E-03
   16   -0.1308593750000000E-02    0.1020774841308594E-02
   17    0.7207031250000000E-02    0.1017265319824219E-02
   18   -0.3535156250000000E-02    0.8382034301757812E-03
   19   -0.6445312500000000E-03    0.1149559020996094E-02
   20   -0.9960937500000000E-03    0.9587478637695313E-03
   21   -0.4589843750000000E-02    0.7736587524414063E-03
   22   -0.5859375000000000E-02    0.8708953857421875E-03
   23   -0.4218750000000000E-02    0.9216308593750000E-03
   24   -0.2675781250000000E-02    0.8934402465820313E-03
   25    0.1074218750000000E-02    0.9871292114257812E-03
   26   -0.4785156250000000E-02    0.8076858520507812E-03
   27   -0.6503906250000000E-02    0.8559036254882813E-03
   28   -0.2968750000000000E-02    0.9764099121093750E-03
   29   -0.2148437500000000E-03    0.8495712280273438E-03
   30    0.1738281250000000E-02    0.1096534729003906E-02
   31    0.2402343750000000E-02    0.8868026733398437E-03
   32   -0.8984375000000000E-03    0.9042358398437500E-03
   33   -0.1875000000000000E-02    0.1127548217773437E-02
   34    0.1953125000000000E-04    0.9551620483398437E-03
   35    0.6250000000000000E-02    0.9268951416015625E-03
   36   -0.2070312500000000E-02    0.1094055175781250E-02
   37    0.2167968750000000E-02    0.1116905212402344E-02
   38   -0.1660156250000000E-02    0.9939193725585938E-03
   39   -0.3710937500000000E-02    0.8997344970703126E-03
   40    0.7812500000000000E-04    0.1169204711914062E-02
   41    0.7285156250000000E-02    0.8338546752929688E-03
   42    0.3886718750000000E-02    0.9938430786132811E-03
   43    0.4121093750000000E-02    0.8689498901367187E-03
   44    0.4199218750000000E-02    0.9122848510742188E-03
   45   -0.1113281250000000E-02    0.9840011596679687E-03
   46   -0.5136718750000000E-02    0.8199691772460937E-03
   47   -0.9843750000000000E-02    0.9119415283203125E-03
   48   -0.2441406250000000E-02    0.1097526550292969E-02
   49   -0.4453125000000000E-02    0.9419250488281250E-03
   50   -0.7812500000000000E-04    0.8769226074218750E-03
   51   -0.1367187500000000E-02    0.8855438232421874E-03
   52   -0.1835937500000000E-02    0.9379577636718750E-03
   53    0.2734375000000000E-03    0.8339691162109375E-03
   54    0.2910156250000000E-02    0.8900833129882813E-03
   55   -0.7617187500000000E-03    0.6702804565429688E-03
   56    0.3105468750000000E-02    0.1090660095214844E-02
   57   -0.1699218750000000E-02    0.1180229187011719E-02
   58    0.1601562500000000E-02    0.1225204467773438E-02
   59   -0.1855468750000000E-02    0.9535598754882812E-03
   60   -0.1953125000000000E-02    0.1014022827148437E-02
   61   -0.7011718750000000E-02    0.1097145080566406E-02
   62   -0.2871093750000000E-02    0.8220291137695313E-03
   63   -0.3515625000000000E-03    0.8863067626953125E-03
   64   -0.3242187500000000E-02    0.7962799072265625E-03
   65    0.5273437500000000E-03    0.8125686645507812E-03
   66   -0.3164062500000000E-02    0.1218032836914063E-02
   67    0.3085937500000000E-02    0.9437561035156250E-03
   68   -0.4199218750000000E-02    0.1119651794433594E-02
   69    0.3750000000000000E-02    0.1091079711914062E-02
   70    0.3242187500000000E-02    0.9185791015625000E-03
   71    0.1582031250000000E-02    0.1079597473144531E-02
   72   -0.1328125000000000E-02    0.1140594482421875E-02
   73   -0.5917968750000000E-02    0.9202194213867187E-03
   74   -0.3476562500000000E-02    0.8049011230468750E-03
   75    0.2812500000000000E-02    0.7888793945312500E-03
   76   -0.5468750000000001E-03    0.7398223876953125E-03
   77    0.1796875000000000E-02    0.9802246093749999E-03
   78    0.1054687500000000E-02    0.9280395507812500E-03
   79    0.6640625000000000E-03    0.8690643310546875E-03
   80   -0.1425781250000000E-02    0.1107826232910156E-02
   81    0.4882812500000000E-03    0.1219749450683594E-02
   82   -0.2089843750000000E-02    0.1026344299316406E-02
   83    0.5859375000000000E-03    0.1207809448242188E-02
   84    0.2714843750000000E-02    0.8415603637695313E-03
   85   -0.3710937500000000E-02    0.9930419921875000E-03
   86    0.4453125000000000E-02    0.9423065185546875E-03
   87   -0.1875000000000000E-02    0.1073074340820313E-02
   88    0.7890625000000000E-02    0.1236648559570313E-02
   89   -0.2089843750000000E-02    0.9958267211914063E-03
   90    0.1074218750000000E-02    0.1111183166503906E-02
   91    0.5859375000000000E-03    0.9920501708984375E-03
   92   -0.1113281250000000E-02    0.8253860473632813E-03
   93   -0.9765625000000000E-03    0.7105255126953125E-03
   94   -0.1816406250000000E-02    0.1028175354003906E-02
   95    0.3671875000000000E-02    0.8781433105468750E-03
   96    0.7617187500000000E-03    0.8539962768554688E-03
   97    0.4765625000000000E-02    0.1031036376953125E-02
   98    0.2929687500000000E-03    0.1056556701660156E-02
   99    0.4101562500000000E-02    0.7946777343750000E-03
  100   -0.1796875000000000E-02    0.1081924438476563E-02
