# time =    0.4679
    0    0.1000000000000000E+01    0.1000000000000000E+01
    1    0.2202734375000000E+00    0.4938804626464844E-01
    2    0.5308593750000000E-01    0.3556823730468750E-02
    3    0.1726562500000000E-01    0.1519241333007812E-02
    4    0.8808593750000000E-02    0.9930801391601562E-03
    5    0.2617187500000000E-02    0.8789825439453125E-03
    6    0.2148437500000000E-03    0.8676528930664062E-03
    7   -0.4531250000000000E-02    0.8680725097656250E-03
    8    0.2148437500000000E-03    0.8413314819335938E-03
    9    0.3027343750000000E-02    0.7063674926757812E-03
   10    0.8242187500000000E-02    0.1119003295898437E-02
   11   -0.2832031250000000E-02    0.9857559204101563E-03
   12    0.9375000000000000E-03    0.8964538574218750E-03
   13    0.3203125000000000E-02    0.6744384765625000E-03
   14    0.4355468750000000E-02    0.8977127075195313E-03
   15    0.3964843750000000E-02    0.1133308410644531E-02
   16    0.1835937500000000E-02    0.9481811523437500E-03
   17   -0.8046875000000000E-02    0.9937286376953125E-03
   18   -0.3339843750000000E-02    0.1012840270996094E-02
   19    0.3066406250000000E-02    0.1283454895019531E-02
   20   -0.7949218750000001E-02    0.1013755798339844E-02
   21    0.2500000000000000E-02    0.9848022460937501E-03
   22   -0.8203125000000000E-03    0.9729003906250000E-03
   23   -0.1171875000000000E-03    0.1016464233398437E-02
   24    0.2363281250000000E-02    0.9679794311523438E-03
   25    0.1953125000000000E-04    0.1028404235839844E-02
   26    0.4023437500000000E-02    0.9295654296875000E-03
   27    0.2929687500000000E-03    0.1017036437988281E-02
   28   -0.2343750000000000E-02    0.1052169799804687E-02
   29   -0.7812500000000000E-04    0.8359527587890624E-03
   30   -0.5859375000000000E-04    0.7860183715820313E-03
   31   -0.8847656250000000E-02    0.1291923522949219E-02
   32   -0.3300781250000000E-02    0.1275825500488281E-02
   33   -0.1855468750000000E-02    0.1095390319824219E-02
   34    0.3281250000000000E-02    0.7242584228515626E-03
   35   -0.2246093750000000E-02    0.1138954162597656E-02
   36   -0.2031250000000000E-02    0.1008453369140625E-02
   37   -0.1894531250000000E-02    0.1107444763183594E-02
   38   -0.1347656250000000E-02    0.1011238098144531E-02
   39    0.1503906250000000E-02    0.1085624694824219E-02
   40   -0.8007812500000000E-03    0.9268569946289062E-03
   41   -0.1855468750000000E-02    0.9366226196289063E-03
   42   -0.2656250000000000E-02    0.9089660644531250E-03
   43    0.8593750000000000E-03    0.7658386230468750E-03
   44    0.1953125000000000E-02    0.1024932861328125E-02
   45   -0.2871093750000000E-02    0.1132926940917969E-02
   46   -0.4101562500000000E-02    0.1103363037109375E-02
   47   -0.1757812500000000E-02    0.1365127563476563E-02
   48    0.1914062500000000E-02    0.9592437744140625E-03
   49    0.3085937500000000E-02    0.9333801269531250E-03
   50   -0.9375000000000000E-03    0.7729339599609375E-03
   51   -0.4570312500000000E-02    0.8901214599609375E-03
   52    0.1933593750000000E-02    0.9325027465820312E-03
   53    0.1992187500000000E-02    0.8961486816406250E-03
   54   -0.3906250000000000E-04    0.8663177490234375E-03
   55   -0.1816406250000000E-02    0.6962966918945313E-03
   56   -0.4472656250000000E-02    0.1117897033691406E-02
   57    0.1523437500000000E-02    0.8747100830078125E-03
   58   -0.7226562500000000E-03    0.1039543151855469E-02
   59   -0.4589843750000000E-02    0.8965682983398438E-03
   60   -0.4863281250000000E-02    0.7990646362304687E-03
   61    0.1953125000000000E-03    0.1013412475585938E-02
   62   -0.4687500000000000E-02    0.9280395507812500E-03
   63    0.5664062500000000E-03    0.1114616394042969E-02
   64   -0.2656250000000000E-02    0.1178970336914063E-02
   65   -0.3574218750000000E-02    0.1063270568847656E-02
   66   -0.4550781250000000E-02    0.1070442199707031E-02
   67    0.7421875000000000E-03    0.1009216308593750E-02
   68   -0.1328125000000000E-02    0.8892059326171875E-03
   69    0.4101562500000000E-02    0.8819580078125000E-03
   70    0.4101562500000000E-03    0.9341812133789062E-03
   71    0.1562500000000000E-02    0.9736633300781250E-03
   72   -0.1972656250000000E-02    0.8948135375976562E-03
   73    0.1503906250000000E-02    0.1074943542480469E-02
   74   -0.1328125000000000E-02    0.7140350341796875E-03
   75    0.1875000000000000E-02    0.8100891113281251E-03
   76   -0.2343750000000000E-02    0.9500122070312500E-03
   77   -0.1328125000000000E-02    0.9870910644531250E-03
   78    0.7031250000000000E-03    0.9783935546875001E-03
   79    0.2851562500000000E-02    0.9452819824218750E-03
   80    0.1269531250000000E-02    0.1048622131347656E-02
   81    0.1171875000000000E-02    0.1002120971679687E-02
   82    0.1718750000000000E-02    0.1104354858398438E-02
   83   -0.3007812500000000E-02    0.1016769409179688E-02
   84    0.1464843750000000E-02    0.1058235168457031E-02
   85   -0.1503906250000000E-02    0.8261489868164062E-03
   86   -0.2910156250000000E-02    0.1083412170410156E-02
   87    0.5859375000000000E-03    0.8568572998046875E-03
   88    0.4492187500000000E-03    0.7291793823242188E-03
   89   -0.1367187500000000E-03    0.9491348266601563E-03
   90    0.1289062500000000E-02    0.9197235107421875E-03
   91   -0.6464843750000000E-02    0.9915542602539063E-03
   92   -0.1718750000000000E-02    0.1193313598632812E-02
   93   -0.5234375000000000E-02    0.1213607788085937E-02
   94   -0.1757812500000000E-02    0.9826660156250001E-03
   95   -0.1953125000000000E-02    0.9925079345703125E-03
   96    0.4882812500000000E-03    0.1098213195800781E-02
   97    0.4687500000000000E-03    0.1021881103515625E-02
   98    0.4609375000000000E-02    0.7521820068359375E-03
   99    0.4082031250000000E-02    0.9315109252929687E-03
  100    0.5468750000000001E-03    0.1138916015625000E-02
