# time =    0.4391
    0    0.1000000000000000E+01    0.1000000000000000E+01
    1    0.3382617187500000E+00    0.1151606369018555E+00
    2    0.1639843750000000E+00    0.2787963867187500E-01
    3    0.1010742187500000E+00    0.1124942779541016E-01
    4    0.7355468749999999E-01    0.6267013549804687E-02
    5    0.5197265625000000E-01    0.3710517883300781E-02
    6    0.4123046875000000E-01    0.2620353698730469E-02
    7    0.3673828125000000E-01    0.2345924377441406E-02
    8    0.2955078125000000E-01    0.1814308166503906E-02
    9    0.2423828125000000E-01    0.1379356384277344E-02
   10    0.2396484375000000E-01    0.1512794494628906E-02
   11    0.2304687500000000E-01    0.1508331298828125E-02
   12    0.1880859375000000E-01    0.1424598693847656E-02
   13    0.1310546875000000E-01    0.1132316589355469E-02
   14    0.1375000000000000E-01    0.1209716796875000E-02
   15    0.9003906250000001E-02    0.8140182495117187E-03
   16    0.1050781250000000E-01    0.1015548706054688E-02
   17    0.8105468750000001E-02    0.9608840942382812E-03
   18    0.9218750000000000E-02    0.1012191772460937E-02
   19    0.1072265625000000E-01    0.1319694519042969E-02
   20    0.7929687499999999E-02    0.1193618774414062E-02
   21    0.9882812499999999E-02    0.9871673583984374E-03
   22    0.1136718750000000E-01    0.1114959716796875E-02
   23    0.7988281250000000E-02    0.9798049926757813E-03
   24    0.6738281250000000E-02    0.1073341369628906E-02
   25    0.5195312500000000E-02    0.8473968505859374E-03
   26    0.5859375000000000E-02    0.9812164306640626E-03
   27    0.3339843750000000E-02    0.7788467407226562E-03
   28    0.5175781250000000E-02    0.8695602416992187E-03
   29    0.6269531250000000E-02    0.1201362609863281E-02
   30    0.3339843750000000E-02    0.1203346252441406E-02
   31    0.7382812500000000E-02    0.1172485351562500E-02
   32    0.1503906250000000E-02    0.1197395324707031E-02
   33    0.7304687500000000E-02    0.8100128173828125E-03
   34    0.7246093750000000E-02    0.9013748168945312E-03
   35    0.4804687500000000E-02    0.1349411010742188E-02
   36    0.2109375000000000E-02    0.8702087402343750E-03
   37    0.3496093750000000E-02    0.8967971801757813E-03
   38    0.4550781250000000E-02    0.1202278137207031E-02
   39    0.1171875000000000E-02    0.9978485107421874E-03
   40    0.4843750000000000E-02    0.9052276611328125E-03
   41    0.5058593750000000E-02    0.1084861755371094E-02
   42    0.3535156250000000E-02    0.8974838256835938E-03
   43    0.2187500000000000E-02    0.7391357421875000E-03
   44    0.1640625000000000E-02    0.8146667480468750E-03
   45    0.1367187500000000E-03    0.8260726928710938E-03
   46    0.1757812500000000E-02    0.1155700683593750E-02
   47    0.4160156250000000E-02    0.1092643737792969E-02
   48    0.2910156250000000E-02    0.1034507751464844E-02
   49    0.1367187500000000E-02    0.1006927490234375E-02
   50    0.1445312500000000E-02    0.8813476562500000E-03
   51    0.3515625000000000E-02    0.1081848144531250E-02
   52    0.6171875000000000E-02    0.9117889404296875E-03
   53    0.1126953125000000E-01    0.1066093444824219E-02
   54    0.2695312500000000E-02    0.9561157226562499E-03
   55    0.6425781250000000E-02    0.8826828002929687E-03
   56    0.7167968750000000E-02    0.9408187866210937E-03
   57    0.7148437500000000E-02    0.8537292480468750E-03
   58    0.4003906250000000E-02    0.9381484985351563E-03
   59    0.4121093750000000E-02    0.1015739440917969E-02
   60    0.5234375000000000E-02    0.9640502929687500E-03
   61    0.5996093750000000E-02    0.7635116577148438E-03
   62    0.3437500000000000E-02    0.8942413330078125E-03
   63    0.5410156250000000E-02    0.1060142517089844E-02
   64    0.6191406250000000E-02    0.9973526000976562E-03
   65    0.1027343750000000E-01    0.8646392822265625E-03
   66    0.6523437500000000E-02    0.8179473876953125E-03
   67    0.9628906249999999E-02    0.9412765502929688E-03
   68    0.2890625000000000E-02    0.1041336059570313E-02
   69    0.1347656250000000E-02    0.7992935180664063E-03
   70    0.2773437500000000E-02    0.7889556884765625E-03
   71   -0.6445312500000000E-03    0.7673263549804688E-03
   72    0.3789062500000000E-02    0.7922363281250000E-03
   73    0.5058593750000000E-02    0.8296585083007813E-03
   74    0.1250000000000000E-02    0.7654571533203125E-03
   75    0.2460937500000000E-02    0.8150482177734375E-03
   76    0.1601562500000000E-02    0.9654998779296875E-03
   77    0.1230468750000000E-02    0.8241653442382813E-03
   78   -0.1171875000000000E-02    0.8239746093750000E-03
   79    0.8046875000000000E-02    0.1254425048828125E-02
   80    0.7148437500000000E-02    0.8390045166015625E-03
   81    0.3164062500000000E-02    0.9897613525390624E-03
   82    0.6679687500000000E-02    0.1175613403320313E-02
   83    0.1757812500000000E-03    0.9526443481445312E-03
   84    0.1738281250000000E-02    0.1026878356933594E-02
   85    0.3984375000000000E-02    0.8988952636718749E-03
   86    0.4140625000000000E-02    0.9152984619140625E-03
   87    0.5664062500000000E-03    0.8032608032226562E-03
   88    0.2070312500000000E-02    0.9974670410156251E-03
   89    0.6582031250000000E-02    0.9682083129882813E-03
   90    0.7187500000000000E-02    0.1114807128906250E-02
   91    0.1757812500000000E-02    0.8916473388671875E-03
   92    0.3359375000000000E-02    0.8896636962890625E-03
   93    0.9179687499999999E-03    0.8023452758789063E-03
   94    0.2988281250000000E-02    0.8349227905273438E-03
   95   -0.1562500000000000E-03    0.9291076660156250E-03
   96   -0.2500000000000000E-02    0.8287811279296875E-03
   97   -0.2343750000000000E-02    0.9101104736328125E-03
   98   -0.7617187500000000E-03    0.1020011901855469E-02
   99    0.8593750000000000E-03    0.9318542480468750E-03
  100    0.1152343750000000E-02    0.9325790405273437E-03
