# time =    0.4655
    0    0.1000000000000000E+01    0.1000000000000000E+01
    1    0.2193359375000000E+00    0.4900398254394531E-01
    2    0.5148437500000000E-01    0.3446884155273438E-02
    3    0.1191406250000000E-01    0.1104278564453125E-02
    4    0.5820312500000000E-02    0.8580780029296875E-03
    5    0.7167968750000000E-02    0.1088142395019531E-02
    6    0.9589843750000000E-02    0.1173439025878906E-02
    7   -0.3027343750000000E-02    0.1002311706542969E-02
    8   -0.2246093750000000E-02    0.1009864807128906E-02
    9    0.1269531250000000E-02    0.6766891479492187E-03
   10   -0.1074218750000000E-02    0.9452438354492187E-03
   11    0.1054687500000000E-02    0.9871673583984374E-03
   12   -0.1503906250000000E-02    0.1095924377441406E-02
   13   -0.2871093750000000E-02    0.9108352661132813E-03
   14    0.2441406250000000E-02    0.1018257141113281E-02
   15    0.3105468750000000E-02    0.8224868774414063E-03
   16   -0.4316406250000000E-02    0.9479141235351563E-03
   17    0.4121093750000000E-02    0.1011695861816406E-02
   18    0.2167968750000000E-02    0.1155052185058594E-02
   19    0.1796875000000000E-02    0.1107559204101562E-02
   20    0.1132812500000000E-02    0.9755706787109375E-03
   21   -0.4042968750000000E-02    0.8204269409179687E-03
   22   -0.1523437500000000E-02    0.1043472290039063E-02
   23    0.1093750000000000E-02    0.9017944335937500E-03
   24    0.6503906250000000E-02    0.1121406555175781E-02
   25    0.7031250000000000E-03    0.1126708984375000E-02
   26    0.5000000000000000E-02    0.1179199218750000E-02
   27    0.3496093750000000E-02    0.9245681762695313E-03
   28   -0.5468750000000001E-03    0.8496093750000000E-03
   29   -0.7539062500000000E-02    0.8435821533203124E-03
   30   -0.1699218750000000E-02    0.1028404235839844E-02
   31    0.2050781250000000E-02    0.1029090881347656E-02
   32   -0.1074218750000000E-02    0.1312751770019531E-02
   33   -0.3105468750000000E-02    0.9689712524414062E-03
   34   -0.3300781250000000E-02    0.8398056030273438E-03
   35    0.2324218750000000E-02    0.9040451049804688E-03
   36   -0.1503906250000000E-02    0.9179306030273437E-03
   37    0.3359375000000000E-02    0.1193695068359375E-02
   38   -0.3261718750000000E-02    0.1284141540527344E-02
   39    0.1386718750000000E-02    0.1201820373535156E-02
   40   -0.1347656250000000E-02    0.8983230590820313E-03
   41   -0.1406250000000000E-02    0.1030273437500000E-02
   42   -0.3125000000000000E-02    0.9197235107421875E-03
   43   -0.5078125000000000E-03    0.9909820556640624E-03
   44    0.5566406250000000E-02    0.1088752746582031E-02
   45   -0.2656250000000000E-02    0.8705902099609375E-03
   46    0.3515625000000000E-03    0.8569335937499999E-03
   47   -0.8007812500000000E-03    0.8263015747070313E-03
   48   -0.2148437500000000E-03    0.7400894165039062E-03
   49   -0.5898437500000000E-02    0.7910919189453125E-03
   50   -0.2285156250000000E-02    0.9046554565429688E-03
   51   -0.2656250000000000E-02    0.7293701171875000E-03
   52    0.1562500000000000E-03    0.1065673828125000E-02
   53    0.9765625000000001E-04    0.1411628723144531E-02
   54    0.2519531250000000E-02    0.8837509155273437E-03
   55   -0.9375000000000000E-03    0.9481048583984375E-03
   56   -0.4003906250000000E-02    0.6911849975585937E-03
   57   -0.2929687500000000E-02    0.7522583007812500E-03
   58   -0.1757812500000000E-02    0.9996795654296875E-03
   59   -0.5625000000000000E-02    0.9364318847656250E-03
   60    0.2539062500000000E-03    0.8687973022460938E-03
   61    0.1953125000000000E-04    0.1067848205566406E-02
   62    0.2343750000000000E-03    0.1184997558593750E-02
   63   -0.2597656250000000E-02    0.9538650512695313E-03
   64   -0.1660156250000000E-02    0.9243392944335938E-03
   65    0.5605468750000000E-02    0.7105636596679688E-03
   66    0.1757812500000000E-02    0.8526611328125000E-03
   67    0.2148437500000000E-03    0.7372665405273438E-03
   68   -0.3750000000000000E-02    0.9218597412109375E-03
   69   -0.4042968750000000E-02    0.1167564392089844E-02
   70    0.3359375000000000E-02    0.8260345458984375E-03
   71   -0.8984375000000000E-03    0.8203887939453125E-03
   72    0.3027343750000000E-02    0.1120491027832031E-02
   73   -0.5664062500000000E-03    0.8501052856445312E-03
   74   -0.3945312500000000E-02    0.8733367919921875E-03
   75    0.3125000000000000E-02    0.9042358398437500E-03
   76    0.1953125000000000E-04    0.9582901000976563E-03
   77   -0.5214843750000000E-02    0.1079597473144531E-02
   78   -0.4492187500000000E-03    0.1040611267089844E-02
   79   -0.9179687499999999E-03    0.8292007446289063E-03
   80   -0.5683593750000000E-02    0.7673263549804688E-03
   81   -0.2890625000000000E-02    0.8720397949218750E-03
   82   -0.1445312500000000E-02    0.1013412475585938E-02
   83   -0.2285156250000000E-02    0.8663558959960938E-03
   84   -0.3515625000000000E-03    0.9855651855468751E-03
   85    0.8066406250000000E-02    0.9198379516601562E-03
   86    0.1953125000000000E-02    0.1188812255859375E-02
   87    0.2070312500000000E-02    0.8638763427734375E-03
   88   -0.1484375000000000E-02    0.7542419433593750E-03
   89   -0.3710937500000000E-03    0.1193809509277344E-02
   90    0.8300781250000000E-02    0.9744644165039062E-03
   91   -0.3105468750000000E-02    0.1102790832519531E-02
   92    0.1132812500000000E-02    0.9622192382812500E-03
   93    0.7871093750000000E-02    0.9442520141601563E-03
   94    0.2929687500000000E-02    0.9024047851562500E-03
   95    0.8398437500000000E-03    0.7899856567382813E-03
   96    0.5292968750000000E-02    0.9598159790039063E-03
   97    0.3632812500000000E-02    0.9402465820312500E-03
   98   -0.4882812500000000E-03    0.9763717651367187E-03
   99   -0.4804687500000000E-02    0.1054763793945312E-02
  100   -0.2207031250000000E-02    0.1013221740722656E-02
