# time =    0.4750
    0    0.1000000000000000E+01    0.1000000000000000E+01
    1    0.2082617187500000E+00    0.4418910980224609E-01
    2    0.4447265625000000E-01    0.2978553771972656E-02
    3    0.1138671875000000E-01    0.1029396057128906E-02
    4    0.1191406250000000E-02    0.7762527465820313E-03
    5    0.1171875000000000E-03    0.1369094848632812E-02
    6    0.5859375000000000E-03    0.1366882324218750E-02
    7    0.6054687500000000E-03    0.9292984008789063E-03
    8   -0.3320312500000000E-03    0.1028938293457031E-02
    9    0.1367187500000000E-02    0.8570861816406250E-03
   10    0.3046875000000000E-02    0.8013153076171875E-03
   11   -0.3710937500000000E-03    0.8684158325195313E-03
   12    0.2988281250000000E-02    0.1201972961425781E-02
   13    0.1328125000000000E-02    0.8016204833984374E-03
   14   -0.2363281250000000E-02    0.9009933471679687E-03
   15    0.5253906250000000E-02    0.1155509948730469E-02
   16   -0.4296875000000000E-03    0.1007843017578125E-02
   17   -0.7617187500000000E-03    0.1217231750488281E-02
   18    0.2675781250000000E-02    0.9962844848632813E-03
   19    0.2148437500000000E-03    0.8732986450195313E-03
   20   -0.1386718750000000E-02    0.8866500854492188E-03
   21   -0.2675781250000000E-02    0.1008872985839844E-02
   22   -0.1289062500000000E-02    0.1081542968750000E-02
   23   -0.3984375000000000E-02    0.1180953979492187E-02
   24   -0.6308593750000000E-02    0.9989547729492188E-03
   25    0.4531250000000000E-02    0.9371948242187500E-03
   26    0.2675781250000000E-02    0.8136367797851562E-03
   27   -0.7089843750000000E-02    0.1119117736816406E-02
   28   -0.4980468750000000E-02    0.9999465942382812E-03
   29   -0.2656250000000000E-02    0.6543731689453125E-03
   30    0.3710937500000000E-03    0.9124374389648437E-03
   31   -0.1640625000000000E-02    0.8396148681640625E-03
   32    0.2343750000000000E-02    0.1103363037109375E-02
   33    0.1699218750000000E-02    0.9989547729492188E-03
   34    0.2988281250000000E-02    0.9350204467773438E-03
   35   -0.1269531250000000E-02    0.8105087280273437E-03
   36   -0.2656250000000000E-02    0.8969116210937500E-03
   37   -0.5058593750000000E-02    0.1116981506347656E-02
   38   -0.7441406250000000E-02    0.8578872680664062E-03
   39   -0.6445312500000000E-03    0.1055564880371094E-02
   40   -0.1796875000000000E-02    0.9674835205078125E-03
   41   -0.1250000000000000E-02    0.7733917236328125E-03
   42    0.1250000000000000E-02    0.9260559082031250E-03
   43    0.3320312500000000E-03    0.8609390258789062E-03
   44    0.5507812500000000E-02    0.8799743652343750E-03
   45    0.1171875000000000E-03    0.1187973022460938E-02
   46    0.5859375000000000E-04    0.1032829284667969E-02
   47    0.4277343750000000E-02    0.1052513122558594E-02
   48   -0.4355468750000000E-02    0.1062583923339844E-02
   49   -0.1054687500000000E-02    0.1122131347656250E-02
   50   -0.5078125000000000E-02    0.9414672851562500E-03
   51    0.1757812500000000E-03    0.1176567077636719E-02
   52   -0.3710937500000000E-02    0.9654235839843750E-03
   53    0.9765625000000000E-03    0.1203536987304688E-02
   54    0.3867187500000000E-02    0.1028823852539062E-02
   55    0.9375000000000000E-03    0.7813262939453125E-03
   56   -0.2578125000000000E-02    0.9212493896484375E-03
   57   -0.6328125000000000E-02    0.1181640625000000E-02
   58   -0.1503906250000000E-02    0.9348678588867187E-03
   59    0.7812500000000000E-03    0.9803009033203126E-03
   60   -0.3457031250000000E-02    0.8505630493164062E-03
   61    0.5800781250000000E-02    0.1113853454589844E-02
   62    0.2031250000000000E-02    0.9164428710937500E-03
   63    0.3417968750000000E-02    0.9398269653320313E-03
   64   -0.1816406250000000E-02    0.9148025512695313E-03
   65   -0.5546875000000000E-02    0.9300231933593750E-03
   66    0.1132812500000000E-02    0.1262283325195312E-02
   67    0.3398437500000000E-02    0.9097290039062500E-03
   68    0.3515625000000000E-02    0.8148956298828125E-03
   69    0.1875000000000000E-02    0.1084518432617188E-02
   70   -0.4101562500000000E-03    0.1003303527832031E-02
   71   -0.6250000000000000E-03    0.9745788574218750E-03
   72   -0.2011718750000000E-02    0.1177635192871094E-02
   73    0.1933593750000000E-02    0.9593582153320313E-03
   74   -0.1230468750000000E-02    0.9817123413085938E-03
   75   -0.2949218750000000E-02    0.9811019897460937E-03
   76    0.2324218750000000E-02    0.7575607299804688E-03
   77    0.5546875000000000E-02    0.9622955322265625E-03
   78   -0.3398437500000000E-02    0.9178924560546875E-03
   79   -0.4140625000000000E-02    0.1147460937500000E-02
   80   -0.3320312500000000E-03    0.7210159301757812E-03
   81    0.8398437500000000E-03    0.8320236206054688E-03
   82   -0.1660156250000000E-02    0.1145439147949219E-02
   83   -0.7792968750000000E-02    0.9069442749023438E-03
   84   -0.1406250000000000E-02    0.1117324829101562E-02
   85   -0.2910156250000000E-02    0.1228752136230469E-02
   86    0.1835937500000000E-02    0.1158599853515625E-02
   87    0.3964843750000000E-02    0.1220588684082031E-02
   88   -0.4296875000000000E-03    0.1112747192382812E-02
   89   -0.1503906250000000E-02    0.9312057495117188E-03
   90    0.2070312500000000E-02    0.7368469238281250E-03
   91   -0.2382812500000000E-02    0.8049774169921875E-03
   92   -0.1054687500000000E-02    0.1047973632812500E-02
   93    0.3554687500000000E-02    0.9892272949218750E-03
   94    0.4375000000000000E-02    0.8834838867187500E-03
   95   -0.1738281250000000E-02    0.8711624145507813E-03
   96   -0.3203125000000000E-02    0.8635711669921875E-03
   97   -0.1015625000000000E-02    0.1036911010742187E-02
   98    0.1328125000000000E-02    0.7949066162109375E-03
   99   -0.1757812500000000E-03    0.1025505065917969E-02
  100    0.1738281250000000E-02    0.1096992492675781E-02
