# time =    0.4532
    0    0.1000000000000000E+01    0.1000000000000000E+01
    1    0.1789257812500000E+00    0.3265972137451172E-01
    2    0.3558593750000000E-01    0.2366790771484375E-02
    3    0.2031250000000000E-02    0.9314727783203125E-03
    4    0.1562500000000000E-02    0.8690643310546875E-03
    5   -0.5468750000000001E-03    0.9642028808593750E-03
    6    0.4472656250000000E-02    0.1098289489746094E-02
    7    0.4765625000000000E-02    0.7965087890625000E-03
    8   -0.3007812500000000E-02    0.7774353027343750E-03
    9    0.5097656250000000E-02    0.1055488586425781E-02
   10    0.1679687500000000E-02    0.1148071289062500E-02
   11    0.6093750000000000E-02    0.8773040771484375E-03
   12   -0.1406250000000000E-02    0.9912872314453126E-03
   13    0.1953125000000000E-02    0.1150283813476563E-02
   14    0.3085937500000000E-02    0.1164627075195313E-02
   15    0.2343750000000000E-03    0.9160614013671874E-03
   16   -0.4882812500000000E-03    0.9479141235351563E-03
   17    0.7812500000000000E-04    0.8527374267578125E-03
   18    0.1328125000000000E-02    0.8501434326171876E-03
   19   -0.3300781250000000E-02    0.8435440063476562E-03
   20    0.5332031250000000E-02    0.1243247985839844E-02
   21   -0.1953125000000000E-03    0.8390808105468750E-03
   22   -0.8183593750000001E-02    0.1177864074707031E-02
   23   -0.1035156250000000E-02    0.8394241333007813E-03
   24    0.5234375000000000E-02    0.1055221557617188E-02
   25    0.1972656250000000E-02    0.1112709045410156E-02
   26    0.2656250000000000E-02    0.1050491333007812E-02
   27   -0.1152343750000000E-02    0.1035041809082031E-02
   28    0.4687500000000000E-03    0.9116363525390625E-03
   29   -0.1250000000000000E-02    0.1031341552734375E-02
   30    0.4882812500000000E-02    0.1039962768554688E-02
   31   -0.4687500000000000E-03    0.7925415039062500E-03
   32   -0.1953125000000000E-04    0.8641433715820313E-03
   33    0.1601562500000000E-02    0.9547424316406250E-03
   34   -0.4765625000000000E-02    0.1126632690429687E-02
   35   -0.3906250000000000E-02    0.1284255981445313E-02
   36    0.3847656250000000E-02    0.9433364868164062E-03
   37   -0.2480468750000000E-02    0.9536361694335938E-03
   38    0.1074218750000000E-02    0.8741378784179688E-03
   39   -0.9570312500000000E-03    0.9486770629882812E-03
   40   -0.5898437500000000E-02    0.7752227783203125E-03
   41    0.2714843750000000E-02    0.9396743774414063E-03
   42    0.4531250000000000E-02    0.1225891113281250E-02
   43   -0.3398437500000000E-02    0.1159057617187500E-02
   44    0.2226562500000000E-02    0.7669830322265625E-03
   45   -0.4160156250000000E-02    0.9403610229492187E-03
   46   -0.2226562500000000E-02    0.1188812255859375E-02
   47   -0.3144531250000000E-02    0.1033134460449219E-02
   48   -0.3203125000000000E-02    0.7736206054687500E-03
   49    0.1835937500000000E-02    0.9883880615234376E-03
   50    0.3886718750000000E-02    0.9083938598632812E-03
   51    0.6484375000000000E-02    0.1018371582031250E-02
   52   -0.2578125000000000E-02    0.9081268310546875E-03
   53   -0.3183593750000000E-02    0.8133316040039063E-03
   54   -0.1835937500000000E-02    0.1098403930664062E-02
   55   -0.4492187500000000E-03    0.8787918090820313E-03
   56    0.5019531250000000E-02    0.1170463562011719E-02
   57    0.2851562500000000E-02    0.8271026611328125E-03
   58    0.5078125000000000E-03    0.1057662963867187E-02
   59   -0.2812500000000000E-02    0.1066741943359375E-02
   60   -0.2851562500000000E-02    0.1198577880859375E-02
   61    0.3164062500000000E-02    0.9633636474609375E-03
   62    0.4824218750000000E-02    0.1024284362792969E-02
   63    0.2343750000000000E-02    0.9005737304687500E-03
   64   -0.4101562500000000E-03    0.9035110473632812E-03
   65   -0.3183593750000000E-02    0.9521865844726563E-03
   66    0.2968750000000000E-02    0.9521484375000000E-03
   67    0.2343750000000000E-03    0.1144180297851562E-02
   68    0.2539062500000000E-03    0.1007575988769531E-02
   69   -0.2734375000000000E-02    0.1127014160156250E-02
   70   -0.3632812500000000E-02    0.1018066406250000E-02
   71   -0.3125000000000000E-03    0.9261322021484375E-03
   72   -0.2167968750000000E-02    0.9062576293945312E-03
   73    0.6308593750000000E-02    0.9801864624023437E-03
   74    0.4042968750000000E-02    0.1121482849121094E-02
   75   -0.4824218750000000E-02    0.1014442443847656E-02
   76   -0.9375000000000000E-03    0.9650421142578125E-03
   77   -0.4101562500000000E-02    0.1087036132812500E-02
   78   -0.4375000000000000E-02    0.1059570312500000E-02
   79    0.3710937500000000E-02    0.9590148925781250E-03
   80   -0.1425781250000000E-02    0.1128120422363281E-02
   81    0.4062500000000000E-02    0.1053161621093750E-02
   82    0.5859375000000000E-02    0.1121139526367187E-02
   83    0.5859375000000000E-03    0.8464050292968750E-03
   84   -0.3906250000000000E-03    0.8367156982421875E-03
   85   -0.3300781250000000E-02    0.1014823913574219E-02
   86    0.1757812500000000E-02    0.8255767822265625E-03
   87   -0.2187500000000000E-02    0.1148376464843750E-02
   88   -0.1914062500000000E-02    0.1365814208984375E-02
   89   -0.8164062499999999E-02    0.1221542358398438E-02
   90   -0.7421875000000000E-03    0.8581542968750000E-03
   91   -0.1621093750000000E-02    0.9297561645507812E-03
   92   -0.2050781250000000E-02    0.7992172241210937E-03
   93   -0.2050781250000000E-02    0.1219596862792969E-02
   94   -0.1269531250000000E-02    0.1033287048339844E-02
   95   -0.4121093750000000E-02    0.8945846557617187E-03
   96   -0.4863281250000000E-02    0.7578659057617187E-03
   97   -0.2539062500000000E-03    0.8150863647460937E-03
   98   -0.3476562500000000E-02    0.9072875976562500E-03
   99   -0.5625000000000000E-02    0.8158111572265626E-03
  100    0.1250000000000000E-02    0.9339904785156250E-03
