# time =    0.4736
    0    0.1000000000000000E+01    0.1000000000000000E+01
    1    0.2540625000000000E+00    0.6542007446289062E-01
    2    0.8828125000000001E-01    0.8695220947265625E-02
    3    0.3654296875000000E-01    0.2174873352050781E-02
    4    0.1806640625000000E-01    0.1447257995605469E-02
    5    0.9980468750000001E-02    0.1138801574707031E-02
    6    0.2460937500000000E-02    0.9693908691406250E-03
    7   -0.2167968750000000E-02    0.8391189575195312E-03
    8    0.4667968750000000E-02    0.1186866760253906E-02
    9    0.2363281250000000E-02    0.1086845397949219E-02
   10    0.2539062500000000E-02    0.1212997436523438E-02
   11    0.1562500000000000E-03    0.9817504882812501E-03
   12    0.2187500000000000E-02    0.1134948730468750E-02
   13   -0.2460937500000000E-02    0.9587097167968750E-03
   14    0.2773437500000000E-02    0.1130218505859375E-02
   15    0.2695312500000000E-02    0.1055908203125000E-02
   16    0.5566406250000000E-02    0.9768295288085937E-03
   17   -0.1054687500000000E-02    0.7948303222656251E-03
   18    0.3105468750000000E-02    0.1011390686035156E-02
   19    0.5410156250000000E-02    0.1195564270019531E-02
   20    0.4882812500000000E-02    0.8302307128906249E-03
   21    0.7617187500000000E-03    0.9914779663085938E-03
   22    0.3769531250000000E-02    0.1175041198730469E-02
   23   -0.1406250000000000E-02    0.9163665771484375E-03
   24   -0.4687500000000000E-02    0.9119415283203125E-03
   25   -0.6914062500000000E-02    0.9156799316406250E-03
   26    0.3046875000000000E-02    0.8565521240234375E-03
   27    0.4121093750000000E-02    0.9267044067382813E-03
   28    0.2968750000000000E-02    0.9502410888671875E-03
   29   -0.2832031250000000E-02    0.9006881713867188E-03
   30   -0.6093750000000000E-02    0.9349060058593750E-03
   31    0.1289062500000000E-02    0.9490966796875000E-03
   32   -0.2539062500000000E-03    0.1009025573730469E-02
   33   -0.1171875000000000E-03    0.8863830566406251E-03
   34    0.2402343750000000E-02    0.1004219055175781E-02
   35    0.1718750000000000E-02    0.1024398803710938E-02
   36   -0.8398437500000000E-03    0.8875656127929687E-03
   37   -0.8007812500000000E-03    0.1048469543457031E-02
   38   -0.2578125000000000E-02    0.8651733398437500E-03
   39    0.1679687500000000E-02    0.8290100097656250E-03
   40   -0.7421875000000000E-03    0.9762573242187500E-03
   41   -0.4589843750000000E-02    0.1240959167480469E-02
   42   -0.2089843750000000E-02    0.9766006469726562E-03
   43    0.1562500000000000E-02    0.1017837524414062E-02
   44   -0.7812500000000000E-04    0.1106109619140625E-02
   45   -0.4492187500000000E-03    0.1230354309082031E-02
   46    0.2343750000000000E-03    0.9304809570312500E-03
   47    0.2792968750000000E-02    0.1073875427246094E-02
   48    0.5429687500000000E-02    0.8575439453125000E-03
   49    0.5839843750000000E-02    0.1280784606933594E-02
   50    0.3085937500000000E-02    0.1005020141601562E-02
   51   -0.2792968750000000E-02    0.8469009399414062E-03
   52    0.4609375000000000E-02    0.8657073974609375E-03
   53    0.4589843750000000E-02    0.9198379516601562E-03
   54    0.2988281250000000E-02    0.1025886535644531E-02
   55    0.4707031250000000E-02    0.9836959838867188E-03
   56    0.7929687499999999E-02    0.9508514404296875E-03
   57    0.1679687500000000E-02    0.9010314941406250E-03
   58    0.1386718750000000E-02    0.1023216247558594E-02
   59   -0.1406250000000000E-02    0.8140563964843750E-03
   60   -0.7558593750000000E-02    0.9703445434570313E-03
   61   -0.2070312500000000E-02    0.9107971191406250E-03
   62    0.6054687500000000E-03    0.8320236206054688E-03
   63    0.1386718750000000E-02    0.1001853942871094E-02
   64    0.1582031250000000E-02    0.9289169311523437E-03
   65   -0.5078125000000000E-03    0.8020782470703125E-03
   66    0.4804687500000000E-02    0.1029968261718750E-02
   67   -0.2089843750000000E-02    0.7870101928710938E-03
   68   -0.2949218750000000E-02    0.1130943298339844E-02
   69   -0.3671875000000000E-02    0.9604644775390625E-03
   70    0.1054687500000000E-02    0.8444976806640625E-03
   71   -0.6445312500000000E-03    0.9308242797851562E-03
   72   -0.2812500000000000E-02    0.9478759765625000E-03
   73   -0.7734375000000000E-02    0.1002655029296875E-02
   74   -0.4355468750000000E-02    0.1256294250488281E-02
   75   -0.2519531250000000E-02    0.9823226928710937E-03
   76   -0.3261718750000000E-02    0.8264541625976563E-03
   77   -0.5957031250000000E-02    0.1002998352050781E-02
   78   -0.5468750000000000E-02    0.8222961425781250E-03
   79    0.2500000000000000E-02    0.9481048583984375E-03
   80   -0.1015625000000000E-02    0.1017761230468750E-02
   81    0.3750000000000000E-02    0.1008377075195312E-02
   82    0.6699218750000000E-02    0.9160232543945312E-03
   83    0.5390625000000000E-02    0.1018600463867187E-02
   84   -0.9960937500000000E-03    0.8304214477539062E-03
   85   -0.5078125000000000E-03    0.6977844238281250E-03
   86   -0.3593750000000000E-02    0.1059417724609375E-02
   87   -0.1503906250000000E-02    0.1078987121582031E-02
   88    0.3515625000000000E-03    0.9387207031250000E-03
   89    0.1386718750000000E-02    0.9266281127929687E-03
   90    0.9765625000000001E-04    0.9727096557617188E-03
   91   -0.1679687500000000E-02    0.1031494140625000E-02
   92    0.3886718750000000E-02    0.1255531311035156E-02
   93   -0.5000000000000000E-02    0.9273529052734375E-03
   94   -0.2441406250000000E-02    0.9926986694335938E-03
   95    0.2109375000000000E-02    0.9278106689453125E-03
   96   -0.5273437500000000E-03    0.1106605529785156E-02
   97   -0.5468750000000001E-03    0.8488464355468750E-03
   98    0.9960937500000000E-03    0.1090965270996094E-02
   99   -0.3886718750000000E-02    0.9534835815429687E-03
  100   -0.4550781250000000E-02    0.8671951293945313E-03
