# time =    0.4727
    0    0.1000000000000000E+01    0.1000000000000000E+01
    1    0.2191406250000000E+00    0.4897438049316406E-01
    2    0.5455078125000000E-01    0.4071159362792969E-02
    3    0.1542968750000000E-01    0.1548614501953125E-02
    4    0.5175781250000000E-02    0.1081886291503906E-02
    5    0.1191406250000000E-02    0.1060523986816406E-02
    6    0.5273437500000000E-03    0.9337997436523437E-03
    7   -0.4296875000000000E-02    0.9894561767578125E-03
    8   -0.1035156250000000E-02    0.7046890258789062E-03
    9   -0.1289062500000000E-02    0.8751678466796875E-03
   10    0.1972656250000000E-02    0.7797622680664062E-03
   11    0.1347656250000000E-02    0.9016036987304687E-03
   12   -0.1171875000000000E-03    0.1050491333007812E-02
   13    0.2109375000000000E-02    0.1148071289062500E-02
   14    0.1582031250000000E-02    0.1033134460449219E-02
   15   -0.1015625000000000E-02    0.1139221191406250E-02
   16    0.2949218750000000E-02    0.1028022766113281E-02
   17   -0.3925781250000000E-02    0.1033668518066406E-02
   18   -0.2207031250000000E-02    0.8468246459960938E-03
   19   -0.2792968750000000E-02    0.8672714233398437E-03
   20    0.5644531250000000E-02    0.8740615844726562E-03
   21    0.6074218750000000E-02    0.8975601196289062E-03
   22    0.5781250000000000E-02    0.1000137329101563E-02
   23    0.1328125000000000E-02    0.9371948242187500E-03
   24   -0.1269531250000000E-02    0.9251022338867187E-03
   25   -0.2226562500000000E-02    0.7381439208984375E-03
   26   -0.2480468750000000E-02    0.8345413208007813E-03
   27   -0.4687500000000000E-03    0.7008361816406250E-03
   28    0.1367187500000000E-02    0.7736968994140625E-03
   29    0.1542968750000000E-02    0.9308242797851562E-03
   30   -0.3105468750000000E-02    0.1009941101074219E-02
   31    0.5878906250000000E-02    0.9632492065429687E-03
   32   -0.2148437500000000E-02    0.8617401123046875E-03
   33   -0.5722656250000000E-02    0.8896255493164063E-03
   34    0.1074218750000000E-02    0.9981918334960938E-03
   35    0.4492187500000000E-03    0.9645462036132812E-03
   36    0.1152343750000000E-02    0.7326126098632813E-03
   37    0.1250000000000000E-02    0.6810760498046875E-03
   38    0.8593750000000000E-03    0.9859466552734374E-03
   39   -0.2011718750000000E-02    0.9306716918945312E-03
   40    0.4746093750000000E-02    0.1059150695800781E-02
   41    0.7031250000000000E-03    0.7147979736328125E-03
   42   -0.1093750000000000E-02    0.8489990234375000E-03
   43    0.4921875000000000E-02    0.8989715576171875E-03
   44    0.7617187500000000E-03    0.1007194519042969E-02
   45    0.1074218750000000E-02    0.9013748168945312E-03
   46    0.3125000000000000E-03    0.8402252197265625E-03
   47    0.4804687500000000E-02    0.9020233154296875E-03
   48    0.3046875000000000E-02    0.1256027221679687E-02
   49    0.4355468750000000E-02    0.1152534484863281E-02
   50   -0.6757812500000000E-02    0.7276916503906250E-03
   51   -0.5800781250000000E-02    0.9559249877929688E-03
   52   -0.4882812500000000E-03    0.1123085021972656E-02
   53    0.1562500000000000E-02    0.8100128173828125E-03
   54    0.4960937500000000E-02    0.9733581542968750E-03
   55    0.1953125000000000E-03    0.1041412353515625E-02
   56    0.3515625000000000E-02    0.7144165039062500E-03
   57    0.3046875000000000E-02    0.8941650390625000E-03
   58    0.3125000000000000E-02    0.8019256591796875E-03
   59    0.3281250000000000E-02    0.1047439575195312E-02
   60   -0.4687500000000000E-03    0.8829498291015625E-03
   61   -0.4316406250000000E-02    0.9679794311523438E-03
   62   -0.3320312500000000E-03    0.1133842468261719E-02
   63    0.2148437500000000E-02    0.6922149658203125E-03
   64    0.2382812500000000E-02    0.1118545532226563E-02
   65   -0.4003906250000000E-02    0.1017875671386719E-02
   66    0.1835937500000000E-02    0.9198760986328124E-03
   67   -0.3222656250000000E-02    0.7593917846679687E-03
   68    0.3417968750000000E-02    0.9334945678710938E-03
   69    0.1113281250000000E-02    0.9347915649414063E-03
   70   -0.2519531250000000E-02    0.7992172241210937E-03
   71    0.4179687500000000E-02    0.1053619384765625E-02
   72    0.7421875000000000E-03    0.9577941894531250E-03
   73   -0.2539062500000000E-02    0.9603881835937500E-03
   74   -0.2207031250000000E-02    0.9682083129882813E-03
   75   -0.1640625000000000E-02    0.1034698486328125E-02
   76   -0.8984375000000000E-03    0.9210968017578125E-03
   77   -0.5371093750000000E-02    0.1041679382324219E-02
   78   -0.5175781250000000E-02    0.7919692993164063E-03
   79    0.2792968750000000E-02    0.8782577514648437E-03
   80   -0.2734375000000000E-02    0.8090209960937500E-03
   81   -0.1660156250000000E-02    0.8588027954101562E-03
   82   -0.3027343750000000E-02    0.8469772338867188E-03
   83    0.1308593750000000E-02    0.1062126159667969E-02
   84   -0.5859375000000000E-04    0.9931564331054688E-03
   85    0.2011718750000000E-02    0.1005439758300781E-02
   86    0.5468750000000001E-03    0.9132385253906250E-03
   87    0.5468750000000001E-03    0.9716796875000000E-03
   88   -0.3066406250000000E-02    0.8752059936523438E-03
   89   -0.5781250000000000E-02    0.9486389160156250E-03
   90    0.8593750000000000E-03    0.1120834350585937E-02
   91    0.1386718750000000E-02    0.9185409545898437E-03
   92    0.1562500000000000E-03    0.1072082519531250E-02
   93    0.2011718750000000E-02    0.8676528930664062E-03
   94    0.3203125000000000E-02    0.8868408203125000E-03
   95   -0.2109375000000000E-02    0.1021270751953125E-02
   96   -0.3203125000000000E-02    0.7820892333984375E-03
   97    0.4042968750000000E-02    0.9770584106445312E-03
   98    0.6250000000000000E-02    0.9941864013671875E-03
   99   -0.4628906250000000E-02    0.1039390563964844E-02
  100   -0.2519531250000000E-02    0.9613418579101562E-03
