# time =    0.4622
    0    0.1000000000000000E+01    0.1000000000000000E+01
    1    0.2065625000000000E+00    0.4350143432617187E-01
    2    0.4509765625000000E-01    0.3288612365722656E-02
    3    0.1046875000000000E-01    0.1105117797851562E-02
    4    0.1542968750000000E-02    0.1143226623535156E-02
    5   -0.2871093750000000E-02    0.1063804626464844E-02
    6   -0.1269531250000000E-02    0.9558486938476562E-03
    7    0.1660156250000000E-02    0.8297348022460937E-03
    8    0.3789062500000000E-02    0.1000976562500000E-02
    9    0.6250000000000000E-03    0.9365844726562500E-03
   10    0.4941406250000000E-02    0.8997726440429688E-03
   11    0.4648437500000000E-02    0.1046066284179688E-02
   12    0.1894531250000000E-02    0.8390426635742187E-03
   13    0.1406250000000000E-02    0.9537506103515625E-03
   14   -0.4062500000000000E-02    0.1163482666015625E-02
   15   -0.1230468750000000E-02    0.8438491821289063E-03
   16    0.1542968750000000E-02    0.7629776000976562E-03
   17    0.3125000000000000E-03    0.8686828613281250E-03
   18   -0.2558593750000000E-02    0.1162910461425781E-02
   19    0.6503906250000000E-02    0.9624862670898438E-03
   20    0.1113281250000000E-02    0.9988784790039063E-03
   21    0.3496093750000000E-02    0.7907485961914062E-03
   22    0.6074218750000000E-02    0.1101722717285156E-02
   23    0.3769531250000000E-02    0.1000785827636719E-02
   24   -0.2128906250000000E-02    0.9088516235351562E-03
   25   -0.5234375000000000E-02    0.1128158569335938E-02
   26   -0.6347656250000000E-02    0.9575271606445312E-03
   27   -0.3261718750000000E-02    0.8687973022460938E-03
   28    0.2070312500000000E-02    0.9227752685546875E-03
   29   -0.1679687500000000E-02    0.9297180175781250E-03
   30    0.1582031250000000E-02    0.9954452514648437E-03
   31   -0.2167968750000000E-02    0.1255378723144531E-02
   32    0.6445312500000000E-03    0.9362411499023438E-03
   33    0.1679687500000000E-02    0.8757781982421875E-03
   34   -0.2578125000000000E-02    0.7919311523437500E-03
   35    0.3710937500000000E-03    0.1057167053222656E-02
   36   -0.5625000000000000E-02    0.1134033203125000E-02
   37   -0.3066406250000000E-02    0.9154891967773438E-03
   38   -0.1015625000000000E-02    0.8396911621093750E-03
   39   -0.2519531250000000E-02    0.1039924621582031E-02
   40   -0.1054687500000000E-02    0.8964538574218750E-03
   41   -0.1230468750000000E-02    0.9687423706054687E-03
   42    0.2460937500000000E-02    0.1231918334960937E-02
   43    0.1757812500000000E-03    0.9275436401367188E-03
   44    0.1230468750000000E-02    0.9072494506835938E-03
   45    0.6699218750000000E-02    0.9698104858398437E-03
   46    0.1425781250000000E-02    0.1014976501464844E-02
   47    0.2421875000000000E-02    0.7971954345703125E-03
   48    0.3710937500000000E-02    0.8457946777343750E-03
   49    0.9570312500000000E-03    0.1205101013183594E-02
   50    0.5273437500000000E-03    0.1192817687988281E-02
   51   -0.1835937500000000E-02    0.9416198730468750E-03
   52   -0.8378906250000000E-02    0.1129722595214844E-02
   53    0.6250000000000000E-03    0.1046371459960938E-02
   54    0.2109375000000000E-02    0.1117172241210938E-02
   55   -0.4062500000000000E-02    0.1244277954101563E-02
   56   -0.5078125000000000E-03    0.1471252441406250E-02
   57   -0.3320312500000000E-03    0.1105308532714844E-02
   58   -0.5078125000000000E-03    0.9906768798828125E-03
   59    0.3242187500000000E-02    0.7850646972656250E-03
   60    0.1308593750000000E-02    0.9678268432617188E-03
   61    0.1328125000000000E-02    0.9909057617187500E-03
   62   -0.4492187500000000E-03    0.9221267700195312E-03
   63   -0.3144531250000000E-02    0.8666610717773437E-03
   64   -0.1894531250000000E-02    0.9051895141601562E-03
   65    0.3320312500000000E-03    0.1128501892089844E-02
   66   -0.5273437500000000E-03    0.9614944458007813E-03
   67    0.3066406250000000E-02    0.9023666381835938E-03
   68    0.4882812500000000E-02    0.1060409545898438E-02
   69    0.9765625000000001E-04    0.1011314392089844E-02
   70    0.6640625000000000E-03    0.9214019775390625E-03
   71    0.1269531250000000E-02    0.1035041809082031E-02
   72   -0.3046875000000000E-02    0.9346008300781250E-03
   73    0.2070312500000000E-02    0.9440612792968750E-03
   74    0.2265625000000000E-02    0.1045913696289063E-02
   75    0.3906250000000000E-03    0.9256744384765625E-03
   76   -0.2148437500000000E-03    0.7809829711914062E-03
   77   -0.5937500000000000E-02    0.1041870117187500E-02
   78   -0.3769531250000000E-02    0.9343338012695313E-03
   79    0.1093750000000000E-02    0.1019210815429688E-02
   80    0.2343750000000000E-02    0.1023178100585938E-02
   81   -0.1621093750000000E-02    0.1132774353027344E-02
   82   -0.2539062500000000E-02    0.1183242797851563E-02
   83   -0.6269531250000000E-02    0.8742904663085937E-03
   84   -0.3847656250000000E-02    0.8133316040039063E-03
   85   -0.2910156250000000E-02    0.9165573120117188E-03
   86    0.9375000000000000E-03    0.7902526855468750E-03
   87   -0.2578125000000000E-02    0.1216506958007812E-02
   88   -0.1367187500000000E-03    0.8433914184570313E-03
   89    0.1679687500000000E-02    0.8826446533203125E-03
   90   -0.1171875000000000E-03    0.1065597534179687E-02
   91   -0.1074218750000000E-02    0.1175880432128906E-02
   92    0.6503906250000000E-02    0.1087455749511719E-02
   93    0.5078125000000000E-03    0.1156158447265625E-02
   94   -0.2968750000000000E-02    0.1094741821289063E-02
   95    0.6640625000000000E-03    0.9916687011718749E-03
   96    0.5664062500000000E-03    0.1098289489746094E-02
   97   -0.1289062500000000E-02    0.9476470947265625E-03
   98    0.1816406250000000E-02    0.8971786499023437E-03
   99    0.4843750000000000E-02    0.8619689941406250E-03
  100   -0.3281250000000000E-02    0.7457733154296875E-03
