# time =    0.4723
    0    0.1000000000000000E+01    0.1000000000000000E+01
    1    0.2537695312500000E+00    0.6529644012451172E-01
    2    0.8632812500000001E-01    0.8155441284179688E-02
    3    0.3634765625000000E-01    0.2279090881347656E-02
    4    0.1482421875000000E-01    0.1329002380371094E-02
    5    0.9746093750000000E-02    0.1156959533691406E-02
    6    0.2734375000000000E-02    0.8470916748046875E-03
    7   -0.2441406250000000E-02    0.7964706420898437E-03
    8    0.2167968750000000E-02    0.8724594116210938E-03
    9   -0.1953125000000000E-04    0.9662246704101562E-03
   10   -0.4492187500000000E-02    0.1339569091796875E-02
   11    0.5898437500000000E-02    0.9803771972656250E-03
   12    0.4472656250000000E-02    0.8681106567382812E-03
   13    0.2441406250000000E-02    0.1001091003417969E-02
   14    0.3066406250000000E-02    0.9221267700195312E-03
   15    0.5468750000000001E-03    0.8782958984375000E-03
   16    0.5800781250000000E-02    0.1182594299316406E-02
   17    0.5078125000000000E-03    0.7483673095703125E-03
   18   -0.5664062500000000E-03    0.9647750854492187E-03
   19   -0.5664062500000000E-03    0.1073493957519531E-02
   20    0.5136718750000000E-02    0.8655929565429687E-03
   21    0.4882812500000000E-03    0.1025123596191406E-02
   22    0.1210937500000000E-02    0.7524108886718750E-03
   23   -0.1132812500000000E-02    0.8979034423828125E-03
   24    0.1367187500000000E-02    0.1186904907226562E-02
   25    0.2187500000000000E-02    0.8690643310546875E-03
   26    0.2539062500000000E-03    0.9735488891601563E-03
   27   -0.8007812500000000E-03    0.1174354553222656E-02
   28    0.1093750000000000E-02    0.8890533447265625E-03
   29   -0.1367187500000000E-03    0.9802627563476564E-03
   30    0.4453125000000000E-02    0.9898376464843751E-03
   31    0.8007812500000000E-03    0.1035957336425781E-02
   32    0.2187500000000000E-02    0.9281921386718750E-03
   33    0.8007812500000000E-03    0.8215713500976563E-03
   34    0.3437500000000000E-02    0.7502746582031250E-03
   35   -0.1953125000000000E-03    0.9027862548828125E-03
   36   -0.3320312500000000E-03    0.7562637329101562E-03
   37   -0.6054687500000000E-02    0.9162902832031250E-03
   38   -0.3515625000000000E-02    0.1026000976562500E-02
   39    0.1875000000000000E-02    0.8123016357421875E-03
   40   -0.1601562500000000E-02    0.9564208984375000E-03
   41   -0.2656250000000000E-02    0.1106033325195312E-02
   42   -0.1074218750000000E-02    0.9775924682617187E-03
   43   -0.1035156250000000E-02    0.8334732055664063E-03
   44   -0.1953125000000000E-03    0.7729339599609375E-03
   45   -0.1757812500000000E-03    0.1209678649902344E-02
   46    0.3867187500000000E-02    0.7798767089843750E-03
   47   -0.1542968750000000E-02    0.9736251831054687E-03
   48   -0.1171875000000000E-02    0.1195755004882812E-02
   49    0.4042968750000000E-02    0.9119796752929687E-03
   50    0.3710937500000000E-03    0.1050376892089844E-02
   51    0.1679687500000000E-02    0.8914184570312500E-03
   52    0.3652343750000000E-02    0.1335487365722656E-02
   53    0.4707031250000000E-02    0.9287643432617187E-03
   54   -0.4589843750000000E-02    0.1017112731933594E-02
   55   -0.1562500000000000E-02    0.1039199829101563E-02
   56   -0.1230468750000000E-02    0.9132766723632812E-03
   57   -0.2773437500000000E-02    0.9432220458984375E-03
   58   -0.3457031250000000E-02    0.9696578979492187E-03
   59   -0.1523437500000000E-02    0.1007919311523438E-02
   60   -0.2167968750000000E-02    0.8507156372070312E-03
   61   -0.2187500000000000E-02    0.9829711914062500E-03
   62   -0.1285156250000000E-01    0.1137542724609375E-02
   63   -0.5195312500000000E-02    0.1053085327148438E-02
   64   -0.3164062500000000E-02    0.9003448486328125E-03
   65   -0.1113281250000000E-02    0.8652114868164063E-03
   66   -0.2695312500000000E-02    0.6784820556640626E-03
   67   -0.7421875000000000E-03    0.8286285400390625E-03
   68    0.1835937500000000E-02    0.1008071899414062E-02
   69    0.2734375000000000E-03    0.9465026855468750E-03
   70   -0.2988281250000000E-02    0.1212120056152344E-02
   71    0.1406250000000000E-02    0.1067962646484375E-02
   72    0.3769531250000000E-02    0.8179092407226562E-03
   73    0.5292968750000000E-02    0.1213417053222656E-02
   74   -0.5839843750000000E-02    0.9325027465820312E-03
   75   -0.4316406250000000E-02    0.7468032836914063E-03
   76   -0.4003906250000000E-02    0.9064865112304687E-03
   77   -0.5078125000000000E-03    0.8023071289062500E-03
   78    0.5800781250000000E-02    0.9609603881835937E-03
   79    0.3066406250000000E-02    0.9655380249023438E-03
   80    0.0000000000000000E+00    0.1178283691406250E-02
   81   -0.1621093750000000E-02    0.1253776550292969E-02
   82   -0.3339843750000000E-02    0.1095237731933594E-02
   83   -0.3476562500000000E-02    0.9014892578125000E-03
   84   -0.7128906250000000E-02    0.7974624633789063E-03
   85   -0.7578125000000000E-02    0.9938812255859376E-03
   86   -0.5078125000000000E-02    0.8103179931640625E-03
   87   -0.4882812500000000E-02    0.8345031738281250E-03
   88   -0.3906250000000000E-03    0.9758758544921875E-03
   89   -0.1328125000000000E-02    0.8658599853515625E-03
   90   -0.1601562500000000E-02    0.9891510009765625E-03
   91    0.2089843750000000E-02    0.1126594543457031E-02
   92    0.4101562500000000E-03    0.1087989807128906E-02
   93   -0.5195312500000000E-02    0.1185760498046875E-02
   94   -0.8789062500000000E-02    0.1455001831054688E-02
   95   -0.5507812500000000E-02    0.9876251220703124E-03
   96   -0.2070312500000000E-02    0.1071243286132812E-02
   97    0.8593750000000000E-03    0.9497070312500000E-03
   98    0.7812500000000000E-03    0.9104919433593750E-03
   99    0.2207031250000000E-02    0.1100578308105469E-02
  100   -0.5332031250000000E-02    0.9279251098632812E-03
