# time =    0.4588
    0    0.1000000000000000E+01    0.1000000000000000E+01
    1    0.2775000000000000E+00    0.7775070190429688E-01
    2    0.9390625000000000E-01    0.9918060302734375E-02
    3    0.4251953125000000E-01    0.2746543884277344E-02
    4    0.1437500000000000E-01    0.1168670654296875E-02
    5    0.6718750000000000E-02    0.8544158935546875E-03
    6    0.2792968750000000E-02    0.9582901000976563E-03
    7    0.9765625000000000E-03    0.1227874755859375E-02
    8    0.1718750000000000E-02    0.1032943725585937E-02
    9    0.2226562500000000E-02    0.8955383300781250E-03
   10   -0.4101562500000000E-03    0.6926345825195312E-03
   11   -0.1191406250000000E-02    0.1066551208496094E-02
   12    0.3769531250000000E-02    0.9540176391601563E-03
   13    0.2929687500000000E-02    0.9939575195312500E-03
   14   -0.1542968750000000E-02    0.1101036071777344E-02
   15   -0.2617187500000000E-02    0.1170272827148437E-02
   16   -0.1425781250000000E-02    0.9746170043945313E-03
   17   -0.2988281250000000E-02    0.9103012084960937E-03
   18   -0.9960937500000000E-03    0.1087226867675781E-02
   19    0.2675781250000000E-02    0.9560775756835937E-03
   20    0.7128906250000000E-02    0.9070205688476563E-03
   21    0.5390625000000000E-02    0.8985137939453125E-03
   22    0.3222656250000000E-02    0.8605575561523438E-03
   23    0.1484375000000000E-02    0.1166305541992188E-02
   24    0.3125000000000000E-03    0.1253890991210937E-02
   25   -0.6054687500000000E-03    0.8862686157226563E-03
   26    0.1601562500000000E-02    0.1093750000000000E-02
   27    0.3476562500000000E-02    0.6388092041015625E-03
   28    0.3906250000000000E-03    0.6793212890625000E-03
   29   -0.2851562500000000E-02    0.7749176025390624E-03
   30   -0.1191406250000000E-02    0.9502792358398438E-03
   31    0.7812500000000000E-04    0.1169204711914062E-02
   32   -0.2792968750000000E-02    0.8334732055664063E-03
   33   -0.5859375000000000E-04    0.9850692749023438E-03
   34    0.8203125000000000E-03    0.9185791015625000E-03
   35   -0.1621093750000000E-02    0.1015434265136719E-02
   36   -0.2324218750000000E-02    0.8977127075195313E-03
   37   -0.1640625000000000E-02    0.8182525634765625E-03
   38    0.1953125000000000E-03    0.1094436645507812E-02
   39   -0.1210937500000000E-02    0.9542083740234374E-03
   40    0.3457031250000000E-02    0.1212730407714844E-02
   41    0.4023437500000000E-02    0.1090774536132812E-02
   42    0.9960937500000000E-03    0.1101036071777344E-02
   43   -0.1972656250000000E-02    0.7853317260742188E-03
   44   -0.6796875000000000E-02    0.8793640136718750E-03
   45   -0.5078125000000000E-02    0.8145141601562500E-03
   46   -0.5957031250000000E-02    0.7565689086914063E-03
   47   -0.3398437500000000E-02    0.8757781982421875E-03
   48   -0.1953125000000000E-04    0.8329391479492187E-03
   49    0.1621093750000000E-02    0.1140403747558594E-02
   50    0.5605468750000000E-02    0.9745407104492187E-03
   51    0.7441406250000000E-02    0.8511734008789062E-03
   52    0.1660156250000000E-02    0.7909011840820313E-03
   53   -0.1503906250000000E-02    0.9834671020507813E-03
   54   -0.3027343750000000E-02    0.8908462524414063E-03
   55   -0.1269531250000000E-02    0.9125900268554687E-03
   56    0.6542968750000000E-02    0.9020614624023437E-03
   57    0.6835937500000000E-03    0.8346176147460937E-03
   58    0.2519531250000000E-02    0.8986282348632812E-03
   59   -0.4511718750000000E-02    0.1164970397949219E-02
   60   -0.1464843750000000E-02    0.1127510070800781E-02
   61   -0.2656250000000000E-02    0.1386108398437500E-02
   62   -0.5664062500000000E-03    0.8202743530273438E-03
   63    0.2929687500000000E-03    0.1052589416503906E-02
   64    0.3886718750000000E-02    0.8867263793945312E-03
   65    0.1386718750000000E-02    0.8153915405273438E-03
   66    0.7812500000000000E-03    0.1041793823242188E-02
   67   -0.2031250000000000E-02    0.1056823730468750E-02
   68   -0.1171875000000000E-02    0.8914947509765625E-03
   69   -0.3359375000000000E-02    0.1181411743164062E-02
   70   -0.3105468750000000E-02    0.1020545959472656E-02
   71   -0.5078125000000000E-02    0.1114807128906250E-02
   72    0.3710937500000000E-03    0.1145668029785156E-02
   73   -0.6445312500000000E-03    0.1268119812011719E-02
   74    0.3906250000000000E-04    0.9243774414062500E-03
   75    0.7812500000000000E-04    0.9258270263671875E-03
   76    0.1269531250000000E-02    0.1025123596191406E-02
   77   -0.3710937500000000E-03    0.9900283813476561E-03
   78    0.1816406250000000E-02    0.8066177368164062E-03
   79    0.7070312500000000E-02    0.1108322143554688E-02
   80    0.2109375000000000E-02    0.9072875976562500E-03
   81   -0.9765625000000000E-03    0.1254959106445313E-02
   82   -0.1210937500000000E-02    0.8201599121093750E-03
   83   -0.7343750000000000E-02    0.9072113037109375E-03
   84    0.4257812500000000E-02    0.9816741943359374E-03
   85   -0.2343750000000000E-02    0.1018447875976563E-02
   86    0.2773437500000000E-02    0.1205749511718750E-02
   87   -0.3964843750000000E-02    0.9220504760742188E-03
   88   -0.5156250000000000E-02    0.1018905639648438E-02
   89   -0.5195312500000000E-02    0.1047058105468750E-02
   90   -0.1757812500000000E-02    0.9256744384765625E-03
   91   -0.2304687500000000E-02    0.9899139404296875E-03
   92   -0.4218750000000000E-02    0.9342956542968750E-03
   93   -0.8789062500000000E-03    0.1008338928222656E-02
   94   -0.3125000000000000E-02    0.9117126464843750E-03
   95   -0.3613281250000000E-02    0.8243179321289063E-03
   96   -0.2050781250000000E-02    0.1071510314941406E-02
   97    0.2675781250000000E-02    0.9493637084960938E-03
   98   -0.2324218750000000E-02    0.1146888732910156E-02
   99   -0.1171875000000000E-03    0.1019439697265625E-02
  100   -0.4394531250000000E-02    0.1077461242675781E-02
