# time =    0.4746
    0    0.1000000000000000E+01    0.1000000000000000E+01
    1    0.2294921875000000E+00    0.5336769104003906E-01
    2    0.6271484375000000E-01    0.4840507507324219E-02
    3    0.1291015625000000E-01    0.9652328491210938E-03
    4    0.8183593750000001E-02    0.9612655639648438E-03
    5    0.2558593750000000E-02    0.8160781860351563E-03
    6    0.3457031250000000E-02    0.9785079956054687E-03
    7    0.2246093750000000E-02    0.1091423034667969E-02
    8    0.9570312500000000E-03    0.8940505981445313E-03
    9   -0.3535156250000000E-02    0.1062965393066406E-02
   10   -0.4023437500000000E-02    0.1049118041992187E-02
   11   -0.3808593750000000E-02    0.8106613159179687E-03
   12   -0.5175781250000000E-02    0.1269035339355469E-02
   13   -0.4277343750000000E-02    0.8576583862304688E-03
   14   -0.2187500000000000E-02    0.8172607421875000E-03
   15    0.5742187500000000E-02    0.9971618652343749E-03
   16   -0.5195312500000000E-02    0.1158218383789063E-02
   17   -0.4277343750000000E-02    0.1030311584472656E-02
   18   -0.3593750000000000E-02    0.9751129150390625E-03
   19    0.4882812500000000E-03    0.8987808227539063E-03
   20    0.1328125000000000E-02    0.1145401000976562E-02
   21   -0.2519531250000000E-02    0.1027793884277344E-02
   22   -0.2109375000000000E-02    0.1013565063476562E-02
   23   -0.5429687500000000E-02    0.8969116210937500E-03
   24   -0.4140625000000000E-02    0.1011581420898438E-02
   25   -0.3808593750000000E-02    0.1035041809082031E-02
   26   -0.2148437500000000E-02    0.1020126342773438E-02
   27    0.2050781250000000E-02    0.1312980651855469E-02
   28    0.1113281250000000E-02    0.1034889221191406E-02
   29    0.3203125000000000E-02    0.1037445068359375E-02
   30   -0.9570312500000000E-03    0.8740615844726562E-03
   31   -0.2773437500000000E-02    0.1079330444335937E-02
   32   -0.4433593750000000E-02    0.1002616882324219E-02
   33    0.1347656250000000E-02    0.1236076354980469E-02
   34   -0.1972656250000000E-02    0.7086563110351563E-03
   35   -0.6445312500000000E-03    0.7572555541992187E-03
   36   -0.4101562500000000E-03    0.1058464050292969E-02
   37   -0.2402343750000000E-02    0.1204414367675781E-02
   38    0.3046875000000000E-02    0.1224288940429687E-02
   39   -0.5273437500000000E-03    0.1126441955566406E-02
   40   -0.3906250000000000E-04    0.1181793212890625E-02
   41   -0.3105468750000000E-02    0.9989547729492188E-03
   42   -0.2226562500000000E-02    0.1085739135742188E-02
   43   -0.2402343750000000E-02    0.9150314331054688E-03
   44    0.2558593750000000E-02    0.1263542175292969E-02
   45    0.7421875000000000E-03    0.8317565917968750E-03
   46    0.1367187500000000E-02    0.1014785766601562E-02
   47   -0.1503906250000000E-02    0.8475112915039062E-03
   48   -0.5527343750000000E-02    0.9181594848632812E-03
   49   -0.7421875000000000E-03    0.7992553710937500E-03
   50   -0.2382812500000000E-02    0.1087341308593750E-02
   51   -0.4082031250000000E-02    0.9386062622070313E-03
   52    0.1855468750000000E-02    0.9138107299804688E-03
   53    0.3222656250000000E-02    0.1010475158691406E-02
   54   -0.8984375000000000E-03    0.1061935424804687E-02
   55   -0.8398437500000000E-03    0.1012535095214844E-02
   56   -0.3398437500000000E-02    0.8429718017578125E-03
   57   -0.3964843750000000E-02    0.8520889282226563E-03
   58   -0.9375000000000000E-03    0.9041595458984375E-03
   59   -0.4042968750000000E-02    0.1076469421386719E-02
   60   -0.1152343750000000E-02    0.7527542114257813E-03
   61   -0.2070312500000000E-02    0.9918975830078124E-03
   62   -0.4394531250000000E-02    0.7914352416992187E-03
   63   -0.2148437500000000E-03    0.1068000793457031E-02
   64    0.6835937500000000E-03    0.7487869262695312E-03
   65   -0.2265625000000000E-02    0.9626770019531251E-03
   66   -0.2226562500000000E-02    0.9085845947265625E-03
   67    0.1367187500000000E-02    0.1133728027343750E-02
   68    0.1074218750000000E-02    0.1031608581542969E-02
   69    0.2285156250000000E-02    0.9646987915039062E-03
   70   -0.3710937500000000E-02    0.7679748535156250E-03
   71    0.2304687500000000E-02    0.9180450439453125E-03
   72    0.3027343750000000E-02    0.8825302124023437E-03
   73    0.1152343750000000E-02    0.1033287048339844E-02
   74    0.3378906250000000E-02    0.1162681579589844E-02
   75    0.6640625000000000E-03    0.7655334472656250E-03
   76   -0.1757812500000000E-03    0.1003761291503906E-02
   77    0.1406250000000000E-02    0.8666229248046875E-03
   78   -0.1386718750000000E-02    0.1017570495605469E-02
   79    0.1445312500000000E-02    0.9023284912109375E-03
   80    0.1894531250000000E-02    0.1073265075683594E-02
   81   -0.1171875000000000E-02    0.1126174926757813E-02
   82    0.8593750000000000E-03    0.8729553222656250E-03
   83   -0.3007812500000000E-02    0.7271575927734375E-03
   84    0.1582031250000000E-02    0.8852005004882813E-03
   85    0.6250000000000000E-03    0.8432006835937500E-03
   86   -0.1113281250000000E-02    0.8352279663085937E-03
   87    0.6445312500000000E-03    0.8680343627929688E-03
   88   -0.1445312500000000E-02    0.1042556762695313E-02
   89   -0.3222656250000000E-02    0.9833145141601562E-03
   90    0.2734375000000000E-02    0.1031570434570313E-02
   91    0.7792968750000000E-02    0.9064102172851563E-03
   92    0.5664062500000000E-03    0.1172294616699219E-02
   93    0.1953125000000000E-03    0.8032989501953125E-03
   94    0.1953125000000000E-04    0.9556961059570313E-03
   95    0.3457031250000000E-02    0.9862136840820311E-03
   96    0.2187500000000000E-02    0.8124542236328125E-03
   97   -0.4453125000000000E-02    0.8768463134765626E-03
   98   -0.6445312500000000E-03    0.8388137817382812E-03
   99   -0.1464843750000000E-02    0.9328079223632813E-03
  100    0.5078125000000000E-03    0.8711242675781251E-03
