# time =    0.4598
    0    0.1000000000000000E+01    0.1000000000000000E+01
    1    0.1861718750000000E+00    0.3559165954589844E-01
    2    0.3281250000000000E-01    0.2137756347656250E-02
    3    0.1855468750000000E-02    0.7407760620117187E-03
    4    0.3437500000000000E-02    0.1094512939453125E-02
    5    0.8515625000000001E-02    0.9336853027343750E-03
    6    0.4433593750000000E-02    0.1371421813964844E-02
    7    0.2363281250000000E-02    0.1133308410644531E-02
    8   -0.4570312500000000E-02    0.9711456298828125E-03
    9   -0.3300781250000000E-02    0.1029853820800781E-02
   10    0.4003906250000000E-02    0.9655380249023438E-03
   11   -0.1894531250000000E-02    0.9760665893554688E-03
   12    0.2851562500000000E-02    0.9411621093750000E-03
   13   -0.2851562500000000E-02    0.1104583740234375E-02
   14   -0.7226562500000000E-03    0.1043434143066406E-02
   15   -0.3906250000000000E-04    0.1069869995117187E-02
   16   -0.1953125000000000E-03    0.1011047363281250E-02
   17   -0.1542968750000000E-02    0.8962631225585937E-03
   18    0.5527343750000000E-02    0.1059532165527344E-02
   19    0.1269531250000000E-02    0.9762954711914063E-03
   20    0.6640625000000000E-03    0.1063842773437500E-02
   21    0.9960937500000000E-03    0.1067848205566406E-02
   22    0.8984375000000000E-03    0.1220016479492187E-02
   23    0.3789062500000000E-02    0.9351348876953124E-03
   24   -0.1835937500000000E-02    0.9546661376953125E-03
   25   -0.1191406250000000E-02    0.9122085571289062E-03
   26    0.2050781250000000E-02    0.9544754028320313E-03
   27    0.1386718750000000E-02    0.9529495239257813E-03
   28   -0.1328125000000000E-02    0.9390258789062500E-03
   29   -0.2148437500000000E-03    0.1202507019042969E-02
   30    0.1171875000000000E-03    0.1100463867187500E-02
   31   -0.2167968750000000E-02    0.1021995544433594E-02
   32   -0.6054687500000000E-03    0.9810256958007813E-03
   33    0.3496093750000000E-02    0.1049690246582031E-02
   34    0.5292968750000000E-02    0.1007575988769531E-02
   35   -0.5156250000000000E-02    0.9202575683593750E-03
   36   -0.1367187500000000E-02    0.1033859252929687E-02
   37    0.8769531250000000E-02    0.1074485778808594E-02
   38    0.3984375000000000E-02    0.9563446044921875E-03
   39    0.3730468750000000E-02    0.1109886169433594E-02
   40   -0.9375000000000000E-03    0.1141281127929688E-02
   41    0.4335937500000000E-02    0.1430969238281250E-02
   42   -0.4355468750000000E-02    0.8362197875976563E-03
   43   -0.2050781250000000E-02    0.9430313110351563E-03
   44    0.6835937500000000E-03    0.8712387084960937E-03
   45   -0.3320312500000000E-02    0.8578491210937500E-03
   46   -0.3867187500000000E-02    0.7601165771484375E-03
   47    0.9179687499999999E-03    0.9167098999023438E-03
   48    0.5019531250000000E-02    0.7794570922851563E-03
   49    0.6503906250000000E-02    0.1144676208496094E-02
   50    0.1074218750000000E-02    0.7989120483398438E-03
   51   -0.7597656250000000E-02    0.1045875549316406E-02
   52   -0.1523437500000000E-02    0.1003265380859375E-02
   53    0.2753906250000000E-02    0.8806228637695312E-03
   54   -0.2539062500000000E-02    0.9904479980468749E-03
   55    0.2128906250000000E-02    0.9883499145507812E-03
   56    0.2070312500000000E-02    0.8540344238281250E-03
   57    0.3515625000000000E-02    0.9932708740234375E-03
   58   -0.2734375000000000E-03    0.1059341430664062E-02
   59    0.5332031250000000E-02    0.1087913513183594E-02
   60    0.1171875000000000E-02    0.1056823730468750E-02
   61    0.1367187500000000E-03    0.6517410278320312E-03
   62   -0.1152343750000000E-02    0.1160850524902344E-02
   63   -0.1289062500000000E-02    0.9585571289062500E-03
   64    0.4101562500000000E-02    0.8782958984375000E-03
   65    0.7226562500000000E-02    0.8740234375000000E-03
   66   -0.9765625000000001E-04    0.1059150695800781E-02
   67   -0.7812500000000000E-03    0.7529449462890625E-03
   68    0.2988281250000000E-02    0.8483505249023437E-03
   69   -0.1582031250000000E-02    0.7909011840820313E-03
   70    0.3906250000000000E-03    0.1194458007812500E-02
   71    0.1425781250000000E-02    0.1046562194824219E-02
   72    0.3398437500000000E-02    0.8451080322265625E-03
   73   -0.2031250000000000E-02    0.9826660156250001E-03
   74    0.3554687500000000E-02    0.1074981689453125E-02
   75    0.6738281250000000E-02    0.9245681762695313E-03
   76    0.8789062500000000E-03    0.8608627319335937E-03
   77   -0.4277343750000000E-02    0.8769607543945312E-03
   78   -0.2128906250000000E-02    0.9499740600585938E-03
   79    0.2304687500000000E-02    0.1061019897460937E-02
   80    0.1972656250000000E-02    0.9049606323242187E-03
   81    0.1367187500000000E-03    0.9391403198242187E-03
   82    0.5078125000000000E-03    0.9265899658203125E-03
   83    0.1406250000000000E-02    0.1225585937500000E-02
   84    0.4824218750000000E-02    0.7474899291992187E-03
   85    0.4218750000000000E-02    0.1299209594726562E-02
   86   -0.2539062500000000E-03    0.1168937683105469E-02
   87    0.1015625000000000E-02    0.9690093994140625E-03
   88   -0.6171875000000000E-02    0.1074600219726562E-02
   89   -0.2441406250000000E-02    0.9296798706054688E-03
   90   -0.2519531250000000E-02    0.9545516967773437E-03
   91   -0.2890625000000000E-02    0.1067810058593750E-02
   92   -0.3691406250000000E-02    0.8551406860351562E-03
   93    0.8007812500000000E-03    0.1004219055175781E-02
   94    0.6445312500000000E-02    0.9380340576171875E-03
   95   -0.4296875000000000E-03    0.8272552490234376E-03
   96    0.5976562500000000E-02    0.1133651733398438E-02
   97    0.7617187500000000E-03    0.7223129272460937E-03
   98   -0.3281250000000000E-02    0.8440399169921875E-03
   99   -0.3652343750000000E-02    0.1176414489746094E-02
  100   -0.8007812500000000E-03    0.8172988891601562E-03
