# time =    0.4736
    0    0.1000000000000000E+01    0.1000000000000000E+01
    1    0.2009960937500000E+00    0.4124805450439453E-01
    2    0.4593750000000000E-01    0.3353500366210938E-02
    3    0.1365234375000000E-01    0.1042823791503906E-02
    4    0.4121093750000000E-02    0.9238815307617187E-03
    5    0.1855468750000000E-02    0.9779739379882813E-03
    6   -0.1972656250000000E-02    0.8427810668945313E-03
    7    0.2382812500000000E-02    0.1008529663085937E-02
    8    0.8007812500000000E-03    0.1077079772949219E-02
    9   -0.2539062500000000E-02    0.1105346679687500E-02
   10   -0.5957031250000000E-02    0.1019248962402344E-02
   11    0.4296875000000000E-02    0.9969329833984374E-03
   12    0.3417968750000000E-02    0.1294746398925781E-02
   13   -0.4648437500000000E-02    0.1153717041015625E-02
   14   -0.2246093750000000E-02    0.1208381652832031E-02
   15   -0.1679687500000000E-02    0.9745025634765625E-03
   16   -0.1894531250000000E-02    0.8998489379882812E-03
   17    0.3437500000000000E-02    0.7775878906250000E-03
   18   -0.6894531250000000E-02    0.9101486206054688E-03
   19   -0.7109375000000000E-02    0.8607482910156249E-03
   20   -0.5371093750000000E-02    0.9563827514648438E-03
   21    0.4121093750000000E-02    0.1144523620605469E-02
   22    0.1757812500000000E-02    0.9021759033203125E-03
   23   -0.5058593750000000E-02    0.1250572204589844E-02
   24   -0.7812500000000000E-03    0.1231994628906250E-02
   25    0.2011718750000000E-02    0.9708786010742187E-03
   26   -0.8593750000000000E-03    0.8370971679687500E-03
   27   -0.1503906250000000E-02    0.7503890991210938E-03
   28    0.5859375000000000E-04    0.1175651550292969E-02
   29   -0.2187500000000000E-02    0.1089553833007813E-02
   30   -0.2031250000000000E-02    0.1197738647460938E-02
   31    0.2890625000000000E-02    0.1149139404296875E-02
   32    0.6699218750000000E-02    0.1175117492675781E-02
   33    0.1367187500000000E-02    0.1079177856445312E-02
   34    0.1933593750000000E-02    0.1016731262207031E-02
   35    0.4453125000000000E-02    0.1140670776367187E-02
   36    0.4238281250000000E-02    0.9878158569335937E-03
   37    0.1757812500000000E-02    0.8072662353515625E-03
   38   -0.3144531250000000E-02    0.9633255004882813E-03
   39    0.4101562500000000E-02    0.9767913818359375E-03
   40   -0.6054687500000000E-03    0.9245681762695313E-03
   41   -0.5488281250000000E-02    0.1088600158691406E-02
   42   -0.1210937500000000E-02    0.1084213256835938E-02
   43   -0.3242187500000000E-02    0.8018493652343750E-03
   44    0.1367187500000000E-03    0.9666061401367187E-03
   45    0.9765625000000000E-03    0.7602691650390625E-03
   46   -0.3125000000000000E-03    0.7689666748046875E-03
   47   -0.1230468750000000E-02    0.1196403503417969E-02
   48   -0.2226562500000000E-02    0.1202316284179688E-02
   49   -0.1679687500000000E-02    0.1193695068359375E-02
   50    0.7812500000000000E-04    0.1064682006835938E-02
   51    0.1113281250000000E-02    0.9504318237304688E-03
   52    0.4277343750000000E-02    0.8382797241210938E-03
   53   -0.1699218750000000E-02    0.9012985229492188E-03
   54   -0.8789062500000000E-03    0.7547378540039062E-03
   55   -0.2343750000000000E-03    0.1012420654296875E-02
   56    0.2187500000000000E-02    0.1080093383789062E-02
   57    0.1484375000000000E-02    0.9638977050781250E-03
   58    0.8789062500000000E-03    0.7973861694335938E-03
   59    0.3632812500000000E-02    0.1115264892578125E-02
   60    0.2382812500000000E-02    0.1122055053710937E-02
   61   -0.5859375000000000E-03    0.8439636230468750E-03
   62    0.2382812500000000E-02    0.8831787109375000E-03
   63   -0.3339843750000000E-02    0.7438278198242188E-03
   64    0.2246093750000000E-02    0.8924484252929687E-03
   65   -0.1074218750000000E-02    0.1239051818847656E-02
   66   -0.1347656250000000E-02    0.9328079223632813E-03
   67   -0.4101562500000000E-02    0.9455871582031250E-03
   68   -0.7226562500000000E-03    0.6726455688476563E-03
   69    0.1347656250000000E-02    0.7981491088867187E-03
   70    0.1093750000000000E-02    0.1160812377929688E-02
   71    0.2734375000000000E-03    0.1059494018554688E-02
   72    0.1757812500000000E-03    0.1156654357910156E-02
   73   -0.1542968750000000E-02    0.1105308532714844E-02
   74   -0.4238281250000000E-02    0.1097526550292969E-02
   75    0.2421875000000000E-02    0.8467864990234375E-03
   76   -0.3652343750000000E-02    0.1013908386230469E-02
   77   -0.4492187500000000E-02    0.1148452758789063E-02
   78   -0.3750000000000000E-02    0.1041717529296875E-02
   79   -0.3007812500000000E-02    0.1289062500000000E-02
   80   -0.2597656250000000E-02    0.7527542114257813E-03
   81   -0.5058593750000000E-02    0.1039924621582031E-02
   82    0.2167968750000000E-02    0.9748458862304688E-03
   83   -0.6054687500000000E-03    0.1219749450683594E-02
   84   -0.2402343750000000E-02    0.8651351928710937E-03
   85    0.2617187500000000E-02    0.7452392578125001E-03
   86   -0.2636718750000000E-02    0.1150703430175781E-02
   87   -0.5722656250000000E-02    0.1116065979003906E-02
   88    0.1230468750000000E-02    0.8098983764648438E-03
   89    0.8222656250000000E-02    0.9940719604492187E-03
   90    0.9765625000000001E-04    0.1087532043457031E-02
   91   -0.3613281250000000E-02    0.8919906616210938E-03
   92   -0.1074218750000000E-02    0.1034736633300781E-02
   93   -0.5859375000000000E-03    0.8009338378906250E-03
   94    0.7031250000000000E-03    0.8745574951171875E-03
   95    0.1601562500000000E-02    0.9601593017578125E-03
   96   -0.7226562500000000E-03    0.9060287475585937E-03
   97   -0.1738281250000000E-02    0.1202201843261719E-02
   98   -0.1054687500000000E-02    0.1116256713867188E-02
   99   -0.1250000000000000E-02    0.1001205444335937E-02
  100   -0.2324218750000000E-02    0.8604049682617188E-03
