# time =    0.4637
    0    0.1000000000000000E+01    0.1000000000000000E+01
    1    0.1931250000000000E+00    0.3821166992187500E-01
    2    0.4802734375000000E-01    0.3252754211425781E-02
    3    0.1347656250000000E-01    0.1158370971679688E-02
    4    0.2871093750000000E-02    0.1002311706542969E-02
    5    0.1582031250000000E-02    0.1201591491699219E-02
    6   -0.5917968750000000E-02    0.9234237670898437E-03
    7   -0.5644531250000000E-02    0.1054649353027344E-02
    8   -0.7226562500000000E-03    0.8218765258789062E-03
    9   -0.3671875000000000E-02    0.7792663574218750E-03
   10   -0.3984375000000000E-02    0.8958435058593750E-03
   11   -0.2441406250000000E-02    0.1093482971191406E-02
   12   -0.1757812500000000E-03    0.7632064819335937E-03
   13   -0.8789062500000000E-03    0.1193428039550781E-02
   14    0.1816406250000000E-02    0.1101417541503906E-02
   15   -0.1503906250000000E-02    0.7432174682617188E-03
   16   -0.7031250000000000E-03    0.9919738769531251E-03
   17    0.2695312500000000E-02    0.7018280029296875E-03
   18    0.2382812500000000E-02    0.9356689453125000E-03
   19   -0.9179687499999999E-03    0.8355331420898438E-03
   20    0.1894531250000000E-02    0.1059379577636719E-02
   21   -0.4140625000000000E-02    0.8833312988281250E-03
   22   -0.9960937500000000E-03    0.9988784790039063E-03
   23    0.3457031250000000E-02    0.7051467895507812E-03
   24   -0.6093750000000000E-02    0.1241912841796875E-02
   25   -0.1757812500000000E-03    0.9255599975585937E-03
   26   -0.3027343750000000E-02    0.1114768981933594E-02
   27    0.3398437500000000E-02    0.9126281738281250E-03
   28    0.8789062500000000E-03    0.1215705871582031E-02
   29    0.9960937500000000E-03    0.1117820739746094E-02
   30   -0.5468750000000001E-03    0.6821441650390625E-03
   31    0.2148437500000000E-02    0.1277847290039063E-02
   32   -0.3515625000000000E-03    0.1115188598632812E-02
   33    0.4804687500000000E-02    0.1115722656250000E-02
   34   -0.2871093750000000E-02    0.8525466918945313E-03
   35    0.2734375000000000E-02    0.1033630371093750E-02
   36    0.3085937500000000E-02    0.9968566894531250E-03
   37   -0.1523437500000000E-02    0.8467864990234375E-03
   38    0.6640625000000000E-02    0.9006500244140625E-03
   39    0.6250000000000000E-02    0.9745025634765625E-03
   40    0.1953125000000000E-03    0.8972930908203125E-03
   41    0.8984375000000000E-03    0.9087371826171875E-03
   42    0.2460937500000000E-02    0.8308410644531250E-03
   43    0.1972656250000000E-02    0.8542251586914063E-03
   44   -0.1367187500000000E-03    0.9961318969726562E-03
   45   -0.1835937500000000E-02    0.8460998535156250E-03
   46   -0.1289062500000000E-02    0.8179473876953125E-03
   47   -0.2382812500000000E-02    0.8654022216796876E-03
   48    0.5468750000000001E-03    0.9970092773437501E-03
   49    0.4492187500000000E-02    0.1049804687500000E-02
   50   -0.3808593750000000E-02    0.1063423156738281E-02
   51    0.4277343750000000E-02    0.1246910095214844E-02
   52   -0.1621093750000000E-02    0.1276206970214844E-02
   53   -0.2617187500000000E-02    0.1057434082031250E-02
   54   -0.3242187500000000E-02    0.7260894775390625E-03
   55   -0.1972656250000000E-02    0.1071357727050781E-02
   56   -0.1289062500000000E-02    0.8304595947265625E-03
   57   -0.3769531250000000E-02    0.1099052429199219E-02
   58    0.4687500000000000E-03    0.1006469726562500E-02
   59    0.3652343750000000E-02    0.1068534851074219E-02
   60   -0.3515625000000000E-02    0.7214355468750000E-03
   61   -0.1738281250000000E-02    0.8642959594726562E-03
   62   -0.2929687500000000E-02    0.9571838378906250E-03
   63    0.2500000000000000E-02    0.8981323242187500E-03
   64    0.1074218750000000E-02    0.8487319946289063E-03
   65    0.5000000000000000E-02    0.1009674072265625E-02
   66   -0.2460937500000000E-02    0.8614349365234375E-03
   67   -0.3378906250000000E-02    0.1007041931152344E-02
   68   -0.6054687500000000E-02    0.1070861816406250E-02
   69   -0.6445312500000000E-03    0.9337997436523437E-03
   70    0.1679687500000000E-02    0.1138534545898437E-02
   71    0.3671875000000000E-02    0.1308975219726562E-02
   72   -0.1347656250000000E-02    0.8171463012695313E-03
   73   -0.4316406250000000E-02    0.8579635620117187E-03
   74    0.3105468750000000E-02    0.9926986694335938E-03
   75    0.1562500000000000E-03    0.7863616943359374E-03
   76    0.2812500000000000E-02    0.6851196289062500E-03
   77    0.6152343750000000E-02    0.9003829956054688E-03
   78    0.3554687500000000E-02    0.9870910644531250E-03
   79   -0.1562500000000000E-03    0.1023178100585938E-02
   80    0.2167968750000000E-02    0.9734725952148437E-03
   81   -0.1171875000000000E-02    0.9120941162109375E-03
   82   -0.1406250000000000E-02    0.1044464111328125E-02
   83   -0.3300781250000000E-02    0.1016731262207031E-02
   84   -0.3769531250000000E-02    0.7411575317382812E-03
   85   -0.1035156250000000E-02    0.1099052429199219E-02
   86   -0.3203125000000000E-02    0.1005096435546875E-02
   87   -0.9570312500000000E-03    0.1001777648925781E-02
   88    0.4687500000000000E-03    0.1144256591796875E-02
   89    0.4375000000000000E-02    0.8522033691406250E-03
   90   -0.9375000000000000E-03    0.8667755126953125E-03
   91   -0.2539062500000000E-03    0.1023063659667969E-02
   92    0.5136718750000000E-02    0.1131172180175781E-02
   93   -0.4941406250000000E-02    0.1022911071777344E-02
   94   -0.1953125000000000E-03    0.8641815185546875E-03
   95   -0.6054687500000000E-03    0.7643508911132813E-03
   96   -0.1835937500000000E-02    0.9012603759765625E-03
   97   -0.2539062500000000E-03    0.1081733703613281E-02
   98   -0.2832031250000000E-02    0.8975601196289062E-03
   99   -0.8593750000000000E-03    0.8229064941406250E-03
  100    0.3515625000000000E-03    0.1199340820312500E-02
