# time =    0.4697
    0    0.1000000000000000E+01    0.1000000000000000E+01
    1    0.1827929687500000E+00    0.3420352935791016E-01
    2    0.3884765625000000E-01    0.2332115173339844E-02
    3    0.6386718750000000E-02    0.8532333374023437E-03
    4   -0.4746093750000000E-02    0.1003150939941406E-02
    5   -0.1777343750000000E-02    0.1033363342285156E-02
    6    0.5859375000000000E-02    0.9181976318359375E-03
    7    0.2812500000000000E-02    0.1049575805664062E-02
    8    0.1875000000000000E-02    0.8919525146484375E-03
    9    0.4609375000000000E-02    0.1160964965820312E-02
   10    0.1093750000000000E-02    0.8597564697265625E-03
   11    0.2285156250000000E-02    0.8965682983398438E-03
   12   -0.2597656250000000E-02    0.8259963989257813E-03
   13   -0.4042968750000000E-02    0.1075325012207031E-02
   14    0.2597656250000000E-02    0.8441543579101562E-03
   15   -0.3574218750000000E-02    0.1008644104003906E-02
   16   -0.1972656250000000E-02    0.9104537963867187E-03
   17   -0.1640625000000000E-02    0.7363128662109375E-03
   18    0.4335937500000000E-02    0.9914398193359374E-03
   19    0.3867187500000000E-02    0.1139373779296875E-02
   20    0.3027343750000000E-02    0.1000480651855469E-02
   21   -0.3125000000000000E-02    0.8344268798828125E-03
   22    0.2011718750000000E-02    0.8440017700195312E-03
   23    0.5273437500000000E-03    0.1081199645996094E-02
   24   -0.4960937500000000E-02    0.1136398315429687E-02
   25    0.1445312500000000E-02    0.1130218505859375E-02
   26   -0.4882812500000000E-03    0.1083030700683594E-02
   27    0.1171875000000000E-02    0.1151580810546875E-02
   28    0.2343750000000000E-03    0.9813690185546875E-03
   29    0.1953125000000000E-03    0.1234970092773438E-02
   30   -0.1445312500000000E-02    0.9860229492187501E-03
   31    0.2578125000000000E-02    0.9222412109375000E-03
   32    0.4882812500000000E-03    0.9789657592773437E-03
   33   -0.3691406250000000E-02    0.8999252319335937E-03
   34   -0.3652343750000000E-02    0.9877395629882813E-03
   35   -0.2812500000000000E-02    0.1004180908203125E-02
   36    0.5859375000000000E-04    0.9434890747070313E-03
   37    0.3593750000000000E-02    0.1065368652343750E-02
   38   -0.1875000000000000E-02    0.1044235229492188E-02
   39    0.2363281250000000E-02    0.1133689880371094E-02
   40   -0.6054687500000000E-02    0.1077346801757813E-02
   41    0.8398437500000000E-03    0.8753585815429687E-03
   42   -0.6835937500000000E-03    0.9878158569335937E-03
   43   -0.1425781250000000E-02    0.9128952026367188E-03
   44   -0.5351562500000000E-02    0.1212921142578125E-02
   45    0.2148437500000000E-03    0.9409713745117187E-03
   46   -0.1542968750000000E-02    0.8448410034179687E-03
   47   -0.1191406250000000E-02    0.9445571899414063E-03
   48   -0.1308593750000000E-02    0.1042060852050781E-02
   49   -0.5097656250000000E-02    0.8487319946289063E-03
   50    0.4648437500000000E-02    0.1115646362304687E-02
   51   -0.1894531250000000E-02    0.9163284301757813E-03
   52    0.2109375000000000E-02    0.1012420654296875E-02
   53   -0.1250000000000000E-02    0.1011581420898438E-02
   54    0.1367187500000000E-02    0.1043701171875000E-02
   55    0.3281250000000000E-02    0.9204101562500000E-03
   56    0.1855468750000000E-02    0.9705734252929688E-03
   57   -0.2890625000000000E-02    0.1077423095703125E-02
   58    0.5078125000000000E-02    0.1055221557617188E-02
   59    0.5390625000000000E-02    0.9944152832031250E-03
   60   -0.1015625000000000E-02    0.1007766723632813E-02
   61    0.1523437500000000E-02    0.9343719482421875E-03
   62    0.4394531250000000E-02    0.8321762084960938E-03
   63    0.3945312500000000E-02    0.9765625000000000E-03
   64   -0.6250000000000000E-03    0.1402282714843750E-02
   65   -0.9375000000000000E-03    0.1195526123046875E-02
   66   -0.7636718750000000E-02    0.1186561584472656E-02
   67    0.5078125000000000E-03    0.9197235107421875E-03
   68    0.2578125000000000E-02    0.1052169799804687E-02
   69    0.2617187500000000E-02    0.7521820068359375E-03
   70    0.4941406250000000E-02    0.1021690368652344E-02
   71   -0.1250000000000000E-02    0.1079254150390625E-02
   72   -0.4355468750000000E-02    0.1050376892089844E-02
   73    0.4101562500000000E-03    0.8344650268554688E-03
   74   -0.2519531250000000E-02    0.1196098327636719E-02
   75   -0.3554687500000000E-02    0.8921051025390626E-03
   76   -0.4472656250000000E-02    0.9280776977539062E-03
   77    0.1074218750000000E-02    0.9315109252929687E-03
   78    0.2988281250000000E-02    0.9939193725585938E-03
   79    0.1269531250000000E-02    0.8084487915039063E-03
   80   -0.3710937500000000E-03    0.9780502319335937E-03
   81   -0.8007812500000000E-03    0.9100723266601562E-03
   82   -0.2890625000000000E-02    0.8618164062500000E-03
   83   -0.3261718750000000E-02    0.1242637634277344E-02
   84   -0.6484375000000000E-02    0.9737396240234375E-03
   85    0.9960937500000000E-03    0.1010093688964844E-02
   86    0.8007812500000000E-03    0.1038627624511719E-02
   87    0.4824218750000000E-02    0.7432174682617188E-03
   88   -0.8593750000000000E-03    0.8235168457031250E-03
   89   -0.3183593750000000E-02    0.8104324340820312E-03
   90    0.2441406250000000E-02    0.8945846557617187E-03
   91   -0.1972656250000000E-02    0.9640121459960938E-03
   92   -0.5078125000000000E-03    0.9080505371093750E-03
   93   -0.1250000000000000E-02    0.1062622070312500E-02
   94   -0.5839843750000000E-02    0.9989547729492188E-03
   95   -0.3222656250000000E-02    0.9109878540039063E-03
   96    0.1503906250000000E-02    0.8607101440429687E-03
   97   -0.2089843750000000E-02    0.7342147827148437E-03
   98    0.4667968750000000E-02    0.9392929077148437E-03
   99    0.5273437500000000E-03    0.9621047973632813E-03
  100   -0.5078125000000000E-03    0.9800720214843751E-03
