# time =    0.4692
    0    0.1000000000000000E+01    0.1000000000000000E+01
    1    0.2008789062500000E+00    0.4111042022705078E-01
    2    0.4050781250000000E-01    0.2646789550781250E-02
    3    0.1097656250000000E-01    0.9719085693359375E-03
    4    0.3906250000000000E-04    0.6864166259765625E-03
    5   -0.3671875000000000E-02    0.1010665893554687E-02
    6    0.6250000000000000E-03    0.7905578613281250E-03
    7   -0.1367187500000000E-02    0.7646942138671875E-03
    8   -0.1328125000000000E-02    0.9945678710937501E-03
    9   -0.6894531250000000E-02    0.1134147644042969E-02
   10   -0.7031250000000000E-02    0.1084213256835938E-02
   11   -0.9960937500000000E-03    0.9438705444335938E-03
   12   -0.2753906250000000E-02    0.9622573852539062E-03
   13   -0.6445312500000000E-03    0.8021163940429688E-03
   14   -0.1523437500000000E-02    0.9504699707031250E-03
   15    0.3164062500000000E-02    0.1155014038085937E-02
   16   -0.7812500000000000E-03    0.7934570312500000E-03
   17    0.5312500000000000E-02    0.9710693359375000E-03
   18    0.1015625000000000E-02    0.1162261962890625E-02
   19    0.8593750000000000E-03    0.7805633544921875E-03
   20   -0.1562500000000000E-03    0.8863067626953125E-03
   21   -0.1933593750000000E-02    0.1295585632324219E-02
   22    0.3984375000000000E-02    0.9679412841796875E-03
   23    0.1933593750000000E-02    0.8340072631835937E-03
   24    0.5058593750000000E-02    0.1062889099121094E-02
   25    0.1914062500000000E-02    0.8878326416015625E-03
   26    0.2148437500000000E-03    0.9659194946289063E-03
   27   -0.3945312500000000E-02    0.1035232543945312E-02
   28   -0.5273437500000000E-03    0.9550094604492187E-03
   29    0.3125000000000000E-03    0.8031463623046875E-03
   30    0.1875000000000000E-02    0.1297302246093750E-02
   31   -0.8789062500000000E-03    0.1001625061035156E-02
   32   -0.1757812500000000E-03    0.1051368713378906E-02
   33    0.2207031250000000E-02    0.8699417114257813E-03
   34   -0.1347656250000000E-02    0.1049537658691406E-02
   35    0.1796875000000000E-02    0.1075897216796875E-02
   36    0.6054687500000000E-03    0.9092330932617187E-03
   37   -0.7226562500000000E-03    0.1068763732910156E-02
   38   -0.4375000000000000E-02    0.7558441162109374E-03
   39    0.1679687500000000E-02    0.1071853637695313E-02
   40    0.1679687500000000E-02    0.7469177246093750E-03
   41    0.1367187500000000E-02    0.1103057861328125E-02
   42   -0.5664062500000000E-03    0.1141548156738281E-02
   43   -0.1347656250000000E-02    0.9508132934570312E-03
   44   -0.6328125000000000E-02    0.7954406738281250E-03
   45    0.6250000000000000E-03    0.1080245971679688E-02
   46    0.3300781250000000E-02    0.1097068786621094E-02
   47   -0.2285156250000000E-02    0.9303665161132812E-03
   48   -0.1406250000000000E-02    0.1025238037109375E-02
   49    0.3964843750000000E-02    0.9318161010742188E-03
   50    0.2890625000000000E-02    0.1023406982421875E-02
   51   -0.7207031250000000E-02    0.1021080017089844E-02
   52    0.8007812500000000E-03    0.1019477844238281E-02
   53    0.2675781250000000E-02    0.1000785827636719E-02
   54    0.4960937500000000E-02    0.8404541015625000E-03
   55   -0.4628906250000000E-02    0.9453964233398438E-03
   56   -0.2167968750000000E-02    0.1145591735839844E-02
   57   -0.5976562500000000E-02    0.1087036132812500E-02
   58   -0.4902343750000000E-02    0.9009170532226562E-03
   59   -0.4882812500000000E-03    0.9477615356445312E-03
   60   -0.1875000000000000E-02    0.7735443115234375E-03
   61    0.1191406250000000E-02    0.9058761596679687E-03
   62   -0.1191406250000000E-02    0.1205863952636719E-02
   63    0.1406250000000000E-02    0.9068298339843750E-03
   64   -0.8984375000000000E-03    0.1170654296875000E-02
   65    0.2949218750000000E-02    0.9437179565429687E-03
   66   -0.2207031250000000E-02    0.1000404357910156E-02
   67   -0.4667968750000000E-02    0.1159553527832031E-02
   68   -0.8593750000000000E-03    0.9577941894531250E-03
   69    0.5078125000000000E-03    0.8872222900390625E-03
   70   -0.2500000000000000E-02    0.8213043212890625E-03
   71    0.1757812500000000E-03    0.9190750122070313E-03
   72   -0.6835937500000000E-03    0.1019096374511719E-02
   73    0.2031250000000000E-02    0.9075927734375000E-03
   74   -0.3378906250000000E-02    0.9464645385742188E-03
   75   -0.2441406250000000E-02    0.1016883850097656E-02
   76   -0.2050781250000000E-02    0.1052818298339844E-02
   77   -0.6250000000000000E-03    0.8832550048828125E-03
   78   -0.1738281250000000E-02    0.9085464477539062E-03
   79    0.4101562500000000E-03    0.1057624816894531E-02
   80    0.3613281250000000E-02    0.1071128845214844E-02
   81   -0.2089843750000000E-02    0.1071510314941406E-02
   82    0.2343750000000000E-03    0.1048660278320312E-02
   83    0.4609375000000000E-02    0.9674835205078125E-03
   84    0.3789062500000000E-02    0.1128768920898437E-02
   85    0.3515625000000000E-03    0.9081268310546875E-03
   86   -0.3203125000000000E-02    0.9563446044921875E-03
   87   -0.6640625000000000E-02    0.9907531738281251E-03
   88    0.2246093750000000E-02    0.9959030151367187E-03
   89    0.3125000000000000E-03    0.8645629882812499E-03
   90   -0.2050781250000000E-02    0.9869766235351563E-03
   91   -0.2597656250000000E-02    0.8099746704101563E-03
   92   -0.3984375000000000E-02    0.9288024902343750E-03
   93    0.5664062500000000E-03    0.1109275817871094E-02
   94   -0.1054687500000000E-02    0.8956909179687500E-03
   95   -0.4082031250000000E-02    0.1038093566894531E-02
   96   -0.2089843750000000E-02    0.9353256225585937E-03
   97   -0.3867187500000000E-02    0.1244125366210937E-02
   98    0.1582031250000000E-02    0.8278274536132812E-03
   99   -0.1601562500000000E-02    0.1127395629882813E-02
  100   -0.9179687499999999E-03    0.1387138366699219E-02
