# time =    0.4691
    0    0.1000000000000000E+01    0.1000000000000000E+01
    1    0.1874023437500000E+00    0.3600147247314453E-01
    2    0.4378906250000000E-01    0.2888412475585937E-02
    3    0.7441406250000000E-02    0.1091194152832031E-02
    4    0.5117187500000000E-02    0.9294128417968749E-03
    5   -0.4570312500000000E-02    0.8638000488281250E-03
    6    0.3339843750000000E-02    0.8275985717773437E-03
    7    0.2128906250000000E-02    0.7941055297851562E-03
    8    0.2480468750000000E-02    0.9503555297851562E-03
    9    0.3398437500000000E-02    0.7734680175781250E-03
   10    0.6640625000000000E-02    0.7625579833984375E-03
   11    0.2714843750000000E-02    0.1109352111816406E-02
   12   -0.5312500000000000E-02    0.8472442626953125E-03
   13    0.3964843750000000E-02    0.8506393432617188E-03
   14    0.4433593750000000E-02    0.8412551879882813E-03
   15   -0.1464843750000000E-02    0.1119270324707031E-02
   16   -0.1406250000000000E-02    0.8731842041015625E-03
   17   -0.1953125000000000E-03    0.1052703857421875E-02
   18    0.4199218750000000E-02    0.9569931030273438E-03
   19    0.4687500000000000E-02    0.8173370361328125E-03
   20    0.4101562500000000E-03    0.8251571655273438E-03
   21    0.6640625000000000E-03    0.7959747314453125E-03
   22    0.2500000000000000E-02    0.9062957763671875E-03
   23   -0.4570312500000000E-02    0.8791351318359375E-03
   24    0.4667968750000000E-02    0.9621810913085937E-03
   25    0.5527343750000000E-02    0.9705734252929688E-03
   26    0.2753906250000000E-02    0.7463455200195313E-03
   27   -0.3906250000000000E-04    0.1043395996093750E-02
   28   -0.7812500000000000E-04    0.1024093627929687E-02
   29   -0.2558593750000000E-02    0.9640121459960938E-03
   30   -0.1562500000000000E-03    0.6809997558593750E-03
   31   -0.1406250000000000E-02    0.8358001708984375E-03
   32    0.1757812500000000E-02    0.8077239990234375E-03
   33    0.1425781250000000E-02    0.9633255004882813E-03
   34   -0.1347656250000000E-02    0.8280563354492187E-03
   35   -0.1757812500000000E-03    0.1036949157714844E-02
   36   -0.1855468750000000E-02    0.1179618835449219E-02
   37   -0.5214843750000000E-02    0.1163597106933594E-02
   38   -0.3554687500000000E-02    0.7747650146484375E-03
   39    0.8593750000000000E-03    0.1212921142578125E-02
   40    0.4218750000000000E-02    0.1114807128906250E-02
   41    0.2773437500000000E-02    0.1164855957031250E-02
   42    0.4101562500000000E-03    0.1039390563964844E-02
   43   -0.3847656250000000E-02    0.8002090454101563E-03
   44   -0.2734375000000000E-02    0.7863616943359374E-03
   45   -0.2929687500000000E-03    0.1315269470214844E-02
   46    0.2539062500000000E-02    0.8784484863281250E-03
   47    0.1464843750000000E-02    0.1076011657714844E-02
   48   -0.1777343750000000E-02    0.1162071228027344E-02
   49   -0.2207031250000000E-02    0.1110801696777344E-02
   50   -0.1757812500000000E-02    0.1048431396484375E-02
   51    0.2148437500000000E-03    0.9029006958007812E-03
   52    0.1777343750000000E-02    0.1016044616699219E-02
   53   -0.2500000000000000E-02    0.8619689941406250E-03
   54   -0.7421875000000000E-03    0.6977844238281250E-03
   55   -0.1425781250000000E-02    0.8694839477539063E-03
   56   -0.5859375000000000E-04    0.7555007934570313E-03
   57    0.1875000000000000E-02    0.7122039794921875E-03
   58    0.8789062500000000E-03    0.7847976684570312E-03
   59   -0.1562500000000000E-03    0.9322357177734375E-03
   60    0.4257812500000000E-02    0.1096343994140625E-02
   61   -0.1796875000000000E-02    0.1079483032226563E-02
   62   -0.2734375000000000E-03    0.9680175781250000E-03
   63    0.1933593750000000E-02    0.1024360656738281E-02
   64   -0.3339843750000000E-02    0.1049690246582031E-02
   65    0.3242187500000000E-02    0.1049270629882813E-02
   66    0.1914062500000000E-02    0.1218338012695312E-02
   67   -0.1875000000000000E-02    0.1288375854492188E-02
   68   -0.3554687500000000E-02    0.1088027954101563E-02
   69   -0.1171875000000000E-02    0.1276931762695313E-02
   70    0.6640625000000000E-03    0.1004180908203125E-02
   71    0.3710937500000000E-03    0.1002082824707031E-02
   72   -0.2851562500000000E-02    0.7612609863281250E-03
   73    0.1269531250000000E-02    0.8285903930664063E-03
   74    0.0000000000000000E+00    0.8599090576171875E-03
   75    0.5097656250000000E-02    0.1028709411621094E-02
   76   -0.4296875000000000E-03    0.7301330566406250E-03
   77    0.3847656250000000E-02    0.1040687561035156E-02
   78    0.7285156250000000E-02    0.1134223937988281E-02
   79    0.2929687500000000E-03    0.9906387329101562E-03
   80    0.1972656250000000E-02    0.1123466491699219E-02
   81   -0.3144531250000000E-02    0.9463882446289063E-03
   82    0.4687500000000000E-03    0.9555816650390625E-03
   83   -0.5937500000000000E-02    0.7839965820312500E-03
   84   -0.3378906250000000E-02    0.9514236450195312E-03
   85    0.1347656250000000E-02    0.1145896911621094E-02
   86   -0.3632812500000000E-02    0.1199569702148437E-02
   87    0.1347656250000000E-02    0.8160781860351563E-03
   88    0.2636718750000000E-02    0.9921646118164062E-03
   89    0.3417968750000000E-02    0.8561325073242188E-03
   90   -0.3613281250000000E-02    0.1265830993652344E-02
   91    0.2734375000000000E-03    0.1091461181640625E-02
   92   -0.8398437500000000E-03    0.8590316772460937E-03
   93   -0.4667968750000000E-02    0.1098594665527344E-02
   94   -0.3359375000000000E-02    0.8181762695312500E-03
   95   -0.1015625000000000E-02    0.9634399414062500E-03
   96    0.4492187500000000E-03    0.1047401428222656E-02
   97   -0.2890625000000000E-02    0.1103057861328125E-02
   98    0.1269531250000000E-02    0.9017562866210937E-03
   99    0.2324218750000000E-02    0.8998489379882812E-03
  100   -0.5605468750000000E-02    0.9867477416992188E-03
