# time =    0.4764
    0    0.1000000000000000E+01    0.1000000000000000E+01
    1    0.2247460937500000E+00    0.5127841949462891E-01
    2    0.5873046875000000E-01    0.4354515075683594E-02
    3    0.1699218750000000E-01    0.1146545410156250E-02
    4    0.1064453125000000E-01    0.1059608459472656E-02
    5   -0.9570312500000000E-03    0.1294136047363281E-02
    6    0.4882812500000000E-03    0.9363937377929687E-03
    7    0.2988281250000000E-02    0.9999465942382812E-03
    8    0.1308593750000000E-02    0.9069442749023438E-03
    9   -0.9765625000000000E-03    0.1132507324218750E-02
   10    0.3320312500000000E-03    0.1105232238769531E-02
   11    0.4824218750000000E-02    0.1138572692871094E-02
   12    0.5625000000000000E-02    0.8459472656250000E-03
   13   -0.2539062500000000E-02    0.8303833007812500E-03
   14    0.9765625000000001E-04    0.7819747924804688E-03
   15    0.1093750000000000E-02    0.9659576416015625E-03
   16   -0.7812500000000000E-03    0.9854125976562500E-03
   17   -0.1542968750000000E-02    0.1264076232910156E-02
   18    0.3984375000000000E-02    0.7796478271484375E-03
   19    0.3242187500000000E-02    0.9349060058593750E-03
   20   -0.3437500000000000E-02    0.8676910400390625E-03
   21   -0.5527343750000000E-02    0.1076393127441406E-02
   22   -0.2480468750000000E-02    0.1141166687011719E-02
   23    0.5664062500000000E-03    0.9109115600585937E-03
   24   -0.4726562500000000E-02    0.1065521240234375E-02
   25   -0.3710937500000000E-03    0.8916091918945312E-03
   26    0.1464843750000000E-02    0.8021163940429688E-03
   27   -0.2148437500000000E-02    0.7987976074218750E-03
   28   -0.3906250000000000E-02    0.8272552490234376E-03
   29   -0.3886718750000000E-02    0.9027481079101563E-03
   30   -0.4882812500000000E-03    0.9011459350585937E-03
   31   -0.4316406250000000E-02    0.9415054321289063E-03
   32   -0.5937500000000000E-02    0.9171295166015625E-03
   33   -0.3007812500000000E-02    0.8890533447265625E-03
   34    0.5664062500000000E-03    0.9652328491210938E-03
   35   -0.4179687500000000E-02    0.9229278564453125E-03
   36   -0.3359375000000000E-02    0.1071319580078125E-02
   37   -0.3046875000000000E-02    0.8300018310546875E-03
   38   -0.9765625000000001E-04    0.7719039916992187E-03
   39    0.4902343750000000E-02    0.9434890747070313E-03
   40    0.2734375000000000E-03    0.8120727539062500E-03
   41    0.2324218750000000E-02    0.8393478393554688E-03
   42   -0.2011718750000000E-02    0.8813095092773438E-03
   43    0.1425781250000000E-02    0.1068000793457031E-02
   44    0.1484375000000000E-02    0.9349822998046875E-03
   45   -0.9765625000000001E-04    0.1142387390136719E-02
   46    0.5273437500000000E-02    0.9922027587890626E-03
   47    0.5566406250000000E-02    0.1238746643066406E-02
   48    0.2187500000000000E-02    0.9490966796875000E-03
   49   -0.2148437500000000E-02    0.1074218750000000E-02
   50   -0.3027343750000000E-02    0.1293754577636719E-02
   51   -0.6835937500000000E-03    0.8662796020507813E-03
   52   -0.1875000000000000E-02    0.9947967529296874E-03
   53   -0.1875000000000000E-02    0.1095504760742188E-02
   54    0.1054687500000000E-02    0.7515716552734375E-03
   55    0.0000000000000000E+00    0.8680725097656250E-03
   56   -0.6308593750000000E-02    0.8327102661132812E-03
   57   -0.5156250000000000E-02    0.9854125976562500E-03
   58   -0.1113281250000000E-02    0.1217460632324219E-02
   59   -0.3457031250000000E-02    0.1071586608886719E-02
   60    0.3515625000000000E-02    0.9310913085937500E-03
   61    0.1953125000000000E-02    0.8503723144531250E-03
   62   -0.3515625000000000E-03    0.9187316894531250E-03
   63   -0.5468750000000001E-03    0.1054840087890625E-02
   64    0.2421875000000000E-02    0.1017913818359375E-02
   65    0.5468750000000001E-03    0.1092987060546875E-02
   66    0.1367187500000000E-03    0.1174964904785156E-02
   67    0.1113281250000000E-02    0.1009330749511719E-02
   68    0.6640625000000000E-03    0.9442901611328125E-03
   69    0.3378906250000000E-02    0.8422470092773437E-03
   70   -0.2089843750000000E-02    0.9727859497070312E-03
   71   -0.4199218750000000E-02    0.9775924682617187E-03
   72   -0.1035156250000000E-01    0.1354904174804688E-02
   73   -0.2675781250000000E-02    0.8008956909179687E-03
   74   -0.7617187500000000E-03    0.9655380249023438E-03
   75   -0.5859375000000000E-04    0.1180229187011719E-02
   76   -0.1953125000000000E-02    0.9479522705078125E-03
   77   -0.3085937500000000E-02    0.1050643920898438E-02
   78    0.4882812500000000E-03    0.7381057739257813E-03
   79    0.9511718750000000E-02    0.1044502258300781E-02
   80   -0.5664062500000000E-03    0.8041000366210937E-03
   81   -0.1250000000000000E-02    0.1145019531250000E-02
   82    0.6054687500000000E-03    0.8504104614257813E-03
   83    0.8203125000000000E-03    0.8921813964843750E-03
   84   -0.2031250000000000E-02    0.9064483642578125E-03
   85    0.1289062500000000E-02    0.1034622192382813E-02
   86   -0.1328125000000000E-02    0.1056137084960938E-02
   87    0.3378906250000000E-02    0.1191139221191406E-02
   88    0.4160156250000000E-02    0.1265907287597656E-02
   89    0.7421875000000000E-03    0.9822082519531251E-03
   90    0.1289062500000000E-02    0.9511566162109375E-03
   91   -0.2695312500000000E-02    0.6604766845703124E-03
   92   -0.5566406250000000E-02    0.7112503051757812E-03
   93   -0.2988281250000000E-02    0.1045265197753906E-02
   94   -0.7929687499999999E-02    0.9734344482421875E-03
   95   -0.4492187500000000E-03    0.1065330505371094E-02
   96    0.8984375000000000E-03    0.1239471435546875E-02
   97    0.4121093750000000E-02    0.9455490112304688E-03
   98    0.4511718750000000E-02    0.9756088256835938E-03
   99    0.2773437500000000E-02    0.1006240844726562E-02
  100   -0.5078125000000000E-03    0.8061981201171875E-03
