# time =    0.4790
    0    0.1000000000000000E+01    0.1000000000000000E+01
    1    0.2343164062500000E+00    0.5559505462646484E-01
    2    0.6707031250000001E-01    0.5559692382812500E-02
    3    0.2332031250000000E-01    0.1365814208984375E-02
    4    0.8652343749999999E-02    0.8829879760742187E-03
    5    0.4140625000000000E-02    0.9315490722656250E-03
    6    0.7421875000000000E-03    0.9661102294921875E-03
    7   -0.1875000000000000E-02    0.9512329101562501E-03
    8   -0.1484375000000000E-02    0.1145095825195313E-02
    9   -0.4472656250000000E-02    0.9732437133789062E-03
   10   -0.2617187500000000E-02    0.1139297485351563E-02
   11   -0.1738281250000000E-02    0.9917068481445314E-03
   12   -0.3417968750000000E-02    0.8440780639648438E-03
   13   -0.3476562500000000E-02    0.8818817138671875E-03
   14   -0.4140625000000000E-02    0.1047515869140625E-02
   15    0.1542968750000000E-02    0.9017562866210937E-03
   16   -0.5175781250000000E-02    0.9175491333007813E-03
   17   -0.6093750000000000E-02    0.1183853149414062E-02
   18    0.3925781250000000E-02    0.9261703491210937E-03
   19   -0.4296875000000000E-03    0.7793426513671875E-03
   20    0.1835937500000000E-02    0.1024627685546875E-02
   21    0.1562500000000000E-02    0.8638000488281250E-03
   22    0.2207031250000000E-02    0.9437942504882812E-03
   23   -0.6250000000000000E-03    0.9532165527343750E-03
   24   -0.6621093750000000E-02    0.8791732788085937E-03
   25   -0.3906250000000000E-03    0.8010864257812500E-03
   26    0.5332031250000000E-02    0.9975814819335937E-03
   27    0.4062500000000000E-02    0.8980560302734375E-03
   28   -0.3242187500000000E-02    0.7930755615234375E-03
   29    0.1914062500000000E-02    0.9307098388671875E-03
   30    0.1367187500000000E-03    0.1081962585449219E-02
   31    0.2792968750000000E-02    0.1053428649902344E-02
   32   -0.1191406250000000E-02    0.7378005981445312E-03
   33    0.3437500000000000E-02    0.1115646362304687E-02
   34   -0.2343750000000000E-03    0.8007049560546875E-03
   35   -0.7812500000000000E-03    0.8881378173828125E-03
   36    0.2363281250000000E-02    0.8956527709960937E-03
   37    0.7187500000000000E-02    0.1149749755859375E-02
   38    0.2128906250000000E-02    0.9650802612304688E-03
   39    0.2343750000000000E-02    0.9556579589843750E-03
   40    0.3710937500000000E-02    0.1098022460937500E-02
   41    0.3144531250000000E-02    0.1097755432128906E-02
   42    0.2578125000000000E-02    0.7540893554687500E-03
   43   -0.4277343750000000E-02    0.1039009094238281E-02
   44   -0.3125000000000000E-03    0.9098052978515625E-03
   45   -0.4101562500000000E-03    0.1236228942871094E-02
   46   -0.6835937500000000E-03    0.9016036987304687E-03
   47    0.1582031250000000E-02    0.7647323608398437E-03
   48    0.4550781250000000E-02    0.1101646423339844E-02
   49    0.4863281250000000E-02    0.7380294799804687E-03
   50   -0.2812500000000000E-02    0.9297180175781250E-03
   51   -0.2988281250000000E-02    0.8526229858398437E-03
   52    0.2167968750000000E-02    0.7887649536132813E-03
   53    0.1757812500000000E-03    0.1187477111816406E-02
   54   -0.2421875000000000E-02    0.9738159179687500E-03
   55   -0.5234375000000000E-02    0.1080017089843750E-02
   56    0.8593750000000000E-03    0.9989929199218750E-03
   57    0.1328125000000000E-02    0.8233642578125000E-03
   58    0.1210937500000000E-02    0.8268737792968750E-03
   59    0.2929687500000000E-03    0.1031761169433594E-02
   60   -0.3906250000000000E-04    0.1104049682617188E-02
   61    0.2636718750000000E-02    0.9293746948242187E-03
   62    0.3320312500000000E-02    0.8007049560546875E-03
   63    0.2773437500000000E-02    0.8316040039062500E-03
   64    0.1015625000000000E-02    0.8731842041015625E-03
   65    0.1093750000000000E-02    0.9565734863281250E-03
   66    0.3613281250000000E-02    0.9817886352539063E-03
   67   -0.3046875000000000E-02    0.1183471679687500E-02
   68   -0.3125000000000000E-02    0.1060867309570313E-02
   69    0.1308593750000000E-02    0.1158485412597656E-02
   70    0.2871093750000000E-02    0.7022476196289063E-03
   71    0.5195312500000000E-02    0.9370422363281249E-03
   72   -0.1093750000000000E-02    0.1154556274414063E-02
   73   -0.2617187500000000E-02    0.1060867309570313E-02
   74   -0.5664062500000000E-03    0.8028793334960937E-03
   75   -0.2441406250000000E-02    0.9585189819335938E-03
   76   -0.2265625000000000E-02    0.1076583862304688E-02
   77    0.2597656250000000E-02    0.8780288696289062E-03
   78   -0.4101562500000000E-03    0.9881973266601563E-03
   79    0.3632812500000000E-02    0.1118164062500000E-02
   80    0.1191406250000000E-02    0.1203422546386719E-02
   81    0.5859375000000000E-03    0.1164398193359375E-02
   82    0.2890625000000000E-02    0.1047363281250000E-02
   83    0.1621093750000000E-02    0.1086845397949219E-02
   84    0.2714843750000000E-02    0.8526229858398437E-03
   85    0.3125000000000000E-02    0.9461212158203125E-03
   86   -0.5078125000000000E-03    0.1061706542968750E-02
   87   -0.5273437500000000E-02    0.1230392456054688E-02
   88   -0.2050781250000000E-02    0.9586715698242188E-03
   89   -0.3457031250000000E-02    0.1096534729003906E-02
   90    0.1875000000000000E-02    0.1044464111328125E-02
   91    0.1093750000000000E-02    0.1102142333984375E-02
   92   -0.3417968750000000E-02    0.9578323364257813E-03
   93    0.5859375000000000E-04    0.8604812622070312E-03
   94   -0.3593750000000000E-02    0.9199523925781250E-03
   95   -0.3300781250000000E-02    0.8441543579101562E-03
   96   -0.3984375000000000E-02    0.8874511718749999E-03
   97    0.8710937500000000E-02    0.1060485839843750E-02
   98    0.8593750000000000E-03    0.1013031005859375E-02
   99   -0.1113281250000000E-02    0.6512069702148438E-03
  100   -0.2949218750000000E-02    0.7572555541992187E-03
