# time =    0.4739
    0    0.1000000000000000E+01    0.1000000000000000E+01
    1    0.2078710937500000E+00    0.4417209625244141E-01
    2    0.4443359375000000E-01    0.2918434143066406E-02
    3    0.6816406250000000E-02    0.1020774841308594E-02
    4    0.2792968750000000E-02    0.1050605773925781E-02
    5    0.2597656250000000E-02    0.1061973571777344E-02
    6   -0.3535156250000000E-02    0.8676528930664062E-03
    7    0.7812500000000000E-04    0.1038970947265625E-02
    8    0.8789062500000000E-03    0.8671951293945313E-03
    9    0.3437500000000000E-02    0.1119232177734375E-02
   10    0.2382812500000000E-02    0.1359329223632812E-02
   11    0.8593750000000000E-03    0.1040344238281250E-02
   12    0.2558593750000000E-02    0.7668685913085938E-03
   13    0.4648437500000000E-02    0.8214569091796875E-03
   14   -0.3710937500000000E-03    0.1363258361816406E-02
   15    0.1171875000000000E-02    0.9958648681640625E-03
   16   -0.1542968750000000E-02    0.1057167053222656E-02
   17   -0.3710937500000000E-03    0.1092491149902344E-02
   18   -0.2851562500000000E-02    0.1128234863281250E-02
   19   -0.4316406250000000E-02    0.9794235229492188E-03
   20   -0.1171875000000000E-03    0.7876586914062500E-03
   21   -0.8828124999999999E-02    0.9993743896484376E-03
   22   -0.2812500000000000E-02    0.8512878417968750E-03
   23    0.3964843750000000E-02    0.1181678771972656E-02
   24    0.1953125000000000E-02    0.9363555908203125E-03
   25    0.2792968750000000E-02    0.1000556945800781E-02
   26    0.8144531250000000E-02    0.1031379699707031E-02
   27   -0.2070312500000000E-02    0.1117248535156250E-02
   28   -0.6132812500000000E-02    0.1162490844726563E-02
   29    0.1953125000000000E-04    0.1167564392089844E-02
   30    0.1386718750000000E-02    0.1072502136230469E-02
   31   -0.4160156250000000E-02    0.7818222045898437E-03
   32   -0.2617187500000000E-02    0.9148406982421875E-03
   33   -0.3652343750000000E-02    0.9325027465820312E-03
   34   -0.3632812500000000E-02    0.8245849609375000E-03
   35    0.0000000000000000E+00    0.9957122802734374E-03
   36   -0.4296875000000000E-02    0.7811737060546875E-03
   37    0.3281250000000000E-02    0.1314392089843750E-02
   38    0.4414062500000000E-02    0.9978485107421874E-03
   39    0.1816406250000000E-02    0.1088294982910156E-02
   40   -0.5058593750000000E-02    0.1002082824707031E-02
   41   -0.3984375000000000E-02    0.1021270751953125E-02
   42   -0.3320312500000000E-03    0.1029243469238281E-02
   43   -0.1660156250000000E-02    0.9724807739257813E-03
   44    0.1972656250000000E-02    0.8964920043945312E-03
   45    0.7128906250000000E-02    0.1135368347167969E-02
   46   -0.7226562500000000E-03    0.9135055541992187E-03
   47    0.3906250000000000E-04    0.7675933837890625E-03
   48    0.3378906250000000E-02    0.9778976440429688E-03
   49   -0.3515625000000000E-03    0.9255218505859375E-03
   50    0.3320312500000000E-03    0.1297035217285156E-02
   51    0.3945312500000000E-02    0.5973052978515625E-03
   52   -0.6289062500000000E-02    0.1032638549804687E-02
   53   -0.3593750000000000E-02    0.9149932861328126E-03
   54   -0.5078125000000000E-02    0.8491516113281250E-03
   55   -0.2207031250000000E-02    0.1061897277832031E-02
   56    0.1171875000000000E-03    0.1018524169921875E-02
   57   -0.3671875000000000E-02    0.1130905151367187E-02
   58   -0.2480468750000000E-02    0.6241989135742187E-03
   59   -0.4003906250000000E-02    0.7985305786132813E-03
   60    0.1328125000000000E-02    0.8364105224609375E-03
   61    0.2031250000000000E-02    0.8789825439453125E-03
   62    0.4101562500000000E-03    0.8572006225585938E-03
   63   -0.3671875000000000E-02    0.1196670532226562E-02
   64    0.4492187500000000E-02    0.9381866455078125E-03
   65    0.1074218750000000E-02    0.1006813049316406E-02
   66    0.6054687500000000E-03    0.1207771301269531E-02
   67    0.4296875000000000E-03    0.1080245971679688E-02
   68    0.1171875000000000E-02    0.9461975097656250E-03
   69   -0.4082031250000000E-02    0.9773635864257812E-03
   70   -0.1601562500000000E-02    0.1089324951171875E-02
   71   -0.1953125000000000E-02    0.7628631591796875E-03
   72    0.2949218750000000E-02    0.1332817077636719E-02
   73    0.3125000000000000E-03    0.1047286987304688E-02
   74   -0.1875000000000000E-02    0.1017532348632813E-02
   75   -0.6054687500000000E-03    0.9421157836914062E-03
   76    0.5410156250000000E-02    0.1028709411621094E-02
   77    0.8027343750000001E-02    0.1321678161621094E-02
   78   -0.2734375000000000E-02    0.8693695068359375E-03
   79   -0.5644531250000000E-02    0.8110427856445313E-03
   80    0.3554687500000000E-02    0.5967712402343750E-03
   81    0.5878906250000000E-02    0.8874893188476563E-03
   82    0.8476562500000000E-02    0.1017913818359375E-02
   83    0.3339843750000000E-02    0.1058464050292969E-02
   84    0.6484375000000000E-02    0.1025848388671875E-02
   85    0.2636718750000000E-02    0.8995437622070313E-03
   86    0.1250000000000000E-02    0.1064300537109375E-02
   87   -0.4492187500000000E-02    0.8683013916015625E-03
   88   -0.1640625000000000E-02    0.1080703735351563E-02
   89    0.3281250000000000E-02    0.1028442382812500E-02
   90    0.1523437500000000E-02    0.9713745117187499E-03
   91    0.1425781250000000E-02    0.9177780151367188E-03
   92    0.2148437500000000E-03    0.1054954528808594E-02
   93    0.6113281250000000E-02    0.8504867553710937E-03
   94    0.2617187500000000E-02    0.1211547851562500E-02
   95    0.2734375000000000E-02    0.1133270263671875E-02
   96   -0.4531250000000000E-02    0.8996582031250000E-03
   97   -0.4941406250000000E-02    0.9206771850585937E-03
   98    0.1425781250000000E-02    0.9403610229492187E-03
   99    0.9765625000000001E-04    0.1088523864746094E-02
  100    0.9765625000000000E-03    0.9169769287109375E-03
