# time =    0.4544
    0    0.1000000000000000E+01    0.1000000000000000E+01
    1    0.2924218750000000E+00    0.8630653381347657E-01
    2    0.1147070312500000E+00    0.1423343658447266E-01
    3    0.5132812500000000E-01    0.3415908813476563E-02
    4    0.3048828125000000E-01    0.1894111633300781E-02
    5    0.1472656250000000E-01    0.9936523437500001E-03
    6    0.9707031250000000E-02    0.9028244018554687E-03
    7    0.2675781250000000E-02    0.9136581420898437E-03
    8   -0.9960937500000000E-03    0.8839035034179688E-03
    9    0.3691406250000000E-02    0.1007347106933594E-02
   10    0.1855468750000000E-02    0.1176719665527344E-02
   11    0.3320312500000000E-03    0.1006126403808594E-02
   12   -0.4667968750000000E-02    0.1012535095214844E-02
   13   -0.5468750000000001E-03    0.9984588623046875E-03
   14   -0.1503906250000000E-02    0.7918930053710938E-03
   15    0.5468750000000001E-03    0.1003494262695313E-02
   16    0.2968750000000000E-02    0.1186523437500000E-02
   17   -0.2460937500000000E-02    0.8907318115234375E-03
   18   -0.5390625000000000E-02    0.9798431396484376E-03
   19   -0.9375000000000000E-03    0.7426452636718750E-03
   20   -0.2324218750000000E-02    0.1058006286621094E-02
   21   -0.2929687500000000E-02    0.1038513183593750E-02
   22   -0.2929687500000000E-02    0.1187438964843750E-02
   23    0.3710937500000000E-03    0.8191299438476562E-03
   24    0.5664062500000000E-03    0.7300186157226563E-03
   25   -0.4492187500000000E-03    0.8567428588867188E-03
   26   -0.2929687500000000E-02    0.8166503906250000E-03
   27   -0.3886718750000000E-02    0.8593368530273438E-03
   28   -0.5058593750000000E-02    0.1380195617675781E-02
   29    0.4101562500000000E-03    0.7694625854492188E-03
   30   -0.6484375000000000E-02    0.8424377441406250E-03
   31   -0.8007812500000000E-03    0.7883834838867187E-03
   32   -0.2656250000000000E-02    0.9237670898437500E-03
   33   -0.3691406250000000E-02    0.1045722961425781E-02
   34    0.2460937500000000E-02    0.1064529418945313E-02
   35   -0.2343750000000000E-02    0.1184387207031250E-02
   36    0.1953125000000000E-03    0.1083526611328125E-02
   37    0.3027343750000000E-02    0.9182357788085938E-03
   38   -0.2500000000000000E-02    0.9487152099609375E-03
   39   -0.5429687500000000E-02    0.8742523193359375E-03
   40   -0.3027343750000000E-02    0.8562850952148437E-03
   41   -0.9765625000000000E-03    0.8967590332031250E-03
   42   -0.2109375000000000E-02    0.8249664306640625E-03
   43    0.7812500000000000E-03    0.1073074340820313E-02
   44   -0.4902343750000000E-02    0.1207084655761719E-02
   45   -0.3710937500000000E-02    0.1013717651367188E-02
   46   -0.1093750000000000E-02    0.6932067871093750E-03
   47   -0.2050781250000000E-02    0.9946060180664063E-03
   48   -0.4550781250000000E-02    0.9187698364257812E-03
   49   -0.2207031250000000E-02    0.8720779418945313E-03
   50    0.1582031250000000E-02    0.1134681701660156E-02
   51   -0.3535156250000000E-02    0.1092033386230469E-02
   52   -0.1308593750000000E-02    0.9886550903320313E-03
   53   -0.1425781250000000E-02    0.9044265747070313E-03
   54    0.1542968750000000E-02    0.8620071411132812E-03
   55   -0.2382812500000000E-02    0.8499908447265625E-03
   56    0.4863281250000000E-02    0.8755874633789063E-03
   57    0.7226562500000000E-03    0.8755874633789063E-03
   58   -0.1132812500000000E-02    0.8509063720703125E-03
   59    0.2929687500000000E-03    0.8289718627929688E-03
   60   -0.1230468750000000E-02    0.9211349487304687E-03
   61    0.4414062500000000E-02    0.8007812500000000E-03
   62    0.3886718750000000E-02    0.9061050415039063E-03
   63    0.1972656250000000E-02    0.1097068786621094E-02
   64   -0.2968750000000000E-02    0.1161117553710937E-02
   65   -0.7617187500000000E-03    0.9801101684570313E-03
   66    0.5273437500000000E-03    0.1123466491699219E-02
   67   -0.1718750000000000E-02    0.9918975830078124E-03
   68   -0.3886718750000000E-02    0.8427810668945313E-03
   69   -0.2578125000000000E-02    0.8375549316406250E-03
   70   -0.4121093750000000E-02    0.8474349975585938E-03
   71   -0.3886718750000000E-02    0.9946060180664063E-03
   72   -0.8789062500000000E-02    0.1005249023437500E-02
   73    0.9765625000000000E-03    0.9004974365234375E-03
   74   -0.1542968750000000E-02    0.1214637756347656E-02
   75    0.2675781250000000E-02    0.8385086059570313E-03
   76   -0.8398437500000000E-03    0.1058082580566406E-02
   77   -0.1191406250000000E-02    0.9923171997070312E-03
   78   -0.1230468750000000E-02    0.9679031372070312E-03
   79    0.2675781250000000E-02    0.8534622192382812E-03
   80    0.1953125000000000E-03    0.7810974121093750E-03
   81   -0.3730468750000000E-02    0.1087532043457031E-02
   82   -0.3300781250000000E-02    0.8022689819335938E-03
   83   -0.2070312500000000E-02    0.8742523193359375E-03
   84    0.3574218750000000E-02    0.1509284973144531E-02
   85    0.9179687499999999E-03    0.9428787231445312E-03
   86    0.4082031250000000E-02    0.1211204528808594E-02
   87    0.7421875000000000E-03    0.1089935302734375E-02
   88    0.1562500000000000E-02    0.1018753051757813E-02
   89    0.8593750000000000E-03    0.1005630493164063E-02
   90   -0.3906250000000000E-02    0.9216308593750000E-03
   91   -0.2480468750000000E-02    0.1038093566894531E-02
   92   -0.1796875000000000E-02    0.7115173339843750E-03
   93    0.1816406250000000E-02    0.9284591674804687E-03
   94    0.1640625000000000E-02    0.1163635253906250E-02
   95    0.7167968750000000E-02    0.9246444702148437E-03
   96   -0.6445312500000000E-03    0.1070594787597656E-02
   97    0.1562500000000000E-02    0.7943725585937500E-03
   98    0.3222656250000000E-02    0.1070594787597656E-02
   99    0.2402343750000000E-02    0.1014060974121094E-02
  100    0.2851562500000000E-02    0.9588623046875001E-03
