# time =    0.4782
    0    0.1000000000000000E+01    0.1000000000000000E+01
    1    0.2291796875000000E+00    0.5346817016601563E-01
    2    0.6732421875000000E-01    0.5655326843261719E-02
    3    0.2689453125000000E-01    0.1729545593261719E-02
    4    0.4980468750000000E-02    0.1025733947753906E-02
    5   -0.4570312500000000E-02    0.1025009155273437E-02
    6    0.2910156250000000E-02    0.7589340209960937E-03
    7    0.1367187500000000E-02    0.1036376953125000E-02
    8    0.5468750000000001E-03    0.1069107055664062E-02
    9   -0.9765625000000001E-04    0.1075325012207031E-02
   10   -0.1582031250000000E-02    0.9431838989257812E-03
   11   -0.6562500000000000E-02    0.9672546386718750E-03
   12    0.6835937500000000E-03    0.9950637817382813E-03
   13   -0.1386718750000000E-02    0.9723281860351562E-03
   14   -0.1035156250000000E-02    0.1069908142089844E-02
   15   -0.2675781250000000E-02    0.1018714904785156E-02
   16    0.2324218750000000E-02    0.8350753784179687E-03
   17   -0.3203125000000000E-02    0.1315383911132812E-02
   18    0.1425781250000000E-02    0.1160697937011719E-02
   19   -0.8789062500000000E-03    0.8324050903320313E-03
   20   -0.5859375000000000E-04    0.9540939331054688E-03
   21   -0.2148437500000000E-03    0.8918380737304687E-03
   22   -0.1562500000000000E-02    0.8773040771484375E-03
   23   -0.5097656250000000E-02    0.1137275695800781E-02
   24   -0.1601562500000000E-02    0.1088714599609375E-02
   25   -0.1972656250000000E-02    0.1055793762207031E-02
   26    0.4316406250000000E-02    0.1045722961425781E-02
   27    0.2460937500000000E-02    0.1208877563476562E-02
   28   -0.4667968750000000E-02    0.9614181518554688E-03
   29    0.1796875000000000E-02    0.1155624389648437E-02
   30   -0.2148437500000000E-03    0.1035728454589844E-02
   31   -0.2695312500000000E-02    0.1071701049804687E-02
   32   -0.2578125000000000E-02    0.9880828857421874E-03
   33   -0.5664062500000000E-03    0.8235549926757812E-03
   34    0.1308593750000000E-02    0.9495162963867187E-03
   35    0.1738281250000000E-02    0.1155204772949219E-02
   36   -0.2187500000000000E-02    0.1038589477539062E-02
   37    0.6523437500000000E-02    0.1019897460937500E-02
   38    0.1093750000000000E-02    0.8098602294921875E-03
   39   -0.1953125000000000E-03    0.8418273925781250E-03
   40   -0.8789062500000000E-03    0.1215324401855469E-02
   41    0.1269531250000000E-02    0.8361434936523437E-03
   42    0.6289062500000000E-02    0.9938049316406249E-03
   43   -0.2402343750000000E-02    0.1072044372558594E-02
   44   -0.1191406250000000E-02    0.8961868286132813E-03
   45   -0.7792968750000000E-02    0.1010704040527344E-02
   46   -0.3339843750000000E-02    0.1070976257324219E-02
   47   -0.3906250000000000E-03    0.9471130371093750E-03
   48    0.1718750000000000E-02    0.1020278930664062E-02
   49   -0.1738281250000000E-02    0.1197547912597656E-02
   50   -0.9179687499999999E-03    0.9023666381835938E-03
   51   -0.3242187500000000E-02    0.1050720214843750E-02
   52   -0.1523437500000000E-02    0.1224136352539062E-02
   53   -0.5156250000000000E-02    0.8167266845703125E-03
   54   -0.1855468750000000E-02    0.9358596801757813E-03
   55    0.1210937500000000E-02    0.1044464111328125E-02
   56    0.1757812500000000E-03    0.1157646179199219E-02
   57   -0.9960937500000000E-03    0.1141242980957031E-02
   58   -0.1347656250000000E-02    0.8576583862304688E-03
   59    0.7226562500000000E-03    0.1127586364746094E-02
   60    0.3515625000000000E-02    0.1068725585937500E-02
   61    0.1132812500000000E-02    0.1057739257812500E-02
   62    0.5585937500000000E-02    0.8411407470703125E-03
   63    0.1855468750000000E-02    0.8097457885742188E-03
   64    0.0000000000000000E+00    0.1059417724609375E-02
   65   -0.1367187500000000E-03    0.7932662963867187E-03
   66    0.3984375000000000E-02    0.1105422973632812E-02
   67   -0.5273437500000000E-03    0.1224021911621094E-02
   68    0.1542968750000000E-02    0.9044265747070313E-03
   69    0.7050781250000000E-02    0.9508895874023438E-03
   70    0.5859375000000000E-03    0.1012191772460937E-02
   71    0.2539062500000000E-02    0.1128921508789062E-02
   72    0.5468750000000001E-03    0.1230621337890625E-02
   73    0.4296875000000000E-03    0.8994293212890625E-03
   74    0.6445312500000000E-03    0.1000022888183594E-02
   75    0.2558593750000000E-02    0.9368515014648438E-03
   76    0.1074218750000000E-02    0.8784103393554688E-03
   77   -0.3242187500000000E-02    0.8606719970703125E-03
   78   -0.7421875000000000E-03    0.8592987060546875E-03
   79    0.9375000000000000E-03    0.9056854248046875E-03
   80   -0.8398437500000000E-03    0.9478378295898437E-03
   81   -0.2695312500000000E-02    0.1070175170898438E-02
   82   -0.5156250000000000E-02    0.9819793701171876E-03
   83    0.5957031250000000E-02    0.7572555541992187E-03
   84    0.2832031250000000E-02    0.8031082153320313E-03
   85    0.2050781250000000E-02    0.9248733520507812E-03
   86   -0.1972656250000000E-02    0.1026649475097656E-02
   87   -0.2617187500000000E-02    0.8774566650390625E-03
   88   -0.4667968750000000E-02    0.1102333068847656E-02
   89    0.4218750000000000E-02    0.7921600341796875E-03
   90    0.4472656250000000E-02    0.8974075317382812E-03
   91    0.5449218750000000E-02    0.1161537170410156E-02
   92   -0.2343750000000000E-03    0.1051483154296875E-02
   93    0.4238281250000000E-02    0.1223258972167969E-02
   94    0.4218750000000000E-02    0.1013641357421875E-02
   95   -0.2949218750000000E-02    0.8239364624023438E-03
   96   -0.7617187500000000E-03    0.1148185729980469E-02
   97   -0.3574218750000000E-02    0.1025810241699219E-02
   98   -0.3515625000000000E-03    0.1067581176757813E-02
   99   -0.3574218750000000E-02    0.6515121459960937E-03
  100   -0.5156250000000000E-02    0.1179809570312500E-02
