# time =    0.4277
    0    0.1000000000000000E+01    0.1000000000000000E+01
    1    0.3912304687500000E+00    0.1538977432250977E+00
    2    0.1779101562500000E+00    0.3277416229248047E-01
    3    0.9560546875000001E-01    0.1026905059814453E-01
    4    0.5826171875000000E-01    0.4421348571777344E-02
    5    0.3619140625000000E-01    0.2462730407714844E-02
    6    0.2820312500000000E-01    0.1887817382812500E-02
    7    0.1820312500000000E-01    0.1430130004882812E-02
    8    0.1183593750000000E-01    0.1008605957031250E-02
    9    0.6992187500000000E-02    0.1055526733398437E-02
   10    0.6796875000000000E-02    0.1087570190429688E-02
   11    0.1191406250000000E-02    0.8048629760742188E-03
   12   -0.6132812500000000E-02    0.8837127685546875E-03
   13   -0.5742187500000000E-02    0.8980560302734375E-03
   14   -0.7519531250000000E-02    0.1002845764160156E-02
   15   -0.4335937500000000E-02    0.8894348144531250E-03
   16   -0.5332031250000000E-02    0.7810592651367188E-03
   17   -0.5937500000000000E-02    0.8512115478515624E-03
   18   -0.6425781250000000E-02    0.7959365844726563E-03
   19   -0.3886718750000000E-02    0.7913589477539062E-03
   20   -0.3496093750000000E-02    0.9489822387695313E-03
   21   -0.3906250000000000E-02    0.7359313964843750E-03
   22   -0.2304687500000000E-02    0.1042098999023438E-02
   23    0.1171875000000000E-03    0.8776092529296875E-03
   24   -0.2519531250000000E-02    0.9279251098632812E-03
   25   -0.1757812500000000E-02    0.9717559814453125E-03
   26    0.2226562500000000E-02    0.8916473388671875E-03
   27   -0.1582031250000000E-02    0.9516525268554687E-03
   28   -0.4863281250000000E-02    0.1017494201660156E-02
   29   -0.5351562500000000E-02    0.9327697753906250E-03
   30   -0.9042968750000000E-02    0.9355545043945312E-03
   31   -0.5214843750000000E-02    0.7999801635742188E-03
   32   -0.9960937499999999E-02    0.9222412109375000E-03
   33   -0.2265625000000000E-02    0.1004714965820312E-02
   34    0.3398437500000000E-02    0.1030349731445313E-02
   35    0.1347656250000000E-02    0.7895278930664062E-03
   36    0.5273437500000000E-03    0.9096908569335937E-03
   37   -0.1074218750000000E-02    0.1045265197753906E-02
   38    0.4492187500000000E-03    0.8014297485351563E-03
   39   -0.1816406250000000E-02    0.1041755676269531E-02
   40   -0.5546875000000000E-02    0.8388519287109375E-03
   41   -0.3769531250000000E-02    0.1126213073730469E-02
   42   -0.1679687500000000E-02    0.1034851074218750E-02
   43   -0.3710937500000000E-03    0.1119956970214844E-02
   44    0.3906250000000000E-02    0.1217956542968750E-02
   45   -0.2695312500000000E-02    0.8946228027343750E-03
   46   -0.2324218750000000E-02    0.8059310913085938E-03
   47    0.1621093750000000E-02    0.7831192016601562E-03
   48    0.2519531250000000E-02    0.8727645874023437E-03
   49   -0.1953125000000000E-03    0.1198577880859375E-02
   50   -0.1328125000000000E-02    0.1054611206054687E-02
   51    0.9179687499999999E-03    0.1051445007324219E-02
   52    0.4492187500000000E-02    0.1116714477539063E-02
   53    0.5625000000000000E-02    0.1165237426757812E-02
   54    0.5351562500000000E-02    0.8973693847656250E-03
   55    0.2988281250000000E-02    0.1066322326660156E-02
   56    0.3437500000000000E-02    0.1131515502929688E-02
   57   -0.4101562500000000E-03    0.1101722717285156E-02
   58    0.3027343750000000E-02    0.1070976257324219E-02
   59    0.1093750000000000E-02    0.1097793579101562E-02
   60   -0.6250000000000000E-03    0.9812164306640626E-03
   61   -0.2363281250000000E-02    0.1022529602050781E-02
   62   -0.3242187500000000E-02    0.8261108398437500E-03
   63    0.5273437500000000E-03    0.1109046936035156E-02
   64    0.1347656250000000E-02    0.1136360168457031E-02
   65    0.3085937500000000E-02    0.1002731323242188E-02
   66   -0.9960937500000000E-03    0.8893966674804688E-03
   67   -0.3906250000000000E-04    0.9520721435546875E-03
   68   -0.7812500000000000E-04    0.8840942382812500E-03
   69   -0.1132812500000000E-02    0.9278869628906250E-03
   70   -0.1757812500000000E-02    0.9757995605468750E-03
   71    0.4316406250000000E-02    0.1004524230957031E-02
   72    0.3515625000000000E-03    0.8311462402343750E-03
   73   -0.1699218750000000E-02    0.9189987182617187E-03
   74    0.5273437500000000E-03    0.9231185913085938E-03
   75    0.1953125000000000E-03    0.1082992553710937E-02
   76    0.5019531250000000E-02    0.9869003295898437E-03
   77    0.9335937500000000E-02    0.9278869628906250E-03
   78    0.4160156250000000E-02    0.1018714904785156E-02
   79    0.4179687500000000E-02    0.8612060546875000E-03
   80    0.3046875000000000E-02    0.9107971191406250E-03
   81   -0.1269531250000000E-02    0.9801864624023437E-03
   82   -0.2539062500000000E-03    0.1075630187988281E-02
   83    0.1953125000000000E-03    0.9733581542968750E-03
   84    0.2539062500000000E-03    0.9117507934570312E-03
   85    0.2734375000000000E-02    0.8274078369140625E-03
   86    0.2460937500000000E-02    0.8983612060546875E-03
   87    0.4453125000000000E-02    0.9610748291015625E-03
   88   -0.3105468750000000E-02    0.1237678527832031E-02
   89    0.5273437500000000E-03    0.9295272827148437E-03
   90   -0.1894531250000000E-02    0.1183662414550781E-02
   91    0.3164062500000000E-02    0.9080505371093750E-03
   92    0.2753906250000000E-02    0.8497238159179688E-03
   93   -0.2910156250000000E-02    0.9901046752929688E-03
   94   -0.5429687500000000E-02    0.1005249023437500E-02
   95    0.4433593750000000E-02    0.8731460571289062E-03
   96   -0.1250000000000000E-02    0.8195495605468750E-03
   97   -0.2656250000000000E-02    0.1053848266601562E-02
   98   -0.2734375000000000E-03    0.8367919921875001E-03
   99   -0.7617187500000000E-02    0.1089324951171875E-02
  100   -0.4492187500000000E-03    0.9359359741210937E-03
