# time =    0.4095
    0    0.1000000000000000E+01    0.1000000000000000E+01
    1    0.3844726562500000E+00    0.1485306930541992E+00
    2    0.2365429687500000E+00    0.5681606292724609E-01
    3    0.1827343750000000E+00    0.3426689147949219E-01
    4    0.1527734375000000E+00    0.2415412902832031E-01
    5    0.1320507812500000E+00    0.1809970855712890E-01
    6    0.1187109375000000E+00    0.1471778869628906E-01
    7    0.1102148437500000E+00    0.1280666351318359E-01
    8    0.1033789062500000E+00    0.1141307830810547E-01
    9    0.9566406249999999E-01    0.9926147460937500E-02
   10    0.9048828125000000E-01    0.9102363586425782E-02
   11    0.8419921875000000E-01    0.7950553894042969E-02
   12    0.8277343750000000E-01    0.7723922729492187E-02
   13    0.7974609375000000E-01    0.7322044372558594E-02
   14    0.7611328125000000E-01    0.6862068176269531E-02
   15    0.7230468750000001E-01    0.6199188232421875E-02
   16    0.7037109375000000E-01    0.5914955139160156E-02
   17    0.6906250000000000E-01    0.5668334960937500E-02
   18    0.6625000000000000E-01    0.5254821777343750E-02
   19    0.6541015625000000E-01    0.5251502990722657E-02
   20    0.6349609375000000E-01    0.4835319519042969E-02
   21    0.6072265625000000E-01    0.4440422058105469E-02
   22    0.6062500000000000E-01    0.4471206665039062E-02
   23    0.5785156250000000E-01    0.4105224609375000E-02
   24    0.5681640625000000E-01    0.3909568786621093E-02
   25    0.5597656250000000E-01    0.3880920410156250E-02
   26    0.5501953125000000E-01    0.3776969909667969E-02
   27    0.5498046875000000E-01    0.3784828186035156E-02
   28    0.5345703125000000E-01    0.3627052307128906E-02
   29    0.5111328125000000E-01    0.3359413146972656E-02
   30    0.5083984375000000E-01    0.3383369445800781E-02
   31    0.5078125000000000E-01    0.3366088867187500E-02
   32    0.4853515625000000E-01    0.3213920593261719E-02
   33    0.4916015625000000E-01    0.3336219787597656E-02
   34    0.4835937500000000E-01    0.3185195922851563E-02
   35    0.4812500000000000E-01    0.3164825439453125E-02
   36    0.4746093750000000E-01    0.3167953491210938E-02
   37    0.4687500000000000E-01    0.3019943237304687E-02
   38    0.4574218750000000E-01    0.3003540039062500E-02
   39    0.4509765625000000E-01    0.2930488586425781E-02
   40    0.4466796875000000E-01    0.2837867736816406E-02
   41    0.4351562500000000E-01    0.2755661010742187E-02
   42    0.4298828125000000E-01    0.2795982360839844E-02
   43    0.4212890625000000E-01    0.2737007141113281E-02
   44    0.4255859375000000E-01    0.2756156921386719E-02
   45    0.4175781250000000E-01    0.2640228271484375E-02
   46    0.4062500000000000E-01    0.2517471313476563E-02
   47    0.4113281250000000E-01    0.2573699951171875E-02
   48    0.3992187500000000E-01    0.2552185058593750E-02
   49    0.3943359375000000E-01    0.2532615661621094E-02
   50    0.4033203125000000E-01    0.2619132995605469E-02
   51    0.3955078125000000E-01    0.2485694885253906E-02
   52    0.3896484375000000E-01    0.2460517883300781E-02
   53    0.3871093750000000E-01    0.2391433715820312E-02
   54    0.3775390625000000E-01    0.2370262145996094E-02
   55    0.3726562500000000E-01    0.2273559570312500E-02
   56    0.3642578125000000E-01    0.2201957702636719E-02
   57    0.3695312500000000E-01    0.2233276367187500E-02
   58    0.3671875000000000E-01    0.2241592407226563E-02
   59    0.3681640625000000E-01    0.2188301086425781E-02
   60    0.3580078125000000E-01    0.2110481262207031E-02
   61    0.3667968750000000E-01    0.2190170288085937E-02
   62    0.3734375000000000E-01    0.2260742187500000E-02
   63    0.3666015625000000E-01    0.2224235534667969E-02
   64    0.3675781250000000E-01    0.2171783447265625E-02
   65    0.3656250000000000E-01    0.2228698730468750E-02
   66    0.3529296875000000E-01    0.2159233093261719E-02
   67    0.3490234375000000E-01    0.2079963684082031E-02
   68    0.3445312500000000E-01    0.1978530883789062E-02
   69    0.3550781250000000E-01    0.2122268676757813E-02
   70    0.3574218750000000E-01    0.2044906616210937E-02
   71    0.3330078125000000E-01    0.1882438659667969E-02
   72    0.3515625000000000E-01    0.2026214599609375E-02
   73    0.3361328125000000E-01    0.1899604797363281E-02
   74    0.3376953125000000E-01    0.1948509216308594E-02
   75    0.3353515625000000E-01    0.1908226013183594E-02
   76    0.3300781250000000E-01    0.1837539672851562E-02
   77    0.3283203125000000E-01    0.1819725036621094E-02
   78    0.3171875000000000E-01    0.1749343872070312E-02
   79    0.3230468750000000E-01    0.1821746826171875E-02
   80    0.3279296875000000E-01    0.1832084655761719E-02
   81    0.3181640625000000E-01    0.1797447204589844E-02
   82    0.3144531250000000E-01    0.1785507202148438E-02
   83    0.3152343750000000E-01    0.1764526367187500E-02
   84    0.3130859375000000E-01    0.1706962585449219E-02
   85    0.3041015625000000E-01    0.1670265197753906E-02
   86    0.2933593750000000E-01    0.1590194702148438E-02
   87    0.2925781250000000E-01    0.1633834838867188E-02
   88    0.3000000000000000E-01    0.1610641479492188E-02
   89    0.3013671875000000E-01    0.1616630554199219E-02
   90    0.2900390625000000E-01    0.1596488952636719E-02
   91    0.2863281250000000E-01    0.1615753173828125E-02
   92    0.2804687500000000E-01    0.1566314697265625E-02
   93    0.2769531250000000E-01    0.1536331176757813E-02
   94    0.2757812500000000E-01    0.1468963623046875E-02
   95    0.2691406250000000E-01    0.1440124511718750E-02
   96    0.2634765625000000E-01    0.1441459655761719E-02
   97    0.2707031250000000E-01    0.1485214233398437E-02
   98    0.2691406250000000E-01    0.1476516723632813E-02
   99    0.2810546875000000E-01    0.1500511169433594E-02
  100    0.2671875000000000E-01    0.1438293457031250E-02
