# time =    0.4734
    0    0.1000000000000000E+01    0.1000000000000000E+01
    1    0.1904492187500000E+00    0.3710231781005859E-01
    2    0.4285156250000000E-01    0.2564315795898438E-02
    3    0.1113281250000000E-01    0.1060028076171875E-02
    4    0.3710937500000000E-03    0.9684371948242188E-03
    5   -0.2480468750000000E-02    0.1003532409667969E-02
    6    0.1953125000000000E-03    0.8753967285156250E-03
    7   -0.2558593750000000E-02    0.9749984741210938E-03
    8   -0.3593750000000000E-02    0.1016540527343750E-02
    9   -0.3242187500000000E-02    0.1253356933593750E-02
   10    0.6835937500000000E-02    0.1087875366210938E-02
   11    0.4140625000000000E-02    0.7409667968750000E-03
   12   -0.4765625000000000E-02    0.9600830078125000E-03
   13   -0.4687500000000000E-03    0.9393310546875000E-03
   14    0.1093750000000000E-02    0.8823394775390625E-03
   15    0.6562500000000000E-02    0.1049728393554688E-02
   16    0.2734375000000000E-03    0.1114578247070313E-02
   17    0.3710937500000000E-02    0.1095962524414063E-02
   18    0.3789062500000000E-02    0.6959533691406250E-03
   19    0.1054687500000000E-02    0.9900665283203126E-03
   20   -0.4589843750000000E-02    0.8584213256835938E-03
   21   -0.2109375000000000E-02    0.6932067871093750E-03
   22   -0.3691406250000000E-02    0.1157188415527344E-02
   23   -0.5605468750000000E-02    0.1045188903808594E-02
   24   -0.1992187500000000E-02    0.8297729492187500E-03
   25    0.1953125000000000E-03    0.9628295898437500E-03
   26    0.1386718750000000E-02    0.8713912963867188E-03
   27    0.9765625000000000E-03    0.9733581542968750E-03
   28   -0.2734375000000000E-03    0.9454345703125000E-03
   29    0.5664062500000000E-03    0.8995437622070313E-03
   30   -0.2128906250000000E-02    0.9527206420898438E-03
   31   -0.2148437500000000E-03    0.9209823608398438E-03
   32   -0.2539062500000000E-03    0.1150169372558594E-02
   33    0.2753906250000000E-02    0.8964920043945312E-03
   34   -0.1210937500000000E-02    0.1090927124023438E-02
   35    0.1230468750000000E-02    0.8573532104492188E-03
   36    0.2265625000000000E-02    0.8676147460937500E-03
   37    0.4687500000000000E-03    0.1074676513671875E-02
   38    0.2304687500000000E-02    0.1098632812500000E-02
   39   -0.2343750000000000E-02    0.1253280639648438E-02
   40    0.5371093750000000E-02    0.9327316284179687E-03
   41    0.1933593750000000E-02    0.9505844116210937E-03
   42    0.4218750000000000E-02    0.8766937255859375E-03
   43    0.2539062500000000E-03    0.8290481567382813E-03
   44   -0.7089843750000000E-02    0.9579849243164062E-03
   45   -0.4511718750000000E-02    0.9593582153320313E-03
   46   -0.4296875000000000E-02    0.9245300292968751E-03
   47   -0.2871093750000000E-02    0.8803176879882813E-03
   48   -0.1660156250000000E-02    0.8015060424804688E-03
   49    0.8710937500000000E-02    0.1125564575195313E-02
   50    0.5058593750000000E-02    0.1047935485839844E-02
   51    0.5273437500000000E-03    0.7803726196289062E-03
   52   -0.3515625000000000E-03    0.1251907348632813E-02
   53   -0.2578125000000000E-02    0.1156234741210938E-02
   54    0.9570312500000000E-03    0.9582138061523437E-03
   55    0.3964843750000000E-02    0.8461380004882813E-03
   56   -0.3750000000000000E-02    0.8206176757812500E-03
   57    0.6640625000000000E-03    0.8868408203125000E-03
   58   -0.7617187500000000E-03    0.8605575561523438E-03
   59   -0.2382812500000000E-02    0.1188049316406250E-02
   60   -0.3554687500000000E-02    0.1223220825195313E-02
   61   -0.2792968750000000E-02    0.9107589721679688E-03
   62    0.6093750000000000E-02    0.7610321044921875E-03
   63    0.1562500000000000E-02    0.9384918212890625E-03
   64    0.4355468750000000E-02    0.1070518493652344E-02
   65    0.8164062499999999E-02    0.7864379882812500E-03
   66    0.6933593750000000E-02    0.9948348999023438E-03
   67   -0.4707031250000000E-02    0.9460067749023438E-03
   68    0.1171875000000000E-02    0.9677886962890625E-03
   69    0.1093750000000000E-02    0.9413909912109375E-03
   70   -0.3359375000000000E-02    0.1015014648437500E-02
   71   -0.5273437500000000E-03    0.1364250183105469E-02
   72   -0.3359375000000000E-02    0.1186981201171875E-02
   73    0.2167968750000000E-02    0.9003067016601562E-03
   74   -0.1152343750000000E-02    0.9398269653320313E-03
   75   -0.1230468750000000E-02    0.9658432006835937E-03
   76    0.4062500000000000E-02    0.1209945678710938E-02
   77   -0.3066406250000000E-02    0.7452774047851563E-03
   78    0.1113281250000000E-02    0.1139564514160156E-02
   79   -0.2929687500000000E-02    0.9890747070312499E-03
   80   -0.2070312500000000E-02    0.1125869750976562E-02
   81   -0.5585937500000000E-02    0.1116027832031250E-02
   82   -0.5078125000000000E-03    0.8936309814453125E-03
   83    0.7421875000000000E-03    0.8592224121093750E-03
   84   -0.9570312500000000E-03    0.1042060852050781E-02
   85    0.7812500000000000E-03    0.1058120727539062E-02
   86    0.3046875000000000E-02    0.9597015380859375E-03
   87   -0.2070312500000000E-02    0.8744812011718750E-03
   88    0.2343750000000000E-03    0.8564758300781250E-03
   89    0.5664062500000000E-03    0.8604049682617188E-03
   90    0.7812500000000000E-04    0.9976959228515626E-03
   91    0.8007812500000000E-03    0.9360885620117187E-03
   92    0.1132812500000000E-02    0.8883666992187500E-03
   93    0.3710937500000000E-03    0.1027336120605469E-02
   94   -0.3535156250000000E-02    0.7558822631835938E-03
   95    0.1855468750000000E-02    0.9917831420898438E-03
   96   -0.5976562500000000E-02    0.1017608642578125E-02
   97   -0.1484375000000000E-02    0.1064605712890625E-02
   98    0.9765625000000001E-04    0.9421920776367188E-03
   99    0.1699218750000000E-02    0.7455062866210938E-03
  100    0.1640625000000000E-02    0.8496856689453125E-03
