# time =    0.4620
    0    0.1000000000000000E+01    0.1000000000000000E+01
    1    0.2018554687500000E+00    0.4179004669189453E-01
    2    0.4957031250000000E-01    0.3417434692382813E-02
    3    0.1775390625000000E-01    0.1245307922363281E-02
    4    0.5156250000000000E-02    0.1056213378906250E-02
    5    0.2031250000000000E-02    0.8278656005859375E-03
    6    0.1328125000000000E-02    0.7984924316406250E-03
    7   -0.3808593750000000E-02    0.1081733703613281E-02
    8    0.4980468750000000E-02    0.1163673400878906E-02
    9   -0.1640625000000000E-02    0.1083450317382812E-02
   10   -0.8007812499999999E-02    0.1114807128906250E-02
   11   -0.2167968750000000E-02    0.9604263305664063E-03
   12   -0.1875000000000000E-02    0.1011123657226563E-02
   13    0.3339843750000000E-02    0.7091903686523437E-03
   14   -0.9570312500000000E-03    0.1112327575683594E-02
   15    0.4296875000000000E-03    0.9715270996093750E-03
   16    0.2734375000000000E-02    0.1209411621093750E-02
   17   -0.1503906250000000E-02    0.1085166931152344E-02
   18    0.2285156250000000E-02    0.8104324340820312E-03
   19    0.3945312500000000E-02    0.8766937255859375E-03
   20   -0.1406250000000000E-02    0.9071350097656250E-03
   21    0.2734375000000000E-02    0.9983825683593751E-03
   22   -0.1093750000000000E-02    0.1014404296875000E-02
   23    0.4882812500000000E-03    0.9780502319335937E-03
   24   -0.9765625000000001E-04    0.1001091003417969E-02
   25   -0.2050781250000000E-02    0.7496261596679687E-03
   26    0.2734375000000000E-03    0.1284637451171875E-02
   27    0.5996093750000000E-02    0.9143447875976562E-03
   28    0.1250000000000000E-02    0.8883666992187500E-03
   29    0.8183593750000001E-02    0.1041374206542969E-02
   30    0.5664062500000000E-03    0.1036262512207031E-02
   31    0.3710937500000000E-03    0.7825088500976562E-03
   32    0.3613281250000000E-02    0.7224655151367187E-03
   33    0.5488281250000000E-02    0.1079139709472656E-02
   34   -0.3886718750000000E-02    0.9596633911132812E-03
   35   -0.4687500000000000E-03    0.1104507446289063E-02
   36    0.1132812500000000E-02    0.1161193847656250E-02
   37   -0.7226562500000000E-03    0.9302139282226562E-03
   38    0.8593750000000000E-03    0.9038543701171875E-03
   39   -0.1582031250000000E-02    0.9688949584960938E-03
   40   -0.7812500000000000E-03    0.1142501831054688E-02
   41   -0.9375000000000000E-03    0.8834075927734375E-03
   42   -0.2656250000000000E-02    0.7379913330078125E-03
   43    0.4980468750000000E-02    0.8488845825195313E-03
   44    0.5273437500000000E-03    0.1028175354003906E-02
   45   -0.4882812500000000E-03    0.6503677368164063E-03
   46   -0.5722656250000000E-02    0.7773208618164063E-03
   47   -0.3593750000000000E-02    0.9170532226562500E-03
   48   -0.8203125000000000E-02    0.1033401489257812E-02
   49   -0.3164062500000000E-02    0.1275558471679687E-02
   50   -0.1933593750000000E-02    0.8746719360351562E-03
   51    0.1015625000000000E-02    0.1120986938476563E-02
   52    0.3710937500000000E-03    0.1015968322753906E-02
   53   -0.1191406250000000E-02    0.7753372192382812E-03
   54    0.3496093750000000E-02    0.1024360656738281E-02
   55   -0.3457031250000000E-02    0.8536911010742187E-03
   56   -0.3144531250000000E-02    0.9974288940429689E-03
   57    0.2617187500000000E-02    0.7534790039062500E-03
   58   -0.5136718750000000E-02    0.1004066467285156E-02
   59   -0.2539062500000000E-03    0.9658432006835937E-03
   60    0.4121093750000000E-02    0.8088302612304688E-03
   61    0.2519531250000000E-02    0.9238815307617187E-03
   62    0.1250000000000000E-02    0.9182739257812500E-03
   63    0.7226562500000000E-03    0.1058998107910156E-02
   64   -0.6054687500000000E-03    0.7832717895507813E-03
   65   -0.2734375000000000E-02    0.1340560913085938E-02
   66   -0.3476562500000000E-02    0.1139144897460938E-02
   67   -0.2460937500000000E-02    0.9599304199218749E-03
   68   -0.4667968750000000E-02    0.1149940490722656E-02
   69   -0.4101562500000000E-02    0.1067962646484375E-02
   70   -0.1953125000000000E-03    0.1003570556640625E-02
   71   -0.1953125000000000E-03    0.9519195556640625E-03
   72   -0.9570312500000000E-03    0.9439468383789062E-03
   73    0.9375000000000000E-03    0.9359741210937501E-03
   74    0.2753906250000000E-02    0.1047630310058594E-02
   75   -0.3437500000000000E-02    0.8273315429687500E-03
   76    0.1640625000000000E-02    0.8938598632812500E-03
   77   -0.3359375000000000E-02    0.1294250488281250E-02
   78   -0.8789062500000000E-03    0.9223556518554687E-03
   79    0.8203125000000000E-03    0.7796478271484375E-03
   80   -0.7812500000000000E-03    0.1096954345703125E-02
   81    0.1250000000000000E-02    0.9941864013671875E-03
   82   -0.2714843750000000E-02    0.8951950073242187E-03
   83    0.3613281250000000E-02    0.1178855895996094E-02
   84    0.2441406250000000E-02    0.8314895629882812E-03
   85    0.2480468750000000E-02    0.1038398742675781E-02
   86    0.2207031250000000E-02    0.1028404235839844E-02
   87   -0.1503906250000000E-02    0.8902359008789063E-03
   88    0.2011718750000000E-02    0.8569717407226563E-03
   89    0.1367187500000000E-03    0.1011314392089844E-02
   90   -0.9570312500000000E-03    0.1139335632324219E-02
   91    0.1757812500000000E-02    0.9184265136718750E-03
   92    0.1210937500000000E-02    0.8608245849609375E-03
   93   -0.2128906250000000E-02    0.9384536743164062E-03
   94    0.1484375000000000E-02    0.8528900146484375E-03
   95    0.3808593750000000E-02    0.9656906127929688E-03
   96   -0.3339843750000000E-02    0.9397506713867187E-03
   97    0.2148437500000000E-03    0.1023521423339844E-02
   98    0.7617187500000000E-03    0.8511734008789062E-03
   99   -0.3164062500000000E-02    0.1069793701171875E-02
  100   -0.1328125000000000E-02    0.1056365966796875E-02
