# time =    0.4697
    0    0.1000000000000000E+01    0.1000000000000000E+01
    1    0.2631835937500000E+00    0.7001796722412110E-01
    2    0.9152343750000000E-01    0.9369735717773437E-02
    3    0.3343750000000000E-01    0.1944274902343750E-02
    4    0.1728515625000000E-01    0.1192893981933594E-02
    5    0.1347656250000000E-01    0.1091384887695313E-02
    6    0.8339843749999999E-02    0.9589004516601563E-03
    7    0.3007812500000000E-02    0.1019744873046875E-02
    8   -0.3320312500000000E-03    0.9619522094726562E-03
    9    0.1757812500000000E-03    0.9795761108398438E-03
   10    0.2539062500000000E-03    0.1012763977050781E-02
   11    0.1210937500000000E-02    0.7934570312500000E-03
   12   -0.6835937500000000E-03    0.6885147094726563E-03
   13   -0.2910156250000000E-02    0.9563064575195312E-03
   14   -0.3281250000000000E-02    0.8418273925781250E-03
   15   -0.3710937500000000E-02    0.9709167480468750E-03
   16    0.5156250000000000E-02    0.8953094482421875E-03
   17    0.1679687500000000E-02    0.6921386718750000E-03
   18    0.5917968750000000E-02    0.1037559509277344E-02
   19    0.5253906250000000E-02    0.1072578430175781E-02
   20   -0.1484375000000000E-02    0.1019058227539062E-02
   21    0.3906250000000000E-03    0.9375000000000000E-03
   22   -0.3476562500000000E-02    0.9455871582031250E-03
   23    0.4296875000000000E-03    0.9466552734375000E-03
   24    0.9570312500000000E-03    0.8987045288085938E-03
   25   -0.2656250000000000E-02    0.1178359985351562E-02
   26   -0.1953125000000000E-04    0.9105300903320312E-03
   27    0.2851562500000000E-02    0.9445190429687500E-03
   28    0.8593750000000000E-03    0.1000289916992188E-02
   29    0.1894531250000000E-02    0.1099128723144531E-02
   30   -0.2187500000000000E-02    0.6949615478515625E-03
   31    0.7812500000000000E-03    0.9249877929687500E-03
   32   -0.2109375000000000E-02    0.1217269897460938E-02
   33    0.5839843750000000E-02    0.9875106811523438E-03
   34    0.1250000000000000E-02    0.9848785400390625E-03
   35   -0.2421875000000000E-02    0.8416748046874999E-03
   36   -0.1367187500000000E-02    0.1103591918945313E-02
   37   -0.1230468750000000E-02    0.1032447814941406E-02
   38    0.3847656250000000E-02    0.8346176147460937E-03
   39   -0.8007812500000000E-03    0.9886550903320313E-03
   40    0.2792968750000000E-02    0.1008796691894531E-02
   41   -0.3906250000000000E-02    0.1005096435546875E-02
   42   -0.1738281250000000E-02    0.7767105102539063E-03
   43   -0.1972656250000000E-02    0.7014083862304688E-03
   44   -0.1757812500000000E-02    0.1081085205078125E-02
   45    0.1269531250000000E-02    0.1001319885253906E-02
   46    0.4824218750000000E-02    0.8729171752929688E-03
   47    0.4804687500000000E-02    0.8201599121093750E-03
   48   -0.1132812500000000E-02    0.9232330322265625E-03
   49    0.3906250000000000E-03    0.1139221191406250E-02
   50   -0.1035156250000000E-02    0.1071357727050781E-02
   51    0.1679687500000000E-02    0.7562255859375000E-03
   52    0.3613281250000000E-02    0.8822250366210938E-03
   53   -0.1093750000000000E-02    0.8446502685546875E-03
   54   -0.8984375000000000E-03    0.1043395996093750E-02
   55   -0.3906250000000000E-03    0.1263198852539062E-02
   56    0.9765625000000001E-04    0.9937667846679687E-03
   57   -0.1406250000000000E-02    0.8121490478515625E-03
   58   -0.6269531250000000E-02    0.8431625366210938E-03
   59   -0.3710937500000000E-03    0.9128952026367188E-03
   60   -0.2089843750000000E-02    0.8931350708007812E-03
   61   -0.1425781250000000E-02    0.8982467651367187E-03
   62    0.2070312500000000E-02    0.7301330566406250E-03
   63   -0.6035156250000000E-02    0.1106529235839844E-02
   64   -0.9765625000000001E-04    0.1072349548339844E-02
   65    0.1269531250000000E-02    0.9445571899414063E-03
   66    0.1425781250000000E-02    0.1351966857910156E-02
   67    0.5859375000000000E-04    0.9768295288085937E-03
   68   -0.1386718750000000E-02    0.6158065795898438E-03
   69   -0.1308593750000000E-02    0.8923721313476563E-03
   70   -0.1992187500000000E-02    0.8966827392578125E-03
   71   -0.3710937500000000E-02    0.1009292602539062E-02
   72   -0.3203125000000000E-02    0.1182479858398438E-02
   73   -0.5664062500000000E-03    0.9765243530273438E-03
   74   -0.6250000000000000E-03    0.8557891845703125E-03
   75   -0.6250000000000000E-03    0.1176147460937500E-02
   76    0.1718750000000000E-02    0.1133804321289063E-02
   77    0.5351562500000000E-02    0.1011886596679687E-02
   78    0.2089843750000000E-02    0.8330917358398437E-03
   79    0.9179687499999999E-03    0.8612442016601563E-03
   80   -0.5058593750000000E-02    0.9417343139648438E-03
   81    0.2753906250000000E-02    0.8012771606445313E-03
   82    0.1015625000000000E-02    0.9550476074218751E-03
   83    0.1503906250000000E-02    0.8928298950195313E-03
   84    0.5664062500000000E-03    0.9086227416992187E-03
   85   -0.2539062500000000E-03    0.9412002563476562E-03
   86   -0.9179687499999999E-03    0.7486343383789062E-03
   87   -0.4335937500000000E-02    0.8826446533203125E-03
   88   -0.1406250000000000E-02    0.1154785156250000E-02
   89    0.3183593750000000E-02    0.8852005004882813E-03
   90    0.1484375000000000E-02    0.1110534667968750E-02
   91   -0.1562500000000000E-02    0.1123199462890625E-02
   92   -0.3925781250000000E-02    0.8687973022460938E-03
   93   -0.4492187500000000E-02    0.9349822998046875E-03
   94   -0.1269531250000000E-02    0.1229515075683594E-02
   95   -0.1601562500000000E-02    0.1269302368164063E-02
   96    0.4492187500000000E-03    0.1021003723144531E-02
   97   -0.1191406250000000E-02    0.1041755676269531E-02
   98   -0.5859375000000000E-03    0.1068725585937500E-02
   99    0.1757812500000000E-02    0.8933258056640625E-03
  100   -0.5117187500000000E-02    0.1119766235351563E-02
