# time =    0.4604
    0    0.1000000000000000E+01    0.1000000000000000E+01
    1    0.1988281250000000E+00    0.4034309387207032E-01
    2    0.3976562500000000E-01    0.2557144165039063E-02
    3    0.1232421875000000E-01    0.1515083312988281E-02
    4    0.8808593750000000E-02    0.7052230834960938E-03
    5   -0.2031250000000000E-02    0.8426666259765625E-03
    6   -0.1445312500000000E-02    0.7544708251953125E-03
    7    0.2734375000000000E-03    0.1056976318359375E-02
    8   -0.7617187500000000E-02    0.8321380615234374E-03
    9   -0.2167968750000000E-02    0.8897781372070312E-03
   10   -0.4921875000000000E-02    0.1086044311523437E-02
   11   -0.2910156250000000E-02    0.1190071105957031E-02
   12   -0.5195312500000000E-02    0.9212493896484375E-03
   13    0.2207031250000000E-02    0.1156578063964844E-02
   14    0.3378906250000000E-02    0.6641769409179688E-03
   15   -0.6640625000000000E-03    0.1009445190429688E-02
   16    0.7421875000000000E-03    0.9774017333984376E-03
   17    0.1601562500000000E-02    0.1058273315429688E-02
   18   -0.8320312500000000E-02    0.1138076782226562E-02
   19   -0.1796875000000000E-02    0.1012802124023438E-02
   20    0.3105468750000000E-02    0.1087608337402344E-02
   21    0.2226562500000000E-02    0.9254455566406250E-03
   22    0.4277343750000000E-02    0.9133529663085938E-03
   23   -0.7031250000000000E-03    0.9694671630859374E-03
   24    0.1191406250000000E-02    0.9016036987304687E-03
   25   -0.4882812500000000E-03    0.1055030822753906E-02
   26   -0.2617187500000000E-02    0.1301498413085938E-02
   27   -0.2617187500000000E-02    0.8705139160156250E-03
   28    0.1562500000000000E-03    0.9562683105468750E-03
   29   -0.1289062500000000E-02    0.9518432617187500E-03
   30    0.3183593750000000E-02    0.7835769653320312E-03
   31    0.0000000000000000E+00    0.1029891967773438E-02
   32   -0.3964843750000000E-02    0.8922958374023437E-03
   33   -0.4394531250000000E-02    0.8939743041992187E-03
   34   -0.7617187500000000E-03    0.1136817932128906E-02
   35    0.1894531250000000E-02    0.1028175354003906E-02
   36    0.4179687500000000E-02    0.7514190673828125E-03
   37    0.1757812500000000E-02    0.9640502929687500E-03
   38   -0.8554687500000000E-02    0.8911132812500000E-03
   39   -0.4433593750000000E-02    0.8923721313476563E-03
   40   -0.1074218750000000E-02    0.9412002563476562E-03
   41   -0.6777343750000000E-02    0.7969284057617187E-03
   42    0.6250000000000000E-03    0.6593322753906250E-03
   43    0.3085937500000000E-02    0.8690643310546875E-03
   44   -0.2265625000000000E-02    0.8947753906250000E-03
   45    0.5078125000000000E-03    0.9723663330078125E-03
   46   -0.1210937500000000E-02    0.1104812622070313E-02
   47    0.2910156250000000E-02    0.1096305847167969E-02
   48    0.4804687500000000E-02    0.1028900146484375E-02
   49   -0.1464843750000000E-02    0.1097373962402344E-02
   50   -0.5644531250000000E-02    0.8920669555664062E-03
   51    0.4492187500000000E-03    0.9370803833007813E-03
   52    0.8398437500000000E-03    0.1066551208496094E-02
   53    0.2382812500000000E-02    0.1325607299804688E-02
   54   -0.4355468750000000E-02    0.1117668151855469E-02
   55    0.2617187500000000E-02    0.9328460693359375E-03
   56    0.3261718750000000E-02    0.6698989868164063E-03
   57   -0.2187500000000000E-02    0.9406280517578125E-03
   58    0.1132812500000000E-02    0.7219696044921875E-03
   59    0.9570312500000000E-03    0.7428359985351562E-03
   60   -0.2226562500000000E-02    0.9447479248046875E-03
   61    0.3574218750000000E-02    0.8980941772460938E-03
   62   -0.1660156250000000E-02    0.7269668579101562E-03
   63   -0.1621093750000000E-02    0.9575271606445312E-03
   64   -0.8593750000000000E-03    0.8622741699218750E-03
   65    0.1582031250000000E-02    0.1009788513183594E-02
   66    0.2949218750000000E-02    0.9759140014648438E-03
   67   -0.5156250000000000E-02    0.8406066894531251E-03
   68    0.1054687500000000E-02    0.8169555664062500E-03
   69   -0.3066406250000000E-02    0.1040840148925781E-02
   70   -0.3710937500000000E-02    0.1377639770507812E-02
   71    0.1386718750000000E-02    0.1104545593261719E-02
   72    0.9179687499999999E-03    0.1028175354003906E-02
   73    0.1171875000000000E-03    0.1199722290039062E-02
   74    0.2968750000000000E-02    0.1039505004882812E-02
   75   -0.2031250000000000E-02    0.1040344238281250E-02
   76   -0.3027343750000000E-02    0.1083869934082031E-02
   77    0.3027343750000000E-02    0.1054267883300781E-02
   78    0.9765625000000001E-04    0.9899520874023437E-03
   79    0.7421875000000000E-03    0.1128234863281250E-02
   80    0.1132812500000000E-02    0.9422302246093750E-03
   81    0.5566406250000000E-02    0.8732223510742187E-03
   82    0.5683593750000000E-02    0.9233474731445313E-03
   83   -0.5273437500000000E-02    0.1102142333984375E-02
   84   -0.1015625000000000E-02    0.8395385742187500E-03
   85    0.4746093750000000E-02    0.1190986633300781E-02
   86    0.6054687500000000E-02    0.7891082763671876E-03
   87    0.3066406250000000E-02    0.1172599792480469E-02
   88    0.4453125000000000E-02    0.9410095214843750E-03
   89    0.1347656250000000E-02    0.9350204467773438E-03
   90   -0.3613281250000000E-02    0.9794998168945312E-03
   91    0.4785156250000000E-02    0.1172599792480469E-02
   92    0.4062500000000000E-02    0.9542083740234374E-03
   93    0.1738281250000000E-02    0.1023826599121094E-02
   94   -0.2734375000000000E-03    0.8721923828124999E-03
   95   -0.1562500000000000E-03    0.9893798828125001E-03
   96    0.2519531250000000E-02    0.9499740600585938E-03
   97   -0.1425781250000000E-02    0.9141159057617187E-03
   98    0.5859375000000000E-02    0.7913208007812500E-03
   99   -0.5859375000000000E-04    0.8291244506835937E-03
  100   -0.5703125000000000E-02    0.1285934448242188E-02
