# time =    0.4077
    0    0.1000000000000000E+01    0.1000000000000000E+01
    1    0.4041015625000000E+00    0.1639917755126953E+00
    2    0.2549804687500000E+00    0.6557826995849610E-01
    3    0.1978125000000000E+00    0.3976402282714844E-01
    4    0.1647265625000000E+00    0.2779846191406250E-01
    5    0.1436328125000000E+00    0.2137176513671875E-01
    6    0.1284960937500000E+00    0.1728336334228515E-01
    7    0.1190039062500000E+00    0.1493373870849609E-01
    8    0.1119921875000000E+00    0.1325004577636719E-01
    9    0.1060742187500000E+00    0.1207157135009766E-01
   10    0.1016015625000000E+00    0.1106056213378906E-01
   11    0.9673828125000000E-01    0.1014873504638672E-01
   12    0.9318359375000000E-01    0.9425010681152344E-02
   13    0.9093750000000000E-01    0.8988189697265624E-02
   14    0.8658203125000000E-01    0.8290672302246093E-02
   15    0.8384765625000000E-01    0.7778587341308593E-02
   16    0.8167968750000000E-01    0.7470550537109375E-02
   17    0.7886718750000000E-01    0.6945800781250000E-02
   18    0.7642578125000000E-01    0.6692314147949218E-02
   19    0.7564453124999999E-01    0.6480140686035156E-02
   20    0.7296875000000000E-01    0.6062545776367187E-02
   21    0.7111328124999999E-01    0.5797920227050782E-02
   22    0.6949218750000000E-01    0.5586853027343750E-02
   23    0.6892578125000000E-01    0.5574684143066406E-02
   24    0.6779296875000000E-01    0.5357093811035156E-02
   25    0.6531250000000000E-01    0.5075073242187500E-02
   26    0.6371093750000000E-01    0.4759445190429688E-02
   27    0.6244140625000000E-01    0.4672813415527344E-02
   28    0.5921875000000000E-01    0.4255447387695312E-02
   29    0.5794921875000000E-01    0.4092063903808594E-02
   30    0.5599609375000000E-01    0.3840522766113281E-02
   31    0.5613281250000000E-01    0.3862380981445312E-02
   32    0.5599609375000000E-01    0.3869743347167969E-02
   33    0.5529296875000000E-01    0.3796043395996094E-02
   34    0.5425781250000000E-01    0.3627166748046875E-02
   35    0.5314453125000000E-01    0.3562507629394531E-02
   36    0.5248046875000000E-01    0.3466529846191406E-02
   37    0.5132812500000000E-01    0.3404617309570312E-02
   38    0.5046875000000000E-01    0.3249588012695313E-02
   39    0.5144531250000000E-01    0.3439025878906250E-02
   40    0.4876953125000000E-01    0.3055915832519531E-02
   41    0.4787109375000000E-01    0.2885627746582031E-02
   42    0.4679687500000000E-01    0.2859954833984375E-02
   43    0.4753906250000000E-01    0.2928085327148438E-02
   44    0.4687500000000000E-01    0.2866668701171875E-02
   45    0.4458984375000000E-01    0.2634086608886719E-02
   46    0.4482421875000000E-01    0.2636299133300781E-02
   47    0.4416015625000000E-01    0.2656593322753906E-02
   48    0.4355468750000000E-01    0.2612228393554687E-02
   49    0.4345703125000000E-01    0.2568092346191406E-02
   50    0.4357421875000000E-01    0.2544136047363281E-02
   51    0.4335937500000000E-01    0.2596054077148437E-02
   52    0.4279296875000000E-01    0.2581138610839844E-02
   53    0.4117187500000000E-01    0.2487106323242188E-02
   54    0.4126953125000000E-01    0.2507133483886719E-02
   55    0.4076171875000000E-01    0.2471427917480469E-02
   56    0.3988281250000000E-01    0.2314376831054688E-02
   57    0.4009765625000000E-01    0.2327079772949219E-02
   58    0.3851562500000000E-01    0.2245025634765625E-02
   59    0.3761718750000000E-01    0.2186584472656250E-02
   60    0.3654296875000000E-01    0.2191123962402344E-02
   61    0.3599609375000000E-01    0.2064628601074219E-02
   62    0.3658203125000000E-01    0.2123680114746094E-02
   63    0.3693359375000000E-01    0.2187156677246094E-02
   64    0.3595703125000000E-01    0.2116432189941406E-02
   65    0.3566406250000000E-01    0.2108917236328125E-02
   66    0.3484375000000000E-01    0.2020111083984375E-02
   67    0.3337890625000000E-01    0.1867790222167969E-02
   68    0.3619140625000000E-01    0.2180213928222656E-02
   69    0.3521484375000000E-01    0.2156639099121094E-02
   70    0.3361328125000000E-01    0.1996116638183594E-02
   71    0.3496093750000000E-01    0.2110290527343750E-02
   72    0.3468750000000000E-01    0.2064132690429688E-02
   73    0.3394531250000000E-01    0.1969604492187500E-02
   74    0.3359375000000000E-01    0.1939163208007812E-02
   75    0.3406250000000000E-01    0.1941833496093750E-02
   76    0.3398437500000000E-01    0.2004928588867188E-02
   77    0.3375000000000000E-01    0.1984863281250000E-02
   78    0.3330078125000000E-01    0.1903724670410156E-02
   79    0.3376953125000000E-01    0.1936531066894531E-02
   80    0.3322265625000000E-01    0.1923713684082031E-02
   81    0.3242187500000000E-01    0.1990890502929687E-02
   82    0.3191406250000000E-01    0.1946716308593750E-02
   83    0.3113281250000000E-01    0.1880950927734375E-02
   84    0.3216796875000000E-01    0.1962318420410156E-02
   85    0.3228515625000000E-01    0.1936149597167969E-02
   86    0.3277343750000000E-01    0.1939468383789063E-02
   87    0.3123046875000000E-01    0.1857948303222656E-02
   88    0.3195312500000000E-01    0.1956329345703125E-02
   89    0.3076171875000000E-01    0.1814918518066406E-02
   90    0.3083984375000000E-01    0.1892585754394531E-02
   91    0.3029296875000000E-01    0.1810646057128906E-02
   92    0.3093750000000000E-01    0.1865844726562500E-02
   93    0.2935546875000000E-01    0.1800346374511719E-02
   94    0.2949218750000000E-01    0.1843872070312500E-02
   95    0.2880859375000000E-01    0.1809959411621094E-02
   96    0.2898437500000000E-01    0.1833190917968750E-02
   97    0.2917968750000000E-01    0.1804733276367188E-02
   98    0.2837890625000000E-01    0.1780281066894531E-02
   99    0.2814453125000000E-01    0.1757164001464844E-02
  100    0.2714843750000000E-01    0.1696395874023437E-02
