# time =    0.4435
    0    0.1000000000000000E+01    0.1000000000000000E+01
    1    0.3292968750000000E+00    0.1092302703857422E+00
    2    0.1250585937500000E+00    0.1677845001220703E-01
    3    0.5197265625000000E-01    0.3497962951660156E-02
    4    0.2662109375000000E-01    0.1700172424316406E-02
    5    0.1724609375000000E-01    0.1197395324707031E-02
    6    0.6621093750000000E-02    0.7387924194335937E-03
    7    0.8417968749999999E-02    0.1000785827636719E-02
    8    0.1914062500000000E-02    0.9285736083984375E-03
    9    0.2246093750000000E-02    0.1030464172363281E-02
   10   -0.1621093750000000E-02    0.9992599487304687E-03
   11   -0.5664062500000000E-03    0.7065963745117187E-03
   12    0.1816406250000000E-02    0.8897018432617187E-03
   13   -0.4882812500000000E-03    0.1218986511230469E-02
   14   -0.8007812500000000E-03    0.1116981506347656E-02
   15    0.2070312500000000E-02    0.1102142333984375E-02
   16    0.2929687500000000E-03    0.8919906616210938E-03
   17   -0.2421875000000000E-02    0.9877777099609375E-03
   18    0.3593750000000000E-02    0.7523345947265625E-03
   19   -0.1152343750000000E-02    0.1003303527832031E-02
   20   -0.1386718750000000E-02    0.8204269409179687E-03
   21   -0.4882812500000000E-03    0.7863235473632812E-03
   22   -0.2753906250000000E-02    0.9184646606445313E-03
   23   -0.1191406250000000E-02    0.1220054626464844E-02
   24    0.1425781250000000E-02    0.8378982543945313E-03
   25    0.6445312500000000E-03    0.9177780151367188E-03
   26    0.2402343750000000E-02    0.1085700988769531E-02
   27    0.1933593750000000E-02    0.7573318481445313E-03
   28    0.6640625000000000E-03    0.8396148681640625E-03
   29   -0.1777343750000000E-02    0.8945846557617187E-03
   30   -0.4335937500000000E-02    0.1258544921875000E-02
   31   -0.3417968750000000E-02    0.8259201049804687E-03
   32   -0.5468750000000001E-03    0.1192321777343750E-02
   33    0.5351562500000000E-02    0.1106643676757813E-02
   34    0.3710937500000000E-03    0.1010398864746094E-02
   35    0.1738281250000000E-02    0.9421157836914062E-03
   36   -0.1015625000000000E-02    0.9736633300781250E-03
   37    0.2050781250000000E-02    0.9370803833007813E-03
   38    0.2558593750000000E-02    0.1261863708496094E-02
   39   -0.2148437500000000E-03    0.1005134582519531E-02
   40   -0.5117187500000000E-02    0.1060791015625000E-02
   41   -0.4550781250000000E-02    0.1076622009277344E-02
   42   -0.4667968750000000E-02    0.1090736389160156E-02
   43   -0.6250000000000000E-02    0.9449005126953125E-03
   44   -0.4531250000000000E-02    0.8375549316406250E-03
   45    0.2128906250000000E-02    0.1027793884277344E-02
   46    0.5371093750000000E-02    0.1034431457519531E-02
   47    0.6230468750000000E-02    0.1042366027832031E-02
   48   -0.2714843750000000E-02    0.6209182739257813E-03
   49   -0.1660156250000000E-02    0.8867263793945312E-03
   50   -0.1210937500000000E-02    0.8627319335937500E-03
   51   -0.3027343750000000E-02    0.1070289611816406E-02
   52   -0.2812500000000000E-02    0.1011428833007812E-02
   53   -0.7109375000000000E-02    0.1007385253906250E-02
   54   -0.1152343750000000E-02    0.6894302368164062E-03
   55   -0.2539062500000000E-03    0.8539962768554688E-03
   56   -0.7031250000000000E-03    0.9439086914062500E-03
   57   -0.3906250000000000E-03    0.1011505126953125E-02
   58   -0.1113281250000000E-02    0.7596206665039062E-03
   59   -0.1464843750000000E-02    0.7026290893554687E-03
   60   -0.1972656250000000E-02    0.1037101745605469E-02
   61   -0.1171875000000000E-03    0.1243896484375000E-02
   62    0.1347656250000000E-02    0.1163520812988281E-02
   63    0.4296875000000000E-02    0.1100921630859375E-02
   64   -0.1757812500000000E-03    0.1038322448730469E-02
   65    0.4531250000000000E-02    0.7650756835937500E-03
   66    0.3183593750000000E-02    0.1020774841308594E-02
   67    0.1757812500000000E-03    0.1140937805175781E-02
   68   -0.1503906250000000E-02    0.7672500610351562E-03
   69   -0.6933593750000000E-02    0.9403610229492187E-03
   70   -0.6445312500000000E-02    0.9441375732421875E-03
   71   -0.7421875000000000E-03    0.8769989013671875E-03
   72    0.1464843750000000E-02    0.7654190063476563E-03
   73   -0.2167968750000000E-02    0.1088752746582031E-02
   74    0.9179687499999999E-03    0.8465194702148437E-03
   75   -0.1933593750000000E-02    0.7667160034179688E-03
   76   -0.7089843750000000E-02    0.1066322326660156E-02
   77   -0.3945312500000000E-02    0.1098022460937500E-02
   78   -0.3437500000000000E-02    0.9221649169921875E-03
   79   -0.8789062500000000E-03    0.7886123657226562E-03
   80    0.2851562500000000E-02    0.1189041137695312E-02
   81   -0.3144531250000000E-02    0.8185195922851562E-03
   82    0.1328125000000000E-02    0.8850860595703125E-03
   83   -0.6640625000000000E-02    0.1031799316406250E-02
   84   -0.9765625000000001E-04    0.9065628051757813E-03
   85   -0.1484375000000000E-02    0.7430267333984375E-03
   86   -0.5468750000000001E-03    0.1005477905273437E-02
   87   -0.2636718750000000E-02    0.1022605895996094E-02
   88   -0.2148437500000000E-03    0.9814071655273437E-03
   89    0.2929687500000000E-03    0.8781814575195313E-03
   90    0.2480468750000000E-02    0.1027565002441406E-02
   91   -0.1992187500000000E-02    0.8116912841796875E-03
   92   -0.2871093750000000E-02    0.9521865844726563E-03
   93   -0.3300781250000000E-02    0.9991836547851563E-03
   94    0.3300781250000000E-02    0.1090049743652344E-02
   95    0.1054687500000000E-02    0.1054077148437500E-02
   96    0.3886718750000000E-02    0.1184272766113281E-02
   97   -0.1562500000000000E-03    0.9053802490234375E-03
   98    0.3906250000000000E-04    0.1050186157226563E-02
   99    0.2949218750000000E-02    0.8555984497070312E-03
  100   -0.6640625000000000E-03    0.1044616699218750E-02
