# time =    0.4681
    0    0.1000000000000000E+01    0.1000000000000000E+01
    1    0.2720312500000000E+00    0.7486732482910156E-01
    2    0.1014257812500000E+00    0.1109355926513672E-01
    3    0.4677734375000000E-01    0.3047752380371094E-02
    4    0.2355468750000000E-01    0.1474456787109375E-02
    5    0.1087890625000000E-01    0.1243553161621094E-02
    6    0.6132812500000000E-02    0.1050186157226563E-02
    7    0.4531250000000000E-02    0.1001434326171875E-02
    8    0.6113281250000000E-02    0.9659957885742187E-03
    9    0.9941406250000000E-02    0.1207923889160156E-02
   10   -0.1562500000000000E-02    0.9854125976562500E-03
   11    0.1679687500000000E-02    0.9153747558593750E-03
   12   -0.3242187500000000E-02    0.1063690185546875E-02
   13    0.8417968749999999E-02    0.9092330932617187E-03
   14    0.3828125000000000E-02    0.8622741699218750E-03
   15   -0.1718750000000000E-02    0.1052780151367188E-02
   16    0.2285156250000000E-02    0.9615707397460937E-03
   17   -0.2128906250000000E-02    0.1021614074707031E-02
   18   -0.2871093750000000E-02    0.9225845336914062E-03
   19   -0.4941406250000000E-02    0.1002769470214844E-02
   20    0.1015625000000000E-02    0.8147430419921875E-03
   21   -0.2187500000000000E-02    0.9313201904296874E-03
   22   -0.3886718750000000E-02    0.1241493225097656E-02
   23   -0.3671875000000000E-02    0.1106414794921875E-02
   24    0.3515625000000000E-03    0.1165390014648438E-02
   25    0.5625000000000000E-02    0.1042480468750000E-02
   26    0.3515625000000000E-03    0.1137313842773437E-02
   27    0.9570312500000000E-03    0.1018714904785156E-02
   28    0.2949218750000000E-02    0.8491134643554688E-03
   29   -0.1562500000000000E-02    0.9722137451171876E-03
   30   -0.1542968750000000E-02    0.1120948791503906E-02
   31   -0.5312500000000000E-02    0.8112335205078125E-03
   32    0.6835937500000000E-03    0.8551406860351562E-03
   33    0.7812500000000000E-03    0.1018295288085937E-02
   34   -0.2656250000000000E-02    0.1001281738281250E-02
   35   -0.3710937500000000E-02    0.1052856445312500E-02
   36    0.1757812500000000E-03    0.1367454528808594E-02
   37   -0.3300781250000000E-02    0.1106071472167969E-02
   38   -0.1445312500000000E-02    0.9870910644531250E-03
   39   -0.2050781250000000E-02    0.9933090209960937E-03
   40    0.3242187500000000E-02    0.1147384643554687E-02
   41    0.2363281250000000E-02    0.1070976257324219E-02
   42   -0.2148437500000000E-02    0.7414245605468751E-03
   43    0.1035156250000000E-02    0.7278823852539063E-03
   44   -0.8203125000000000E-03    0.9674072265625000E-03
   45   -0.5000000000000000E-02    0.1070556640625000E-02
   46   -0.2617187500000000E-02    0.8699035644531250E-03
   47   -0.4375000000000000E-02    0.8862304687500000E-03
   48   -0.8007812500000000E-03    0.9799575805664062E-03
   49   -0.2421875000000000E-02    0.1128540039062500E-02
   50   -0.5468750000000001E-03    0.1063156127929687E-02
   51   -0.5468750000000001E-03    0.1013565063476562E-02
   52   -0.2929687500000000E-03    0.1260185241699219E-02
   53    0.1953125000000000E-04    0.1162910461425781E-02
   54   -0.1777343750000000E-02    0.1255683898925781E-02
   55   -0.1699218750000000E-02    0.1047630310058594E-02
   56   -0.1542968750000000E-02    0.8772659301757812E-03
   57   -0.1445312500000000E-02    0.8032989501953125E-03
   58   -0.9570312500000000E-03    0.1015434265136719E-02
   59    0.2890625000000000E-02    0.7753753662109375E-03
   60    0.7421875000000000E-03    0.1092300415039062E-02
   61    0.2812500000000000E-02    0.8068847656250000E-03
   62    0.1933593750000000E-02    0.9833908081054688E-03
   63    0.1953125000000000E-03    0.1113281250000000E-02
   64    0.5625000000000000E-02    0.9345245361328125E-03
   65    0.7324218750000000E-02    0.9486007690429687E-03
   66    0.7421875000000000E-03    0.1012802124023438E-02
   67    0.6074218750000000E-02    0.1052742004394531E-02
   68    0.0000000000000000E+00    0.1218109130859375E-02
   69   -0.7617187500000000E-03    0.9312057495117188E-03
   70    0.3554687500000000E-02    0.1044998168945312E-02
   71   -0.1113281250000000E-02    0.1068916320800781E-02
   72    0.2324218750000000E-02    0.8814620971679687E-03
   73   -0.1367187500000000E-03    0.9556961059570313E-03
   74    0.2070312500000000E-02    0.1188278198242188E-02
   75    0.2050781250000000E-02    0.8085250854492187E-03
   76   -0.2812500000000000E-02    0.9974670410156251E-03
   77    0.1894531250000000E-02    0.1007041931152344E-02
   78    0.2949218750000000E-02    0.1133613586425781E-02
   79    0.3906250000000000E-04    0.9464263916015625E-03
   80   -0.4394531250000000E-02    0.1039085388183594E-02
   81   -0.2968750000000000E-02    0.1158447265625000E-02
   82   -0.2597656250000000E-02    0.8530807495117187E-03
   83   -0.6972656250000000E-02    0.9496688842773437E-03
   84    0.9179687499999999E-03    0.1111412048339844E-02
   85   -0.4609375000000000E-02    0.1113433837890625E-02
   86   -0.1660156250000000E-02    0.6344223022460938E-03
   87    0.2636718750000000E-02    0.9104537963867187E-03
   88   -0.2636718750000000E-02    0.1083183288574219E-02
   89   -0.3632812500000000E-02    0.9473419189453125E-03
   90   -0.1679687500000000E-02    0.1060180664062500E-02
   91   -0.3632812500000000E-02    0.1050949096679688E-02
   92   -0.9375000000000000E-03    0.1036300659179688E-02
   93    0.4960937500000000E-02    0.9464263916015625E-03
   94    0.5195312500000000E-02    0.9130859375000001E-03
   95    0.1757812500000000E-03    0.1100196838378906E-02
   96    0.1953125000000000E-03    0.8989715576171875E-03
   97    0.3320312500000000E-02    0.9327697753906250E-03
   98    0.2558593750000000E-02    0.9119033813476563E-03
   99    0.3066406250000000E-02    0.1051292419433594E-02
  100    0.2109375000000000E-02    0.1110839843750000E-02
