# time =    0.4671
    0    0.1000000000000000E+01    0.1000000000000000E+01
    1    0.1811718750000000E+00    0.3355346679687500E-01
    2    0.3583984375000000E-01    0.2239036560058594E-02
    3    0.1261718750000000E-01    0.1111145019531250E-02
    4    0.1953125000000000E-02    0.8946228027343750E-03
    5    0.5585937500000000E-02    0.7183837890625000E-03
    6    0.3398437500000000E-02    0.1179733276367187E-02
    7   -0.2929687500000000E-03    0.1033973693847656E-02
    8    0.5117187500000000E-02    0.9928131103515625E-03
    9   -0.6191406250000000E-02    0.1273384094238281E-02
   10    0.7421875000000000E-03    0.9073638916015626E-03
   11   -0.5078125000000000E-03    0.8467102050781250E-03
   12   -0.2109375000000000E-02    0.8583831787109375E-03
   13   -0.2578125000000000E-02    0.9965515136718750E-03
   14    0.6054687500000000E-03    0.7369613647460937E-03
   15    0.4765625000000000E-02    0.8929443359375000E-03
   16    0.5664062500000000E-03    0.9418106079101562E-03
   17    0.8398437500000000E-03    0.8742141723632812E-03
   18   -0.1582031250000000E-02    0.1029853820800781E-02
   19    0.1582031250000000E-02    0.1140251159667969E-02
   20   -0.9375000000000000E-03    0.8364868164062500E-03
   21   -0.3730468750000000E-02    0.9531784057617188E-03
   22   -0.2968750000000000E-02    0.8225250244140625E-03
   23   -0.3085937500000000E-02    0.9169769287109375E-03
   24   -0.1992187500000000E-02    0.9473419189453125E-03
   25   -0.5546875000000000E-02    0.1341247558593750E-02
   26   -0.2578125000000000E-02    0.1111221313476563E-02
   27   -0.2265625000000000E-02    0.9607696533203126E-03
   28   -0.1308593750000000E-02    0.1306495666503906E-02
   29    0.3046875000000000E-02    0.1031494140625000E-02
   30    0.4003906250000000E-02    0.1295433044433594E-02
   31   -0.1367187500000000E-02    0.1291198730468750E-02
   32    0.2187500000000000E-02    0.9485626220703125E-03
   33   -0.1367187500000000E-02    0.1087341308593750E-02
   34    0.1269531250000000E-02    0.1024818420410156E-02
   35    0.4882812500000000E-03    0.1053581237792969E-02
   36   -0.2792968750000000E-02    0.9070205688476563E-03
   37   -0.1328125000000000E-02    0.8695983886718750E-03
   38    0.1210937500000000E-02    0.1065292358398437E-02
   39   -0.1074218750000000E-02    0.8219528198242187E-03
   40   -0.3886718750000000E-02    0.7769393920898437E-03
   41   -0.6054687500000000E-03    0.8462905883789062E-03
   42   -0.8007812500000000E-03    0.7982254028320312E-03
   43    0.3886718750000000E-02    0.7900619506835938E-03
   44   -0.1699218750000000E-02    0.9675979614257813E-03
   45   -0.1425781250000000E-02    0.7053756713867187E-03
   46    0.1347656250000000E-02    0.8661270141601563E-03
   47    0.6289062500000000E-02    0.7976531982421875E-03
   48   -0.2500000000000000E-02    0.8705902099609375E-03
   49    0.2070312500000000E-02    0.1003570556640625E-02
   50    0.2734375000000000E-03    0.1214828491210937E-02
   51    0.1972656250000000E-02    0.9259414672851562E-03
   52    0.3710937500000000E-03    0.6541061401367187E-03
   53   -0.7812500000000000E-03    0.1131362915039062E-02
   54    0.1855468750000000E-02    0.8439254760742187E-03
   55   -0.4550781250000000E-02    0.9262466430664063E-03
   56   -0.6445312500000000E-03    0.1047706604003906E-02
   57   -0.3515625000000000E-03    0.8604431152343750E-03
   58    0.2734375000000000E-02    0.1037750244140625E-02
   59    0.2285156250000000E-02    0.1115455627441406E-02
   60    0.2734375000000000E-02    0.1040878295898438E-02
   61   -0.3867187500000000E-02    0.9851074218750000E-03
   62    0.6425781250000000E-02    0.9215164184570312E-03
   63    0.2226562500000000E-02    0.9844970703124999E-03
   64   -0.6015625000000000E-02    0.8534240722656250E-03
   65    0.4492187500000000E-03    0.1292915344238281E-02
   66    0.2207031250000000E-02    0.1126060485839844E-02
   67    0.2304687500000000E-02    0.1131896972656250E-02
   68    0.2031250000000000E-02    0.1185531616210937E-02
   69   -0.1621093750000000E-02    0.7472610473632812E-03
   70   -0.5078125000000000E-02    0.1200180053710938E-02
   71   -0.1914062500000000E-02    0.6741333007812500E-03
   72    0.1660156250000000E-02    0.8716201782226563E-03
   73    0.3203125000000000E-02    0.9605407714843750E-03
   74   -0.6445312500000000E-03    0.9077835083007812E-03
   75   -0.1601562500000000E-02    0.9176635742187500E-03
   76   -0.2011718750000000E-02    0.1137733459472656E-02
   77    0.6640625000000000E-03    0.9964752197265626E-03
   78    0.1757812500000000E-03    0.1183891296386719E-02
   79    0.1015625000000000E-02    0.8016204833984374E-03
   80   -0.2480468750000000E-02    0.1106529235839844E-02
   81    0.1718750000000000E-02    0.9687042236328125E-03
   82    0.4121093750000000E-02    0.9607315063476562E-03
   83    0.2148437500000000E-03    0.9029769897460938E-03
   84   -0.2734375000000000E-03    0.9967041015624999E-03
   85    0.1289062500000000E-02    0.1151962280273438E-02
   86    0.4843750000000000E-02    0.1060943603515625E-02
   87    0.4648437500000000E-02    0.1087722778320312E-02
   88   -0.4218750000000000E-02    0.8023834228515625E-03
   89   -0.4218750000000000E-02    0.9824371337890626E-03
   90   -0.1191406250000000E-02    0.6663894653320312E-03
   91   -0.8789062500000000E-03    0.9455490112304688E-03
   92   -0.4882812500000000E-03    0.1241264343261719E-02
   93   -0.6777343750000000E-02    0.1119880676269531E-02
   94   -0.3906250000000000E-02    0.9927368164062500E-03
   95    0.1074218750000000E-02    0.8781814575195313E-03
   96   -0.1406250000000000E-02    0.1031188964843750E-02
   97    0.4218750000000000E-02    0.7440948486328125E-03
   98    0.1992187500000000E-02    0.9008026123046874E-03
   99   -0.6054687500000000E-02    0.1092071533203125E-02
  100   -0.6015625000000000E-02    0.1166305541992188E-02
