# time =    0.4784
    0    0.1000000000000000E+01    0.1000000000000000E+01
    1    0.2209765625000000E+00    0.4958175659179687E-01
    2    0.5736328125000000E-01    0.4358100891113281E-02
    3    0.1751953125000000E-01    0.1311149597167969E-02
    4    0.6250000000000000E-02    0.1113052368164062E-02
    5    0.8007812500000000E-03    0.1062049865722656E-02
    6   -0.8593750000000000E-03    0.8800506591796875E-03
    7   -0.1191406250000000E-02    0.1061744689941406E-02
    8    0.5136718750000000E-02    0.9547805786132812E-03
    9    0.3691406250000000E-02    0.1128196716308594E-02
   10    0.6875000000000000E-02    0.9875488281250000E-03
   11    0.3691406250000000E-02    0.7793807983398438E-03
   12    0.4570312500000000E-02    0.1049728393554688E-02
   13   -0.4375000000000000E-02    0.1087722778320312E-02
   14   -0.2792968750000000E-02    0.1151084899902344E-02
   15    0.7031250000000000E-03    0.7119750976562499E-03
   16   -0.1953125000000000E-03    0.1104888916015625E-02
   17   -0.4882812500000000E-03    0.6870651245117188E-03
   18   -0.4140625000000000E-02    0.7201385498046875E-03
   19   -0.3925781250000000E-02    0.1201210021972656E-02
   20    0.1835937500000000E-02    0.1158370971679688E-02
   21    0.2832031250000000E-02    0.8649063110351562E-03
   22    0.3710937500000000E-03    0.9402847290039063E-03
   23    0.6250000000000000E-02    0.7019042968750000E-03
   24    0.7070312500000000E-02    0.7861328125000000E-03
   25    0.4453125000000000E-02    0.7011413574218750E-03
   26   -0.4296875000000000E-03    0.8892822265625000E-03
   27   -0.1347656250000000E-02    0.7630538940429688E-03
   28    0.1992187500000000E-02    0.8602142333984375E-03
   29   -0.9765625000000000E-03    0.8731079101562500E-03
   30    0.3027343750000000E-02    0.1090888977050781E-02
   31    0.4980468750000000E-02    0.1053810119628906E-02
   32    0.1347656250000000E-02    0.8301162719726563E-03
   33   -0.2539062500000000E-02    0.8763122558593750E-03
   34   -0.1210937500000000E-02    0.8249664306640625E-03
   35   -0.1699218750000000E-02    0.1070899963378906E-02
   36   -0.6718750000000000E-02    0.1000366210937500E-02
   37   -0.1250000000000000E-02    0.1157989501953125E-02
   38    0.1328125000000000E-02    0.8222961425781250E-03
   39   -0.4687500000000000E-03    0.9117126464843750E-03
   40   -0.5703125000000000E-02    0.8152008056640625E-03
   41    0.5859375000000000E-03    0.9915924072265625E-03
   42   -0.1679687500000000E-02    0.9858703613281250E-03
   43    0.2929687500000000E-03    0.9777450561523438E-03
   44    0.2050781250000000E-02    0.8943557739257812E-03
   45   -0.2656250000000000E-02    0.8546447753906250E-03
   46   -0.1386718750000000E-02    0.1112327575683594E-02
   47   -0.2832031250000000E-02    0.1009330749511719E-02
   48   -0.2382812500000000E-02    0.1081924438476563E-02
   49   -0.4863281250000000E-02    0.8795547485351562E-03
   50    0.3320312500000000E-03    0.1007194519042969E-02
   51    0.5390625000000000E-02    0.8901214599609375E-03
   52   -0.5664062500000000E-03    0.9008407592773438E-03
   53   -0.5078125000000000E-03    0.9896087646484376E-03
   54   -0.2109375000000000E-02    0.1102218627929687E-02
   55    0.8007812500000000E-03    0.9724044799804687E-03
   56   -0.2031250000000000E-02    0.1258087158203125E-02
   57   -0.1289062500000000E-02    0.9101867675781250E-03
   58    0.5507812500000000E-02    0.1041183471679687E-02
   59    0.9375000000000000E-03    0.9991455078125001E-03
   60    0.1757812500000000E-02    0.8187103271484375E-03
   61    0.3398437500000000E-02    0.1167526245117188E-02
   62    0.6445312500000000E-03    0.1055107116699219E-02
   63    0.4531250000000000E-02    0.1107177734375000E-02
   64   -0.3691406250000000E-02    0.1114463806152344E-02
   65    0.3417968750000000E-02    0.7784652709960937E-03
   66    0.2734375000000000E-03    0.9877014160156251E-03
   67   -0.6835937500000000E-03    0.8439254760742187E-03
   68    0.1582031250000000E-02    0.8427810668945313E-03
   69   -0.3789062500000000E-02    0.8570861816406250E-03
   70    0.3320312500000000E-03    0.1147727966308594E-02
   71   -0.2617187500000000E-02    0.8509063720703125E-03
   72   -0.9570312500000000E-03    0.9199905395507812E-03
   73    0.2460937500000000E-02    0.1172866821289062E-02
   74    0.5292968750000000E-02    0.9965896606445312E-03
   75    0.4882812500000000E-02    0.1060638427734375E-02
   76    0.1621093750000000E-02    0.1114311218261719E-02
   77   -0.2148437500000000E-03    0.8764266967773438E-03
   78    0.1660156250000000E-02    0.1243324279785156E-02
   79   -0.1562500000000000E-02    0.9072875976562500E-03
   80   -0.2812500000000000E-02    0.8135986328125000E-03
   81    0.5078125000000000E-03    0.1111602783203125E-02
   82    0.3359375000000000E-02    0.9835052490234375E-03
   83   -0.1328125000000000E-02    0.8970642089843750E-03
   84   -0.1523437500000000E-02    0.1253433227539062E-02
   85   -0.1582031250000000E-02    0.1089668273925781E-02
   86    0.3886718750000000E-02    0.8588790893554688E-03
   87   -0.5957031250000000E-02    0.1059989929199219E-02
   88   -0.5214843750000000E-02    0.1116752624511719E-02
   89    0.8203125000000000E-03    0.8927154541015625E-03
   90    0.7812500000000000E-04    0.7490539550781251E-03
   91    0.7421875000000000E-03    0.8986663818359375E-03
   92    0.1777343750000000E-02    0.8835983276367187E-03
   93    0.8789062500000000E-03    0.8682632446289063E-03
   94    0.5664062500000000E-03    0.9872817993164063E-03
   95    0.2636718750000000E-02    0.8771896362304687E-03
   96   -0.5273437500000000E-03    0.9879684448242188E-03
   97   -0.2109375000000000E-02    0.1085128784179687E-02
   98   -0.6875000000000000E-02    0.7488250732421875E-03
   99    0.5664062500000000E-03    0.9132003784179687E-03
  100    0.1328125000000000E-02    0.1101913452148438E-02
