# time =    0.4626
    0    0.1000000000000000E+01    0.1000000000000000E+01
    1    0.2041210937500000E+00    0.4246639251708984E-01
    2    0.4373046875000000E-01    0.2710685729980469E-02
    3    0.1568359375000000E-01    0.1147651672363281E-02
    4    0.4257812500000000E-02    0.1159591674804688E-02
    5    0.1660156250000000E-02    0.9252548217773438E-03
    6    0.3027343750000000E-02    0.8067703247070313E-03
    7    0.2148437500000000E-02    0.8354187011718750E-03
    8    0.3691406250000000E-02    0.9388351440429688E-03
    9   -0.3691406250000000E-02    0.8512496948242188E-03
   10    0.6250000000000000E-03    0.8455657958984375E-03
   11   -0.4199218750000000E-02    0.8739852905273438E-03
   12   -0.4042968750000000E-02    0.9007644653320312E-03
   13    0.6640625000000000E-03    0.1046371459960938E-02
   14   -0.7812500000000000E-04    0.1125564575195313E-02
   15    0.2148437500000000E-02    0.9133911132812500E-03
   16    0.1113281250000000E-02    0.1134223937988281E-02
   17    0.4687500000000000E-03    0.1086196899414063E-02
   18    0.4433593750000000E-02    0.1031990051269531E-02
   19   -0.5664062500000000E-03    0.9983444213867187E-03
   20   -0.1601562500000000E-02    0.1002578735351562E-02
   21   -0.5058593750000000E-02    0.8156967163085938E-03
   22   -0.4492187500000000E-03    0.9261703491210937E-03
   23   -0.7421875000000000E-03    0.9246063232421875E-03
   24   -0.3281250000000000E-02    0.9781646728515626E-03
   25   -0.2753906250000000E-02    0.1010398864746094E-02
   26   -0.2714843750000000E-02    0.8337783813476562E-03
   27    0.2128906250000000E-02    0.8414840698242188E-03
   28   -0.2148437500000000E-02    0.7837677001953125E-03
   29    0.2500000000000000E-02    0.9689331054687500E-03
   30   -0.2421875000000000E-02    0.8003234863281250E-03
   31   -0.2050781250000000E-02    0.9970474243164063E-03
   32   -0.1953125000000000E-02    0.8612060546875000E-03
   33   -0.3164062500000000E-02    0.9364318847656250E-03
   34    0.7031250000000000E-03    0.8281707763671875E-03
   35    0.2656250000000000E-02    0.8662414550781250E-03
   36   -0.1855468750000000E-02    0.1238517761230469E-02
   37    0.3378906250000000E-02    0.9365463256835937E-03
   38    0.2617187500000000E-02    0.8573913574218750E-03
   39    0.2734375000000000E-03    0.8560943603515625E-03
   40   -0.3085937500000000E-02    0.7122802734375000E-03
   41   -0.4570312500000000E-02    0.7801818847656250E-03
   42   -0.8984375000000000E-03    0.8150482177734375E-03
   43    0.3496093750000000E-02    0.9174728393554687E-03
   44    0.0000000000000000E+00    0.8762359619140625E-03
   45   -0.4882812500000000E-03    0.9788131713867187E-03
   46   -0.1171875000000000E-02    0.8355712890625000E-03
   47    0.2109375000000000E-02    0.9402465820312500E-03
   48   -0.2929687500000000E-02    0.9825897216796874E-03
   49    0.1855468750000000E-02    0.9656143188476562E-03
   50   -0.1660156250000000E-02    0.9230422973632812E-03
   51   -0.3300781250000000E-02    0.9180831909179687E-03
   52   -0.2128906250000000E-02    0.9759902954101562E-03
   53   -0.3164062500000000E-02    0.1094131469726562E-02
   54   -0.5214843750000000E-02    0.1358528137207031E-02
   55    0.2343750000000000E-02    0.1395797729492187E-02
   56   -0.1269531250000000E-02    0.8926010131835938E-03
   57    0.4667968750000000E-02    0.8681106567382812E-03
   58    0.5058593750000000E-02    0.8994674682617187E-03
   59    0.9765625000000001E-04    0.1242027282714844E-02
   60    0.1085937500000000E-01    0.1175765991210938E-02
   61    0.7324218750000000E-02    0.1008033752441406E-02
   62   -0.1816406250000000E-02    0.9175491333007813E-03
   63   -0.1816406250000000E-02    0.9885025024414062E-03
   64   -0.9179687499999999E-03    0.8171463012695313E-03
   65   -0.1367187500000000E-02    0.1082305908203125E-02
   66    0.4609375000000000E-02    0.1033706665039063E-02
   67   -0.4062500000000000E-02    0.1115951538085938E-02
   68    0.1367187500000000E-02    0.9961700439453124E-03
   69   -0.2421875000000000E-02    0.9102630615234375E-03
   70    0.1718750000000000E-02    0.9858703613281250E-03
   71    0.1777343750000000E-02    0.7679367065429688E-03
   72   -0.2148437500000000E-03    0.1104621887207031E-02
   73   -0.8789062500000000E-03    0.1278038024902344E-02
   74    0.3144531250000000E-02    0.9043502807617187E-03
   75   -0.1230468750000000E-02    0.9695816040039062E-03
   76   -0.8789062500000000E-03    0.8153915405273438E-03
   77    0.3164062500000000E-02    0.1029205322265625E-02
   78   -0.2402343750000000E-02    0.9226608276367188E-03
   79    0.7421875000000000E-03    0.1005249023437500E-02
   80   -0.7851562499999999E-02    0.1357498168945313E-02
   81   -0.2636718750000000E-02    0.8847427368164063E-03
   82    0.3164062500000000E-02    0.9537506103515625E-03
   83    0.3671875000000000E-02    0.8916473388671875E-03
   84   -0.3710937500000000E-03    0.8700942993164063E-03
   85   -0.1269531250000000E-02    0.9845352172851562E-03
   86   -0.3437500000000000E-02    0.7645416259765625E-03
   87    0.1269531250000000E-02    0.7923507690429688E-03
   88   -0.3066406250000000E-02    0.1126518249511719E-02
   89   -0.3320312500000000E-02    0.1003646850585938E-02
   90    0.1757812500000000E-03    0.1029014587402344E-02
   91   -0.4726562500000000E-02    0.8371734619140625E-03
   92   -0.7812500000000000E-03    0.8213806152343750E-03
   93    0.1230468750000000E-02    0.1070747375488281E-02
   94    0.5136718750000000E-02    0.8285903930664063E-03
   95    0.3105468750000000E-02    0.1113853454589844E-02
   96   -0.2539062500000000E-03    0.1418571472167969E-02
   97    0.8593750000000000E-03    0.9477233886718750E-03
   98   -0.5859375000000000E-02    0.7845306396484375E-03
   99   -0.3789062500000000E-02    0.9239196777343750E-03
  100   -0.1972656250000000E-02    0.1026344299316406E-02
