# time =    0.4301
    0    0.1000000000000000E+01    0.1000000000000000E+01
    1    0.3583398437500000E+00    0.1289861679077148E+00
    2    0.1744335937500000E+00    0.3110813140869141E-01
    3    0.1035937500000000E+00    0.1143707275390625E-01
    4    0.6833984375000000E-01    0.5411949157714844E-02
    5    0.5294921875000000E-01    0.3789253234863281E-02
    6    0.4113281250000000E-01    0.2719955444335937E-02
    7    0.3281250000000000E-01    0.2026901245117188E-02
    8    0.3164062500000000E-01    0.1971282958984375E-02
    9    0.3044921875000000E-01    0.2141227722167969E-02
   10    0.2388671875000000E-01    0.1412391662597656E-02
   11    0.2457031250000000E-01    0.1578903198242187E-02
   12    0.1558593750000000E-01    0.1300582885742187E-02
   13    0.2158203125000000E-01    0.1315650939941406E-02
   14    0.1931640625000000E-01    0.1113243103027344E-02
   15    0.1828125000000000E-01    0.1255111694335937E-02
   16    0.1023437500000000E-01    0.8900451660156250E-03
   17    0.5234375000000000E-02    0.9052276611328125E-03
   18    0.8886718750000000E-02    0.1079139709472656E-02
   19    0.9238281250000001E-02    0.1124534606933594E-02
   20    0.1195312500000000E-01    0.1016159057617187E-02
   21    0.9257812500000000E-02    0.1086578369140625E-02
   22    0.4472656250000000E-02    0.8649063110351562E-03
   23    0.3750000000000000E-02    0.8714294433593750E-03
   24    0.4843750000000000E-02    0.9181976318359375E-03
   25    0.2539062500000000E-02    0.7781982421875000E-03
   26    0.3359375000000000E-02    0.1020202636718750E-02
   27    0.5507812500000000E-02    0.1131973266601563E-02
   28    0.4609375000000000E-02    0.9398651123046875E-03
   29    0.4277343750000000E-02    0.8183670043945313E-03
   30    0.4042968750000000E-02    0.7918930053710938E-03
   31    0.3691406250000000E-02    0.7265853881835937E-03
   32   -0.1640625000000000E-02    0.8513641357421875E-03
   33    0.1074218750000000E-02    0.1084022521972656E-02
   34    0.1582031250000000E-02    0.8826828002929687E-03
   35    0.4414062500000000E-02    0.1024780273437500E-02
   36    0.3847656250000000E-02    0.1009407043457031E-02
   37    0.2812500000000000E-02    0.9368896484375000E-03
   38    0.4277343750000000E-02    0.1071586608886719E-02
   39    0.3437500000000000E-02    0.1124420166015625E-02
   40    0.3808593750000000E-02    0.1144142150878906E-02
   41    0.4296875000000000E-03    0.9447479248046875E-03
   42   -0.1445312500000000E-02    0.9888458251953126E-03
   43   -0.1972656250000000E-02    0.1095390319824219E-02
   44   -0.1757812500000000E-03    0.1233482360839844E-02
   45    0.1445312500000000E-02    0.1292495727539062E-02
   46    0.4042968750000000E-02    0.8629989624023437E-03
   47    0.3906250000000000E-02    0.8956146240234375E-03
   48    0.3261718750000000E-02    0.8548355102539063E-03
   49    0.1250000000000000E-02    0.8238983154296875E-03
   50   -0.2246093750000000E-02    0.9856033325195313E-03
   51    0.4472656250000000E-02    0.1092491149902344E-02
   52    0.4960937500000000E-02    0.9960937500000000E-03
   53    0.8496093749999999E-02    0.1131095886230469E-02
   54    0.5097656250000000E-02    0.1194343566894531E-02
   55   -0.3710937500000000E-03    0.9968948364257812E-03
   56    0.5859375000000000E-03    0.7848358154296875E-03
   57    0.2441406250000000E-02    0.1018867492675781E-02
   58    0.1328125000000000E-02    0.1043090820312500E-02
   59    0.4531250000000000E-02    0.1034469604492188E-02
   60    0.2363281250000000E-02    0.9862899780273438E-03
   61    0.3046875000000000E-02    0.9710693359375000E-03
   62   -0.1757812500000000E-02    0.9667968750000000E-03
   63   -0.2968750000000000E-02    0.1239318847656250E-02
   64   -0.2343750000000000E-03    0.8667755126953125E-03
   65    0.3789062500000000E-02    0.1221084594726563E-02
   66   -0.1796875000000000E-02    0.9424591064453125E-03
   67    0.2519531250000000E-02    0.9882736206054687E-03
   68    0.2031250000000000E-02    0.8977508544921875E-03
   69    0.2246093750000000E-02    0.9663009643554688E-03
   70   -0.3906250000000000E-03    0.9660339355468750E-03
   71   -0.2285156250000000E-02    0.9528732299804687E-03
   72   -0.9765625000000000E-03    0.9941101074218751E-03
   73    0.0000000000000000E+00    0.9302520751953126E-03
   74   -0.9375000000000000E-03    0.9970092773437501E-03
   75   -0.2480468750000000E-02    0.1092872619628906E-02
   76   -0.4863281250000000E-02    0.1019325256347656E-02
   77   -0.1621093750000000E-02    0.8787155151367187E-03
   78   -0.7421875000000000E-03    0.1109390258789062E-02
   79   -0.7421875000000000E-03    0.1049118041992187E-02
   80   -0.1171875000000000E-03    0.9843444824218751E-03
   81    0.2968750000000000E-02    0.7735443115234375E-03
   82   -0.2734375000000000E-03    0.8350372314453125E-03
   83    0.3183593750000000E-02    0.8393478393554688E-03
   84    0.6640625000000000E-03    0.9046936035156250E-03
   85   -0.1972656250000000E-02    0.1101570129394531E-02
   86   -0.2558593750000000E-02    0.1019248962402344E-02
   87   -0.2460937500000000E-02    0.9325408935546875E-03
   88    0.2539062500000000E-03    0.9066390991210937E-03
   89   -0.3398437500000000E-02    0.7273101806640625E-03
   90    0.2812500000000000E-02    0.1128082275390625E-02
   91    0.1367187500000000E-02    0.9917449951171876E-03
   92    0.3437500000000000E-02    0.1022491455078125E-02
   93   -0.4882812500000000E-03    0.1063270568847656E-02
   94   -0.1152343750000000E-02    0.1239204406738281E-02
   95   -0.1953125000000000E-04    0.1157798767089844E-02
   96    0.1367187500000000E-02    0.1229934692382813E-02
   97   -0.1562500000000000E-03    0.1111297607421875E-02
   98    0.2519531250000000E-02    0.9460830688476562E-03
   99    0.1230468750000000E-02    0.9405899047851562E-03
  100    0.1230468750000000E-02    0.1047935485839844E-02
