# time =    0.4700
    0    0.1000000000000000E+01    0.1000000000000000E+01
    1    0.2626367187500000E+00    0.6961452484130859E-01
    2    0.8798828124999999E-01    0.8628959655761720E-02
    3    0.3882812500000000E-01    0.2595672607421875E-02
    4    0.2195312500000000E-01    0.1393661499023437E-02
    5    0.8476562500000000E-02    0.1046981811523437E-02
    6    0.7128906250000000E-02    0.1149101257324219E-02
    7    0.4687500000000000E-02    0.9585571289062500E-03
    8    0.3730468750000000E-02    0.7159042358398437E-03
    9    0.8398437500000000E-03    0.7126235961914063E-03
   10    0.3320312500000000E-03    0.8722305297851563E-03
   11    0.1835937500000000E-02    0.1018524169921875E-02
   12   -0.6250000000000000E-03    0.8969116210937500E-03
   13   -0.4531250000000000E-02    0.9402465820312500E-03
   14   -0.1601562500000000E-02    0.9234619140625000E-03
   15   -0.2695312500000000E-02    0.7911682128906250E-03
   16   -0.2539062500000000E-03    0.1075477600097656E-02
   17    0.1660156250000000E-02    0.8474349975585938E-03
   18   -0.4550781250000000E-02    0.1125221252441406E-02
   19    0.5664062500000000E-03    0.9135818481445313E-03
   20    0.3515625000000000E-03    0.1104354858398438E-02
   21   -0.5605468750000000E-02    0.8275222778320313E-03
   22   -0.7617187500000000E-03    0.8218765258789062E-03
   23    0.1777343750000000E-02    0.1055030822753906E-02
   24    0.2089843750000000E-02    0.1243629455566406E-02
   25   -0.3906250000000000E-03    0.9156036376953125E-03
   26   -0.2109375000000000E-02    0.9793853759765625E-03
   27   -0.2695312500000000E-02    0.1241302490234375E-02
   28   -0.1562500000000000E-02    0.1023635864257812E-02
   29   -0.8398437500000000E-03    0.9901046752929688E-03
   30   -0.3027343750000000E-02    0.1046104431152344E-02
   31   -0.8203125000000000E-03    0.8699798583984375E-03
   32   -0.1054687500000000E-02    0.9777832031250000E-03
   33    0.5429687500000000E-02    0.1100769042968750E-02
   34    0.7500000000000000E-02    0.9082794189453125E-03
   35   -0.3906250000000000E-04    0.9062194824218750E-03
   36   -0.6542968750000000E-02    0.8054733276367188E-03
   37   -0.4824218750000000E-02    0.7495498657226563E-03
   38   -0.5976562500000000E-02    0.9728240966796875E-03
   39   -0.6445312500000000E-02    0.8751678466796875E-03
   40   -0.2480468750000000E-02    0.8612442016601563E-03
   41   -0.4960937500000000E-02    0.1127700805664063E-02
   42   -0.4062500000000000E-02    0.1139602661132813E-02
   43    0.2734375000000000E-02    0.1263504028320313E-02
   44    0.4687500000000000E-02    0.1102066040039062E-02
   45   -0.9570312500000000E-03    0.9544754028320313E-03
   46   -0.2968750000000000E-02    0.8730316162109376E-03
   47   -0.3691406250000000E-02    0.9926986694335938E-03
   48   -0.3710937500000000E-03    0.1198616027832031E-02
   49   -0.7226562500000000E-03    0.1236686706542969E-02
   50   -0.2011718750000000E-02    0.9309005737304688E-03
   51   -0.2246093750000000E-02    0.1148719787597656E-02
   52    0.5175781250000000E-02    0.1190071105957031E-02
   53    0.2519531250000000E-02    0.1362190246582031E-02
   54    0.2792968750000000E-02    0.6135940551757812E-03
   55    0.5859375000000000E-03    0.9944915771484375E-03
   56   -0.4023437500000000E-02    0.1044921875000000E-02
   57    0.5273437500000000E-03    0.7437515258789062E-03
   58   -0.5468750000000001E-03    0.1139144897460938E-02
   59   -0.1679687500000000E-02    0.1203689575195313E-02
   60   -0.1523437500000000E-02    0.1314315795898438E-02
   61    0.3593750000000000E-02    0.1188583374023437E-02
   62    0.2207031250000000E-02    0.8863449096679687E-03
   63    0.2597656250000000E-02    0.8664321899414062E-03
   64    0.3730468750000000E-02    0.1065940856933594E-02
   65   -0.2656250000000000E-02    0.9952545166015624E-03
   66   -0.6191406250000000E-02    0.8961105346679687E-03
   67   -0.2734375000000000E-03    0.8574676513671875E-03
   68    0.4511718750000000E-02    0.8363723754882812E-03
   69    0.5175781250000000E-02    0.9104537963867187E-03
   70   -0.2734375000000000E-02    0.1072540283203125E-02
   71   -0.1835937500000000E-02    0.1032104492187500E-02
   72    0.1464843750000000E-02    0.1026420593261719E-02
   73   -0.3125000000000000E-03    0.9818267822265625E-03
   74    0.1230468750000000E-02    0.1125450134277344E-02
   75    0.5214843750000000E-02    0.9067916870117188E-03
   76    0.4550781250000000E-02    0.1040229797363281E-02
   77    0.2597656250000000E-02    0.1073570251464844E-02
   78    0.4863281250000000E-02    0.9285354614257812E-03
   79    0.6992187500000000E-02    0.9510040283203125E-03
   80    0.2363281250000000E-02    0.9397506713867187E-03
   81    0.9765625000000000E-03    0.1134033203125000E-02
   82    0.1367187500000000E-02    0.1098403930664062E-02
   83   -0.1367187500000000E-02    0.1008987426757812E-02
   84    0.1523437500000000E-02    0.1128387451171875E-02
   85    0.1660156250000000E-02    0.1210060119628906E-02
   86   -0.3359375000000000E-02    0.9523773193359375E-03
   87   -0.6914062500000000E-02    0.9856414794921875E-03
   88    0.1503906250000000E-02    0.9585952758789062E-03
   89    0.3417968750000000E-02    0.1098670959472656E-02
   90    0.4296875000000000E-03    0.8663177490234375E-03
   91    0.3593750000000000E-02    0.1210250854492187E-02
   92   -0.4296875000000000E-03    0.1232299804687500E-02
   93   -0.6406250000000000E-02    0.1235809326171875E-02
   94   -0.1621093750000000E-02    0.9361648559570312E-03
   95    0.2480468750000000E-02    0.7698440551757813E-03
   96    0.2089843750000000E-02    0.1189918518066406E-02
   97    0.4296875000000000E-02    0.1059036254882813E-02
   98    0.2011718750000000E-02    0.8240127563476562E-03
   99    0.2421875000000000E-02    0.9451293945312500E-03
  100   -0.1757812500000000E-02    0.6918334960937501E-03
