# time =    0.4704
    0    0.1000000000000000E+01    0.1000000000000000E+01
    1    0.1884765625000000E+00    0.3630294799804688E-01
    2    0.3792968750000000E-01    0.2175216674804688E-02
    3    0.5371093750000000E-02    0.1057090759277344E-02
    4    0.3027343750000000E-02    0.9050369262695312E-03
    5    0.2421875000000000E-02    0.1058349609375000E-02
    6   -0.1972656250000000E-02    0.1043281555175781E-02
    7   -0.8984375000000000E-03    0.1239624023437500E-02
    8    0.2070312500000000E-02    0.1034774780273437E-02
    9   -0.2871093750000000E-02    0.9169387817382813E-03
   10   -0.3515625000000000E-03    0.9706878662109375E-03
   11   -0.7421875000000000E-03    0.8207702636718750E-03
   12   -0.2460937500000000E-02    0.9198760986328124E-03
   13   -0.1582031250000000E-02    0.1079216003417969E-02
   14   -0.1660156250000000E-02    0.1155586242675781E-02
   15   -0.9960937500000000E-03    0.1097984313964844E-02
   16    0.7226562500000000E-03    0.1018486022949219E-02
   17    0.2695312500000000E-02    0.7112121582031250E-03
   18    0.3769531250000000E-02    0.8868789672851563E-03
   19   -0.6640625000000000E-03    0.7830047607421875E-03
   20   -0.2578125000000000E-02    0.1012344360351562E-02
   21    0.3925781250000000E-02    0.9236526489257812E-03
   22    0.7031250000000000E-03    0.8544158935546875E-03
   23   -0.7226562500000000E-03    0.1110343933105469E-02
   24    0.1738281250000000E-02    0.9560012817382813E-03
   25   -0.1562500000000000E-02    0.1312561035156250E-02
   26   -0.3828125000000000E-02    0.8141326904296875E-03
   27    0.3320312500000000E-03    0.9804916381835936E-03
   28   -0.2148437500000000E-02    0.7418060302734375E-03
   29   -0.1699218750000000E-02    0.9285354614257812E-03
   30    0.4277343750000000E-02    0.1236000061035156E-02
   31    0.3125000000000000E-02    0.9451293945312500E-03
   32   -0.4433593750000000E-02    0.8943557739257812E-03
   33   -0.5742187500000000E-02    0.8570098876953125E-03
   34   -0.4687500000000000E-03    0.7563018798828125E-03
   35    0.1582031250000000E-02    0.7432937622070312E-03
   36    0.5468750000000001E-03    0.9268188476562500E-03
   37    0.2246093750000000E-02    0.1022300720214844E-02
   38    0.1191406250000000E-02    0.1202049255371094E-02
   39    0.2773437500000000E-02    0.9316253662109375E-03
   40   -0.1132812500000000E-02    0.1130142211914062E-02
   41   -0.1152343750000000E-02    0.9415054321289063E-03
   42    0.5859375000000000E-03    0.7739257812500000E-03
   43   -0.5039062500000000E-02    0.9187316894531250E-03
   44   -0.3437500000000000E-02    0.1020965576171875E-02
   45   -0.8515625000000001E-02    0.7566833496093751E-03
   46   -0.6796875000000000E-02    0.1146392822265625E-02
   47    0.4296875000000000E-03    0.1117324829101562E-02
   48    0.7832031250000000E-02    0.9727096557617188E-03
   49    0.1582031250000000E-02    0.1082954406738281E-02
   50    0.6386718750000000E-02    0.7925796508789063E-03
   51   -0.2441406250000000E-02    0.8107376098632813E-03
   52    0.7031250000000000E-03    0.1163253784179687E-02
   53   -0.8593750000000000E-03    0.8039093017578125E-03
   54   -0.1914062500000000E-02    0.9791564941406250E-03
   55   -0.4492187500000000E-02    0.8586883544921875E-03
   56   -0.6269531250000000E-02    0.1040000915527344E-02
   57    0.3320312500000000E-03    0.9194564819335938E-03
   58    0.1777343750000000E-02    0.1040153503417969E-02
   59   -0.5253906250000000E-02    0.1088447570800781E-02
   60    0.4023437500000000E-02    0.9252929687500000E-03
   61    0.4531250000000000E-02    0.1143722534179687E-02
   62    0.6933593750000000E-02    0.9787368774414062E-03
   63   -0.5859375000000000E-03    0.1049728393554688E-02
   64   -0.9179687499999999E-03    0.1080055236816406E-02
   65   -0.3515625000000000E-03    0.7850646972656250E-03
   66    0.1347656250000000E-02    0.8308029174804687E-03
   67   -0.1152343750000000E-02    0.9168624877929687E-03
   68   -0.2929687500000000E-03    0.8701705932617188E-03
   69   -0.1386718750000000E-02    0.8889389038085938E-03
   70   -0.1171875000000000E-03    0.8923339843750000E-03
   71   -0.5468750000000001E-03    0.7006072998046875E-03
   72    0.3437500000000000E-02    0.1073608398437500E-02
   73   -0.2617187500000000E-02    0.1033020019531250E-02
   74    0.1484375000000000E-02    0.7369232177734375E-03
   75   -0.9765625000000000E-03    0.7271575927734375E-03
   76   -0.3417968750000000E-02    0.8612442016601563E-03
   77   -0.2714843750000000E-02    0.9785842895507811E-03
   78    0.5859375000000000E-04    0.8526992797851563E-03
   79    0.1523437500000000E-02    0.9725189208984375E-03
   80   -0.2734375000000000E-03    0.1044692993164063E-02
   81    0.4492187500000000E-03    0.8945083618164063E-03
   82    0.1484375000000000E-02    0.1228942871093750E-02
   83    0.4921875000000000E-02    0.8857727050781250E-03
   84    0.2753906250000000E-02    0.8391189575195312E-03
   85   -0.1953125000000000E-04    0.1111869812011719E-02
   86   -0.2304687500000000E-02    0.1160202026367187E-02
   87   -0.6816406250000000E-02    0.1124534606933594E-02
   88    0.1425781250000000E-02    0.1049156188964844E-02
   89    0.1074218750000000E-02    0.1104011535644531E-02
   90    0.1210937500000000E-02    0.9756469726562500E-03
   91   -0.1367187500000000E-03    0.8656692504882813E-03
   92    0.0000000000000000E+00    0.7687377929687500E-03
   93   -0.1210937500000000E-02    0.1089935302734375E-02
   94    0.2011718750000000E-02    0.1081657409667969E-02
   95    0.3847656250000000E-02    0.1166343688964844E-02
   96    0.9179687499999999E-03    0.1097450256347656E-02
   97   -0.1250000000000000E-02    0.1269683837890625E-02
   98    0.4218750000000000E-02    0.8596038818359375E-03
   99    0.4414062500000000E-02    0.1193084716796875E-02
  100    0.3886718750000000E-02    0.8642196655273438E-03
