# time =    0.4698
    0    0.1000000000000000E+01    0.1000000000000000E+01
    1    0.2340039062500000E+00    0.5558513641357422E-01
    2    0.5693359375000000E-01    0.4141654968261719E-02
    3    0.2064453125000000E-01    0.1201972961425781E-02
    4    0.8906249999999999E-02    0.1055297851562500E-02
    5    0.4550781250000000E-02    0.1170845031738281E-02
    6   -0.1074218750000000E-02    0.7642745971679687E-03
    7    0.2363281250000000E-02    0.1064338684082031E-02
    8   -0.3125000000000000E-03    0.8937072753906250E-03
    9   -0.3359375000000000E-02    0.8477783203125000E-03
   10    0.1328125000000000E-02    0.1091079711914062E-02
   11    0.2695312500000000E-02    0.1092605590820313E-02
   12    0.4921875000000000E-02    0.8068847656250000E-03
   13   -0.1757812500000000E-02    0.8718109130859375E-03
   14    0.2539062500000000E-02    0.1001281738281250E-02
   15    0.2285156250000000E-02    0.7481002807617188E-03
   16   -0.1699218750000000E-02    0.1028861999511719E-02
   17    0.1464843750000000E-02    0.9988784790039063E-03
   18    0.2792968750000000E-02    0.1016960144042969E-02
   19   -0.1816406250000000E-02    0.1059989929199219E-02
   20    0.6835937500000000E-03    0.7954025268554687E-03
   21    0.3125000000000000E-02    0.7291412353515624E-03
   22    0.2050781250000000E-02    0.9321975708007813E-03
   23    0.2910156250000000E-02    0.1036491394042969E-02
   24    0.4707031250000000E-02    0.8992385864257812E-03
   25    0.5039062500000000E-02    0.1138305664062500E-02
   26   -0.1875000000000000E-02    0.9479522705078125E-03
   27   -0.1093750000000000E-02    0.9370422363281249E-03
   28   -0.1738281250000000E-02    0.8791732788085937E-03
   29   -0.3750000000000000E-02    0.1087570190429688E-02
   30   -0.4453125000000000E-02    0.9140777587890625E-03
   31   -0.2929687500000000E-03    0.8923721313476563E-03
   32   -0.2519531250000000E-02    0.9438705444335938E-03
   33   -0.6777343750000000E-02    0.8511734008789062E-03
   34    0.6816406250000000E-02    0.1086540222167969E-02
   35   -0.3261718750000000E-02    0.1225471496582031E-02
   36   -0.1074218750000000E-02    0.1138343811035156E-02
   37   -0.2539062500000000E-02    0.7937622070312500E-03
   38    0.1914062500000000E-02    0.9084320068359374E-03
   39   -0.3457031250000000E-02    0.1066703796386719E-02
   40   -0.3691406250000000E-02    0.1084022521972656E-02
   41    0.3281250000000000E-02    0.1046142578125000E-02
   42   -0.4667968750000000E-02    0.9389114379882812E-03
   43   -0.1542968750000000E-02    0.6806564331054688E-03
   44   -0.4355468750000000E-02    0.9660720825195312E-03
   45    0.1347656250000000E-02    0.8251571655273438E-03
   46   -0.4882812500000000E-03    0.8952713012695312E-03
   47   -0.8203125000000000E-03    0.1055755615234375E-02
   48   -0.3906250000000000E-03    0.1177749633789063E-02
   49   -0.4296875000000000E-02    0.8756256103515625E-03
   50    0.0000000000000000E+00    0.9512329101562501E-03
   51    0.3886718750000000E-02    0.9110641479492188E-03
   52   -0.2324218750000000E-02    0.8257675170898437E-03
   53    0.4042968750000000E-02    0.1087226867675781E-02
   54   -0.3906250000000000E-03    0.1205368041992188E-02
   55   -0.4589843750000000E-02    0.1412773132324219E-02
   56    0.1425781250000000E-02    0.1023902893066406E-02
   57   -0.3906250000000000E-04    0.1172943115234375E-02
   58    0.0000000000000000E+00    0.7263946533203125E-03
   59   -0.2148437500000000E-02    0.9764862060546875E-03
   60   -0.6855468750000000E-02    0.1107826232910156E-02
   61    0.5292968750000000E-02    0.1186485290527344E-02
   62   -0.4492187500000000E-03    0.7468032836914063E-03
   63   -0.3320312500000000E-02    0.6864929199218750E-03
   64    0.1894531250000000E-02    0.9656143188476562E-03
   65    0.2246093750000000E-02    0.1035804748535156E-02
   66   -0.8398437500000000E-03    0.1040611267089844E-02
   67   -0.3906250000000000E-03    0.8660125732421875E-03
   68    0.2050781250000000E-02    0.9532546997070312E-03
   69    0.3261718750000000E-02    0.9259414672851562E-03
   70    0.1289062500000000E-02    0.8463287353515626E-03
   71   -0.4589843750000000E-02    0.1137580871582031E-02
   72    0.3671875000000000E-02    0.1095199584960938E-02
   73    0.1484375000000000E-02    0.9761810302734375E-03
   74   -0.4316406250000000E-02    0.7428359985351562E-03
   75   -0.4296875000000000E-02    0.1107025146484375E-02
   76   -0.1855468750000000E-02    0.9575271606445312E-03
   77   -0.4492187500000000E-03    0.6701278686523437E-03
   78   -0.4882812500000000E-03    0.1057395935058594E-02
   79   -0.2148437500000000E-03    0.9154129028320312E-03
   80    0.5410156250000000E-02    0.8275985717773437E-03
   81   -0.1230468750000000E-02    0.1073493957519531E-02
   82   -0.1464843750000000E-02    0.1136054992675781E-02
   83    0.6835937500000000E-03    0.9474563598632813E-03
   84    0.9570312500000001E-02    0.8354949951171875E-03
   85    0.3906250000000000E-04    0.7943725585937500E-03
   86   -0.2089843750000000E-02    0.9074783325195312E-03
   87    0.4101562500000000E-03    0.1199531555175781E-02
   88    0.2382812500000000E-02    0.1095581054687500E-02
   89   -0.5253906250000000E-02    0.9603500366210938E-03
   90    0.3437500000000000E-02    0.1089935302734375E-02
   91    0.1464843750000000E-02    0.9807968139648438E-03
   92    0.1855468750000000E-02    0.1102790832519531E-02
   93   -0.2363281250000000E-02    0.1133460998535156E-02
   94   -0.1835937500000000E-02    0.9175109863281250E-03
   95   -0.4296875000000000E-03    0.9868621826171875E-03
   96    0.1582031250000000E-02    0.7306289672851563E-03
   97    0.2031250000000000E-02    0.8460998535156250E-03
   98   -0.2187500000000000E-02    0.1154937744140625E-02
   99   -0.2265625000000000E-02    0.1066894531250000E-02
  100    0.3769531250000000E-02    0.8763504028320312E-03
