# time =    0.4695
    0    0.1000000000000000E+01    0.1000000000000000E+01
    1    0.1910351562500000E+00    0.3739589691162110E-01
    2    0.3980468750000000E-01    0.2711563110351563E-02
    3    0.4882812500000000E-02    0.1168899536132813E-02
    4    0.2812500000000000E-02    0.8000946044921875E-03
    5    0.3554687500000000E-02    0.9834289550781250E-03
    6   -0.2539062500000000E-03    0.1075553894042969E-02
    7    0.3613281250000000E-02    0.1078376770019531E-02
    8    0.1406250000000000E-02    0.8953857421875000E-03
    9    0.1796875000000000E-02    0.1069946289062500E-02
   10    0.2441406250000000E-02    0.7204818725585938E-03
   11   -0.3125000000000000E-03    0.9059906005859375E-03
   12   -0.4667968750000000E-02    0.1179008483886719E-02
   13   -0.4687500000000000E-03    0.1032485961914063E-02
   14    0.3574218750000000E-02    0.1046943664550781E-02
   15   -0.1386718750000000E-02    0.1147499084472656E-02
   16    0.1367187500000000E-03    0.1019020080566406E-02
   17   -0.1953125000000000E-04    0.7382583618164063E-03
   18   -0.9960937500000000E-03    0.7867813110351562E-03
   19    0.3671875000000000E-02    0.9490966796875000E-03
   20    0.5273437500000000E-03    0.1104850769042969E-02
   21   -0.2734375000000000E-02    0.1178131103515625E-02
   22   -0.2929687500000000E-03    0.1083335876464844E-02
   23    0.3906250000000000E-04    0.8522033691406250E-03
   24    0.2148437500000000E-02    0.8422851562500000E-03
   25    0.6640625000000000E-03    0.1202697753906250E-02
   26    0.9179687499999999E-03    0.1402702331542969E-02
   27    0.1308593750000000E-02    0.9413528442382813E-03
   28   -0.2460937500000000E-02    0.1029815673828125E-02
   29    0.4687500000000000E-03    0.1067428588867187E-02
   30    0.4101562500000000E-03    0.9540176391601563E-03
   31    0.6660156250000000E-02    0.9718704223632813E-03
   32    0.3925781250000000E-02    0.9170150756835937E-03
   33    0.3417968750000000E-02    0.1080360412597656E-02
   34   -0.6484375000000000E-02    0.8059692382812500E-03
   35   -0.3046875000000000E-02    0.1120758056640625E-02
   36   -0.2988281250000000E-02    0.1159553527832031E-02
   37   -0.6250000000000000E-03    0.9801483154296875E-03
   38   -0.5859375000000000E-03    0.9792327880859375E-03
   39   -0.9765625000000000E-03    0.8547973632812500E-03
   40    0.3144531250000000E-02    0.8984756469726563E-03
   41    0.1972656250000000E-02    0.8541488647460937E-03
   42    0.8593750000000000E-03    0.1036300659179688E-02
   43    0.4492187500000000E-03    0.9712600708007813E-03
   44    0.4277343750000000E-02    0.1005439758300781E-02
   45    0.4296875000000000E-03    0.8535766601562500E-03
   46   -0.9765625000000000E-03    0.7182312011718750E-03
   47   -0.1953125000000000E-02    0.9319305419921875E-03
   48    0.7031250000000000E-03    0.1053314208984375E-02
   49   -0.1953125000000000E-03    0.8396911621093750E-03
   50   -0.2167968750000000E-02    0.8865737915039062E-03
   51   -0.2128906250000000E-02    0.1108665466308594E-02
   52    0.2617187500000000E-02    0.1137390136718750E-02
   53    0.5273437500000000E-03    0.7828903198242187E-03
   54    0.3964843750000000E-02    0.9563064575195312E-03
   55    0.1875000000000000E-02    0.1093444824218750E-02
   56    0.3867187500000000E-02    0.9443664550781250E-03
   57    0.8593750000000000E-03    0.1051177978515625E-02
   58   -0.3417968750000000E-02    0.8404922485351563E-03
   59   -0.2343750000000000E-03    0.6892395019531250E-03
   60    0.1367187500000000E-03    0.9911727905273437E-03
   61   -0.9765625000000001E-04    0.9888839721679688E-03
   62    0.2558593750000000E-02    0.9826278686523437E-03
   63   -0.7617187500000000E-03    0.1130943298339844E-02
   64   -0.1113281250000000E-02    0.8660507202148438E-03
   65    0.1191406250000000E-02    0.9238815307617187E-03
   66    0.2324218750000000E-02    0.1050453186035156E-02
   67   -0.3593750000000000E-02    0.8746337890625000E-03
   68   -0.1933593750000000E-02    0.1093406677246094E-02
   69   -0.2246093750000000E-02    0.1154518127441406E-02
   70   -0.5078125000000000E-03    0.1225814819335937E-02
   71   -0.1679687500000000E-02    0.1153717041015625E-02
   72   -0.1367187500000000E-03    0.1025047302246094E-02
   73   -0.2656250000000000E-02    0.1065139770507813E-02
   74   -0.6308593750000000E-02    0.9398269653320313E-03
   75    0.4667968750000000E-02    0.9492111206054688E-03
   76    0.5664062500000000E-03    0.1018943786621094E-02
   77    0.2441406250000000E-02    0.1156120300292969E-02
   78   -0.1757812500000000E-03    0.9349441528320313E-03
   79    0.5273437500000000E-03    0.8196640014648438E-03
   80   -0.1718750000000000E-02    0.9919738769531251E-03
   81   -0.8984375000000000E-03    0.1085052490234375E-02
   82   -0.4453125000000000E-02    0.1083831787109375E-02
   83   -0.4628906250000000E-02    0.9489059448242188E-03
   84   -0.1328125000000000E-02    0.9376525878906250E-03
   85   -0.3164062500000000E-02    0.1259613037109375E-02
   86    0.2460937500000000E-02    0.1025619506835938E-02
   87   -0.8203125000000000E-03    0.8131408691406250E-03
   88    0.1308593750000000E-02    0.1009025573730469E-02
   89    0.2089843750000000E-02    0.1117057800292969E-02
   90    0.2929687500000000E-03    0.9675979614257813E-03
   91    0.1777343750000000E-02    0.9412002563476562E-03
   92    0.4160156250000000E-02    0.1158866882324219E-02
   93    0.4882812500000000E-03    0.7857131958007812E-03
   94    0.2109375000000000E-02    0.1132659912109375E-02
   95   -0.1093750000000000E-02    0.1077117919921875E-02
   96   -0.3886718750000000E-02    0.1062812805175781E-02
   97    0.9765625000000001E-04    0.1193809509277344E-02
   98    0.1386718750000000E-02    0.8400344848632813E-03
   99    0.3281250000000000E-02    0.1089172363281250E-02
  100   -0.2929687500000000E-03    0.7648849487304687E-03
