# time =    0.4721
    0    0.1000000000000000E+01    0.1000000000000000E+01
    1    0.2070507812500000E+00    0.4361080169677734E-01
    2    0.5521484375000000E-01    0.3873481750488281E-02
    3    0.1863281250000000E-01    0.1274414062500000E-02
    4    0.1126953125000000E-01    0.1176109313964844E-02
    5    0.9726562500000001E-02    0.1264801025390625E-02
    6    0.3144531250000000E-02    0.8787155151367187E-03
    7   -0.2539062500000000E-03    0.9989547729492188E-03
    8    0.3574218750000000E-02    0.9102249145507813E-03
    9   -0.8984375000000000E-03    0.9142303466796875E-03
   10   -0.1113281250000000E-02    0.9377670288085938E-03
   11    0.2070312500000000E-02    0.8303070068359375E-03
   12   -0.3691406250000000E-02    0.8436965942382812E-03
   13   -0.2812500000000000E-02    0.1137313842773437E-02
   14   -0.1328125000000000E-02    0.9584045410156250E-03
   15    0.2011718750000000E-02    0.9896469116210938E-03
   16   -0.4589843750000000E-02    0.9883499145507812E-03
   17   -0.4296875000000000E-03    0.1370544433593750E-02
   18    0.3984375000000000E-02    0.8698272705078125E-03
   19    0.2539062500000000E-03    0.9769058227539062E-03
   20    0.1738281250000000E-02    0.9396743774414063E-03
   21   -0.4746093750000000E-02    0.8823776245117188E-03
   22    0.1835937500000000E-02    0.7685089111328125E-03
   23   -0.1289062500000000E-02    0.9954833984374999E-03
   24   -0.1289062500000000E-02    0.1015777587890625E-02
   25   -0.1484375000000000E-02    0.7225799560546875E-03
   26    0.9609375000000000E-02    0.9505462646484375E-03
   27    0.3906250000000000E-04    0.8275604248046875E-03
   28    0.5390625000000000E-02    0.6864166259765625E-03
   29    0.5878906250000000E-02    0.9025192260742188E-03
   30   -0.6054687500000000E-03    0.1015586853027344E-02
   31    0.1953125000000000E-04    0.1156272888183594E-02
   32   -0.1953125000000000E-04    0.7951736450195312E-03
   33   -0.1660156250000000E-02    0.1132850646972656E-02
   34    0.1875000000000000E-02    0.8718872070312500E-03
   35    0.3554687500000000E-02    0.1008758544921875E-02
   36   -0.6835937500000000E-03    0.9060287475585937E-03
   37    0.1953125000000000E-02    0.1145172119140625E-02
   38    0.1953125000000000E-03    0.9980773925781249E-03
   39   -0.7773437500000000E-02    0.1039733886718750E-02
   40   -0.3769531250000000E-02    0.1027946472167969E-02
   41    0.7812500000000000E-04    0.1064453125000000E-02
   42    0.2636718750000000E-02    0.1158485412597656E-02
   43   -0.4355468750000000E-02    0.1218681335449219E-02
   44   -0.1601562500000000E-02    0.1125793457031250E-02
   45   -0.3984375000000000E-02    0.9973144531250000E-03
   46   -0.5683593750000000E-02    0.9188461303710938E-03
   47   -0.7949218750000001E-02    0.1127967834472656E-02
   48   -0.3007812500000000E-02    0.1004486083984375E-02
   49   -0.1621093750000000E-02    0.1024742126464844E-02
   50   -0.6328125000000000E-02    0.1052017211914062E-02
   51   -0.2011718750000000E-02    0.1105232238769531E-02
   52    0.2910156250000000E-02    0.9790420532226562E-03
   53    0.6250000000000000E-03    0.8177185058593751E-03
   54    0.4062500000000000E-02    0.9272766113281250E-03
   55   -0.7597656250000000E-02    0.1006507873535156E-02
   56   -0.4101562500000000E-02    0.1144943237304687E-02
   57   -0.7812500000000000E-03    0.8529663085937500E-03
   58    0.1523437500000000E-02    0.9178161621093750E-03
   59   -0.2226562500000000E-02    0.1364974975585937E-02
   60    0.2441406250000000E-02    0.8068466186523437E-03
   61    0.3984375000000000E-02    0.9765625000000000E-03
   62   -0.2011718750000000E-02    0.9580612182617188E-03
   63   -0.5058593750000000E-02    0.1160469055175781E-02
   64    0.2480468750000000E-02    0.9856033325195313E-03
   65   -0.5957031250000000E-02    0.1097831726074219E-02
   66    0.3437500000000000E-02    0.7653808593749999E-03
   67    0.5859375000000000E-03    0.1236572265625000E-02
   68    0.1425781250000000E-02    0.8707046508789062E-03
   69    0.2382812500000000E-02    0.1166687011718750E-02
   70   -0.1796875000000000E-02    0.8995056152343750E-03
   71    0.9765625000000001E-04    0.9093856811523437E-03
   72   -0.2382812500000000E-02    0.8152008056640625E-03
   73   -0.1601562500000000E-02    0.1161193847656250E-02
   74    0.4921875000000000E-02    0.8506774902343750E-03
   75    0.0000000000000000E+00    0.1156387329101562E-02
   76    0.4785156250000000E-02    0.8678817749023437E-03
   77   -0.1972656250000000E-02    0.1090049743652344E-02
   78    0.2304687500000000E-02    0.1003952026367188E-02
   79   -0.6640625000000000E-03    0.1062622070312500E-02
   80   -0.1269531250000000E-02    0.7984542846679688E-03
   81   -0.1718750000000000E-02    0.7041931152343750E-03
   82    0.3710937500000000E-02    0.1017379760742187E-02
   83   -0.9179687499999999E-03    0.9480667114257813E-03
   84    0.9765625000000000E-03    0.8239746093750000E-03
   85    0.5175781250000000E-02    0.1008033752441406E-02
   86   -0.2148437500000000E-03    0.8707809448242188E-03
   87   -0.1074218750000000E-02    0.7566452026367187E-03
   88   -0.4941406250000000E-02    0.7909774780273437E-03
   89    0.2109375000000000E-02    0.8943176269531250E-03
   90   -0.1171875000000000E-02    0.9217071533203125E-03
   91    0.2734375000000000E-02    0.9277343750000000E-03
   92   -0.3007812500000000E-02    0.1227111816406250E-02
   93    0.1503906250000000E-02    0.1042137145996094E-02
   94   -0.2968750000000000E-02    0.1086578369140625E-02
   95    0.5664062500000000E-03    0.8028030395507812E-03
   96    0.3144531250000000E-02    0.8627700805664062E-03
   97    0.5000000000000000E-02    0.8625793457031250E-03
   98    0.8593750000000000E-03    0.9678649902343750E-03
   99    0.1035156250000000E-02    0.9383773803710938E-03
  100   -0.4335937500000000E-02    0.1081390380859375E-02
