# time =    0.4649
    0    0.1000000000000000E+01    0.1000000000000000E+01
    1    0.2366796875000000E+00    0.5676193237304687E-01
    2    0.6369140625000000E-01    0.4723701477050781E-02
    3    0.1238281250000000E-01    0.1301193237304688E-02
    4    0.1308593750000000E-02    0.8639144897460937E-03
    5    0.6621093750000000E-02    0.1106300354003906E-02
    6   -0.1054687500000000E-02    0.8229827880859375E-03
    7   -0.5722656250000000E-02    0.1032981872558594E-02
    8   -0.1933593750000000E-02    0.8936691284179688E-03
    9   -0.6738281250000000E-02    0.1001701354980469E-02
   10   -0.6953125000000000E-02    0.7844543457031249E-03
   11   -0.6601562500000000E-02    0.1076965332031250E-02
   12   -0.8261718750000001E-02    0.9485244750976563E-03
   13    0.2089843750000000E-02    0.9508895874023438E-03
   14   -0.2753906250000000E-02    0.9791946411132812E-03
   15   -0.3593750000000000E-02    0.7762145996093750E-03
   16   -0.4531250000000000E-02    0.9051513671875000E-03
   17   -0.4453125000000000E-02    0.1044464111328125E-02
   18   -0.3554687500000000E-02    0.8181762695312500E-03
   19   -0.6601562500000000E-02    0.9642791748046875E-03
   20    0.3320312500000000E-03    0.1110420227050781E-02
   21   -0.4355468750000000E-02    0.9664535522460937E-03
   22   -0.1171875000000000E-02    0.8010864257812500E-03
   23    0.1347656250000000E-02    0.9769058227539062E-03
   24    0.4101562500000000E-02    0.1110763549804688E-02
   25    0.5859375000000000E-03    0.9574127197265625E-03
   26   -0.1562500000000000E-02    0.8480072021484375E-03
   27   -0.9765625000000000E-03    0.1019287109375000E-02
   28    0.4296875000000000E-03    0.1077880859375000E-02
   29    0.1523437500000000E-02    0.1115570068359375E-02
   30   -0.4296875000000000E-03    0.9434509277343750E-03
   31   -0.6054687500000000E-02    0.1070861816406250E-02
   32   -0.2871093750000000E-02    0.1045188903808594E-02
   33   -0.2675781250000000E-02    0.8919906616210938E-03
   34   -0.1914062500000000E-02    0.9346008300781250E-03
   35   -0.4023437500000000E-02    0.1025314331054687E-02
   36    0.2089843750000000E-02    0.1040534973144531E-02
   37    0.3808593750000000E-02    0.8884811401367187E-03
   38   -0.5585937500000000E-02    0.9432220458984375E-03
   39    0.1230468750000000E-02    0.1058692932128906E-02
   40   -0.4453125000000000E-02    0.1259918212890625E-02
   41   -0.2890625000000000E-02    0.1017837524414062E-02
   42    0.3730468750000000E-02    0.9169387817382813E-03
   43    0.5039062500000000E-02    0.1189422607421875E-02
   44    0.1152343750000000E-02    0.8656692504882813E-03
   45   -0.2714843750000000E-02    0.9541702270507812E-03
   46    0.1250000000000000E-02    0.8171844482421875E-03
   47    0.3320312500000000E-03    0.7177352905273438E-03
   48   -0.4355468750000000E-02    0.1107673645019531E-02
   49   -0.2109375000000000E-02    0.7540893554687500E-03
   50    0.2929687500000000E-03    0.6061935424804687E-03
   51   -0.9765625000000001E-04    0.1131172180175781E-02
   52    0.2089843750000000E-02    0.1206779479980469E-02
   53    0.2187500000000000E-02    0.1177673339843750E-02
   54    0.4960937500000000E-02    0.1137237548828125E-02
   55    0.3339843750000000E-02    0.1189613342285156E-02
   56   -0.4472656250000000E-02    0.8174514770507812E-03
   57   -0.3710937500000000E-02    0.8878326416015625E-03
   58   -0.1171875000000000E-02    0.9463500976562500E-03
   59    0.4277343750000000E-02    0.8518600463867188E-03
   60    0.2734375000000000E-02    0.9307861328125000E-03
   61    0.6757812500000000E-02    0.9332275390624999E-03
   62    0.4296875000000000E-02    0.8156585693359375E-03
   63   -0.1171875000000000E-03    0.9410095214843750E-03
   64    0.1523437500000000E-02    0.8817291259765624E-03
   65    0.2363281250000000E-02    0.7210159301757812E-03
   66    0.3378906250000000E-02    0.1182060241699219E-02
   67   -0.1191406250000000E-02    0.1182441711425781E-02
   68   -0.2226562500000000E-02    0.9458923339843750E-03
   69    0.1582031250000000E-02    0.9905624389648438E-03
   70    0.1757812500000000E-03    0.9356307983398438E-03
   71   -0.3417968750000000E-02    0.9541702270507812E-03
   72   -0.1777343750000000E-02    0.8530044555664063E-03
   73   -0.2929687500000000E-03    0.9791946411132812E-03
   74    0.4609375000000000E-02    0.1146926879882813E-02
   75    0.6230468750000000E-02    0.1030693054199219E-02
   76   -0.2500000000000000E-02    0.9123992919921875E-03
   77   -0.1425781250000000E-02    0.1357994079589844E-02
   78   -0.3906250000000000E-03    0.1205978393554687E-02
   79   -0.2187500000000000E-02    0.8845520019531250E-03
   80    0.3496093750000000E-02    0.1015129089355469E-02
   81   -0.4101562500000000E-03    0.9371566772460937E-03
   82   -0.1484375000000000E-02    0.1151123046875000E-02
   83    0.1152343750000000E-02    0.8797073364257813E-03
   84    0.4121093750000000E-02    0.9052658081054688E-03
   85   -0.2753906250000000E-02    0.1047019958496094E-02
   86   -0.2675781250000000E-02    0.7823562622070313E-03
   87    0.1679687500000000E-02    0.1131057739257812E-02
   88   -0.2675781250000000E-02    0.9714126586914063E-03
   89   -0.3906250000000000E-02    0.1181106567382813E-02
   90   -0.1972656250000000E-02    0.1072654724121094E-02
   91   -0.6679687500000000E-02    0.1119308471679688E-02
   92    0.1152343750000000E-02    0.8581161499023437E-03
   93   -0.3652343750000000E-02    0.6738662719726563E-03
   94   -0.9960937500000000E-03    0.1091499328613281E-02
   95    0.2343750000000000E-03    0.8714294433593750E-03
   96    0.3359375000000000E-02    0.8264160156249999E-03
   97   -0.1328125000000000E-02    0.1018753051757813E-02
   98    0.1503906250000000E-02    0.1035804748535156E-02
   99   -0.1718750000000000E-02    0.9861755371093749E-03
  100    0.8281250000000000E-02    0.1140747070312500E-02
