# time =    0.4337
    0    0.1000000000000000E+01    0.1000000000000000E+01
    1    0.3346093750000000E+00    0.1125721740722656E+00
    2    0.1208007812500000E+00    0.1546245574951172E-01
    3    0.4953125000000000E-01    0.3314666748046875E-02
    4    0.2142578125000000E-01    0.1462745666503906E-02
    5    0.1005859375000000E-01    0.8843612670898438E-03
    6    0.5800781250000000E-02    0.9498214721679688E-03
    7    0.3847656250000000E-02    0.1130790710449219E-02
    8    0.4492187500000000E-02    0.7968902587890625E-03
    9   -0.2871093750000000E-02    0.1020545959472656E-02
   10   -0.9179687499999999E-03    0.9810256958007813E-03
   11    0.4492187500000000E-02    0.1071624755859375E-02
   12    0.9375000000000000E-03    0.1413116455078125E-02
   13    0.2148437500000000E-03    0.9926986694335938E-03
   14    0.2226562500000000E-02    0.9709930419921875E-03
   15   -0.1171875000000000E-02    0.7104492187500000E-03
   16   -0.3964843750000000E-02    0.8480453491210938E-03
   17   -0.4707031250000000E-02    0.9289169311523437E-03
   18   -0.2832031250000000E-02    0.8440017700195312E-03
   19    0.0000000000000000E+00    0.1143035888671875E-02
   20   -0.5039062500000000E-02    0.8251190185546875E-03
   21   -0.2148437500000000E-03    0.7342910766601563E-03
   22    0.1230468750000000E-02    0.1020088195800781E-02
   23   -0.1718750000000000E-02    0.9608459472656250E-03
   24   -0.1171875000000000E-02    0.1008758544921875E-02
   25   -0.5859375000000000E-04    0.8588790893554688E-03
   26    0.6796875000000000E-02    0.8473205566406250E-03
   27    0.7753906250000000E-02    0.8716964721679687E-03
   28    0.2207031250000000E-02    0.9254837036132813E-03
   29    0.9570312500000000E-03    0.9419631958007813E-03
   30   -0.7890625000000000E-02    0.1188354492187500E-02
   31   -0.5703125000000000E-02    0.9694671630859374E-03
   32   -0.1425781250000000E-02    0.7532119750976562E-03
   33   -0.9375000000000000E-03    0.9308624267578125E-03
   34   -0.1953125000000000E-03    0.7555389404296875E-03
   35    0.4101562500000000E-03    0.8459091186523438E-03
   36    0.2929687500000000E-03    0.1222648620605469E-02
   37    0.4550781250000000E-02    0.1032676696777344E-02
   38    0.2851562500000000E-02    0.1209945678710938E-02
   39    0.6855468750000000E-02    0.8147048950195312E-03
   40    0.3847656250000000E-02    0.9696578979492187E-03
   41    0.2167968750000000E-02    0.8245468139648438E-03
   42    0.7617187500000000E-03    0.8325576782226562E-03
   43    0.3457031250000000E-02    0.1050300598144531E-02
   44    0.2480468750000000E-02    0.8167648315429688E-03
   45    0.6308593750000000E-02    0.1214027404785156E-02
   46    0.6035156250000000E-02    0.1060981750488281E-02
   47    0.1037109375000000E-01    0.9115219116210937E-03
   48    0.3750000000000000E-02    0.9768676757812499E-03
   49    0.2812500000000000E-02    0.8120727539062500E-03
   50    0.1269531250000000E-02    0.7984542846679688E-03
   51    0.6074218750000000E-02    0.8234024047851562E-03
   52   -0.5273437500000000E-03    0.9159469604492188E-03
   53   -0.1972656250000000E-02    0.8543777465820312E-03
   54   -0.3378906250000000E-02    0.9478378295898437E-03
   55   -0.9765625000000000E-03    0.8454895019531249E-03
   56    0.8007812500000000E-03    0.1019935607910156E-02
   57   -0.1464843750000000E-02    0.9662246704101562E-03
   58    0.1367187500000000E-02    0.1175689697265625E-02
   59    0.8261718750000001E-02    0.9877395629882813E-03
   60    0.1718750000000000E-02    0.1002883911132812E-02
   61    0.2851562500000000E-02    0.1118316650390625E-02
   62    0.2148437500000000E-03    0.8839797973632812E-03
   63   -0.4218750000000000E-02    0.1151580810546875E-02
   64   -0.1953125000000000E-04    0.9886550903320313E-03
   65    0.3164062500000000E-02    0.8453369140625000E-03
   66    0.2460937500000000E-02    0.8969116210937500E-03
   67    0.4179687500000000E-02    0.1045989990234375E-02
   68    0.2773437500000000E-02    0.8001708984375000E-03
   69    0.3710937500000000E-02    0.1316604614257812E-02
   70    0.3437500000000000E-02    0.1067123413085938E-02
   71   -0.1757812500000000E-03    0.1023750305175781E-02
   72   -0.1953125000000000E-04    0.9134292602539062E-03
   73    0.2109375000000000E-02    0.1004104614257813E-02
   74    0.6093750000000000E-02    0.1010818481445313E-02
   75   -0.4296875000000000E-03    0.6742095947265625E-03
   76    0.1542968750000000E-02    0.1106224060058594E-02
   77    0.1972656250000000E-02    0.9631729125976563E-03
   78   -0.4550781250000000E-02    0.1035957336425781E-02
   79   -0.2929687500000000E-03    0.9016036987304687E-03
   80   -0.5644531250000000E-02    0.9819412231445313E-03
   81   -0.4863281250000000E-02    0.1143836975097656E-02
   82    0.4003906250000000E-02    0.1063499450683594E-02
   83    0.4023437500000000E-02    0.1016159057617187E-02
   84    0.4121093750000000E-02    0.9778976440429688E-03
   85   -0.2929687500000000E-03    0.1146583557128906E-02
   86   -0.4824218750000000E-02    0.9946823120117188E-03
   87   -0.5664062500000000E-03    0.9111404418945312E-03
   88   -0.2031250000000000E-02    0.1109008789062500E-02
   89   -0.1621093750000000E-02    0.7987594604492187E-03
   90   -0.4316406250000000E-02    0.9812545776367188E-03
   91   -0.5800781250000000E-02    0.8683395385742187E-03
   92    0.3671875000000000E-02    0.1034622192382813E-02
   93    0.1621093750000000E-02    0.1154747009277344E-02
   94    0.1835937500000000E-02    0.1188812255859375E-02
   95    0.0000000000000000E+00    0.1257324218750000E-02
   96    0.6250000000000000E-03    0.8445739746093750E-03
   97    0.3574218750000000E-02    0.1035118103027344E-02
   98   -0.1972656250000000E-02    0.1075782775878906E-02
   99   -0.1542968750000000E-02    0.8935928344726562E-03
  100    0.3164062500000000E-02    0.8595275878906250E-03
