# time =    0.4556
    0    0.1000000000000000E+01    0.1000000000000000E+01
    1    0.1842773437500000E+00    0.3484943389892578E-01
    2    0.3308593750000000E-01    0.2042007446289062E-02
    3    0.4648437500000000E-02    0.9177398681640625E-03
    4   -0.4199218750000000E-02    0.9929275512695313E-03
    5   -0.1953125000000000E-02    0.9550476074218751E-03
    6   -0.7617187500000000E-03    0.1043739318847656E-02
    7   -0.7246093750000000E-02    0.1080513000488281E-02
    8   -0.3574218750000000E-02    0.1025962829589844E-02
    9    0.3417968750000000E-02    0.7318496704101562E-03
   10    0.9375000000000000E-03    0.9334564208984375E-03
   11   -0.3007812500000000E-02    0.9710693359375000E-03
   12   -0.1171875000000000E-03    0.1268539428710938E-02
   13    0.1523437500000000E-02    0.8494567871093750E-03
   14   -0.3417968750000000E-02    0.1273002624511719E-02
   15    0.2128906250000000E-02    0.1058464050292969E-02
   16    0.6562500000000000E-02    0.8146667480468750E-03
   17   -0.3632812500000000E-02    0.1243591308593750E-02
   18   -0.4687500000000000E-02    0.8873748779296875E-03
   19   -0.9765625000000000E-03    0.9417724609375000E-03
   20    0.1757812500000000E-02    0.8988189697265625E-03
   21   -0.2265625000000000E-02    0.8509063720703125E-03
   22   -0.6972656250000000E-02    0.6404495239257812E-03
   23   -0.4199218750000000E-02    0.9660720825195312E-03
   24    0.1542968750000000E-02    0.9908676147460938E-03
   25    0.1191406250000000E-02    0.8877944946289062E-03
   26    0.1132812500000000E-02    0.9194183349609375E-03
   27   -0.2500000000000000E-02    0.1242599487304688E-02
   28   -0.3378906250000000E-02    0.1069297790527344E-02
   29    0.1093750000000000E-02    0.9024810791015625E-03
   30   -0.5468750000000001E-03    0.9643554687500000E-03
   31    0.4687500000000000E-03    0.1012649536132812E-02
   32   -0.2734375000000000E-02    0.1128463745117187E-02
   33   -0.2832031250000000E-02    0.9258651733398438E-03
   34    0.2382812500000000E-02    0.9719848632812500E-03
   35    0.1718750000000000E-02    0.9890747070312499E-03
   36   -0.2343750000000000E-03    0.9854888916015624E-03
   37   -0.9179687499999999E-03    0.9215927124023438E-03
   38   -0.1171875000000000E-02    0.9827423095703125E-03
   39    0.2343750000000000E-02    0.1173095703125000E-02
   40    0.3261718750000000E-02    0.9685134887695312E-03
   41    0.3144531250000000E-02    0.1138267517089844E-02
   42   -0.8984375000000000E-03    0.8244323730468750E-03
   43    0.1425781250000000E-02    0.1060752868652344E-02
   44    0.3378906250000000E-02    0.7251358032226563E-03
   45    0.6386718750000000E-02    0.9017562866210937E-03
   46   -0.2070312500000000E-02    0.8553314208984375E-03
   47   -0.2929687500000000E-02    0.1008377075195312E-02
   48    0.6054687500000000E-03    0.1027412414550781E-02
   49   -0.8007812500000000E-03    0.1089286804199219E-02
   50   -0.5507812500000000E-02    0.1242065429687500E-02
   51    0.3769531250000000E-02    0.8580398559570313E-03
   52   -0.1074218750000000E-02    0.8849716186523438E-03
   53    0.1757812500000000E-02    0.7122802734375000E-03
   54    0.2089843750000000E-02    0.1015968322753906E-02
   55   -0.4296875000000000E-03    0.9724426269531250E-03
   56   -0.7031250000000000E-03    0.9352874755859375E-03
   57    0.3359375000000000E-02    0.9568786621093750E-03
   58    0.2011718750000000E-02    0.1100959777832031E-02
   59   -0.4296875000000000E-03    0.8892059326171875E-03
   60    0.3339843750000000E-02    0.1064414978027344E-02
   61   -0.3164062500000000E-02    0.1056900024414063E-02
   62    0.1015625000000000E-02    0.1408462524414063E-02
   63    0.7812500000000000E-03    0.9430694580078125E-03
   64    0.1835937500000000E-02    0.9509277343750000E-03
   65    0.3925781250000000E-02    0.8127975463867187E-03
   66    0.5273437500000000E-03    0.1188850402832031E-02
   67   -0.3632812500000000E-02    0.8340454101562499E-03
   68   -0.1933593750000000E-02    0.9170150756835937E-03
   69    0.1386718750000000E-02    0.8275985717773437E-03
   70   -0.4042968750000000E-02    0.1226844787597656E-02
   71   -0.4863281250000000E-02    0.9809494018554687E-03
   72    0.2480468750000000E-02    0.9393692016601562E-03
   73   -0.1621093750000000E-02    0.1074867248535156E-02
   74    0.1152343750000000E-02    0.1178932189941406E-02
   75    0.9960937500000000E-03    0.1183967590332031E-02
   76    0.6289062500000000E-02    0.1064453125000000E-02
   77   -0.6640625000000000E-03    0.9397125244140625E-03
   78   -0.8203125000000000E-03    0.1170730590820312E-02
   79   -0.5566406250000000E-02    0.8372116088867187E-03
   80    0.4863281250000000E-02    0.9393692016601562E-03
   81   -0.1972656250000000E-02    0.9717178344726562E-03
   82    0.1054687500000000E-02    0.1029815673828125E-02
   83    0.6914062500000000E-02    0.8012390136718750E-03
   84    0.6250000000000000E-02    0.1076278686523437E-02
   85   -0.3398437500000000E-02    0.8794403076171875E-03
   86   -0.2109375000000000E-02    0.1108703613281250E-02
   87    0.3417968750000000E-02    0.9243392944335938E-03
   88    0.1328125000000000E-02    0.1125488281250000E-02
   89   -0.1503906250000000E-02    0.1070365905761719E-02
   90   -0.1542968750000000E-02    0.9730148315429687E-03
   91    0.1640625000000000E-02    0.1039352416992187E-02
   92    0.3925781250000000E-02    0.9083175659179688E-03
   93    0.3105468750000000E-02    0.8777999877929688E-03
   94    0.1210937500000000E-02    0.9355926513671875E-03
   95   -0.3359375000000000E-02    0.8001708984375000E-03
   96   -0.3535156250000000E-02    0.6655502319335937E-03
   97    0.1328125000000000E-02    0.1075592041015625E-02
   98   -0.1601562500000000E-02    0.1100769042968750E-02
   99   -0.4199218750000000E-02    0.1230125427246094E-02
  100    0.1367187500000000E-03    0.9274673461914062E-03
