# time =    0.4683
    0    0.1000000000000000E+01    0.1000000000000000E+01
    1    0.2209960937500000E+00    0.4960765838623047E-01
    2    0.5691406250000000E-01    0.4133071899414063E-02
    3    0.1730468750000000E-01    0.1235961914062500E-02
    4    0.1972656250000000E-02    0.1003150939941406E-02
    5   -0.4453125000000000E-02    0.8932495117187500E-03
    6   -0.2890625000000000E-02    0.1251296997070312E-02
    7   -0.2031250000000000E-02    0.9477233886718750E-03
    8    0.2832031250000000E-02    0.1194725036621094E-02
    9   -0.5664062500000000E-03    0.8990859985351562E-03
   10   -0.1328125000000000E-02    0.1111907958984375E-02
   11    0.2539062500000000E-03    0.1012229919433594E-02
   12   -0.4492187500000000E-03    0.9820175170898438E-03
   13    0.1933593750000000E-02    0.1258659362792969E-02
   14   -0.1757812500000000E-03    0.6568527221679687E-03
   15   -0.6523437500000000E-02    0.9413909912109375E-03
   16   -0.6816406250000000E-02    0.9514999389648438E-03
   17    0.1738281250000000E-02    0.1011924743652344E-02
   18   -0.2539062500000000E-02    0.1145324707031250E-02
   19    0.2695312500000000E-02    0.8048248291015625E-03
   20   -0.3632812500000000E-02    0.9634399414062500E-03
   21   -0.1015625000000000E-02    0.7004547119140625E-03
   22   -0.1914062500000000E-02    0.1170578002929688E-02
   23   -0.4296875000000000E-03    0.9757232666015625E-03
   24    0.5273437500000000E-03    0.9900283813476561E-03
   25   -0.1152343750000000E-02    0.1042442321777344E-02
   26   -0.2832031250000000E-02    0.1002311706542969E-02
   27    0.1113281250000000E-02    0.9860610961914063E-03
   28   -0.4550781250000000E-02    0.1072044372558594E-02
   29    0.8984375000000000E-03    0.8640289306640625E-03
   30    0.1875000000000000E-02    0.1007308959960938E-02
   31    0.2480468750000000E-02    0.9897994995117189E-03
   32   -0.1835937500000000E-02    0.9688568115234375E-03
   33   -0.1757812500000000E-03    0.7983016967773438E-03
   34    0.3925781250000000E-02    0.1011619567871094E-02
   35    0.2734375000000000E-03    0.1079483032226563E-02
   36    0.1250000000000000E-02    0.8960723876953125E-03
   37   -0.4882812500000000E-03    0.1087989807128906E-02
   38   -0.2890625000000000E-02    0.1206359863281250E-02
   39   -0.1367187500000000E-02    0.9243774414062500E-03
   40    0.3652343750000000E-02    0.9739303588867188E-03
   41   -0.2050781250000000E-02    0.1081504821777344E-02
   42   -0.1816406250000000E-02    0.1010017395019531E-02
   43    0.4707031250000000E-02    0.1117973327636719E-02
   44    0.2773437500000000E-02    0.9211730957031250E-03
   45    0.2753906250000000E-02    0.8458328247070312E-03
   46    0.1054687500000000E-02    0.1037521362304688E-02
   47   -0.1132812500000000E-02    0.8970642089843750E-03
   48   -0.5957031250000000E-02    0.1210823059082031E-02
   49   -0.2050781250000000E-02    0.9908676147460938E-03
   50   -0.2539062500000000E-02    0.7677459716796875E-03
   51    0.5273437500000000E-03    0.9248733520507812E-03
   52    0.1289062500000000E-02    0.8562469482421875E-03
   53    0.1445312500000000E-02    0.9294128417968749E-03
   54    0.4257812500000000E-02    0.8769226074218750E-03
   55    0.2285156250000000E-02    0.6630325317382813E-03
   56    0.8007812500000000E-03    0.8147048950195312E-03
   57    0.3750000000000000E-02    0.1163177490234375E-02
   58   -0.4746093750000000E-02    0.9463882446289063E-03
   59    0.7617187500000000E-03    0.9674453735351563E-03
   60    0.5273437500000000E-02    0.1114654541015625E-02
   61    0.7226562500000000E-03    0.7272720336914063E-03
   62   -0.1484375000000000E-02    0.7144927978515625E-03
   63    0.5273437500000000E-03    0.9219741821289062E-03
   64    0.1992187500000000E-02    0.1350708007812500E-02
   65    0.5019531250000000E-02    0.1001167297363281E-02
   66    0.4179687500000000E-02    0.1054229736328125E-02
   67    0.2500000000000000E-02    0.1039810180664062E-02
   68   -0.2148437500000000E-03    0.9849929809570312E-03
   69   -0.2031250000000000E-02    0.1036682128906250E-02
   70   -0.3515625000000000E-03    0.7653808593749999E-03
   71    0.7031250000000000E-03    0.9722900390625000E-03
   72    0.4726562500000000E-02    0.9741973876953125E-03
   73    0.1875000000000000E-02    0.1130142211914062E-02
   74   -0.1074218750000000E-02    0.6452560424804688E-03
   75    0.1679687500000000E-02    0.8925628662109375E-03
   76    0.3437500000000000E-02    0.9480285644531250E-03
   77    0.2089843750000000E-02    0.7358169555664062E-03
   78    0.7343750000000000E-02    0.1103210449218750E-02
   79    0.3457031250000000E-02    0.9818649291992187E-03
   80   -0.1308593750000000E-02    0.1006126403808594E-02
   81    0.1542968750000000E-02    0.8832931518554688E-03
   82   -0.2304687500000000E-02    0.1040954589843750E-02
   83   -0.1660156250000000E-02    0.1122398376464844E-02
   84    0.2929687500000000E-03    0.1033515930175781E-02
   85   -0.4882812500000000E-02    0.1018142700195312E-02
   86   -0.9179687499999999E-03    0.9154129028320312E-03
   87    0.4296875000000000E-02    0.9852600097656249E-03
   88    0.4257812500000000E-02    0.9571838378906250E-03
   89   -0.2089843750000000E-02    0.9851455688476562E-03
   90   -0.2324218750000000E-02    0.9315109252929687E-03
   91   -0.9765625000000000E-03    0.1064910888671875E-02
   92   -0.1074218750000000E-02    0.1039466857910156E-02
   93    0.2421875000000000E-02    0.8702087402343750E-03
   94    0.5351562500000000E-02    0.1342849731445312E-02
   95   -0.1191406250000000E-02    0.1048545837402344E-02
   96   -0.7812500000000000E-04    0.8615112304687500E-03
   97    0.1601562500000000E-02    0.8078765869140625E-03
   98    0.1679687500000000E-02    0.9114074707031250E-03
   99    0.1015625000000000E-02    0.1019592285156250E-02
  100    0.4101562500000000E-03    0.1016349792480469E-02
