# time =    0.4603
    0    0.1000000000000000E+01    0.1000000000000000E+01
    1    0.2003906250000000E+00    0.4102111816406250E-01
    2    0.4136718750000000E-01    0.2761535644531250E-02
    3    0.9414062500000001E-02    0.8340454101562499E-03
    4   -0.1289062500000000E-02    0.1038131713867187E-02
    5    0.1894531250000000E-02    0.7750320434570312E-03
    6    0.5859375000000000E-04    0.9511947631835937E-03
    7   -0.2460937500000000E-02    0.1023864746093750E-02
    8   -0.7246093750000000E-02    0.9885787963867187E-03
    9    0.3320312500000000E-03    0.9042739868164063E-03
   10    0.2910156250000000E-02    0.9963607788085937E-03
   11   -0.1015625000000000E-02    0.8541107177734375E-03
   12    0.1445312500000000E-02    0.1094207763671875E-02
   13    0.1933593750000000E-02    0.1034126281738281E-02
   14    0.1933593750000000E-02    0.8680343627929688E-03
   15   -0.1542968750000000E-02    0.7732772827148438E-03
   16    0.5742187500000000E-02    0.1040267944335937E-02
   17    0.4179687500000000E-02    0.8888244628906250E-03
   18   -0.1562500000000000E-02    0.8892059326171875E-03
   19    0.7617187500000000E-03    0.9920120239257813E-03
   20   -0.3417968750000000E-02    0.1102104187011719E-02
   21    0.1660156250000000E-02    0.8860397338867188E-03
   22    0.1953125000000000E-04    0.7986831665039063E-03
   23   -0.1074218750000000E-02    0.9386825561523437E-03
   24   -0.7031250000000000E-03    0.9485626220703125E-03
   25    0.3886718750000000E-02    0.8704757690429687E-03
   26   -0.3691406250000000E-02    0.1111259460449219E-02
   27   -0.3125000000000000E-03    0.8272552490234376E-03
   28    0.1171875000000000E-03    0.8863830566406251E-03
   29   -0.1992187500000000E-02    0.1138153076171875E-02
   30   -0.4101562500000000E-03    0.7719039916992187E-03
   31   -0.4550781250000000E-02    0.7350540161132812E-03
   32   -0.1308593750000000E-02    0.8246231079101562E-03
   33    0.7500000000000000E-02    0.8831024169921875E-03
   34    0.1015625000000000E-02    0.9035491943359376E-03
   35   -0.4882812500000000E-03    0.8356094360351563E-03
   36   -0.3496093750000000E-02    0.8646774291992187E-03
   37   -0.4707031250000000E-02    0.1020698547363281E-02
   38   -0.1054687500000000E-02    0.7902526855468750E-03
   39    0.1191406250000000E-02    0.9375381469726563E-03
   40    0.3320312500000000E-03    0.7161331176757812E-03
   41   -0.3027343750000000E-02    0.8886337280273437E-03
   42    0.1562500000000000E-02    0.6262207031250000E-03
   43    0.2089843750000000E-02    0.9909439086914062E-03
   44    0.2421875000000000E-02    0.1214523315429687E-02
   45   -0.1367187500000000E-02    0.9395599365234375E-03
   46   -0.3320312500000000E-03    0.1142616271972656E-02
   47    0.3085937500000000E-02    0.8954620361328125E-03
   48   -0.1621093750000000E-02    0.7776260375976562E-03
   49   -0.1406250000000000E-02    0.1021804809570313E-02
   50    0.2109375000000000E-02    0.9912872314453126E-03
   51   -0.1796875000000000E-02    0.8795166015625000E-03
   52    0.1250000000000000E-02    0.8804321289062500E-03
   53    0.6074218750000000E-02    0.1015739440917969E-02
   54    0.8789062500000000E-03    0.6902694702148437E-03
   55   -0.1191406250000000E-02    0.1097373962402344E-02
   56    0.8398437500000000E-03    0.1083641052246094E-02
   57   -0.8398437500000000E-03    0.7767868041992187E-03
   58    0.5000000000000000E-02    0.8843231201171875E-03
   59    0.1087890625000000E-01    0.1022529602050781E-02
   60    0.3378906250000000E-02    0.1019706726074219E-02
   61    0.1757812500000000E-02    0.1382827758789062E-02
   62    0.2050781250000000E-02    0.1014442443847656E-02
   63    0.4296875000000000E-03    0.8370971679687500E-03
   64    0.1074218750000000E-02    0.1031074523925781E-02
   65   -0.6054687500000000E-03    0.9243392944335938E-03
   66   -0.1562500000000000E-02    0.9246063232421875E-03
   67    0.1523437500000000E-02    0.9008026123046874E-03
   68    0.3281250000000000E-02    0.9027099609374999E-03
   69   -0.1855468750000000E-02    0.9476089477539062E-03
   70   -0.6445312500000000E-03    0.1032676696777344E-02
   71    0.4941406250000000E-02    0.8645248413085937E-03
   72    0.3437500000000000E-02    0.9712982177734375E-03
   73    0.3828125000000000E-02    0.1102905273437500E-02
   74    0.1914062500000000E-02    0.9045410156250000E-03
   75   -0.5292968750000000E-02    0.7999038696289062E-03
   76   -0.2070312500000000E-02    0.1005020141601562E-02
   77    0.1894531250000000E-02    0.1051445007324219E-02
   78    0.1015625000000000E-02    0.8800506591796875E-03
   79   -0.3378906250000000E-02    0.9901809692382812E-03
   80   -0.2929687500000000E-03    0.9529495239257813E-03
   81    0.3339843750000000E-02    0.1286506652832031E-02
   82    0.3984375000000000E-02    0.1176223754882812E-02
   83   -0.4765625000000000E-02    0.1047134399414062E-02
   84    0.3515625000000000E-03    0.8499145507812500E-03
   85   -0.2460937500000000E-02    0.8954620361328125E-03
   86   -0.1914062500000000E-02    0.7724761962890625E-03
   87    0.4042968750000000E-02    0.8687973022460938E-03
   88   -0.3710937500000000E-03    0.1040458679199219E-02
   89    0.1406250000000000E-02    0.1016693115234375E-02
   90   -0.2402343750000000E-02    0.1059837341308594E-02
   91    0.2460937500000000E-02    0.7916259765625000E-03
   92   -0.2539062500000000E-03    0.9519577026367188E-03
   93    0.3183593750000000E-02    0.9821701049804689E-03
   94    0.1503906250000000E-02    0.9537887573242188E-03
   95    0.2050781250000000E-02    0.8689498901367187E-03
   96   -0.4882812500000000E-03    0.8929061889648437E-03
   97    0.3281250000000000E-02    0.7540893554687500E-03
   98    0.4296875000000000E-03    0.9360504150390625E-03
   99    0.5820312500000000E-02    0.9212493896484375E-03
  100    0.9277343750000000E-02    0.1192359924316406E-02
