# time =    0.4697
    0    0.1000000000000000E+01    0.1000000000000000E+01
    1    0.2548632812500000E+00    0.6562580108642578E-01
    2    0.7949218750000001E-01    0.7050857543945312E-02
    3    0.2849609375000000E-01    0.2021141052246094E-02
    4    0.7812500000000000E-02    0.1011352539062500E-02
    5   -0.6054687500000000E-02    0.8248901367187500E-03
    6    0.2421875000000000E-02    0.1067428588867187E-02
    7    0.1992187500000000E-02    0.1098022460937500E-02
    8   -0.3906250000000000E-04    0.6954956054687500E-03
    9   -0.2343750000000000E-02    0.1236724853515625E-02
   10   -0.3847656250000000E-02    0.1178016662597656E-02
   11   -0.3457031250000000E-02    0.1089439392089844E-02
   12   -0.1289062500000000E-02    0.1160659790039062E-02
   13    0.2519531250000000E-02    0.9666824340820312E-03
   14    0.6093750000000000E-02    0.1089859008789062E-02
   15    0.3652343750000000E-02    0.1093711853027344E-02
   16   -0.3339843750000000E-02    0.9428024291992188E-03
   17    0.1113281250000000E-02    0.8880996704101563E-03
   18   -0.7382812500000000E-02    0.1147537231445312E-02
   19    0.0000000000000000E+00    0.8390045166015625E-03
   20   -0.1855468750000000E-02    0.1031074523925781E-02
   21   -0.7421875000000000E-02    0.9278869628906250E-03
   22    0.3378906250000000E-02    0.1087532043457031E-02
   23    0.4296875000000000E-02    0.9631347656250000E-03
   24    0.5078125000000000E-03    0.8058166503906250E-03
   25    0.1835937500000000E-02    0.8290100097656250E-03
   26   -0.1171875000000000E-03    0.7410430908203125E-03
   27   -0.3906250000000000E-03    0.8953094482421875E-03
   28    0.4882812500000000E-03    0.8217239379882812E-03
   29    0.8593750000000000E-03    0.9367370605468750E-03
   30   -0.5117187500000000E-02    0.7656097412109375E-03
   31   -0.5097656250000000E-02    0.1150169372558594E-02
   32   -0.3554687500000000E-02    0.1102142333984375E-02
   33    0.2597656250000000E-02    0.1301994323730469E-02
   34    0.2714843750000000E-02    0.9257888793945312E-03
   35   -0.2089843750000000E-02    0.7307052612304688E-03
   36    0.7226562500000000E-03    0.9115982055664062E-03
   37    0.8203125000000000E-03    0.8362579345703125E-03
   38    0.2832031250000000E-02    0.9186172485351563E-03
   39   -0.3203125000000000E-02    0.1054916381835938E-02
   40   -0.4472656250000000E-02    0.9530258178710938E-03
   41   -0.1953125000000000E-03    0.8883666992187500E-03
   42   -0.3417968750000000E-02    0.9113693237304687E-03
   43   -0.1796875000000000E-02    0.9616088867187500E-03
   44    0.1425781250000000E-02    0.8320236206054688E-03
   45    0.7421875000000000E-03    0.9931945800781251E-03
   46    0.4296875000000000E-02    0.1066360473632813E-02
   47    0.5039062500000000E-02    0.1306762695312500E-02
   48    0.1972656250000000E-02    0.1310234069824219E-02
   49    0.3906250000000000E-04    0.1032714843750000E-02
   50    0.2226562500000000E-02    0.9501647949218750E-03
   51    0.1210937500000000E-02    0.1091156005859375E-02
   52    0.6054687500000000E-03    0.9802627563476564E-03
   53   -0.3710937500000000E-03    0.1089973449707031E-02
   54   -0.3222656250000000E-02    0.1039466857910156E-02
   55   -0.1425781250000000E-02    0.1008644104003906E-02
   56   -0.1582031250000000E-02    0.7987594604492187E-03
   57   -0.5156250000000000E-02    0.7729339599609375E-03
   58   -0.1953125000000000E-02    0.1424865722656250E-02
   59    0.1230468750000000E-02    0.1014213562011719E-02
   60    0.4882812500000000E-03    0.9005355834960937E-03
   61    0.4882812500000000E-03    0.9524154663085937E-03
   62   -0.3066406250000000E-02    0.7169723510742187E-03
   63   -0.3906250000000000E-03    0.8884429931640625E-03
   64   -0.3183593750000000E-02    0.1035575866699219E-02
   65   -0.4082031250000000E-02    0.1231498718261719E-02
   66    0.1230468750000000E-02    0.8839035034179688E-03
   67   -0.3476562500000000E-02    0.8428955078125000E-03
   68   -0.2871093750000000E-02    0.9068679809570312E-03
   69    0.1523437500000000E-02    0.1074676513671875E-02
   70    0.6445312500000000E-03    0.8886337280273437E-03
   71    0.1679687500000000E-02    0.9868621826171875E-03
   72    0.1308593750000000E-02    0.6680679321289062E-03
   73   -0.4062500000000000E-02    0.1334686279296875E-02
   74    0.3320312500000000E-03    0.1066780090332031E-02
   75    0.1347656250000000E-02    0.1066169738769531E-02
   76   -0.1835937500000000E-02    0.8850097656250000E-03
   77    0.2851562500000000E-02    0.8708190917968750E-03
   78    0.3437500000000000E-02    0.9599304199218749E-03
   79   -0.1855468750000000E-02    0.6796646118164062E-03
   80   -0.3417968750000000E-02    0.8994674682617187E-03
   81    0.1464843750000000E-02    0.9654617309570313E-03
   82    0.6445312500000000E-03    0.9546279907226562E-03
   83    0.7109375000000000E-02    0.9903717041015625E-03
   84   -0.2187500000000000E-02    0.7536315917968750E-03
   85   -0.3574218750000000E-02    0.8011245727539062E-03
   86   -0.8906249999999999E-02    0.1007995605468750E-02
   87   -0.1164062500000000E-01    0.1234588623046875E-02
   88   -0.4453125000000000E-02    0.1092376708984375E-02
   89   -0.3398437500000000E-02    0.9107971191406250E-03
   90   -0.7031250000000000E-02    0.1198806762695312E-02
   91   -0.1183593750000000E-01    0.9055328369140625E-03
   92   -0.3710937500000000E-02    0.7295227050781250E-03
   93   -0.3691406250000000E-02    0.7747268676757813E-03
   94    0.5859375000000000E-03    0.9293365478515625E-03
   95    0.7890625000000000E-02    0.9490203857421875E-03
   96    0.2597656250000000E-02    0.1015892028808594E-02
   97    0.2109375000000000E-02    0.9581756591796875E-03
   98   -0.3789062500000000E-02    0.9677886962890625E-03
   99   -0.1953125000000000E-03    0.1070404052734375E-02
  100   -0.1132812500000000E-02    0.1241760253906250E-02
