# time =    0.4486
    0    0.1000000000000000E+01    0.1000000000000000E+01
    1    0.3118554687500000E+00    0.9790279388427735E-01
    2    0.1228515625000000E+00    0.1586524963378906E-01
    3    0.5888671875000000E-01    0.4432868957519531E-02
    4    0.3064453125000000E-01    0.1923637390136719E-02
    5    0.1417968750000000E-01    0.1276092529296875E-02
    6    0.3066406250000000E-02    0.8082199096679688E-03
    7    0.3007812500000000E-02    0.8874511718749999E-03
    8    0.2109375000000000E-02    0.8886718750000000E-03
    9   -0.3554687500000000E-02    0.1001815795898438E-02
   10    0.5019531250000000E-02    0.8929824829101563E-03
   11    0.5917968750000000E-02    0.8129501342773438E-03
   12    0.2500000000000000E-02    0.9362030029296875E-03
   13    0.6445312500000000E-02    0.1067276000976562E-02
   14    0.2675781250000000E-02    0.8680343627929688E-03
   15    0.4843750000000000E-02    0.1234130859375000E-02
   16    0.5371093750000000E-02    0.9841537475585938E-03
   17    0.7539062500000000E-02    0.8066558837890625E-03
   18    0.5859375000000000E-04    0.9868240356445312E-03
   19   -0.6152343750000000E-02    0.1090888977050781E-02
   20   -0.1269531250000000E-02    0.8885574340820313E-03
   21    0.1171875000000000E-03    0.1053695678710938E-02
   22    0.2089843750000000E-02    0.8115768432617188E-03
   23    0.1406250000000000E-02    0.8914184570312500E-03
   24   -0.4277343750000000E-02    0.1004753112792969E-02
   25   -0.1132812500000000E-02    0.9451293945312500E-03
   26   -0.2578125000000000E-02    0.1077346801757813E-02
   27   -0.8398437500000000E-03    0.8793258666992187E-03
   28   -0.5000000000000000E-02    0.8540344238281250E-03
   29   -0.5664062500000000E-03    0.1170616149902344E-02
   30    0.3007812500000000E-02    0.1023941040039063E-02
   31    0.2109375000000000E-02    0.7718658447265625E-03
   32    0.3593750000000000E-02    0.9911346435546875E-03
   33   -0.4687500000000000E-03    0.9084320068359374E-03
   34   -0.3828125000000000E-02    0.9737396240234375E-03
   35    0.2519531250000000E-02    0.9173965454101563E-03
   36   -0.2421875000000000E-02    0.8861541748046875E-03
   37   -0.2343750000000000E-02    0.1049804687500000E-02
   38   -0.5078125000000000E-02    0.9607696533203126E-03
   39    0.6250000000000000E-03    0.1022338867187500E-02
   40    0.1035156250000000E-02    0.8189773559570312E-03
   41   -0.1367187500000000E-03    0.1073493957519531E-02
   42    0.2929687500000000E-02    0.8351898193359375E-03
   43   -0.7617187500000000E-03    0.8192825317382813E-03
   44   -0.3027343750000000E-02    0.1025428771972656E-02
   45   -0.9179687499999999E-03    0.1083106994628906E-02
   46   -0.7812500000000000E-04    0.7446289062500000E-03
   47    0.5019531250000000E-02    0.9482192993164062E-03
   48    0.1582031250000000E-02    0.7409286499023437E-03
   49    0.8398437500000000E-03    0.9548568725585938E-03
   50    0.1699218750000000E-02    0.6965255737304688E-03
   51    0.5468750000000001E-03    0.1011581420898438E-02
   52    0.4160156250000000E-02    0.1045417785644531E-02
   53    0.1601562500000000E-02    0.9445190429687500E-03
   54   -0.4687500000000000E-03    0.9221649169921875E-03
   55   -0.3476562500000000E-02    0.9419250488281250E-03
   56   -0.5468750000000000E-02    0.9306335449218750E-03
   57   -0.8398437500000000E-03    0.1006278991699219E-02
   58    0.1074218750000000E-02    0.9081649780273437E-03
   59   -0.2695312500000000E-02    0.7466125488281250E-03
   60   -0.6054687500000000E-03    0.9396743774414063E-03
   61   -0.2656250000000000E-02    0.9210968017578125E-03
   62    0.0000000000000000E+00    0.9647369384765625E-03
   63   -0.2734375000000000E-02    0.7840728759765625E-03
   64   -0.1835937500000000E-02    0.9236907958984374E-03
   65   -0.1699218750000000E-02    0.7632064819335937E-03
   66   -0.4472656250000000E-02    0.1061820983886719E-02
   67    0.2695312500000000E-02    0.9629821777343750E-03
   68    0.1699218750000000E-02    0.9410476684570312E-03
   69    0.3398437500000000E-02    0.9893035888671874E-03
   70    0.6640625000000000E-03    0.1023406982421875E-02
   71    0.3300781250000000E-02    0.9148025512695313E-03
   72    0.9902343750000001E-02    0.1318855285644531E-02
   73    0.4863281250000000E-02    0.1080741882324219E-02
   74    0.5156250000000000E-02    0.8559417724609375E-03
   75    0.4960937500000000E-02    0.9712219238281250E-03
   76    0.5273437500000000E-02    0.9410095214843750E-03
   77    0.4492187500000000E-03    0.9505081176757812E-03
   78   -0.3632812500000000E-02    0.1090011596679688E-02
   79   -0.7421875000000000E-03    0.1162261962890625E-02
   80    0.4941406250000000E-02    0.1418495178222656E-02
   81    0.1699218750000000E-02    0.8463668823242188E-03
   82    0.2265625000000000E-02    0.9924316406250001E-03
   83    0.3242187500000000E-02    0.9691619873046875E-03
   84    0.1171875000000000E-03    0.1069488525390625E-02
   85   -0.6640625000000000E-02    0.9770965576171874E-03
   86   -0.3457031250000000E-02    0.8430099487304688E-03
   87   -0.6445312500000000E-03    0.1184349060058594E-02
   88   -0.4082031250000000E-02    0.8481216430664063E-03
   89   -0.1523437500000000E-02    0.9780883789062499E-03
   90   -0.3476562500000000E-02    0.9613800048828125E-03
   91    0.2031250000000000E-02    0.9138488769531250E-03
   92    0.3300781250000000E-02    0.8744430541992187E-03
   93    0.2421875000000000E-02    0.9495544433593750E-03
   94    0.2324218750000000E-02    0.1030235290527344E-02
   95    0.7324218750000000E-02    0.9397506713867187E-03
   96    0.1503906250000000E-02    0.9569931030273438E-03
   97    0.8789062500000000E-03    0.1115226745605469E-02
   98    0.4023437500000000E-02    0.9796142578125000E-03
   99    0.5859375000000000E-03    0.1060485839843750E-02
  100    0.3750000000000000E-02    0.8982849121093750E-03
