# time =    0.4728
    0    0.1000000000000000E+01    0.1000000000000000E+01
    1    0.1860937500000000E+00    0.3539482116699219E-01
    2    0.3582031250000000E-01    0.2121276855468750E-02
    3    0.1027343750000000E-01    0.9669494628906250E-03
    4    0.4687500000000000E-03    0.8251953125000000E-03
    5   -0.2792968750000000E-02    0.9499740600585938E-03
    6   -0.9765625000000001E-04    0.7687759399414063E-03
    7    0.2148437500000000E-03    0.9067916870117188E-03
    8   -0.1992187500000000E-02    0.1075210571289063E-02
    9    0.1113281250000000E-02    0.8924484252929687E-03
   10    0.1054687500000000E-02    0.8969879150390624E-03
   11    0.1523437500000000E-02    0.9548950195312500E-03
   12   -0.3457031250000000E-02    0.9393692016601562E-03
   13    0.6445312500000000E-03    0.1020317077636719E-02
   14    0.4863281250000000E-02    0.1107444763183594E-02
   15   -0.8789062500000000E-03    0.1212806701660156E-02
   16    0.1367187500000000E-03    0.1003074645996094E-02
   17   -0.1464843750000000E-02    0.1006431579589844E-02
   18   -0.1835937500000000E-02    0.8767700195312500E-03
   19    0.4492187500000000E-03    0.8552169799804687E-03
   20   -0.1640625000000000E-02    0.8708953857421875E-03
   21   -0.1171875000000000E-03    0.1064453125000000E-02
   22   -0.5546875000000000E-02    0.7926177978515625E-03
   23    0.2929687500000000E-02    0.8081817626953126E-03
   24    0.3789062500000000E-02    0.8937835693359375E-03
   25   -0.8593750000000000E-03    0.1061706542968750E-02
   26   -0.6640625000000000E-03    0.8345794677734375E-03
   27   -0.3437500000000000E-02    0.9017181396484375E-03
   28   -0.6640625000000000E-03    0.9698486328125000E-03
   29    0.1347656250000000E-02    0.9975814819335937E-03
   30    0.3144531250000000E-02    0.7499313354492188E-03
   31   -0.1562500000000000E-02    0.9221649169921875E-03
   32   -0.1953125000000000E-03    0.7899475097656250E-03
   33   -0.3554687500000000E-02    0.9034729003906250E-03
   34    0.1406250000000000E-02    0.8764648437500000E-03
   35   -0.4121093750000000E-02    0.1101493835449219E-02
   36    0.3984375000000000E-02    0.1055755615234375E-02
   37    0.4511718750000000E-02    0.1231575012207031E-02
   38   -0.1523437500000000E-02    0.7765960693359375E-03
   39    0.5800781250000000E-02    0.1094627380371094E-02
   40   -0.4746093750000000E-02    0.1126899719238281E-02
   41    0.3515625000000000E-03    0.7408905029296875E-03
   42    0.8398437500000000E-03    0.9640884399414062E-03
   43    0.2890625000000000E-02    0.8959960937500000E-03
   44    0.2070312500000000E-02    0.9353637695312500E-03
   45    0.1308593750000000E-02    0.9598159790039063E-03
   46    0.7617187500000000E-02    0.1033477783203125E-02
   47    0.6328125000000000E-02    0.1025924682617187E-02
   48    0.3847656250000000E-02    0.1197395324707031E-02
   49    0.4238281250000000E-02    0.1141548156738281E-02
   50   -0.1328125000000000E-02    0.9944152832031250E-03
   51    0.3281250000000000E-02    0.1011962890625000E-02
   52    0.1699218750000000E-02    0.1304206848144531E-02
   53    0.3925781250000000E-02    0.9392929077148437E-03
   54   -0.2070312500000000E-02    0.1099929809570312E-02
   55    0.3574218750000000E-02    0.1438407897949219E-02
   56   -0.5078125000000000E-03    0.7373809814453125E-03
   57    0.4882812500000000E-02    0.1094665527343750E-02
   58    0.2773437500000000E-02    0.1085052490234375E-02
   59   -0.4277343750000000E-02    0.1033668518066406E-02
   60   -0.2734375000000000E-03    0.9735870361328125E-03
   61   -0.1562500000000000E-02    0.1089477539062500E-02
   62   -0.4277343750000000E-02    0.7980728149414063E-03
   63   -0.5527343750000000E-02    0.9418106079101562E-03
   64   -0.1660156250000000E-02    0.1231269836425781E-02
   65   -0.2539062500000000E-02    0.1190872192382813E-02
   66    0.2929687500000000E-03    0.6477737426757813E-03
   67   -0.2207031250000000E-02    0.8784866333007812E-03
   68   -0.1855468750000000E-02    0.1163063049316406E-02
   69    0.2890625000000000E-02    0.1118927001953125E-02
   70   -0.1835937500000000E-02    0.1235351562500000E-02
   71   -0.3496093750000000E-02    0.9181594848632812E-03
   72   -0.2167968750000000E-02    0.1231575012207031E-02
   73    0.1171875000000000E-02    0.1283798217773438E-02
   74    0.7031250000000000E-03    0.1310501098632813E-02
   75   -0.6054687500000000E-03    0.9617996215820312E-03
   76   -0.3125000000000000E-03    0.9950256347656249E-03
   77    0.3261718750000000E-02    0.9341812133789062E-03
   78   -0.1289062500000000E-02    0.6735992431640625E-03
   79    0.5859375000000000E-03    0.9187316894531250E-03
   80   -0.5253906250000000E-02    0.1214256286621094E-02
   81   -0.5195312500000000E-02    0.9307098388671875E-03
   82    0.7812500000000000E-03    0.8863067626953125E-03
   83    0.7148437500000000E-02    0.1221160888671875E-02
   84    0.1367187500000000E-02    0.9978485107421874E-03
   85   -0.4550781250000000E-02    0.9482192993164062E-03
   86   -0.4199218750000000E-02    0.1125831604003906E-02
   87   -0.4570312500000000E-02    0.1149368286132813E-02
   88    0.3105468750000000E-02    0.9316635131835937E-03
   89    0.3906250000000000E-02    0.1180038452148437E-02
   90   -0.5664062500000000E-03    0.8590316772460937E-03
   91   -0.1347656250000000E-02    0.9976577758789061E-03
   92   -0.3632812500000000E-02    0.1267242431640625E-02
   93   -0.2363281250000000E-02    0.9418106079101562E-03
   94    0.2871093750000000E-02    0.7288742065429687E-03
   95   -0.1953125000000000E-02    0.1110076904296875E-02
   96    0.1230468750000000E-02    0.9081649780273437E-03
   97   -0.4531250000000000E-02    0.9951782226562500E-03
   98   -0.1015625000000000E-02    0.8760070800781249E-03
   99   -0.2304687500000000E-02    0.8944702148437500E-03
  100   -0.2109375000000000E-02    0.9587097167968750E-03
