# time =    0.4752
    0    0.1000000000000000E+01    0.1000000000000000E+01
    1    0.2219531250000000E+00    0.5006629943847656E-01
    2    0.5871093750000000E-01    0.4260787963867188E-02
    3    0.1748046875000000E-01    0.1128578186035156E-02
    4    0.5976562500000000E-02    0.1232223510742187E-02
    5    0.5273437500000000E-02    0.9500122070312500E-03
    6   -0.1210937500000000E-02    0.1239471435546875E-02
    7    0.1093750000000000E-02    0.1042022705078125E-02
    8    0.6445312500000000E-03    0.9572982788085937E-03
    9    0.2441406250000000E-02    0.1224937438964844E-02
   10   -0.8789062500000000E-03    0.8582687377929688E-03
   11    0.2910156250000000E-02    0.8624649047851563E-03
   12    0.1757812500000000E-03    0.1053886413574219E-02
   13   -0.3125000000000000E-03    0.1142807006835937E-02
   14   -0.6835937500000000E-03    0.1037254333496094E-02
   15    0.1738281250000000E-02    0.9791946411132812E-03
   16    0.3281250000000000E-02    0.8512878417968750E-03
   17    0.5468750000000000E-02    0.9726715087890625E-03
   18    0.8671875000000001E-02    0.9004211425781250E-03
   19    0.3847656250000000E-02    0.8765029907226563E-03
   20    0.2929687500000000E-02    0.1124954223632812E-02
   21    0.2226562500000000E-02    0.1034698486328125E-02
   22   -0.1757812500000000E-03    0.8993911743164063E-03
   23    0.1660156250000000E-02    0.8077621459960938E-03
   24   -0.2500000000000000E-02    0.8795928955078125E-03
   25   -0.3320312500000000E-03    0.1065330505371094E-02
   26    0.3828125000000000E-02    0.8779907226562500E-03
   27    0.1894531250000000E-02    0.1125221252441406E-02
   28    0.3906250000000000E-04    0.1099700927734375E-02
   29    0.1933593750000000E-02    0.1012153625488281E-02
   30    0.5839843750000000E-02    0.1038322448730469E-02
   31    0.3906250000000000E-04    0.9648132324218750E-03
   32    0.1250000000000000E-02    0.1008071899414062E-02
   33   -0.2207031250000000E-02    0.1058845520019531E-02
   34   -0.1347656250000000E-02    0.9209823608398438E-03
   35    0.4082031250000000E-02    0.8131027221679688E-03
   36    0.3515625000000000E-03    0.8130645751953124E-03
   37   -0.4511718750000000E-02    0.9675216674804687E-03
   38   -0.3281250000000000E-02    0.9861755371093749E-03
   39    0.5859375000000000E-03    0.9255218505859375E-03
   40    0.1347656250000000E-02    0.1292991638183594E-02
   41    0.1250000000000000E-02    0.1078033447265625E-02
   42   -0.7421875000000000E-03    0.9236145019531250E-03
   43    0.2988281250000000E-02    0.1158180236816406E-02
   44    0.6640625000000000E-02    0.9484100341796875E-03
   45   -0.5468750000000001E-03    0.7563781738281250E-03
   46   -0.1679687500000000E-02    0.1041030883789062E-02
   47   -0.1484375000000000E-02    0.9828948974609376E-03
   48   -0.3320312500000000E-03    0.8415603637695313E-03
   49    0.7812500000000000E-03    0.7590484619140625E-03
   50   -0.2968750000000000E-02    0.7393646240234375E-03
   51   -0.1855468750000000E-02    0.1122474670410156E-02
   52   -0.9765625000000001E-04    0.1099815368652344E-02
   53    0.2558593750000000E-02    0.8099746704101563E-03
   54    0.9765625000000000E-03    0.1073532104492188E-02
   55    0.4492187500000000E-02    0.7866668701171875E-03
   56    0.1132812500000000E-02    0.9137725830078125E-03
   57    0.2148437500000000E-03    0.8431625366210938E-03
   58   -0.3320312500000000E-03    0.1005287170410156E-02
   59   -0.2656250000000000E-02    0.1330261230468750E-02
   60    0.4160156250000000E-02    0.8797073364257813E-03
   61    0.1894531250000000E-02    0.1027488708496094E-02
   62   -0.4296875000000000E-03    0.7330322265625000E-03
   63   -0.2890625000000000E-02    0.8358764648437500E-03
   64   -0.1640625000000000E-02    0.9115600585937500E-03
   65   -0.2714843750000000E-02    0.1237983703613281E-02
   66    0.1894531250000000E-02    0.8854293823242188E-03
   67   -0.7812500000000000E-04    0.1065216064453125E-02
   68   -0.3125000000000000E-03    0.8516693115234375E-03
   69   -0.3320312500000000E-03    0.8733749389648437E-03
   70   -0.3671875000000000E-02    0.8965301513671875E-03
   71   -0.6835937500000000E-03    0.9924697875976563E-03
   72   -0.7089843750000000E-02    0.1296882629394531E-02
   73   -0.7441406250000000E-02    0.1020774841308594E-02
   74    0.8203125000000000E-03    0.8924865722656250E-03
   75    0.9960937500000000E-03    0.9850692749023438E-03
   76   -0.1484375000000000E-02    0.1006240844726562E-02
   77    0.4472656250000000E-02    0.1043739318847656E-02
   78   -0.2070312500000000E-02    0.1100082397460937E-02
   79   -0.4824218750000000E-02    0.1209678649902344E-02
   80    0.2929687500000000E-03    0.1050987243652344E-02
   81    0.8593750000000000E-03    0.7534027099609375E-03
   82   -0.4550781250000000E-02    0.9877395629882813E-03
   83    0.1289062500000000E-02    0.9300231933593750E-03
   84   -0.1367187500000000E-03    0.8008193969726563E-03
   85   -0.4238281250000000E-02    0.9228134155273437E-03
   86   -0.1523437500000000E-02    0.9429168701171875E-03
   87   -0.3847656250000000E-02    0.1345558166503906E-02
   88    0.0000000000000000E+00    0.9985351562500000E-03
   89    0.6054687500000000E-02    0.9268188476562500E-03
   90   -0.1542968750000000E-02    0.9730148315429687E-03
   91   -0.3652343750000000E-02    0.1304283142089844E-02
   92   -0.5156250000000000E-02    0.1184082031250000E-02
   93   -0.1699218750000000E-02    0.9724044799804687E-03
   94   -0.2910156250000000E-02    0.8556747436523438E-03
   95   -0.6796875000000000E-02    0.9143066406250000E-03
   96   -0.2460937500000000E-02    0.8242797851562500E-03
   97   -0.1660156250000000E-02    0.1101799011230469E-02
   98   -0.4863281250000000E-02    0.8892440795898438E-03
   99   -0.1640625000000000E-02    0.8483123779296875E-03
  100   -0.3964843750000000E-02    0.7829666137695312E-03
