# time =    0.4400
    0    0.1000000000000000E+01    0.1000000000000000E+01
    1    0.3278320312500000E+00    0.1081500625610352E+00
    2    0.1150390625000000E+00    0.1406661987304688E-01
    3    0.4498046875000000E-01    0.2967567443847656E-02
    4    0.2306640625000000E-01    0.1509513854980469E-02
    5    0.1316406250000000E-01    0.9057617187500000E-03
    6    0.4335937500000000E-02    0.1045455932617188E-02
    7   -0.2539062500000000E-03    0.1012763977050781E-02
    8    0.1406250000000000E-02    0.9356689453125000E-03
    9    0.6054687500000000E-03    0.1056632995605469E-02
   10   -0.6835937500000000E-03    0.9198379516601562E-03
   11   -0.1367187500000000E-03    0.8700180053710937E-03
   12   -0.2050781250000000E-02    0.8093643188476562E-03
   13   -0.2070312500000000E-02    0.1107101440429688E-02
   14    0.1132812500000000E-02    0.9677124023437500E-03
   15    0.5292968750000000E-02    0.1205253601074219E-02
   16    0.5058593750000000E-02    0.8461380004882813E-03
   17    0.4414062500000000E-02    0.8878326416015625E-03
   18   -0.2734375000000000E-03    0.8173370361328125E-03
   19    0.2304687500000000E-02    0.1111984252929688E-02
   20    0.2832031250000000E-02    0.8834457397460938E-03
   21    0.7226562500000000E-03    0.7567977905273437E-03
   22   -0.1757812500000000E-02    0.8846282958984375E-03
   23   -0.1347656250000000E-02    0.8821487426757812E-03
   24   -0.4003906250000000E-02    0.1075706481933594E-02
   25    0.5273437500000000E-03    0.8143997192382813E-03
   26    0.4394531250000000E-02    0.9885787963867187E-03
   27   -0.1757812500000000E-03    0.8156204223632813E-03
   28   -0.2343750000000000E-02    0.9637451171874999E-03
   29    0.2539062500000000E-02    0.9610748291015625E-03
   30    0.0000000000000000E+00    0.9350585937500000E-03
   31   -0.6406250000000000E-02    0.9700775146484375E-03
   32   -0.2460937500000000E-02    0.8625030517578125E-03
   33   -0.4121093750000000E-02    0.9709548950195313E-03
   34   -0.4121093750000000E-02    0.1047325134277344E-02
   35   -0.6972656250000000E-02    0.1222190856933594E-02
   36    0.6640625000000000E-03    0.1138229370117187E-02
   37    0.2832031250000000E-02    0.1176490783691406E-02
   38    0.2031250000000000E-02    0.1026763916015625E-02
   39    0.1230468750000000E-02    0.8568954467773437E-03
   40   -0.2070312500000000E-02    0.1094665527343750E-02
   41   -0.3359375000000000E-02    0.9367370605468750E-03
   42    0.4277343750000000E-02    0.9343338012695313E-03
   43    0.1093750000000000E-02    0.9133148193359375E-03
   44   -0.8789062500000000E-03    0.8104324340820312E-03
   45   -0.3613281250000000E-02    0.9777450561523438E-03
   46   -0.1621093750000000E-02    0.9595870971679688E-03
   47    0.9570312500000000E-03    0.7295608520507812E-03
   48   -0.4101562500000000E-03    0.9728622436523438E-03
   49   -0.3769531250000000E-02    0.8594131469726562E-03
   50    0.6640625000000000E-03    0.9130859375000001E-03
   51    0.1562500000000000E-02    0.1074981689453125E-02
   52   -0.6445312500000000E-03    0.9506607055664063E-03
   53    0.7597656250000000E-02    0.9978103637695312E-03
   54    0.6835937500000000E-03    0.1018638610839844E-02
   55    0.1562500000000000E-02    0.9329986572265625E-03
   56   -0.1621093750000000E-02    0.8796310424804688E-03
   57    0.1074218750000000E-02    0.1084785461425781E-02
   58   -0.1953125000000000E-04    0.8147811889648438E-03
   59    0.4687500000000000E-03    0.1097259521484375E-02
   60   -0.2265625000000000E-02    0.8368682861328125E-03
   61   -0.5351562500000000E-02    0.1119079589843750E-02
   62   -0.9160156250000001E-02    0.9901809692382812E-03
   63   -0.6875000000000000E-02    0.1022567749023438E-02
   64   -0.1640625000000000E-02    0.9465026855468750E-03
   65   -0.2265625000000000E-02    0.1043930053710938E-02
   66    0.2675781250000000E-02    0.8784866333007812E-03
   67    0.5625000000000000E-02    0.9287261962890625E-03
   68    0.4882812500000000E-03    0.9110641479492188E-03
   69   -0.2324218750000000E-02    0.9927749633789062E-03
   70   -0.8593750000000000E-03    0.1038055419921875E-02
   71   -0.3906250000000000E-03    0.8202362060546875E-03
   72   -0.3183593750000000E-02    0.1063804626464844E-02
   73   -0.5507812500000000E-02    0.9401702880859375E-03
   74   -0.5859375000000000E-03    0.1155166625976562E-02
   75   -0.3125000000000000E-03    0.9774780273437500E-03
   76   -0.6835937500000000E-03    0.1000862121582031E-02
   77   -0.2812500000000000E-02    0.8113861083984375E-03
   78   -0.2539062500000000E-03    0.8557510375976563E-03
   79   -0.1328125000000000E-02    0.9105682373046875E-03
   80    0.3144531250000000E-02    0.1070060729980469E-02
   81    0.1406250000000000E-02    0.1046371459960938E-02
   82   -0.1699218750000000E-02    0.1110801696777344E-02
   83   -0.6835937500000000E-03    0.9793472290039063E-03
   84    0.3574218750000000E-02    0.9124374389648437E-03
   85    0.1308593750000000E-02    0.7350540161132812E-03
   86    0.4101562500000000E-03    0.1097908020019531E-02
   87    0.5683593750000000E-02    0.1065788269042969E-02
   88   -0.2734375000000000E-02    0.1013412475585938E-02
   89   -0.1894531250000000E-02    0.8559799194335937E-03
   90   -0.8789062500000000E-03    0.9365463256835937E-03
   91    0.8007812500000000E-03    0.9164810180664062E-03
   92    0.3339843750000000E-02    0.9819412231445313E-03
   93    0.3183593750000000E-02    0.1015052795410156E-02
   94    0.2578125000000000E-02    0.8384704589843750E-03
   95   -0.2773437500000000E-02    0.9529113769531250E-03
   96   -0.1796875000000000E-02    0.1141510009765625E-02
   97   -0.3125000000000000E-02    0.8884429931640625E-03
   98   -0.3417968750000000E-02    0.1021995544433594E-02
   99   -0.4140625000000000E-02    0.1002960205078125E-02
  100   -0.2304687500000000E-02    0.7936859130859375E-03
