# time =    0.4605
    0    0.1000000000000000E+01    0.1000000000000000E+01
    1    0.2856640625000000E+00    0.8229873657226562E-01
    2    0.1051171875000000E+00    0.1169891357421875E-01
    3    0.5054687500000000E-01    0.3623352050781250E-02
    4    0.2671875000000000E-01    0.1694107055664063E-02
    5    0.1755859375000000E-01    0.1322593688964844E-02
    6    0.8339843749999999E-02    0.1013450622558594E-02
    7    0.7324218750000000E-02    0.1105690002441406E-02
    8    0.5683593750000000E-02    0.1027870178222656E-02
    9    0.2617187500000000E-02    0.8331298828125000E-03
   10    0.3320312500000000E-02    0.9158325195312500E-03
   11    0.1601562500000000E-02    0.9148406982421875E-03
   12    0.3906250000000000E-02    0.1234512329101563E-02
   13    0.1523437500000000E-02    0.8570861816406250E-03
   14    0.3398437500000000E-02    0.1138153076171875E-02
   15   -0.2695312500000000E-02    0.8744812011718750E-03
   16    0.4062500000000000E-02    0.1334991455078125E-02
   17    0.4707031250000000E-02    0.1014366149902344E-02
   18    0.3398437500000000E-02    0.9076690673828125E-03
   19    0.3515625000000000E-03    0.9854125976562500E-03
   20    0.1171875000000000E-03    0.7783508300781250E-03
   21    0.1113281250000000E-02    0.7900619506835938E-03
   22    0.3574218750000000E-02    0.1019172668457031E-02
   23    0.5664062500000000E-02    0.8055114746093750E-03
   24    0.3554687500000000E-02    0.8499145507812500E-03
   25    0.1953125000000000E-04    0.1185874938964844E-02
   26   -0.1953125000000000E-02    0.8855438232421874E-03
   27   -0.1914062500000000E-02    0.8193206787109375E-03
   28   -0.1015625000000000E-02    0.1024780273437500E-02
   29   -0.1132812500000000E-02    0.1036987304687500E-02
   30    0.1718750000000000E-02    0.9587097167968750E-03
   31    0.1210937500000000E-02    0.9403991699218750E-03
   32    0.1894531250000000E-02    0.9540176391601563E-03
   33   -0.5664062500000000E-03    0.1224784851074219E-02
   34   -0.9179687499999999E-03    0.1085395812988281E-02
   35    0.7617187500000000E-03    0.1069526672363281E-02
   36    0.1855468750000000E-02    0.1170310974121094E-02
   37   -0.4667968750000000E-02    0.9516525268554687E-03
   38   -0.1699218750000000E-02    0.9138870239257812E-03
   39   -0.1972656250000000E-02    0.9540939331054688E-03
   40    0.1816406250000000E-02    0.9003067016601562E-03
   41    0.1542968750000000E-02    0.7803726196289062E-03
   42    0.8007812500000000E-03    0.7890701293945312E-03
   43    0.3984375000000000E-02    0.1125335693359375E-02
   44   -0.4062500000000000E-02    0.6772613525390625E-03
   45    0.2578125000000000E-02    0.9239196777343750E-03
   46   -0.2851562500000000E-02    0.9516143798828125E-03
   47   -0.3808593750000000E-02    0.8716201782226563E-03
   48   -0.5585937500000000E-02    0.8941650390625000E-03
   49   -0.4316406250000000E-02    0.9372329711914062E-03
   50    0.1171875000000000E-02    0.8010864257812500E-03
   51    0.1328125000000000E-02    0.8671569824218750E-03
   52    0.6347656250000000E-02    0.7091140747070312E-03
   53   -0.2441406250000000E-02    0.9630203247070312E-03
   54   -0.1757812500000000E-02    0.1036376953125000E-02
   55    0.6835937500000000E-03    0.9971237182617187E-03
   56    0.1582031250000000E-02    0.7004928588867187E-03
   57   -0.2656250000000000E-02    0.9358978271484375E-03
   58    0.4296875000000000E-03    0.1021957397460937E-02
   59    0.1503906250000000E-02    0.1195182800292969E-02
   60    0.1660156250000000E-02    0.8769607543945312E-03
   61    0.6835937500000000E-03    0.7767105102539063E-03
   62   -0.2773437500000000E-02    0.1037292480468750E-02
   63   -0.1210937500000000E-02    0.7417297363281250E-03
   64   -0.5859375000000000E-03    0.8666229248046875E-03
   65    0.8593750000000000E-03    0.1034622192382813E-02
   66    0.1113281250000000E-02    0.7421493530273438E-03
   67    0.2949218750000000E-02    0.9300613403320313E-03
   68    0.1347656250000000E-02    0.1080284118652344E-02
   69    0.1796875000000000E-02    0.1086349487304687E-02
   70   -0.1113281250000000E-02    0.1074867248535156E-02
   71   -0.1738281250000000E-02    0.8671951293945313E-03
   72   -0.1542968750000000E-02    0.1091270446777344E-02
   73    0.1074218750000000E-02    0.9892654418945312E-03
   74   -0.8007812500000000E-03    0.8016586303710938E-03
   75   -0.6445312500000000E-03    0.9981155395507812E-03
   76   -0.1875000000000000E-02    0.9320068359375000E-03
   77    0.1757812500000000E-03    0.8153152465820312E-03
   78   -0.3085937500000000E-02    0.8955383300781250E-03
   79   -0.1796875000000000E-02    0.9671020507812500E-03
   80   -0.2578125000000000E-02    0.9651947021484375E-03
   81    0.7031250000000000E-03    0.8361053466796875E-03
   82    0.5468750000000001E-03    0.9800720214843751E-03
   83    0.3515625000000000E-03    0.1111145019531250E-02
   84    0.4296875000000000E-03    0.1063995361328125E-02
   85   -0.1777343750000000E-02    0.1180229187011719E-02
   86   -0.5410156250000000E-02    0.1069068908691406E-02
   87   -0.4648437500000000E-02    0.9867095947265626E-03
   88   -0.3085937500000000E-02    0.1009445190429688E-02
   89   -0.4082031250000000E-02    0.9819412231445313E-03
   90   -0.9511718750000000E-02    0.8740615844726562E-03
   91   -0.3027343750000000E-02    0.9824752807617188E-03
   92    0.2460937500000000E-02    0.1046142578125000E-02
   93    0.3164062500000000E-02    0.1346359252929687E-02
   94    0.1191406250000000E-02    0.1043128967285156E-02
   95    0.4882812500000000E-03    0.1036796569824219E-02
   96    0.1914062500000000E-02    0.1034622192382813E-02
   97    0.3281250000000000E-02    0.8805084228515625E-03
   98   -0.1054687500000000E-02    0.1025466918945312E-02
   99   -0.1640625000000000E-02    0.8148193359375000E-03
  100   -0.3222656250000000E-02    0.5559921264648438E-03
