# time =    0.4424
    0    0.1000000000000000E+01    0.1000000000000000E+01
    1    0.3036132812500000E+00    0.9299045562744140E-01
    2    0.1051367187500000E+00    0.1184795379638672E-01
    3    0.3798828125000000E-01    0.2167472839355469E-02
    4    0.1429687500000000E-01    0.9032440185546875E-03
    5    0.7675781250000000E-02    0.7052993774414062E-03
    6    0.7617187500000000E-03    0.7392501831054687E-03
    7   -0.3125000000000000E-02    0.9194946289062500E-03
    8    0.2187500000000000E-02    0.8734130859375000E-03
    9   -0.1875000000000000E-02    0.7376861572265625E-03
   10   -0.9765625000000000E-03    0.9326171875000000E-03
   11    0.1699218750000000E-02    0.1232261657714844E-02
   12   -0.6250000000000000E-03    0.9732818603515624E-03
   13   -0.2851562500000000E-02    0.1197052001953125E-02
   14   -0.2714843750000000E-02    0.1001091003417969E-02
   15   -0.3789062500000000E-02    0.9643554687500000E-03
   16    0.7812500000000000E-04    0.9606170654296875E-03
   17   -0.3125000000000000E-03    0.9330749511718750E-03
   18   -0.4628906250000000E-02    0.9995651245117186E-03
   19   -0.4921875000000000E-02    0.6355285644531250E-03
   20   -0.2558593750000000E-02    0.7868576049804688E-03
   21    0.9765625000000000E-03    0.8221435546875000E-03
   22    0.5214843750000000E-02    0.8652114868164063E-03
   23   -0.4140625000000000E-02    0.9088134765625000E-03
   24    0.3085937500000000E-02    0.9624481201171875E-03
   25    0.1328125000000000E-02    0.8475494384765625E-03
   26   -0.9570312500000000E-03    0.1035423278808594E-02
   27   -0.4140625000000000E-02    0.8772277832031250E-03
   28   -0.1953125000000000E-04    0.8000564575195312E-03
   29   -0.3398437500000000E-02    0.1318664550781250E-02
   30   -0.1855468750000000E-02    0.8871078491210938E-03
   31   -0.5390625000000000E-02    0.8840179443359375E-03
   32    0.2792968750000000E-02    0.1120567321777344E-02
   33    0.4980468750000000E-02    0.9465408325195312E-03
   34   -0.1093750000000000E-02    0.1114425659179687E-02
   35   -0.3320312500000000E-03    0.7831954956054688E-03
   36   -0.1953125000000000E-02    0.9226226806640626E-03
   37   -0.2734375000000000E-03    0.1093444824218750E-02
   38   -0.8398437500000000E-03    0.8268356323242188E-03
   39   -0.2187500000000000E-02    0.9094238281250000E-03
   40    0.1054687500000000E-02    0.1152267456054688E-02
   41    0.3886718750000000E-02    0.8758926391601563E-03
   42    0.3105468750000000E-02    0.8092880249023438E-03
   43    0.7812500000000000E-03    0.9173583984375000E-03
   44    0.4218750000000000E-02    0.7880401611328125E-03
   45    0.1992187500000000E-02    0.9444427490234375E-03
   46    0.1171875000000000E-02    0.9432983398437500E-03
   47   -0.2636718750000000E-02    0.9245681762695313E-03
   48    0.3125000000000000E-03    0.1030731201171875E-02
   49    0.2519531250000000E-02    0.8547592163085937E-03
   50   -0.4882812500000000E-03    0.9544754028320313E-03
   51    0.4882812500000000E-03    0.1028404235839844E-02
   52    0.7421875000000000E-03    0.1187133789062500E-02
   53   -0.1074218750000000E-02    0.1040000915527344E-02
   54   -0.3261718750000000E-02    0.9872055053710938E-03
   55    0.2187500000000000E-02    0.9217834472656249E-03
   56    0.2578125000000000E-02    0.1127090454101562E-02
   57    0.1035156250000000E-02    0.9955215454101564E-03
   58    0.8007812500000000E-03    0.9657669067382812E-03
   59   -0.4531250000000000E-02    0.7932281494140625E-03
   60   -0.1796875000000000E-02    0.9117126464843750E-03
   61    0.1210937500000000E-02    0.8414459228515625E-03
   62    0.2246093750000000E-02    0.1016197204589844E-02
   63    0.1093750000000000E-02    0.8492279052734375E-03
   64    0.1367187500000000E-03    0.1135215759277344E-02
   65    0.3515625000000000E-02    0.9902954101562501E-03
   66    0.2148437500000000E-03    0.8771133422851563E-03
   67    0.2675781250000000E-02    0.8616256713867188E-03
   68    0.2636718750000000E-02    0.8872604370117188E-03
   69    0.6484375000000000E-02    0.7736968994140625E-03
   70    0.1074218750000000E-02    0.7419204711914063E-03
   71   -0.1171875000000000E-03    0.8481597900390625E-03
   72    0.1738281250000000E-02    0.1025962829589844E-02
   73    0.3769531250000000E-02    0.8737564086914063E-03
   74   -0.6250000000000000E-03    0.9553527832031250E-03
   75   -0.4218750000000000E-02    0.9836578369140626E-03
   76   -0.1347656250000000E-02    0.9328842163085938E-03
   77    0.1953125000000000E-04    0.9054183959960937E-03
   78   -0.2148437500000000E-02    0.1316452026367188E-02
   79   -0.1875000000000000E-02    0.1076889038085938E-02
   80    0.1152343750000000E-02    0.8120346069335938E-03
   81    0.3359375000000000E-02    0.1100845336914062E-02
   82    0.1894531250000000E-02    0.1076164245605469E-02
   83    0.2734375000000000E-02    0.1006469726562500E-02
   84   -0.3515625000000000E-03    0.9411621093750000E-03
   85    0.2695312500000000E-02    0.9607696533203126E-03
   86    0.3906250000000000E-04    0.1062622070312500E-02
   87    0.1171875000000000E-02    0.1051406860351563E-02
   88   -0.2734375000000000E-03    0.8248138427734375E-03
   89    0.4140625000000000E-02    0.7710266113281250E-03
   90   -0.2734375000000000E-02    0.1018829345703125E-02
   91    0.1035156250000000E-02    0.9891891479492188E-03
   92   -0.8593750000000000E-03    0.8410644531250000E-03
   93    0.3515625000000000E-03    0.8073425292968749E-03
   94    0.1132812500000000E-02    0.7969665527343750E-03
   95    0.3945312500000000E-02    0.9215545654296875E-03
   96    0.2949218750000000E-02    0.7157516479492187E-03
   97    0.3183593750000000E-02    0.1054573059082031E-02
   98   -0.4199218750000000E-02    0.9958267211914063E-03
   99   -0.2773437500000000E-02    0.1141510009765625E-02
  100    0.1835937500000000E-02    0.1129608154296875E-02
