# time =    0.4649
    0    0.1000000000000000E+01    0.1000000000000000E+01
    1    0.2185742187500000E+00    0.4874736785888672E-01
    2    0.5568359375000000E-01    0.3949317932128906E-02
    3    0.1779296875000000E-01    0.1494483947753906E-02
    4    0.2480468750000000E-02    0.1074790954589844E-02
    5   -0.1289062500000000E-02    0.6255340576171875E-03
    6    0.2832031250000000E-02    0.1014595031738281E-02
    7    0.3730468750000000E-02    0.8451461791992188E-03
    8    0.7773437500000000E-02    0.1138153076171875E-02
    9    0.1855468750000000E-02    0.1225547790527344E-02
   10   -0.2753906250000000E-02    0.1143074035644531E-02
   11   -0.3085937500000000E-02    0.1064300537109375E-02
   12   -0.2929687500000000E-02    0.1063766479492188E-02
   13   -0.2597656250000000E-02    0.8304977416992188E-03
   14   -0.1601562500000000E-02    0.9564208984375000E-03
   15    0.1035156250000000E-02    0.1028480529785156E-02
   16   -0.4238281250000000E-02    0.1122779846191406E-02
   17    0.2070312500000000E-02    0.7707977294921875E-03
   18   -0.3457031250000000E-02    0.8906173706054687E-03
   19   -0.2421875000000000E-02    0.8094787597656250E-03
   20    0.2382812500000000E-02    0.1089935302734375E-02
   21   -0.1152343750000000E-02    0.1098899841308594E-02
   22    0.7421875000000000E-03    0.8977508544921875E-03
   23   -0.5019531250000000E-02    0.9426498413085938E-03
   24    0.5527343750000000E-02    0.1138114929199219E-02
   25   -0.2910156250000000E-02    0.8806228637695312E-03
   26    0.1679687500000000E-02    0.7421875000000000E-03
   27   -0.2460937500000000E-02    0.8033752441406250E-03
   28   -0.5019531250000000E-02    0.9897994995117189E-03
   29   -0.7187500000000000E-02    0.1034469604492188E-02
   30   -0.7871093750000000E-02    0.9681320190429687E-03
   31    0.5273437500000000E-03    0.8957290649414063E-03
   32    0.2792968750000000E-02    0.9788131713867187E-03
   33   -0.1582031250000000E-02    0.8069992065429688E-03
   34   -0.3906250000000000E-03    0.7479095458984375E-03
   35   -0.3710937500000000E-03    0.7699966430664062E-03
   36   -0.2089843750000000E-02    0.1044120788574219E-02
   37    0.1914062500000000E-02    0.9265899658203125E-03
   38    0.4335937500000000E-02    0.8880615234375000E-03
   39    0.3144531250000000E-02    0.1003532409667969E-02
   40    0.6640625000000000E-02    0.1068496704101563E-02
   41    0.6914062500000000E-02    0.9789276123046875E-03
   42   -0.2070312500000000E-02    0.7765197753906250E-03
   43    0.1679687500000000E-02    0.7474517822265625E-03
   44   -0.1015625000000000E-02    0.9174346923828125E-03
   45    0.4550781250000000E-02    0.1436500549316406E-02
   46    0.3125000000000000E-02    0.1221923828125000E-02
   47    0.5214843750000000E-02    0.8844375610351562E-03
   48   -0.4550781250000000E-02    0.1173896789550781E-02
   49    0.9765625000000000E-03    0.7784271240234375E-03
   50    0.3125000000000000E-02    0.1014480590820312E-02
   51    0.2421875000000000E-02    0.9183502197265625E-03
   52   -0.7617187500000000E-03    0.8518600463867188E-03
   53   -0.6699218750000000E-02    0.9904098510742187E-03
   54   -0.7304687500000000E-02    0.1051025390625000E-02
   55   -0.3906250000000000E-02    0.1048507690429688E-02
   56    0.2656250000000000E-02    0.8041381835937500E-03
   57   -0.3222656250000000E-02    0.1022071838378906E-02
   58    0.1035156250000000E-02    0.1103858947753906E-02
   59    0.6835937500000000E-02    0.1143417358398438E-02
   60   -0.1191406250000000E-02    0.1307411193847656E-02
   61   -0.1230468750000000E-02    0.9665298461914063E-03
   62    0.4140625000000000E-02    0.7826995849609375E-03
   63    0.4335937500000000E-02    0.9149169921875000E-03
   64    0.3105468750000000E-02    0.1147575378417969E-02
   65   -0.1484375000000000E-02    0.8551788330078125E-03
   66    0.3183593750000000E-02    0.1003074645996094E-02
   67    0.3398437500000000E-02    0.1083526611328125E-02
   68   -0.4882812500000000E-03    0.9361648559570312E-03
   69    0.1054687500000000E-02    0.1017913818359375E-02
   70    0.2558593750000000E-02    0.7079696655273438E-03
   71   -0.1757812500000000E-02    0.6817626953125000E-03
   72   -0.1464843750000000E-02    0.1019859313964844E-02
   73    0.3222656250000000E-02    0.1086006164550781E-02
   74    0.2929687500000000E-03    0.9425735473632813E-03
   75   -0.1972656250000000E-02    0.8942794799804688E-03
   76    0.4296875000000000E-03    0.9663391113281250E-03
   77   -0.8593750000000000E-03    0.9275054931640624E-03
   78   -0.6718750000000000E-02    0.1362762451171875E-02
   79   -0.1347656250000000E-02    0.9070968627929687E-03
   80   -0.3652343750000000E-02    0.1074409484863281E-02
   81   -0.1289062500000000E-02    0.9378814697265626E-03
   82   -0.1171875000000000E-02    0.9087371826171875E-03
   83   -0.5742187500000000E-02    0.1033935546875000E-02
   84   -0.5136718750000000E-02    0.1005744934082031E-02
   85   -0.2773437500000000E-02    0.1037826538085938E-02
   86   -0.3398437500000000E-02    0.8173370361328125E-03
   87   -0.2929687500000000E-02    0.8819580078125000E-03
   88    0.7031250000000000E-03    0.1042251586914063E-02
   89    0.5078125000000000E-03    0.9246063232421875E-03
   90    0.4433593750000000E-02    0.1002082824707031E-02
   91   -0.2695312500000000E-02    0.1081542968750000E-02
   92   -0.1679687500000000E-02    0.7923126220703125E-03
   93   -0.2558593750000000E-02    0.8237838745117187E-03
   94   -0.2031250000000000E-02    0.1223907470703125E-02
   95    0.1152343750000000E-02    0.9187698364257812E-03
   96    0.1738281250000000E-02    0.1036109924316406E-02
   97    0.1953125000000000E-03    0.1092681884765625E-02
   98   -0.2343750000000000E-03    0.1180725097656250E-02
   99    0.5859375000000000E-03    0.9467315673828125E-03
  100   -0.6347656250000000E-02    0.1026573181152344E-02
