# time =    0.4611
    0    0.1000000000000000E+01    0.1000000000000000E+01
    1    0.1901953125000000E+00    0.3696327209472657E-01
    2    0.4115234375000000E-01    0.2758064270019531E-02
    3    0.1076171875000000E-01    0.1133460998535156E-02
    4    0.6484375000000000E-02    0.1046066284179688E-02
    5    0.1445312500000000E-02    0.8616638183593750E-03
    6   -0.2832031250000000E-02    0.9358596801757813E-03
    7   -0.1992187500000000E-02    0.8229064941406250E-03
    8   -0.8984375000000000E-03    0.1079330444335937E-02
    9   -0.5800781250000000E-02    0.8571243286132812E-03
   10   -0.1914062500000000E-02    0.1186141967773437E-02
   11    0.1562500000000000E-02    0.8490753173828125E-03
   12    0.3515625000000000E-03    0.9172058105468750E-03
   13    0.1093750000000000E-02    0.9231567382812500E-03
   14   -0.4453125000000000E-02    0.1038436889648438E-02
   15   -0.1269531250000000E-02    0.1078758239746094E-02
   16   -0.1562500000000000E-03    0.9449768066406250E-03
   17    0.7597656250000000E-02    0.1121101379394531E-02
   18    0.1816406250000000E-02    0.1005592346191406E-02
   19   -0.1191406250000000E-02    0.9481430053710938E-03
   20   -0.2148437500000000E-02    0.8947753906250000E-03
   21   -0.4648437500000000E-02    0.9909057617187500E-03
   22    0.4199218750000000E-02    0.1079750061035156E-02
   23    0.2246093750000000E-02    0.8401870727539062E-03
   24    0.5859375000000000E-03    0.1082382202148438E-02
   25    0.5449218750000000E-02    0.8730697631835938E-03
   26   -0.1093750000000000E-02    0.8996582031250000E-03
   27    0.4335937500000000E-02    0.7761383056640625E-03
   28   -0.3164062500000000E-02    0.1336898803710937E-02
   29   -0.1796875000000000E-02    0.1235275268554687E-02
   30    0.4335937500000000E-02    0.8292388916015625E-03
   31    0.2421875000000000E-02    0.9010314941406250E-03
   32   -0.1132812500000000E-02    0.1097030639648437E-02
   33   -0.1269531250000000E-02    0.8646011352539063E-03
   34    0.8007812499999999E-02    0.1078033447265625E-02
   35   -0.2187500000000000E-02    0.7103729248046875E-03
   36    0.4453125000000000E-02    0.8406066894531251E-03
   37   -0.1035156250000000E-02    0.1112251281738281E-02
   38    0.7812500000000000E-04    0.9844970703124999E-03
   39   -0.3867187500000000E-02    0.1009216308593750E-02
   40   -0.3613281250000000E-02    0.1107292175292969E-02
   41   -0.2460937500000000E-02    0.9116363525390625E-03
   42   -0.6054687500000000E-03    0.8491897583007813E-03
   43   -0.3007812500000000E-02    0.1046218872070312E-02
   44   -0.4863281250000000E-02    0.1172218322753906E-02
   45    0.1152343750000000E-02    0.1075630187988281E-02
   46   -0.1054687500000000E-02    0.1181488037109375E-02
   47   -0.4472656250000000E-02    0.9606552124023438E-03
   48   -0.1953125000000000E-04    0.9476089477539062E-03
   49   -0.1210937500000000E-02    0.8110809326171875E-03
   50    0.2832031250000000E-02    0.7567214965820313E-03
   51    0.9375000000000000E-03    0.1154251098632812E-02
   52    0.7421875000000000E-03    0.1070022583007812E-02
   53    0.5058593750000000E-02    0.1112632751464844E-02
   54    0.5390625000000000E-02    0.8226013183593749E-03
   55    0.1757812500000000E-03    0.8385086059570313E-03
   56   -0.3945312500000000E-02    0.6898498535156250E-03
   57    0.3710937500000000E-03    0.9652328491210938E-03
   58   -0.4355468750000000E-02    0.8743667602539063E-03
   59    0.3261718750000000E-02    0.7768630981445313E-03
   60   -0.5273437500000000E-03    0.9171676635742188E-03
   61   -0.1875000000000000E-02    0.1032104492187500E-02
   62   -0.2558593750000000E-02    0.9035110473632812E-03
   63    0.4101562500000000E-03    0.9194564819335938E-03
   64   -0.5566406250000000E-02    0.1068382263183594E-02
   65   -0.3222656250000000E-02    0.8062362670898437E-03
   66   -0.7812500000000000E-03    0.9022521972656250E-03
   67   -0.2304687500000000E-02    0.9163665771484375E-03
   68   -0.1367187500000000E-03    0.9506607055664063E-03
   69    0.2675781250000000E-02    0.1027565002441406E-02
   70   -0.4003906250000000E-02    0.1151313781738281E-02
   71   -0.1894531250000000E-02    0.1032600402832031E-02
   72   -0.3144531250000000E-02    0.7564163208007812E-03
   73   -0.1289062500000000E-02    0.8996582031250000E-03
   74   -0.1953125000000000E-03    0.8306884765625000E-03
   75    0.1582031250000000E-02    0.1226310729980469E-02
   76   -0.2539062500000000E-03    0.1096305847167969E-02
   77   -0.1718750000000000E-02    0.9480285644531250E-03
   78    0.4101562500000000E-02    0.9217071533203125E-03
   79    0.3964843750000000E-02    0.8274459838867187E-03
   80    0.2968750000000000E-02    0.8632659912109375E-03
   81    0.4394531250000000E-02    0.1035652160644531E-02
   82   -0.5468750000000001E-03    0.1025161743164063E-02
   83    0.6640625000000000E-03    0.1115264892578125E-02
   84    0.3457031250000000E-02    0.9323501586914062E-03
   85   -0.1152343750000000E-02    0.8624649047851563E-03
   86   -0.4492187500000000E-03    0.9112930297851562E-03
   87    0.4179687500000000E-02    0.8367919921875001E-03
   88    0.1367187500000000E-03    0.8304214477539062E-03
   89   -0.3164062500000000E-02    0.6754302978515625E-03
   90   -0.4531250000000000E-02    0.9131622314453125E-03
   91   -0.1308593750000000E-02    0.8073043823242187E-03
   92    0.2480468750000000E-02    0.1006813049316406E-02
   93   -0.1542968750000000E-02    0.9103775024414063E-03
   94   -0.2089843750000000E-02    0.9253311157226562E-03
   95    0.1601562500000000E-02    0.1184158325195313E-02
   96    0.1523437500000000E-02    0.1134109497070313E-02
   97    0.2539062500000000E-03    0.9388351440429688E-03
   98    0.1210937500000000E-02    0.9745025634765625E-03
   99    0.5546875000000000E-02    0.1009063720703125E-02
  100   -0.5800781250000000E-02    0.9611892700195312E-03
