# time =    0.4681
    0    0.1000000000000000E+01    0.1000000000000000E+01
    1    0.2174218750000000E+00    0.4798240661621093E-01
    2    0.4832031250000000E-01    0.3147506713867188E-02
    3    0.1589843750000000E-01    0.1105422973632812E-02
    4    0.5527343750000000E-02    0.1203498840332031E-02
    5   -0.1484375000000000E-02    0.9580993652343750E-03
    6   -0.3242187500000000E-02    0.1332397460937500E-02
    7    0.1093750000000000E-02    0.9122467041015624E-03
    8    0.5859375000000000E-02    0.9431457519531250E-03
    9    0.1953125000000000E-02    0.9812164306640626E-03
   10   -0.3906250000000000E-03    0.8011627197265625E-03
   11    0.1953125000000000E-03    0.8614349365234375E-03
   12   -0.4082031250000000E-02    0.9888839721679688E-03
   13    0.3300781250000000E-02    0.9996414184570313E-03
   14    0.6835937500000000E-02    0.9600830078125000E-03
   15    0.3125000000000000E-03    0.8187866210937499E-03
   16    0.4667968750000000E-02    0.1016349792480469E-02
   17    0.6074218750000000E-02    0.9009170532226562E-03
   18    0.3261718750000000E-02    0.8563613891601563E-03
   19    0.3750000000000000E-02    0.8712768554687500E-03
   20   -0.3808593750000000E-02    0.9285354614257812E-03
   21   -0.5273437500000000E-03    0.1008720397949219E-02
   22   -0.4941406250000000E-02    0.1064262390136719E-02
   23   -0.5957031250000000E-02    0.1174964904785156E-02
   24   -0.2480468750000000E-02    0.9498977661132812E-03
   25   -0.8398437500000000E-02    0.1309890747070312E-02
   26   -0.8789062500000000E-03    0.9383773803710938E-03
   27   -0.1367187500000000E-03    0.8799362182617187E-03
   28   -0.3164062500000000E-02    0.8087158203125000E-03
   29   -0.1718750000000000E-02    0.8036804199218750E-03
   30    0.1367187500000000E-02    0.9895324707031249E-03
   31    0.6250000000000000E-03    0.8348083496093750E-03
   32    0.3769531250000000E-02    0.7724380493164063E-03
   33   -0.1582031250000000E-02    0.8852005004882813E-03
   34    0.3007812500000000E-02    0.9746551513671875E-03
   35    0.1406250000000000E-02    0.8222198486328125E-03
   36   -0.3554687500000000E-02    0.9017181396484375E-03
   37   -0.4160156250000000E-02    0.9429550170898437E-03
   38   -0.1347656250000000E-02    0.8248519897460937E-03
   39    0.2500000000000000E-02    0.1031646728515625E-02
   40    0.3769531250000000E-02    0.1051597595214844E-02
   41   -0.2167968750000000E-02    0.8378982543945313E-03
   42   -0.5800781250000000E-02    0.9145736694335938E-03
   43   -0.6367187500000000E-02    0.1031494140625000E-02
   44   -0.1328125000000000E-02    0.1129379272460938E-02
   45   -0.8183593750000001E-02    0.1133460998535156E-02
   46   -0.3417968750000000E-02    0.8906173706054687E-03
   47    0.5468750000000000E-02    0.1058273315429688E-02
   48   -0.7617187500000000E-02    0.1020507812500000E-02
   49   -0.3359375000000000E-02    0.6643676757812500E-03
   50    0.1308593750000000E-02    0.9242630004882812E-03
   51    0.1542968750000000E-02    0.1089820861816406E-02
   52    0.1171875000000000E-02    0.9255981445312499E-03
   53    0.1464843750000000E-02    0.1035804748535156E-02
   54   -0.7812500000000000E-04    0.8917236328125000E-03
   55   -0.5449218750000000E-02    0.6393814086914063E-03
   56   -0.3125000000000000E-03    0.7318115234375000E-03
   57    0.8632812500000000E-02    0.9526824951171875E-03
   58   -0.7226562500000000E-03    0.1211967468261719E-02
   59    0.4433593750000000E-02    0.1090660095214844E-02
   60   -0.4589843750000000E-02    0.1081733703613281E-02
   61   -0.5371093750000000E-02    0.1128959655761719E-02
   62    0.4101562500000000E-02    0.1078262329101563E-02
   63    0.7812500000000000E-03    0.1255798339843750E-02
   64    0.4472656250000000E-02    0.8261489868164062E-03
   65   -0.2539062500000000E-03    0.7046127319335938E-03
   66    0.4687500000000000E-03    0.9658050537109375E-03
   67    0.2441406250000000E-02    0.8816909790039062E-03
   68   -0.7812500000000000E-04    0.7647705078125000E-03
   69    0.2832031250000000E-02    0.9213638305664063E-03
   70   -0.2949218750000000E-02    0.8060836791992188E-03
   71   -0.3125000000000000E-03    0.9659576416015625E-03
   72    0.9375000000000000E-03    0.9261322021484375E-03
   73    0.8398437500000000E-03    0.9885025024414062E-03
   74    0.2792968750000000E-02    0.8152389526367188E-03
   75    0.1757812500000000E-02    0.1015396118164063E-02
   76    0.3125000000000000E-03    0.9858703613281250E-03
   77    0.2636718750000000E-02    0.7415390014648437E-03
   78    0.4609375000000000E-02    0.1100387573242187E-02
   79    0.8593750000000000E-03    0.1243591308593750E-02
   80   -0.6445312500000000E-03    0.8855056762695312E-03
   81   -0.5683593750000000E-02    0.7811355590820313E-03
   82   -0.1191406250000000E-02    0.9282302856445313E-03
   83   -0.2128906250000000E-02    0.9960556030273438E-03
   84   -0.5078125000000000E-03    0.1026916503906250E-02
   85   -0.4082031250000000E-02    0.1130256652832031E-02
   86   -0.1367187500000000E-02    0.9230804443359375E-03
   87    0.5253906250000000E-02    0.9366226196289063E-03
   88    0.5683593750000000E-02    0.1087455749511719E-02
   89    0.5078125000000000E-03    0.8740997314453124E-03
   90    0.3320312500000000E-03    0.1092643737792969E-02
   91    0.1894531250000000E-02    0.9193801879882812E-03
   92    0.1835937500000000E-02    0.1032028198242188E-02
   93   -0.1230468750000000E-02    0.1074943542480469E-02
   94    0.2539062500000000E-03    0.1048393249511719E-02
   95    0.4921875000000000E-02    0.6927490234375000E-03
   96    0.3632812500000000E-02    0.9041595458984375E-03
   97    0.5273437500000000E-03    0.9730148315429687E-03
   98   -0.3183593750000000E-02    0.1155052185058594E-02
   99   -0.3105468750000000E-02    0.9469985961914062E-03
  100    0.5996093750000000E-02    0.7736587524414063E-03
