# time =    0.4778
    0    0.1000000000000000E+01    0.1000000000000000E+01
    1    0.2295117187500000E+00    0.5358432769775390E-01
    2    0.6115234375000000E-01    0.4867973327636718E-02
    3    0.1238281250000000E-01    0.1148300170898437E-02
    4    0.3496093750000000E-02    0.9095382690429688E-03
    5    0.2714843750000000E-02    0.1122474670410156E-02
    6   -0.4121093750000000E-02    0.1178016662597656E-02
    7   -0.1816406250000000E-02    0.1434516906738281E-02
    8    0.5078125000000000E-03    0.8489227294921875E-03
    9    0.1621093750000000E-02    0.9280014038085938E-03
   10    0.1757812500000000E-02    0.1017913818359375E-02
   11   -0.1425781250000000E-02    0.8356857299804687E-03
   12   -0.3789062500000000E-02    0.1009140014648438E-02
   13    0.3027343750000000E-02    0.7857894897460938E-03
   14    0.3710937500000000E-02    0.8578491210937500E-03
   15   -0.3242187500000000E-02    0.9777832031250000E-03
   16   -0.3496093750000000E-02    0.1170845031738281E-02
   17    0.8007812500000000E-03    0.8034133911132813E-03
   18   -0.4511718750000000E-02    0.7762527465820313E-03
   19   -0.4882812500000000E-02    0.1000900268554687E-02
   20    0.2207031250000000E-02    0.1106071472167969E-02
   21   -0.5605468750000000E-02    0.1032981872558594E-02
   22    0.2949218750000000E-02    0.8601760864257813E-03
   23    0.1914062500000000E-02    0.8966827392578125E-03
   24   -0.1875000000000000E-02    0.1053314208984375E-02
   25   -0.3359375000000000E-02    0.9909057617187500E-03
   26   -0.7421875000000000E-03    0.8408355712890625E-03
   27    0.5078125000000000E-03    0.7661437988281250E-03
   28   -0.3847656250000000E-02    0.8566665649414062E-03
   29   -0.7011718750000000E-02    0.1030311584472656E-02
   30    0.1484375000000000E-02    0.1284790039062500E-02
   31    0.4804687500000000E-02    0.9356689453125000E-03
   32   -0.2910156250000000E-02    0.1358604431152344E-02
   33    0.4687500000000000E-03    0.1047134399414062E-02
   34   -0.3515625000000000E-02    0.9871673583984374E-03
   35    0.2519531250000000E-02    0.1027412414550781E-02
   36    0.3847656250000000E-02    0.1183052062988281E-02
   37    0.1425781250000000E-02    0.1049003601074219E-02
   38    0.7617187500000000E-03    0.9640121459960938E-03
   39    0.2675781250000000E-02    0.1044349670410156E-02
   40    0.6699218750000000E-02    0.1107597351074219E-02
   41   -0.1484375000000000E-02    0.9379577636718750E-03
   42   -0.1308593750000000E-02    0.1154823303222656E-02
   43   -0.1757812500000000E-03    0.1085700988769531E-02
   44   -0.3046875000000000E-02    0.1014480590820312E-02
   45   -0.8906249999999999E-02    0.1109771728515625E-02
   46   -0.4472656250000000E-02    0.9678268432617188E-03
   47   -0.9570312500000000E-03    0.8243942260742188E-03
   48    0.9765625000000000E-03    0.1092605590820313E-02
   49    0.1835937500000000E-02    0.1196365356445313E-02
   50    0.3476562500000000E-02    0.1038284301757813E-02
   51    0.2167968750000000E-02    0.1028327941894531E-02
   52   -0.1757812500000000E-03    0.1109275817871094E-02
   53   -0.2363281250000000E-02    0.8296585083007813E-03
   54   -0.2089843750000000E-02    0.1154899597167969E-02
   55   -0.6445312500000000E-03    0.1201744079589844E-02
   56   -0.1640625000000000E-02    0.8161163330078125E-03
   57   -0.3339843750000000E-02    0.8794021606445313E-03
   58    0.2773437500000000E-02    0.9876251220703124E-03
   59    0.1855468750000000E-02    0.9125137329101563E-03
   60    0.6621093750000000E-02    0.8172988891601562E-03
   61   -0.4882812500000000E-03    0.9353256225585937E-03
   62    0.4238281250000000E-02    0.9183120727539062E-03
   63   -0.1367187500000000E-02    0.8354187011718750E-03
   64   -0.3710937500000000E-02    0.1221008300781250E-02
   65   -0.8613281250000000E-02    0.9823989868164061E-03
   66   -0.2734375000000000E-03    0.8812713623046875E-03
   67    0.4687500000000000E-03    0.8556365966796875E-03
   68   -0.4433593750000000E-02    0.9482192993164062E-03
   69   -0.8984375000000000E-03    0.1041336059570313E-02
   70    0.2890625000000000E-02    0.1011428833007812E-02
   71   -0.6250000000000000E-02    0.9850311279296876E-03
   72    0.1347656250000000E-02    0.9853744506835938E-03
   73   -0.2832031250000000E-02    0.1335334777832031E-02
   74   -0.9765625000000000E-03    0.8572387695312500E-03
   75    0.9179687499999999E-03    0.1085700988769531E-02
   76    0.1679687500000000E-02    0.1253814697265625E-02
   77    0.4140625000000000E-02    0.8139038085937501E-03
   78   -0.1718750000000000E-02    0.1146545410156250E-02
   79    0.3125000000000000E-02    0.8858489990234375E-03
   80   -0.1718750000000000E-02    0.7820129394531250E-03
   81   -0.6035156250000000E-02    0.1076087951660156E-02
   82    0.1796875000000000E-02    0.9920501708984375E-03
   83    0.7812500000000000E-03    0.8938598632812500E-03
   84    0.3769531250000000E-02    0.9598159790039063E-03
   85   -0.1250000000000000E-02    0.1060485839843750E-02
   86    0.3476562500000000E-02    0.6443786621093750E-03
   87    0.3203125000000000E-02    0.1020507812500000E-02
   88   -0.6152343750000000E-02    0.1203269958496094E-02
   89   -0.2167968750000000E-02    0.6911087036132812E-03
   90    0.3242187500000000E-02    0.9027862548828125E-03
   91   -0.7421875000000000E-03    0.8452606201171875E-03
   92    0.1503906250000000E-02    0.1154747009277344E-02
   93   -0.1875000000000000E-02    0.1223602294921875E-02
   94    0.1542968750000000E-02    0.1141700744628906E-02
   95   -0.1621093750000000E-02    0.1154289245605469E-02
   96    0.8613281250000000E-02    0.1084327697753906E-02
   97    0.3945312500000000E-02    0.1015090942382813E-02
   98   -0.1816406250000000E-02    0.8352279663085937E-03
   99    0.2324218750000000E-02    0.1167564392089844E-02
  100   -0.3320312500000000E-03    0.8983993530273437E-03
