# time =    0.4706
    0    0.1000000000000000E+01    0.1000000000000000E+01
    1    0.2209765625000000E+00    0.4953399658203125E-01
    2    0.5521484375000000E-01    0.3901710510253906E-02
    3    0.1207031250000000E-01    0.9939575195312500E-03
    4    0.7832031250000000E-02    0.9671401977539063E-03
    5   -0.8203125000000000E-03    0.1164779663085937E-02
    6    0.3222656250000000E-02    0.1178474426269531E-02
    7    0.8984375000000000E-03    0.9274291992187500E-03
    8    0.8593750000000000E-03    0.8906555175781250E-03
    9    0.2011718750000000E-02    0.1245918273925781E-02
   10    0.2402343750000000E-02    0.8185195922851562E-03
   11   -0.5664062500000000E-03    0.8559036254882813E-03
   12    0.3378906250000000E-02    0.1012382507324219E-02
   13    0.8261718750000001E-02    0.1107978820800781E-02
   14    0.2968750000000000E-02    0.8460235595703125E-03
   15   -0.4316406250000000E-02    0.8610153198242188E-03
   16   -0.3964843750000000E-02    0.1027412414550781E-02
   17    0.6445312500000000E-03    0.8004379272460938E-03
   18    0.3144531250000000E-02    0.1150093078613281E-02
   19   -0.2500000000000000E-02    0.9651184082031250E-03
   20   -0.8789062500000000E-03    0.1036338806152344E-02
   21    0.4023437500000000E-02    0.9423828125000000E-03
   22   -0.1582031250000000E-02    0.1013755798339844E-02
   23    0.1855468750000000E-02    0.8008193969726563E-03
   24    0.2480468750000000E-02    0.1006813049316406E-02
   25    0.4140625000000000E-02    0.9669494628906250E-03
   26    0.1132812500000000E-02    0.1067504882812500E-02
   27    0.1367187500000000E-03    0.9984970092773438E-03
   28    0.1367187500000000E-02    0.1286773681640625E-02
   29   -0.6523437500000000E-02    0.8230590820312500E-03
   30   -0.4082031250000000E-02    0.9669876098632813E-03
   31   -0.6835937500000000E-03    0.9447860717773437E-03
   32   -0.1933593750000000E-02    0.1099510192871094E-02
   33   -0.1425781250000000E-02    0.1015739440917969E-02
   34    0.1464843750000000E-02    0.1254234313964844E-02
   35   -0.2832031250000000E-02    0.9323501586914062E-03
   36   -0.1152343750000000E-02    0.1188468933105469E-02
   37   -0.1171875000000000E-02    0.1170043945312500E-02
   38    0.7421875000000000E-03    0.1106185913085938E-02
   39   -0.2343750000000000E-02    0.1146087646484375E-02
   40   -0.6718750000000000E-02    0.8181762695312500E-03
   41    0.1679687500000000E-02    0.5993652343750000E-03
   42   -0.1679687500000000E-02    0.1185989379882812E-02
   43   -0.2656250000000000E-02    0.1142654418945313E-02
   44    0.1171875000000000E-03    0.5921173095703125E-03
   45    0.3867187500000000E-02    0.1053771972656250E-02
   46   -0.8789062500000000E-03    0.9872055053710938E-03
   47   -0.1308593750000000E-02    0.1151771545410156E-02
   48   -0.3515625000000000E-03    0.9473419189453125E-03
   49    0.3906250000000000E-03    0.8866882324218750E-03
   50    0.9179687499999999E-03    0.8290481567382813E-03
   51    0.1953125000000000E-03    0.7723236083984375E-03
   52   -0.2089843750000000E-02    0.9212112426757813E-03
   53    0.5000000000000000E-02    0.1015472412109375E-02
   54    0.5878906250000000E-02    0.1063499450683594E-02
   55    0.3769531250000000E-02    0.1047935485839844E-02
   56   -0.1816406250000000E-02    0.8408737182617188E-03
   57   -0.2597656250000000E-02    0.1140708923339844E-02
   58   -0.1347656250000000E-02    0.8636856079101562E-03
   59    0.5273437500000000E-03    0.1202354431152344E-02
   60   -0.1523437500000000E-02    0.1100997924804688E-02
   61   -0.1171875000000000E-02    0.8369445800781250E-03
   62    0.7226562500000000E-03    0.8973312377929687E-03
   63    0.1582031250000000E-02    0.9113693237304687E-03
   64    0.1738281250000000E-02    0.1166572570800781E-02
   65    0.6640625000000000E-03    0.9006500244140625E-03
   66    0.8789062500000000E-03    0.1212196350097656E-02
   67    0.1152343750000000E-02    0.9938430786132811E-03
   68   -0.7812500000000000E-03    0.1022491455078125E-02
   69   -0.4687500000000000E-02    0.8693695068359375E-03
   70    0.1054687500000000E-02    0.6757354736328124E-03
   71   -0.3144531250000000E-02    0.1016120910644531E-02
   72    0.1875000000000000E-02    0.6941986083984375E-03
   73   -0.1562500000000000E-03    0.1008529663085937E-02
   74   -0.1308593750000000E-02    0.1073951721191406E-02
   75   -0.7031250000000000E-03    0.9117126464843750E-03
   76   -0.9765625000000001E-04    0.1045341491699219E-02
   77    0.3457031250000000E-02    0.9853744506835938E-03
   78    0.1171875000000000E-03    0.1238250732421875E-02
   79   -0.4082031250000000E-02    0.9006118774414063E-03
   80    0.4101562500000000E-03    0.1092948913574219E-02
   81   -0.2675781250000000E-02    0.1133995056152344E-02
   82   -0.1250000000000000E-02    0.1193084716796875E-02
   83    0.4296875000000000E-02    0.1097717285156250E-02
   84   -0.2343750000000000E-02    0.9513092041015625E-03
   85   -0.2949218750000000E-02    0.1156272888183594E-02
   86   -0.2558593750000000E-02    0.9782028198242188E-03
   87    0.1269531250000000E-02    0.7794570922851563E-03
   88   -0.3007812500000000E-02    0.8264923095703125E-03
   89   -0.1816406250000000E-02    0.7320022583007812E-03
   90   -0.1152343750000000E-02    0.8674240112304687E-03
   91    0.1679687500000000E-02    0.1050949096679688E-02
   92   -0.8007812500000000E-03    0.9105300903320312E-03
   93    0.2148437500000000E-03    0.7222366333007813E-03
   94   -0.1679687500000000E-02    0.7706451416015625E-03
   95    0.2988281250000000E-02    0.8559799194335937E-03
   96   -0.3828125000000000E-02    0.9037017822265625E-03
   97   -0.3632812500000000E-02    0.8582305908203125E-03
   98    0.5683593750000000E-02    0.1244697570800781E-02
   99    0.3125000000000000E-03    0.8735656738281250E-03
  100    0.3300781250000000E-02    0.1106529235839844E-02
