# time =    0.4573
    0    0.1000000000000000E+01    0.1000000000000000E+01
    1    0.2865234375000000E+00    0.8291305541992187E-01
    2    0.1017382812500000E+00    0.1140590667724609E-01
    3    0.4173828125000000E-01    0.2601737976074219E-02
    4    0.2263671875000000E-01    0.1432304382324219E-02
    5    0.1218750000000000E-01    0.1033859252929687E-02
    6    0.3632812500000000E-02    0.8479309082031250E-03
    7    0.5136718750000000E-02    0.8670425415039062E-03
    8    0.5917968750000000E-02    0.9026718139648437E-03
    9    0.7812500000000000E-03    0.1077575683593750E-02
   10    0.1562500000000000E-02    0.1178359985351562E-02
   11    0.2167968750000000E-02    0.1235084533691406E-02
   12    0.8203125000000000E-03    0.7857513427734375E-03
   13    0.5566406250000000E-02    0.9155654907226562E-03
   14    0.5859375000000000E-02    0.1037292480468750E-02
   15    0.3457031250000000E-02    0.1030998229980469E-02
   16    0.4062500000000000E-02    0.1148147583007813E-02
   17    0.6855468750000000E-02    0.9996414184570313E-03
   18    0.5664062500000000E-02    0.1270217895507813E-02
   19    0.3867187500000000E-02    0.1051635742187500E-02
   20    0.4589843750000000E-02    0.1046562194824219E-02
   21    0.5859375000000000E-02    0.1047744750976563E-02
   22   -0.1992187500000000E-02    0.1301116943359375E-02
   23   -0.1582031250000000E-02    0.8827590942382812E-03
   24    0.3515625000000000E-03    0.9288787841796875E-03
   25    0.2187500000000000E-02    0.1065750122070312E-02
   26    0.5292968750000000E-02    0.9479141235351563E-03
   27   -0.1796875000000000E-02    0.9069824218750000E-03
   28   -0.3144531250000000E-02    0.1089668273925781E-02
   29   -0.1031250000000000E-01    0.7874298095703125E-03
   30   -0.3046875000000000E-02    0.9961700439453124E-03
   31   -0.8007812500000000E-03    0.1059989929199219E-02
   32   -0.6035156250000000E-02    0.1162071228027344E-02
   33    0.2597656250000000E-02    0.7535934448242188E-03
   34   -0.5703125000000000E-02    0.9323883056640625E-03
   35   -0.3886718750000000E-02    0.1229896545410156E-02
   36   -0.3027343750000000E-02    0.9354019165039063E-03
   37   -0.1269531250000000E-02    0.1154747009277344E-02
   38   -0.7031250000000000E-03    0.1122512817382812E-02
   39   -0.4023437500000000E-02    0.9512329101562501E-03
   40   -0.9765625000000000E-03    0.7916259765625000E-03
   41   -0.2988281250000000E-02    0.1141014099121094E-02
   42   -0.3710937500000000E-02    0.8751678466796875E-03
   43    0.2207031250000000E-02    0.7802200317382813E-03
   44   -0.1406250000000000E-02    0.9584808349609375E-03
   45   -0.8789062500000000E-03    0.9273910522460938E-03
   46   -0.3886718750000000E-02    0.9781265258789063E-03
   47   -0.1757812500000000E-03    0.8559799194335937E-03
   48    0.1914062500000000E-02    0.1033477783203125E-02
   49    0.3574218750000000E-02    0.8465957641601563E-03
   50   -0.5859375000000000E-03    0.9122467041015624E-03
   51    0.4941406250000000E-02    0.1123542785644531E-02
   52   -0.2792968750000000E-02    0.7817459106445313E-03
   53    0.1406250000000000E-02    0.8504486083984375E-03
   54   -0.3144531250000000E-02    0.1175117492675781E-02
   55   -0.6445312500000000E-03    0.8687210083007812E-03
   56   -0.2812500000000000E-02    0.8173370361328125E-03
   57   -0.6835937500000000E-02    0.9851837158203125E-03
   58   -0.8398437500000000E-03    0.1026191711425781E-02
   59   -0.6484375000000000E-02    0.1046829223632813E-02
   60    0.2128906250000000E-02    0.7522964477539063E-03
   61    0.8007812500000000E-03    0.1015434265136719E-02
   62   -0.8593750000000000E-03    0.8022308349609375E-03
   63   -0.7031250000000000E-02    0.1081924438476563E-02
   64   -0.3554687500000000E-02    0.9886932373046875E-03
   65   -0.5664062500000000E-03    0.1055717468261719E-02
   66   -0.5722656250000000E-02    0.1095161437988281E-02
   67   -0.1523437500000000E-02    0.8695220947265625E-03
   68    0.2460937500000000E-02    0.9954833984374999E-03
   69    0.2031250000000000E-02    0.1098480224609375E-02
   70    0.1503906250000000E-02    0.9627151489257813E-03
   71   -0.6835937500000000E-03    0.1093940734863281E-02
   72   -0.2070312500000000E-02    0.1062469482421875E-02
   73    0.6054687500000000E-03    0.9680557250976563E-03
   74    0.4238281250000000E-02    0.1103019714355469E-02
   75   -0.8593750000000000E-03    0.9647369384765625E-03
   76   -0.6835937500000000E-03    0.9677505493164062E-03
   77   -0.4941406250000000E-02    0.9849166870117187E-03
   78    0.1699218750000000E-02    0.1062583923339844E-02
   79   -0.1308593750000000E-02    0.9659957885742187E-03
   80    0.2402343750000000E-02    0.1108741760253906E-02
   81    0.2929687500000000E-03    0.9241104125976562E-03
   82   -0.2675781250000000E-02    0.7907485961914062E-03
   83   -0.5722656250000000E-02    0.9691238403320313E-03
   84    0.2988281250000000E-02    0.9447097778320313E-03
   85    0.2656250000000000E-02    0.1040573120117187E-02
   86    0.7812500000000000E-03    0.8119964599609376E-03
   87    0.1562500000000000E-02    0.8988189697265625E-03
   88   -0.2500000000000000E-02    0.1054000854492188E-02
   89    0.2441406250000000E-02    0.1017341613769531E-02
   90   -0.1503906250000000E-02    0.9664535522460937E-03
   91   -0.2089843750000000E-02    0.9863662719726562E-03
   92   -0.5214843750000000E-02    0.1257514953613281E-02
   93   -0.1562500000000000E-02    0.1115493774414063E-02
   94   -0.2363281250000000E-02    0.1149864196777344E-02
   95    0.1523437500000000E-02    0.9548187255859375E-03
   96    0.5371093750000000E-02    0.7360458374023437E-03
   97   -0.2578125000000000E-02    0.1010437011718750E-02
   98    0.1445312500000000E-02    0.1256790161132812E-02
   99    0.2675781250000000E-02    0.1205024719238281E-02
  100    0.2363281250000000E-02    0.9036636352539062E-03
