# time =    0.4730
    0    0.1000000000000000E+01    0.1000000000000000E+01
    1    0.1987109375000000E+00    0.4029327392578125E-01
    2    0.4013671875000000E-01    0.2592964172363281E-02
    3    0.4492187500000000E-02    0.1026535034179688E-02
    4    0.1015625000000000E-02    0.9312438964843750E-03
    5   -0.4101562500000000E-03    0.9138870239257812E-03
    6    0.6796875000000000E-02    0.1002044677734375E-02
    7   -0.1757812500000000E-02    0.9071350097656250E-03
    8    0.2363281250000000E-02    0.8352279663085937E-03
    9    0.7031250000000000E-03    0.9783172607421874E-03
   10   -0.4140625000000000E-02    0.1290893554687500E-02
   11   -0.3027343750000000E-02    0.1195259094238281E-02
   12    0.3769531250000000E-02    0.8173751831054688E-03
   13    0.2285156250000000E-02    0.1004447937011719E-02
   14    0.1054687500000000E-02    0.1101303100585937E-02
   15    0.3203125000000000E-02    0.8480072021484375E-03
   16    0.3496093750000000E-02    0.8771896362304687E-03
   17   -0.2832031250000000E-02    0.8414840698242188E-03
   18   -0.3417968750000000E-02    0.8639144897460937E-03
   19   -0.4492187500000000E-03    0.1164817810058594E-02
   20   -0.3300781250000000E-02    0.9373855590820312E-03
   21    0.1953125000000000E-04    0.1263999938964844E-02
   22    0.1699218750000000E-02    0.1213111877441406E-02
   23   -0.3066406250000000E-02    0.1034049987792969E-02
   24    0.1679687500000000E-02    0.9590148925781250E-03
   25    0.1464843750000000E-02    0.1195106506347656E-02
   26   -0.1328125000000000E-02    0.9452056884765625E-03
   27    0.1699218750000000E-02    0.9309768676757813E-03
   28   -0.2050781250000000E-02    0.8609390258789062E-03
   29    0.0000000000000000E+00    0.1074142456054687E-02
   30   -0.1230468750000000E-02    0.1151771545410156E-02
   31    0.5625000000000000E-02    0.9673309326171875E-03
   32   -0.6445312500000000E-03    0.1085166931152344E-02
   33   -0.3515625000000000E-03    0.8731079101562500E-03
   34    0.4667968750000000E-02    0.1042900085449219E-02
   35    0.2519531250000000E-02    0.1164512634277344E-02
   36    0.9960937500000000E-03    0.1000862121582031E-02
   37    0.2773437500000000E-02    0.8469390869140625E-03
   38    0.3046875000000000E-02    0.1085891723632813E-02
   39    0.2031250000000000E-02    0.1051025390625000E-02
   40    0.7812500000000000E-03    0.8676910400390625E-03
   41    0.3046875000000000E-02    0.1262817382812500E-02
   42   -0.1074218750000000E-02    0.9027481079101563E-03
   43    0.2343750000000000E-03    0.6880950927734375E-03
   44    0.1757812500000000E-02    0.1148147583007813E-02
   45   -0.1542968750000000E-02    0.1076927185058594E-02
   46   -0.4882812500000000E-03    0.1118659973144531E-02
   47   -0.2871093750000000E-02    0.1033973693847656E-02
   48   -0.3886718750000000E-02    0.1081123352050781E-02
   49    0.4355468750000000E-02    0.1074943542480469E-02
   50   -0.3105468750000000E-02    0.1135063171386719E-02
   51   -0.4121093750000000E-02    0.1248359680175781E-02
   52   -0.2480468750000000E-02    0.8255386352539062E-03
   53   -0.2675781250000000E-02    0.8810043334960937E-03
   54    0.1425781250000000E-02    0.8633041381835938E-03
   55   -0.4492187500000000E-03    0.1092643737792969E-02
   56   -0.4003906250000000E-02    0.9452438354492187E-03
   57   -0.3906250000000000E-04    0.1055221557617188E-02
   58    0.6210937500000000E-02    0.1017150878906250E-02
   59   -0.5234375000000000E-02    0.7990264892578125E-03
   60    0.1757812500000000E-02    0.1210861206054688E-02
   61    0.4179687500000000E-02    0.9785461425781249E-03
   62   -0.4921875000000000E-02    0.7826232910156250E-03
   63   -0.6445312500000000E-03    0.1027107238769531E-02
   64    0.1269531250000000E-02    0.1055107116699219E-02
   65   -0.1914062500000000E-02    0.1212692260742187E-02
   66    0.9765625000000001E-04    0.8395004272460937E-03
   67    0.4453125000000000E-02    0.1137695312500000E-02
   68   -0.2070312500000000E-02    0.9928131103515625E-03
   69   -0.6289062500000000E-02    0.1010589599609375E-02
   70   -0.8203125000000000E-03    0.1104354858398438E-02
   71   -0.3691406250000000E-02    0.9892654418945312E-03
   72   -0.1953125000000000E-02    0.1000137329101563E-02
   73   -0.5351562500000000E-02    0.9822082519531251E-03
   74   -0.3808593750000000E-02    0.8437728881835937E-03
   75   -0.2734375000000000E-02    0.9487915039062500E-03
   76   -0.1679687500000000E-02    0.8841705322265625E-03
   77   -0.2265625000000000E-02    0.7978057861328124E-03
   78    0.4023437500000000E-02    0.9424591064453125E-03
   79    0.1855468750000000E-02    0.7638168334960937E-03
   80    0.3222656250000000E-02    0.8726119995117188E-03
   81   -0.1542968750000000E-02    0.8961868286132813E-03
   82    0.6250000000000000E-02    0.8071899414062500E-03
   83    0.1035156250000000E-02    0.1090583801269531E-02
   84    0.3691406250000000E-02    0.1010246276855469E-02
   85    0.9960937500000000E-03    0.8422470092773437E-03
   86    0.2597656250000000E-02    0.9559249877929688E-03
   87   -0.3906250000000000E-04    0.1042938232421875E-02
   88    0.4296875000000000E-03    0.1032791137695313E-02
   89   -0.1093750000000000E-02    0.8707427978515625E-03
   90   -0.6054687500000000E-02    0.1224899291992188E-02
   91   -0.4687500000000000E-03    0.7202148437500000E-03
   92   -0.1738281250000000E-02    0.9876632690429688E-03
   93   -0.3183593750000000E-02    0.9087753295898437E-03
   94    0.1679687500000000E-02    0.1061935424804687E-02
   95   -0.4375000000000000E-02    0.7934570312500000E-03
   96    0.2734375000000000E-03    0.7761383056640625E-03
   97   -0.7441406250000000E-02    0.8807754516601562E-03
   98   -0.8457031250000000E-02    0.8748245239257813E-03
   99   -0.4550781250000000E-02    0.8311843872070312E-03
  100   -0.1308593750000000E-02    0.7281112670898438E-03
