# time =    0.4057
    0    0.1000000000000000E+01    0.1000000000000000E+01
    1    0.4229687500000000E+00    0.1795017242431641E+00
    2    0.2584765625000000E+00    0.6754585266113282E-01
    3    0.1964453125000000E+00    0.3932479858398438E-01
    4    0.1656445312500000E+00    0.2833446502685547E-01
    5    0.1427148437500000E+00    0.2107906341552734E-01
    6    0.1318359375000000E+00    0.1820030212402344E-01
    7    0.1201953125000000E+00    0.1521255493164063E-01
    8    0.1128320312500000E+00    0.1346385955810547E-01
    9    0.1043750000000000E+00    0.1173316955566406E-01
   10    0.1008789062500000E+00    0.1102954864501953E-01
   11    0.9753906250000000E-01    0.1027694702148437E-01
   12    0.9423828125000000E-01    0.9686470031738281E-02
   13    0.8736328124999999E-01    0.8351631164550781E-02
   14    0.8527343749999999E-01    0.8038864135742188E-02
   15    0.8365234375000000E-01    0.7736244201660156E-02
   16    0.8214843750000000E-01    0.7525787353515625E-02
   17    0.7929687500000000E-01    0.7023544311523438E-02
   18    0.7666015625000000E-01    0.6640510559082031E-02
   19    0.7636718750000000E-01    0.6570129394531250E-02
   20    0.7435546875000000E-01    0.6268577575683594E-02
   21    0.7294921875000000E-01    0.6087989807128906E-02
   22    0.7162109375000000E-01    0.5860939025878907E-02
   23    0.7013671874999999E-01    0.5661506652832032E-02
   24    0.6916015624999999E-01    0.5519371032714843E-02
   25    0.6677734375000000E-01    0.5187721252441406E-02
   26    0.6570312500000000E-01    0.5152511596679688E-02
   27    0.6359375000000000E-01    0.4790725708007812E-02
   28    0.6330078124999999E-01    0.4637260437011719E-02
   29    0.6132812500000000E-01    0.4511260986328125E-02
   30    0.5984375000000000E-01    0.4203720092773438E-02
   31    0.6054687500000000E-01    0.4297561645507812E-02
   32    0.5933593750000000E-01    0.4093933105468750E-02
   33    0.5949218750000000E-01    0.4075241088867187E-02
   34    0.5914062500000000E-01    0.4176788330078125E-02
   35    0.5736328125000000E-01    0.3908195495605469E-02
   36    0.5732421875000000E-01    0.4001274108886719E-02
   37    0.5576171875000000E-01    0.3812294006347656E-02
   38    0.5435546875000000E-01    0.3671226501464844E-02
   39    0.5285156250000000E-01    0.3482284545898438E-02
   40    0.5101562500000000E-01    0.3314971923828125E-02
   41    0.5173828125000000E-01    0.3421974182128906E-02
   42    0.5232421875000000E-01    0.3482933044433594E-02
   43    0.4908203125000000E-01    0.3104591369628906E-02
   44    0.4917968750000000E-01    0.3235473632812500E-02
   45    0.4906250000000000E-01    0.3193130493164062E-02
   46    0.4927734375000000E-01    0.3204154968261719E-02
   47    0.4818359375000000E-01    0.3090553283691406E-02
   48    0.4640625000000000E-01    0.2908554077148438E-02
   49    0.4667968750000000E-01    0.2943801879882813E-02
   50    0.4761718750000000E-01    0.3069381713867188E-02
   51    0.4763671875000000E-01    0.2987937927246094E-02
   52    0.4824218750000000E-01    0.3016891479492188E-02
   53    0.4740234375000000E-01    0.3062248229980469E-02
   54    0.4556640625000000E-01    0.2838935852050781E-02
   55    0.4458984375000000E-01    0.2807731628417969E-02
   56    0.4417968750000000E-01    0.2763900756835937E-02
   57    0.4271484375000000E-01    0.2554283142089844E-02
   58    0.4179687500000000E-01    0.2563781738281250E-02
   59    0.4072265625000000E-01    0.2458076477050781E-02
   60    0.4027343750000000E-01    0.2487335205078125E-02
   61    0.4105468750000000E-01    0.2593994140625000E-02
   62    0.4109375000000000E-01    0.2534484863281250E-02
   63    0.4152343750000000E-01    0.2570648193359375E-02
   64    0.4154296875000000E-01    0.2605552673339844E-02
   65    0.3972656250000000E-01    0.2422180175781250E-02
   66    0.4070312500000000E-01    0.2518692016601562E-02
   67    0.3966796875000000E-01    0.2510871887207031E-02
   68    0.3949218750000000E-01    0.2489471435546875E-02
   69    0.3966796875000000E-01    0.2497062683105469E-02
   70    0.3931640625000000E-01    0.2494926452636719E-02
   71    0.3886718750000000E-01    0.2419738769531250E-02
   72    0.3791015625000000E-01    0.2363014221191406E-02
   73    0.3705078125000000E-01    0.2231330871582031E-02
   74    0.3761718750000000E-01    0.2274017333984375E-02
   75    0.3716796875000000E-01    0.2226448059082031E-02
   76    0.3656250000000000E-01    0.2275238037109375E-02
   77    0.3654296875000000E-01    0.2325248718261719E-02
   78    0.3669921875000000E-01    0.2209739685058594E-02
   79    0.3583984375000000E-01    0.2141380310058594E-02
   80    0.3572265625000000E-01    0.2203407287597656E-02
   81    0.3607421875000000E-01    0.2181053161621094E-02
   82    0.3560546875000000E-01    0.2144355773925781E-02
   83    0.3609375000000000E-01    0.2174758911132813E-02
   84    0.3539062500000000E-01    0.2100830078125000E-02
   85    0.3574218750000000E-01    0.2094421386718750E-02
   86    0.3583984375000000E-01    0.2089195251464844E-02
   87    0.3570312500000000E-01    0.2094192504882813E-02
   88    0.3546875000000000E-01    0.2102279663085938E-02
   89    0.3660156250000000E-01    0.2252655029296875E-02
   90    0.3509765625000000E-01    0.2122077941894531E-02
   91    0.3546875000000000E-01    0.2217483520507812E-02
   92    0.3517578125000000E-01    0.2220878601074219E-02
   93    0.3339843750000000E-01    0.2079544067382812E-02
   94    0.3417968750000000E-01    0.2113189697265625E-02
   95    0.3332031250000000E-01    0.1925277709960937E-02
   96    0.3357421875000000E-01    0.1939735412597656E-02
   97    0.3408203125000000E-01    0.2015953063964844E-02
   98    0.3355468750000000E-01    0.1960067749023438E-02
   99    0.3308593750000000E-01    0.1895065307617187E-02
  100    0.3357421875000000E-01    0.1966133117675781E-02
