# time =    0.4648
    0    0.1000000000000000E+01    0.1000000000000000E+01
    1    0.2682812500000000E+00    0.7275871276855468E-01
    2    0.8812500000000000E-01    0.8845977783203125E-02
    3    0.3757812500000000E-01    0.2379913330078125E-02
    4    0.1005859375000000E-01    0.1185340881347656E-02
    5    0.2363281250000000E-02    0.8721542358398437E-03
    6   -0.2675781250000000E-02    0.1011466979980469E-02
    7   -0.2382812500000000E-02    0.7115936279296875E-03
    8   -0.2460937500000000E-02    0.1036682128906250E-02
    9    0.1035156250000000E-02    0.9444046020507812E-03
   10    0.2929687500000000E-03    0.1294746398925781E-02
   11    0.2792968750000000E-02    0.1030311584472656E-02
   12    0.3046875000000000E-02    0.1391601562500000E-02
   13    0.8398437500000000E-03    0.8465957641601563E-03
   14    0.1621093750000000E-02    0.9277725219726563E-03
   15    0.2578125000000000E-02    0.9837341308593750E-03
   16   -0.2578125000000000E-02    0.9083557128906250E-03
   17   -0.2363281250000000E-02    0.7858657836914062E-03
   18    0.1796875000000000E-02    0.9114074707031250E-03
   19    0.1113281250000000E-02    0.1048164367675781E-02
   20   -0.4882812500000000E-03    0.8731460571289062E-03
   21    0.1035156250000000E-02    0.9056472778320312E-03
   22    0.7421875000000000E-03    0.1156387329101562E-02
   23   -0.8398437500000000E-03    0.1016578674316406E-02
   24    0.1367187500000000E-02    0.1302719116210938E-02
   25    0.1718750000000000E-02    0.9476470947265625E-03
   26   -0.5292968750000000E-02    0.8282089233398438E-03
   27    0.6386718750000000E-02    0.8639144897460937E-03
   28    0.1191406250000000E-02    0.9177780151367188E-03
   29   -0.1386718750000000E-02    0.7706069946289062E-03
   30    0.2734375000000000E-03    0.9467315673828125E-03
   31    0.2402343750000000E-02    0.8288955688476562E-03
   32    0.8203125000000000E-03    0.9046173095703124E-03
   33    0.2148437500000000E-02    0.7781219482421875E-03
   34   -0.1992187500000000E-02    0.1022186279296875E-02
   35    0.1972656250000000E-02    0.9169387817382813E-03
   36    0.3906250000000000E-02    0.1060409545898438E-02
   37    0.3828125000000000E-02    0.9311676025390625E-03
   38    0.3886718750000000E-02    0.1199760437011719E-02
   39    0.4882812500000000E-03    0.9723281860351562E-03
   40   -0.2343750000000000E-03    0.1139907836914062E-02
   41    0.2929687500000000E-02    0.7482910156250000E-03
   42   -0.1953125000000000E-03    0.8231353759765625E-03
   43   -0.2011718750000000E-02    0.8703994750976562E-03
   44   -0.2929687500000000E-02    0.8663940429687500E-03
   45    0.1250000000000000E-02    0.1229095458984375E-02
   46   -0.1308593750000000E-02    0.8315658569335938E-03
   47   -0.2421875000000000E-02    0.1007156372070312E-02
   48   -0.1562500000000000E-02    0.8372497558593750E-03
   49   -0.8984375000000000E-03    0.9033966064453125E-03
   50   -0.1152343750000000E-02    0.8862686157226563E-03
   51   -0.1933593750000000E-02    0.8353042602539062E-03
   52    0.2011718750000000E-02    0.1036872863769531E-02
   53    0.2109375000000000E-02    0.8233642578125000E-03
   54   -0.5488281250000000E-02    0.1203956604003906E-02
   55   -0.2324218750000000E-02    0.8236312866210937E-03
   56   -0.2265625000000000E-02    0.9219360351562500E-03
   57   -0.4003906250000000E-02    0.1081199645996094E-02
   58   -0.3945312500000000E-02    0.9513854980468750E-03
   59   -0.2031250000000000E-02    0.1026382446289063E-02
   60   -0.4609375000000000E-02    0.9333038330078125E-03
   61   -0.2636718750000000E-02    0.8793258666992187E-03
   62   -0.2695312500000000E-02    0.8481597900390625E-03
   63   -0.2089843750000000E-02    0.7833480834960937E-03
   64    0.1757812500000000E-02    0.9571075439453125E-03
   65    0.2167968750000000E-02    0.1112098693847656E-02
   66    0.3339843750000000E-02    0.1000404357910156E-02
   67    0.2734375000000000E-02    0.1103134155273438E-02
   68    0.7207031250000000E-02    0.1013832092285156E-02
   69    0.1992187500000000E-02    0.7869720458984375E-03
   70    0.7324218750000000E-02    0.1011314392089844E-02
   71   -0.7031250000000000E-03    0.8894348144531250E-03
   72    0.8007812500000000E-03    0.1160087585449219E-02
   73    0.4687500000000000E-03    0.9270477294921875E-03
   74   -0.1796875000000000E-02    0.9780883789062499E-03
   75   -0.7421875000000000E-03    0.1022338867187500E-02
   76   -0.1171875000000000E-02    0.8883666992187500E-03
   77    0.1425781250000000E-02    0.9077835083007812E-03
   78   -0.2089843750000000E-02    0.8326339721679688E-03
   79    0.3125000000000000E-03    0.1149444580078125E-02
   80   -0.9960937500000000E-03    0.7927322387695313E-03
   81    0.2558593750000000E-02    0.1074333190917969E-02
   82    0.1875000000000000E-02    0.1064376831054687E-02
   83   -0.9960937500000000E-03    0.8467483520507812E-03
   84   -0.9765625000000001E-04    0.9083938598632812E-03
   85    0.3222656250000000E-02    0.9625625610351563E-03
   86    0.2070312500000000E-02    0.8642578125000000E-03
   87    0.4843750000000000E-02    0.9524536132812500E-03
   88    0.8203125000000000E-03    0.8871459960937500E-03
   89    0.2167968750000000E-02    0.9777450561523438E-03
   90    0.4062500000000000E-02    0.1015243530273437E-02
   91    0.1757812500000000E-03    0.9813308715820312E-03
   92   -0.2812500000000000E-02    0.9095764160156250E-03
   93   -0.3730468750000000E-02    0.8900833129882813E-03
   94   -0.1855468750000000E-02    0.9737777709960938E-03
   95    0.3398437500000000E-02    0.1000823974609375E-02
   96   -0.1152343750000000E-02    0.9680557250976563E-03
   97    0.1406250000000000E-02    0.8369445800781250E-03
   98   -0.1074218750000000E-02    0.1153373718261719E-02
   99    0.2792968750000000E-02    0.9861373901367187E-03
  100    0.1191406250000000E-02    0.7735061645507813E-03
