# time =    0.4729
    0    0.1000000000000000E+01    0.1000000000000000E+01
    1    0.2177148437500000E+00    0.4809581756591797E-01
    2    0.5167968750000000E-01    0.3734664916992187E-02
    3    0.9765625000000000E-02    0.1155776977539063E-02
    4    0.4101562500000000E-03    0.1006660461425781E-02
    5    0.1660156250000000E-02    0.9565353393554688E-03
    6   -0.1894531250000000E-02    0.1254692077636719E-02
    7   -0.3027343750000000E-02    0.1009178161621094E-02
    8   -0.2792968750000000E-02    0.7698440551757813E-03
    9   -0.8593750000000000E-03    0.8519744873046875E-03
   10   -0.1328125000000000E-02    0.1013793945312500E-02
   11   -0.2910156250000000E-02    0.1012306213378906E-02
   12   -0.4238281250000000E-02    0.9408950805664063E-03
   13   -0.2226562500000000E-02    0.8031463623046875E-03
   14    0.1875000000000000E-02    0.1012344360351562E-02
   15   -0.3007812500000000E-02    0.1126327514648437E-02
   16   -0.2441406250000000E-02    0.9708023071289063E-03
   17   -0.1953125000000000E-03    0.8898925781250000E-03
   18   -0.6855468750000000E-02    0.1093177795410156E-02
   19   -0.7812500000000000E-03    0.7463836669921875E-03
   20    0.1074218750000000E-02    0.7972335815429688E-03
   21   -0.2226562500000000E-02    0.9529113769531250E-03
   22    0.3906250000000000E-03    0.1123733520507812E-02
   23   -0.6171875000000000E-02    0.7400512695312500E-03
   24   -0.2421875000000000E-02    0.8890533447265625E-03
   25   -0.3320312500000000E-03    0.9668350219726562E-03
   26    0.4062500000000000E-02    0.9609985351562500E-03
   27    0.1855468750000000E-02    0.8063125610351563E-03
   28   -0.1738281250000000E-02    0.1069374084472656E-02
   29    0.6406250000000000E-02    0.1045227050781250E-02
   30    0.3125000000000000E-03    0.9709167480468750E-03
   31   -0.3320312500000000E-03    0.1060523986816406E-02
   32    0.9960937500000000E-03    0.9598159790039063E-03
   33    0.2304687500000000E-02    0.8516693115234375E-03
   34    0.9765625000000000E-03    0.9734344482421875E-03
   35    0.3261718750000000E-02    0.1117897033691406E-02
   36    0.4667968750000000E-02    0.1134071350097656E-02
   37    0.1113281250000000E-02    0.6945419311523437E-03
   38   -0.3574218750000000E-02    0.9177780151367188E-03
   39   -0.3085937500000000E-02    0.9100341796875000E-03
   40    0.2539062500000000E-02    0.1158752441406250E-02
   41    0.5527343750000000E-02    0.1464424133300781E-02
   42   -0.1269531250000000E-02    0.1079216003417969E-02
   43    0.1933593750000000E-02    0.9079360961914062E-03
   44   -0.8984375000000000E-03    0.1093292236328125E-02
   45    0.1738281250000000E-02    0.8635330200195313E-03
   46    0.3046875000000000E-02    0.9637451171874999E-03
   47   -0.1953125000000000E-04    0.9862899780273438E-03
   48    0.4472656250000000E-02    0.1058540344238281E-02
   49   -0.1542968750000000E-02    0.1079063415527344E-02
   50    0.3515625000000000E-03    0.8738708496093750E-03
   51    0.1171875000000000E-03    0.1141738891601563E-02
   52   -0.1953125000000000E-02    0.9764099121093750E-03
   53   -0.3320312500000000E-03    0.8433151245117187E-03
   54    0.3906250000000000E-02    0.1097640991210938E-02
   55   -0.8007812500000000E-03    0.7825088500976562E-03
   56   -0.8398437500000000E-03    0.1050605773925781E-02
   57   -0.7031250000000000E-03    0.1131057739257812E-02
   58    0.3984375000000000E-02    0.1094360351562500E-02
   59    0.1250000000000000E-02    0.7388305664062500E-03
   60    0.3613281250000000E-02    0.7503128051757812E-03
   61   -0.6445312500000000E-03    0.9455490112304688E-03
   62    0.1171875000000000E-02    0.8709716796875000E-03
   63    0.1953125000000000E-03    0.1068344116210938E-02
   64   -0.4882812500000000E-03    0.8931350708007812E-03
   65    0.2382812500000000E-02    0.9272766113281250E-03
   66   -0.4589843750000000E-02    0.8656692504882813E-03
   67   -0.3164062500000000E-02    0.1019973754882812E-02
   68   -0.5644531250000000E-02    0.9432601928710938E-03
   69   -0.1601562500000000E-02    0.8430480957031250E-03
   70   -0.1562500000000000E-02    0.1028289794921875E-02
   71   -0.1054687500000000E-02    0.1156082153320313E-02
   72   -0.1132812500000000E-02    0.1126785278320312E-02
   73   -0.1035156250000000E-02    0.1076316833496094E-02
   74    0.5585937500000000E-02    0.1125183105468750E-02
   75   -0.2070312500000000E-02    0.8121490478515625E-03
   76   -0.2851562500000000E-02    0.9249114990234375E-03
   77   -0.3613281250000000E-02    0.1044807434082031E-02
   78   -0.3417968750000000E-02    0.1064186096191406E-02
   79   -0.2539062500000000E-02    0.1021347045898438E-02
   80   -0.3378906250000000E-02    0.1070976257324219E-02
   81    0.3007812500000000E-02    0.1032638549804687E-02
   82    0.2597656250000000E-02    0.9669876098632813E-03
   83    0.2265625000000000E-02    0.1231307983398437E-02
   84    0.1953125000000000E-03    0.1125564575195313E-02
   85    0.2500000000000000E-02    0.7900238037109375E-03
   86    0.2636718750000000E-02    0.1252326965332031E-02
   87    0.4238281250000000E-02    0.7297134399414062E-03
   88   -0.2773437500000000E-02    0.1223983764648438E-02
   89   -0.2851562500000000E-02    0.8876800537109375E-03
   90   -0.1757812500000000E-03    0.1021919250488281E-02
   91   -0.3515625000000000E-03    0.9073638916015626E-03
   92   -0.2402343750000000E-02    0.8700942993164063E-03
   93   -0.8593750000000000E-03    0.9345245361328125E-03
   94    0.0000000000000000E+00    0.8740997314453124E-03
   95   -0.5468750000000001E-03    0.1037292480468750E-02
   96   -0.2265625000000000E-02    0.9300231933593750E-03
   97   -0.6054687500000000E-02    0.1006546020507813E-02
   98    0.3828125000000000E-02    0.9347534179687500E-03
   99   -0.1503906250000000E-02    0.8726119995117188E-03
  100    0.9570312500000000E-03    0.1067619323730469E-02
