# time =    0.4684
    0    0.1000000000000000E+01    0.1000000000000000E+01
    1    0.2528125000000000E+00    0.6469932556152344E-01
    2    0.7529296874999999E-01    0.6664009094238281E-02
    3    0.2271484375000000E-01    0.1425209045410156E-02
    4    0.8574218749999999E-02    0.1092262268066406E-02
    5    0.1406250000000000E-02    0.1082534790039062E-02
    6   -0.3710937500000000E-03    0.8253097534179687E-03
    7   -0.1562500000000000E-02    0.1094436645507812E-02
    8    0.3437500000000000E-02    0.8528137207031250E-03
    9    0.1953125000000000E-04    0.8045578002929687E-03
   10    0.5859375000000000E-03    0.9145355224609375E-03
   11    0.5000000000000000E-02    0.1321258544921875E-02
   12   -0.3007812500000000E-02    0.8937835693359375E-03
   13    0.9179687499999999E-03    0.8364486694335938E-03
   14    0.1718750000000000E-02    0.1059112548828125E-02
   15   -0.9179687499999999E-03    0.9699630737304688E-03
   16   -0.7226562500000000E-03    0.9650039672851562E-03
   17   -0.7519531250000000E-02    0.1016502380371094E-02
   18   -0.1855468750000000E-02    0.9053421020507813E-03
   19   -0.4726562500000000E-02    0.9879302978515626E-03
   20    0.2343750000000000E-02    0.9133148193359375E-03
   21   -0.2128906250000000E-02    0.7904434204101563E-03
   22    0.1562500000000000E-03    0.8406829833984375E-03
   23   -0.2636718750000000E-02    0.9619522094726562E-03
   24   -0.4062500000000000E-02    0.9972381591796876E-03
   25   -0.1308593750000000E-02    0.1002388000488281E-02
   26   -0.3964843750000000E-02    0.1179389953613281E-02
   27   -0.9765625000000001E-04    0.1112709045410156E-02
   28   -0.3125000000000000E-02    0.9777069091796875E-03
   29   -0.1464843750000000E-02    0.9416580200195312E-03
   30    0.9375000000000000E-03    0.9130096435546875E-03
   31   -0.3535156250000000E-02    0.9121322631835938E-03
   32    0.1464843750000000E-02    0.8266067504882812E-03
   33   -0.5839843750000000E-02    0.7765579223632812E-03
   34   -0.6113281250000000E-02    0.8547592163085937E-03
   35    0.0000000000000000E+00    0.8966064453125000E-03
   36   -0.4882812500000000E-03    0.1139564514160156E-02
   37   -0.1464843750000000E-02    0.9662246704101562E-03
   38   -0.1894531250000000E-02    0.7020187377929688E-03
   39   -0.5625000000000000E-02    0.1122817993164062E-02
   40   -0.4707031250000000E-02    0.1264991760253906E-02
   41   -0.6640625000000000E-03    0.9690093994140625E-03
   42    0.1855468750000000E-02    0.7410049438476562E-03
   43    0.2324218750000000E-02    0.1050300598144531E-02
   44    0.4843750000000000E-02    0.1097946166992187E-02
   45    0.6347656250000000E-02    0.1096458435058594E-02
   46   -0.5136718750000000E-02    0.1078453063964844E-02
   47   -0.1914062500000000E-02    0.1136322021484375E-02
   48    0.1757812500000000E-02    0.8403015136718750E-03
   49   -0.8203125000000000E-03    0.8388519287109375E-03
   50    0.7363281250000000E-02    0.8519363403320313E-03
   51   -0.2558593750000000E-02    0.6344985961914063E-03
   52   -0.3515625000000000E-03    0.1204452514648438E-02
   53    0.2382812500000000E-02    0.1074600219726562E-02
   54    0.1777343750000000E-02    0.7003402709960938E-03
   55   -0.2070312500000000E-02    0.9223937988281250E-03
   56   -0.3320312500000000E-03    0.9527969360351563E-03
   57    0.2343750000000000E-03    0.1182708740234375E-02
   58    0.6054687500000000E-02    0.1058120727539062E-02
   59    0.8398437500000000E-03    0.1180152893066406E-02
   60   -0.7812500000000000E-03    0.9552764892578125E-03
   61   -0.5273437500000000E-03    0.9972000122070313E-03
   62   -0.3710937500000000E-03    0.1033897399902344E-02
   63    0.4687500000000000E-03    0.1024475097656250E-02
   64   -0.1054687500000000E-02    0.1011352539062500E-02
   65    0.1152343750000000E-02    0.9393692016601562E-03
   66   -0.1855468750000000E-02    0.9099197387695313E-03
   67    0.2285156250000000E-02    0.8086776733398438E-03
   68    0.1152343750000000E-02    0.8552932739257813E-03
   69    0.4609375000000000E-02    0.1165618896484375E-02
   70   -0.1250000000000000E-02    0.8686828613281250E-03
   71   -0.2949218750000000E-02    0.9273910522460938E-03
   72   -0.1054687500000000E-02    0.1195297241210937E-02
   73   -0.3183593750000000E-02    0.1009101867675781E-02
   74    0.3906250000000000E-03    0.1205215454101562E-02
   75   -0.2734375000000000E-03    0.1042480468750000E-02
   76   -0.2226562500000000E-02    0.1049041748046875E-02
   77   -0.4277343750000000E-02    0.8560562133789062E-03
   78    0.1582031250000000E-02    0.8978652954101563E-03
   79    0.4062500000000000E-02    0.7781219482421875E-03
   80    0.2968750000000000E-02    0.7923889160156250E-03
   81   -0.2558593750000000E-02    0.9417343139648438E-03
   82    0.5078125000000000E-03    0.7928466796875000E-03
   83    0.6933593750000000E-02    0.1050682067871094E-02
   84   -0.2421875000000000E-02    0.1054916381835938E-02
   85    0.5898437500000000E-02    0.1171798706054688E-02
   86    0.1542968750000000E-02    0.9720230102539063E-03
   87   -0.8515625000000001E-02    0.9580993652343750E-03
   88    0.5078125000000000E-03    0.8591461181640625E-03
   89   -0.9375000000000000E-03    0.8484649658203125E-03
   90    0.5273437500000000E-03    0.8443069458007813E-03
   91   -0.2304687500000000E-02    0.1043624877929687E-02
   92   -0.2890625000000000E-02    0.8863830566406251E-03
   93   -0.4804687500000000E-02    0.9215545654296875E-03
   94   -0.3183593750000000E-02    0.6718826293945312E-03
   95    0.1484375000000000E-02    0.9404754638671875E-03
   96   -0.2773437500000000E-02    0.9741210937500001E-03
   97    0.1835937500000000E-02    0.9844970703124999E-03
   98    0.2441406250000000E-02    0.8661270141601563E-03
   99    0.2714843750000000E-02    0.1235847473144531E-02
  100   -0.1796875000000000E-02    0.1156082153320313E-02
