# time =    0.4761
    0    0.1000000000000000E+01    0.1000000000000000E+01
    1    0.1749414062500000E+00    0.3141124725341797E-01
    2    0.3914062500000000E-01    0.2672042846679688E-02
    3    0.6855468750000000E-02    0.9772872924804687E-03
    4   -0.2500000000000000E-02    0.8622741699218750E-03
    5   -0.1191406250000000E-02    0.1069908142089844E-02
    6   -0.1777343750000000E-02    0.1326637268066406E-02
    7    0.0000000000000000E+00    0.8277893066406250E-03
    8    0.3320312500000000E-03    0.1002159118652344E-02
    9    0.3105468750000000E-02    0.9608078002929688E-03
   10   -0.2343750000000000E-03    0.7328796386718750E-03
   11    0.1601562500000000E-02    0.7847595214843750E-03
   12   -0.4785156250000000E-02    0.1008644104003906E-02
   13    0.2871093750000000E-02    0.9459304809570312E-03
   14    0.1523437500000000E-02    0.8904266357421875E-03
   15   -0.2246093750000000E-02    0.8358383178710938E-03
   16    0.3300781250000000E-02    0.9371566772460937E-03
   17    0.5625000000000000E-02    0.9549713134765625E-03
   18    0.2343750000000000E-03    0.1264572143554688E-02
   19   -0.7031250000000000E-03    0.9627532958984375E-03
   20   -0.2714843750000000E-02    0.1117439270019531E-02
   21   -0.3222656250000000E-02    0.8427047729492187E-03
   22   -0.2167968750000000E-02    0.1240043640136719E-02
   23   -0.1523437500000000E-02    0.9875488281250000E-03
   24    0.3496093750000000E-02    0.8734512329101562E-03
   25    0.3710937500000000E-03    0.6676101684570312E-03
   26   -0.2500000000000000E-02    0.9549713134765625E-03
   27    0.2539062500000000E-03    0.1078453063964844E-02
   28    0.1757812500000000E-03    0.1054725646972656E-02
   29   -0.2382812500000000E-02    0.1031265258789062E-02
   30   -0.3515625000000000E-03    0.1087951660156250E-02
   31   -0.4687500000000000E-03    0.8388519287109375E-03
   32    0.9570312500000000E-03    0.1099433898925781E-02
   33   -0.4101562500000000E-02    0.1045532226562500E-02
   34   -0.5488281250000000E-02    0.1047935485839844E-02
   35   -0.8457031250000000E-02    0.1082115173339844E-02
   36   -0.2324218750000000E-02    0.8708572387695312E-03
   37   -0.3027343750000000E-02    0.1127662658691406E-02
   38   -0.3046875000000000E-02    0.9672546386718750E-03
   39   -0.3496093750000000E-02    0.9282302856445313E-03
   40    0.3515625000000000E-03    0.9735107421875000E-03
   41   -0.1621093750000000E-02    0.9811019897460937E-03
   42   -0.4296875000000000E-02    0.9796905517578125E-03
   43   -0.4355468750000000E-02    0.1103096008300781E-02
   44   -0.8789062500000000E-03    0.9418869018554687E-03
   45    0.9570312500000000E-03    0.8485031127929688E-03
   46   -0.7617187500000000E-03    0.7083511352539062E-03
   47   -0.4902343750000000E-02    0.7242202758789062E-03
   48    0.9199218750000000E-02    0.1245002746582031E-02
   49    0.4257812500000000E-02    0.1201934814453125E-02
   50   -0.1015625000000000E-02    0.9330749511718750E-03
   51   -0.5625000000000000E-02    0.1070938110351563E-02
   52   -0.9394531249999999E-02    0.1110191345214844E-02
   53   -0.4003906250000000E-02    0.8453750610351563E-03
   54    0.6835937500000000E-03    0.1161613464355469E-02
   55   -0.3593750000000000E-02    0.9691619873046875E-03
   56   -0.6542968750000000E-02    0.1159324645996094E-02
   57   -0.2910156250000000E-02    0.9502029418945313E-03
   58   -0.3750000000000000E-02    0.1099472045898438E-02
   59   -0.3300781250000000E-02    0.1222572326660156E-02
   60    0.2968750000000000E-02    0.9711456298828125E-03
   61    0.3730468750000000E-02    0.1016426086425781E-02
   62    0.4414062500000000E-02    0.9648895263671875E-03
   63    0.3027343750000000E-02    0.1232795715332031E-02
   64   -0.1601562500000000E-02    0.1006393432617187E-02
   65    0.2792968750000000E-02    0.1126899719238281E-02
   66   -0.2656250000000000E-02    0.8124542236328125E-03
   67    0.8886718750000000E-02    0.9822463989257813E-03
   68   -0.2089843750000000E-02    0.8468246459960938E-03
   69   -0.2656250000000000E-02    0.7812500000000000E-03
   70   -0.6445312500000000E-03    0.8625411987304688E-03
   71   -0.1347656250000000E-02    0.1034355163574219E-02
   72    0.5664062500000000E-03    0.9556198120117187E-03
   73   -0.3691406250000000E-02    0.1053047180175781E-02
   74   -0.3203125000000000E-02    0.9140777587890625E-03
   75    0.2949218750000000E-02    0.8125686645507812E-03
   76    0.7812500000000000E-04    0.8053588867187500E-03
   77    0.2460937500000000E-02    0.7864379882812500E-03
   78   -0.6640625000000000E-03    0.9792327880859375E-03
   79    0.1503906250000000E-02    0.1179389953613281E-02
   80   -0.7304687500000000E-02    0.1002120971679687E-02
   81    0.4101562500000000E-02    0.9420776367187500E-03
   82    0.5605468750000000E-02    0.8718490600585938E-03
   83    0.9375000000000000E-03    0.9628295898437500E-03
   84   -0.7324218750000000E-02    0.1019477844238281E-02
   85   -0.2675781250000000E-02    0.9966659545898437E-03
   86    0.5917968750000000E-02    0.8581161499023437E-03
   87    0.1777343750000000E-02    0.1126518249511719E-02
   88    0.3925781250000000E-02    0.8353042602539062E-03
   89    0.4218750000000000E-02    0.1016540527343750E-02
   90    0.4492187500000000E-03    0.8842086791992187E-03
   91    0.2753906250000000E-02    0.8254623413085937E-03
   92   -0.1484375000000000E-02    0.7723236083984375E-03
   93    0.1269531250000000E-02    0.7972335815429688E-03
   94   -0.4746093750000000E-02    0.1295890808105469E-02
   95   -0.1640625000000000E-02    0.1099700927734375E-02
   96   -0.2089843750000000E-02    0.9178543090820313E-03
   97    0.2734375000000000E-03    0.9452056884765625E-03
   98    0.1132812500000000E-02    0.1158447265625000E-02
   99   -0.5058593750000000E-02    0.1113395690917969E-02
  100    0.3046875000000000E-02    0.9473419189453125E-03
