# time =    0.4115
    0    0.1000000000000000E+01    0.1000000000000000E+01
    1    0.3893554687500000E+00    0.1523098373413086E+00
    2    0.2260937500000000E+00    0.5215644836425781E-01
    3    0.1665625000000000E+00    0.2870483398437500E-01
    4    0.1352343750000000E+00    0.1928489685058594E-01
    5    0.1175976562500000E+00    0.1489040374755859E-01
    6    0.1054687500000000E+00    0.1226371765136719E-01
    7    0.9787109375000000E-01    0.1057933807373047E-01
    8    0.9175781249999999E-01    0.9539642333984376E-02
    9    0.8580078125000000E-01    0.8462715148925781E-02
   10    0.7941406249999999E-01    0.7126388549804688E-02
   11    0.7886718750000000E-01    0.7289199829101562E-02
   12    0.7359375000000000E-01    0.6409606933593750E-02
   13    0.7216796875000001E-01    0.6103477478027344E-02
   14    0.6927734375000000E-01    0.5662040710449219E-02
   15    0.6728515625000001E-01    0.5422019958496093E-02
   16    0.6421875000000000E-01    0.5005111694335937E-02
   17    0.6310546875000000E-01    0.4878578186035157E-02
   18    0.6091796875000000E-01    0.4508705139160156E-02
   19    0.5816406250000000E-01    0.4217758178710938E-02
   20    0.5796875000000000E-01    0.4290390014648438E-02
   21    0.5839843750000000E-01    0.4348068237304687E-02
   22    0.5501953125000000E-01    0.3945884704589844E-02
   23    0.5447265625000000E-01    0.4011650085449219E-02
   24    0.5541015625000000E-01    0.4040870666503906E-02
   25    0.5416015625000000E-01    0.3999366760253907E-02
   26    0.5031250000000000E-01    0.3550720214843750E-02
   27    0.5193359375000000E-01    0.3595695495605469E-02
   28    0.4851562500000000E-01    0.3257446289062500E-02
   29    0.4736328125000000E-01    0.3138771057128906E-02
   30    0.4609375000000000E-01    0.2905960083007812E-02
   31    0.4644531250000000E-01    0.3040008544921875E-02
   32    0.4595703125000000E-01    0.2963523864746094E-02
   33    0.4222656250000000E-01    0.2530670166015625E-02
   34    0.4144531250000000E-01    0.2490310668945313E-02
   35    0.4339843750000000E-01    0.2569427490234375E-02
   36    0.4279296875000000E-01    0.2611885070800781E-02
   37    0.4308593750000000E-01    0.2746429443359375E-02
   38    0.4427734375000000E-01    0.2743263244628906E-02
   39    0.4320312500000000E-01    0.2655792236328125E-02
   40    0.4355468750000000E-01    0.2643966674804688E-02
   41    0.4218750000000000E-01    0.2563858032226563E-02
   42    0.4240234375000000E-01    0.2588920593261719E-02
   43    0.4154296875000000E-01    0.2457771301269531E-02
   44    0.4208984375000000E-01    0.2431526184082031E-02
   45    0.4324218750000000E-01    0.2647018432617187E-02
   46    0.4177734375000000E-01    0.2443656921386719E-02
   47    0.4191406250000000E-01    0.2600708007812500E-02
   48    0.4222656250000000E-01    0.2616271972656250E-02
   49    0.4107421875000000E-01    0.2507438659667969E-02
   50    0.4101562500000000E-01    0.2502670288085937E-02
   51    0.3929687500000000E-01    0.2341690063476563E-02
   52    0.4148437500000000E-01    0.2486190795898438E-02
   53    0.4062500000000000E-01    0.2463150024414063E-02
   54    0.4044921875000000E-01    0.2451057434082031E-02
   55    0.4152343750000000E-01    0.2515563964843750E-02
   56    0.4136718750000000E-01    0.2515182495117188E-02
   57    0.4156250000000000E-01    0.2589187622070313E-02
   58    0.3947265625000000E-01    0.2431068420410156E-02
   59    0.3865234375000000E-01    0.2468681335449219E-02
   60    0.3738281250000000E-01    0.2332763671875000E-02
   61    0.3595703125000000E-01    0.2269020080566406E-02
   62    0.3775390625000000E-01    0.2358665466308594E-02
   63    0.3533203125000000E-01    0.2015113830566406E-02
   64    0.3666015625000000E-01    0.2123527526855469E-02
   65    0.3623046875000000E-01    0.2079429626464844E-02
   66    0.3640625000000000E-01    0.2093582153320313E-02
   67    0.3566406250000000E-01    0.2093353271484375E-02
   68    0.3732421875000000E-01    0.2224464416503906E-02
   69    0.3675781250000000E-01    0.2291030883789063E-02
   70    0.3511718750000000E-01    0.2105407714843750E-02
   71    0.3361328125000000E-01    0.1951866149902344E-02
   72    0.3400390625000000E-01    0.2005805969238281E-02
   73    0.3054687500000000E-01    0.1928939819335938E-02
   74    0.3214843750000000E-01    0.1952743530273437E-02
   75    0.3320312500000000E-01    0.1968307495117188E-02
   76    0.3455078125000000E-01    0.1958045959472656E-02
   77    0.3482421875000000E-01    0.2051429748535156E-02
   78    0.3253906250000000E-01    0.1816024780273438E-02
   79    0.3345703125000000E-01    0.1781883239746094E-02
   80    0.3257812500000000E-01    0.1823196411132812E-02
   81    0.3150390625000000E-01    0.1754417419433594E-02
   82    0.3318359375000000E-01    0.1816139221191406E-02
   83    0.3246093750000000E-01    0.1710662841796875E-02
   84    0.3378906250000000E-01    0.1828308105468750E-02
   85    0.3335937500000000E-01    0.1824417114257812E-02
   86    0.3148437500000000E-01    0.1791534423828125E-02
   87    0.3183593750000000E-01    0.1779861450195312E-02
   88    0.3078125000000000E-01    0.1707763671875000E-02
   89    0.3035156250000000E-01    0.1670379638671875E-02
   90    0.3029296875000000E-01    0.1674842834472656E-02
   91    0.2939453125000000E-01    0.1617469787597656E-02
   92    0.2896484375000000E-01    0.1634178161621094E-02
   93    0.2876953125000000E-01    0.1694755554199219E-02
   94    0.2773437500000000E-01    0.1614990234375000E-02
   95    0.2917968750000000E-01    0.1745071411132812E-02
   96    0.2921875000000000E-01    0.1834716796875000E-02
   97    0.3039062500000000E-01    0.1837539672851562E-02
   98    0.3078125000000000E-01    0.1848602294921875E-02
   99    0.2783203125000000E-01    0.1711158752441406E-02
  100    0.2593750000000000E-01    0.1508178710937500E-02
