# time =    0.4630
    0    0.1000000000000000E+01    0.1000000000000000E+01
    1    0.2131054687500000E+00    0.4599323272705078E-01
    2    0.4708984375000000E-01    0.3347892761230469E-02
    3    0.1337890625000000E-01    0.1012687683105469E-02
    4   -0.8398437500000000E-03    0.1290473937988281E-02
    5    0.2910156250000000E-02    0.9664535522460937E-03
    6    0.3710937500000000E-03    0.9113693237304687E-03
    7   -0.3476562500000000E-02    0.1122131347656250E-02
    8   -0.2597656250000000E-02    0.8717727661132813E-03
    9   -0.4101562500000000E-03    0.7300186157226563E-03
   10   -0.3906250000000000E-03    0.1001281738281250E-02
   11   -0.1894531250000000E-02    0.7896804809570312E-03
   12   -0.6445312500000000E-03    0.1093788146972656E-02
   13   -0.4765625000000000E-02    0.9448242187500000E-03
   14   -0.2500000000000000E-02    0.1023483276367188E-02
   15   -0.3906250000000000E-03    0.9674835205078125E-03
   16    0.3886718750000000E-02    0.9955978393554688E-03
   17    0.2539062500000000E-03    0.9516525268554687E-03
   18   -0.8203125000000000E-03    0.9239959716796875E-03
   19   -0.1562500000000000E-03    0.9127807617187500E-03
   20   -0.3906250000000000E-03    0.9402465820312500E-03
   21    0.8593750000000000E-03    0.7357025146484376E-03
   22   -0.5859375000000000E-03    0.9231567382812500E-03
   23   -0.1367187500000000E-02    0.6343078613281250E-03
   24    0.1601562500000000E-02    0.1017990112304688E-02
   25    0.2011718750000000E-02    0.1070060729980469E-02
   26    0.7226562500000000E-02    0.8995819091796875E-03
   27    0.2695312500000000E-02    0.1032714843750000E-02
   28    0.3984375000000000E-02    0.1058273315429688E-02
   29    0.2343750000000000E-03    0.1076431274414063E-02
   30    0.4609375000000000E-02    0.8802032470703125E-03
   31   -0.5214843750000000E-02    0.9344100952148437E-03
   32   -0.3339843750000000E-02    0.1008567810058594E-02
   33   -0.3164062500000000E-02    0.8010101318359375E-03
   34   -0.5078125000000000E-03    0.7934570312500000E-03
   35   -0.5078125000000000E-03    0.1002120971679687E-02
   36    0.4980468750000000E-02    0.1031990051269531E-02
   37   -0.9765625000000001E-04    0.9943771362304688E-03
   38   -0.3964843750000000E-02    0.9382247924804687E-03
   39   -0.2656250000000000E-02    0.8562469482421875E-03
   40   -0.3691406250000000E-02    0.9661483764648438E-03
   41    0.3886718750000000E-02    0.9263229370117188E-03
   42   -0.1230468750000000E-02    0.7343673706054687E-03
   43   -0.5664062500000000E-03    0.1181449890136719E-02
   44   -0.5781250000000000E-02    0.1118927001953125E-02
   45    0.1875000000000000E-02    0.9416961669921876E-03
   46    0.2500000000000000E-02    0.8629608154296875E-03
   47    0.2128906250000000E-02    0.1115684509277344E-02
   48   -0.4296875000000000E-03    0.1253280639648438E-02
   49   -0.1210937500000000E-02    0.9893035888671874E-03
   50   -0.2636718750000000E-02    0.1109962463378906E-02
   51    0.2851562500000000E-02    0.7946014404296875E-03
   52    0.8261718750000001E-02    0.1204261779785156E-02
   53   -0.5214843750000000E-02    0.1016502380371094E-02
   54    0.3105468750000000E-02    0.1290092468261719E-02
   55   -0.1191406250000000E-02    0.9189224243164062E-03
   56    0.2421875000000000E-02    0.1008682250976563E-02
   57    0.5859375000000000E-03    0.9133911132812500E-03
   58   -0.1093750000000000E-02    0.9556579589843750E-03
   59    0.4101562500000000E-02    0.1030426025390625E-02
   60    0.2246093750000000E-02    0.1122169494628906E-02
   61   -0.2539062500000000E-02    0.8801269531250000E-03
   62   -0.1992187500000000E-02    0.7933807373046875E-03
   63    0.1679687500000000E-02    0.8057403564453125E-03
   64   -0.1933593750000000E-02    0.1008415222167969E-02
   65    0.2246093750000000E-02    0.9675979614257813E-03
   66    0.5273437500000000E-03    0.9527969360351563E-03
   67    0.1171875000000000E-02    0.1203689575195313E-02
   68   -0.7421875000000000E-03    0.1059112548828125E-02
   69   -0.1835937500000000E-02    0.8575439453125000E-03
   70    0.8339843749999999E-02    0.1293144226074219E-02
   71    0.1601562500000000E-02    0.8031463623046875E-03
   72   -0.5273437500000000E-03    0.9351730346679688E-03
   73   -0.5468750000000000E-02    0.1037826538085938E-02
   74   -0.4707031250000000E-02    0.8526229858398437E-03
   75   -0.4785156250000000E-02    0.9090805053710938E-03
   76    0.1875000000000000E-02    0.9716796875000000E-03
   77   -0.3144531250000000E-02    0.9176254272460938E-03
   78   -0.5468750000000001E-03    0.1093215942382812E-02
   79   -0.1386718750000000E-02    0.6472396850585937E-03
   80    0.4101562500000000E-03    0.8266830444335938E-03
   81   -0.3105468750000000E-02    0.1003532409667969E-02
   82    0.1093750000000000E-02    0.7562255859375000E-03
   83   -0.2304687500000000E-02    0.7425689697265625E-03
   84   -0.4570312500000000E-02    0.1038818359375000E-02
   85   -0.8144531250000000E-02    0.1221733093261719E-02
   86   -0.2519531250000000E-02    0.9068679809570312E-03
   87    0.1523437500000000E-02    0.8123016357421875E-03
   88    0.6640625000000000E-02    0.9065246582031249E-03
   89    0.2304687500000000E-02    0.1120223999023438E-02
   90    0.4804687500000000E-02    0.8193206787109375E-03
   91    0.1425781250000000E-02    0.9556961059570313E-03
   92   -0.3222656250000000E-02    0.8090591430664063E-03
   93    0.4296875000000000E-03    0.9278106689453125E-03
   94   -0.1113281250000000E-02    0.9987258911132813E-03
   95    0.3027343750000000E-02    0.8344650268554688E-03
   96    0.7031250000000000E-03    0.9551239013671875E-03
   97    0.6289062500000000E-02    0.1063308715820313E-02
   98    0.2578125000000000E-02    0.9027862548828125E-03
   99    0.8417968749999999E-02    0.9323501586914062E-03
  100    0.1152343750000000E-02    0.7832717895507813E-03
