# time =    0.4664
    0    0.1000000000000000E+01    0.1000000000000000E+01
    1    0.2077343750000000E+00    0.4379043579101562E-01
    2    0.4978515625000000E-01    0.3594093322753906E-02
    3    0.1361328125000000E-01    0.1162071228027344E-02
    4    0.4687500000000000E-02    0.9178924560546875E-03
    5    0.7675781250000000E-02    0.1070671081542969E-02
    6    0.6054687500000000E-03    0.8353805541992188E-03
    7   -0.7617187500000000E-03    0.1038093566894531E-02
    8   -0.5664062500000000E-03    0.1275520324707031E-02
    9   -0.6054687500000000E-03    0.6518173217773438E-03
   10    0.4882812500000000E-02    0.1066589355468750E-02
   11   -0.3652343750000000E-02    0.1165275573730469E-02
   12   -0.3808593750000000E-02    0.1254997253417969E-02
   13    0.2890625000000000E-02    0.1113891601562500E-02
   14   -0.2343750000000000E-03    0.1030578613281250E-02
   15   -0.1503906250000000E-02    0.1134452819824219E-02
   16   -0.2148437500000000E-03    0.7562637329101562E-03
   17    0.5722656250000000E-02    0.1041984558105469E-02
   18    0.3144531250000000E-02    0.9955978393554688E-03
   19    0.2011718750000000E-02    0.8440780639648438E-03
   20    0.6562500000000000E-02    0.1177749633789063E-02
   21    0.8203125000000000E-03    0.9870147705078125E-03
   22   -0.1367187500000000E-03    0.8824539184570313E-03
   23   -0.1582031250000000E-02    0.8822250366210938E-03
   24    0.2812500000000000E-02    0.7707214355468750E-03
   25    0.2636718750000000E-02    0.6981277465820312E-03
   26    0.1425781250000000E-02    0.1035728454589844E-02
   27   -0.8203125000000000E-03    0.9218597412109375E-03
   28    0.5859375000000000E-04    0.1018257141113281E-02
   29    0.1132812500000000E-02    0.1144638061523438E-02
   30   -0.1054687500000000E-02    0.8177185058593751E-03
   31   -0.2128906250000000E-02    0.8022689819335938E-03
   32   -0.2949218750000000E-02    0.9274673461914062E-03
   33   -0.3242187500000000E-02    0.8007049560546875E-03
   34   -0.3085937500000000E-02    0.8258056640625000E-03
   35   -0.1386718750000000E-02    0.8764266967773438E-03
   36    0.1367187500000000E-03    0.8579635620117187E-03
   37   -0.3535156250000000E-02    0.9679031372070312E-03
   38    0.7812500000000000E-03    0.9308624267578125E-03
   39   -0.9570312500000000E-03    0.9828567504882812E-03
   40    0.7812500000000000E-04    0.9729003906250000E-03
   41   -0.1621093750000000E-02    0.8064651489257812E-03
   42    0.4433593750000000E-02    0.9415054321289063E-03
   43    0.1992187500000000E-02    0.9072113037109375E-03
   44    0.3906250000000000E-03    0.9098815917968750E-03
   45    0.2890625000000000E-02    0.1217041015625000E-02
   46   -0.3828125000000000E-02    0.1186752319335938E-02
   47   -0.1445312500000000E-02    0.6753540039062500E-03
   48    0.1601562500000000E-02    0.9571075439453125E-03
   49    0.2207031250000000E-02    0.1028404235839844E-02
   50    0.0000000000000000E+00    0.1155471801757812E-02
   51   -0.2128906250000000E-02    0.9907150268554687E-03
   52   -0.3027343750000000E-02    0.8562850952148437E-03
   53   -0.1757812500000000E-03    0.1031684875488281E-02
   54   -0.2929687500000000E-03    0.9669113159179687E-03
   55   -0.3105468750000000E-02    0.6910324096679688E-03
   56   -0.3125000000000000E-03    0.8110046386718750E-03
   57   -0.3183593750000000E-02    0.9117507934570312E-03
   58   -0.7539062500000000E-02    0.7865142822265625E-03
   59   -0.1953125000000000E-02    0.8264160156249999E-03
   60    0.1171875000000000E-02    0.8324432373046875E-03
   61   -0.7812500000000000E-04    0.9731292724609375E-03
   62   -0.7617187500000000E-03    0.1050071716308594E-02
   63   -0.3769531250000000E-02    0.9374618530273438E-03
   64    0.4882812500000000E-03    0.1009788513183594E-02
   65   -0.2421875000000000E-02    0.1323471069335937E-02
   66   -0.1406250000000000E-02    0.1212463378906250E-02
   67   -0.4824218750000000E-02    0.9067153930664062E-03
   68    0.5683593750000000E-02    0.1054420471191406E-02
   69    0.5761718750000000E-02    0.8347702026367188E-03
   70    0.2929687500000000E-03    0.9837722778320312E-03
   71   -0.4472656250000000E-02    0.8481216430664063E-03
   72    0.1679687500000000E-02    0.9721374511718750E-03
   73   -0.1582031250000000E-02    0.9312057495117188E-03
   74   -0.4921875000000000E-02    0.1077575683593750E-02
   75   -0.8203125000000000E-03    0.8093261718750000E-03
   76    0.3964843750000000E-02    0.8916854858398438E-03
   77    0.1718750000000000E-02    0.9646606445312500E-03
   78    0.1503906250000000E-02    0.9617233276367188E-03
   79   -0.4296875000000000E-03    0.9763336181640625E-03
   80   -0.3359375000000000E-02    0.9815979003906250E-03
   81   -0.9375000000000000E-03    0.9582519531250000E-03
   82   -0.8984375000000000E-03    0.9973144531250000E-03
   83   -0.2285156250000000E-02    0.9071731567382813E-03
   84    0.7812500000000000E-04    0.1083068847656250E-02
   85    0.3964843750000000E-02    0.9248733520507812E-03
   86    0.4765625000000000E-02    0.9853363037109375E-03
   87   -0.9960937500000000E-03    0.8639144897460937E-03
   88   -0.2500000000000000E-02    0.1011886596679687E-02
   89   -0.4414062500000000E-02    0.9213256835937500E-03
   90   -0.4023437500000000E-02    0.8683013916015625E-03
   91    0.1718750000000000E-02    0.9321594238281251E-03
   92    0.2011718750000000E-02    0.9179306030273437E-03
   93    0.7617187500000000E-03    0.8469009399414062E-03
   94    0.9570312500000000E-03    0.9469985961914062E-03
   95   -0.2792968750000000E-02    0.8135604858398438E-03
   96    0.1953125000000000E-03    0.9864044189453124E-03
   97   -0.1914062500000000E-02    0.9814453124999999E-03
   98    0.7597656250000000E-02    0.9664535522460937E-03
   99   -0.1484375000000000E-02    0.8985137939453125E-03
  100   -0.1445312500000000E-02    0.8172607421875000E-03
