# time =    0.4581
    0    0.1000000000000000E+01    0.1000000000000000E+01
    1    0.2641601562500000E+00    0.7066730499267578E-01
    2    0.7474609375000001E-01    0.6690177917480469E-02
    3    0.2261718750000000E-01    0.1516036987304688E-02
    4    0.7578125000000000E-02    0.1114273071289063E-02
    5    0.2304687500000000E-02    0.1156234741210938E-02
    6   -0.1816406250000000E-02    0.9534072875976563E-03
    7    0.1074218750000000E-02    0.7551193237304687E-03
    8   -0.3945312500000000E-02    0.9794616699218750E-03
    9   -0.3437500000000000E-02    0.9938812255859376E-03
   10    0.3144531250000000E-02    0.9679031372070312E-03
   11    0.4687500000000000E-03    0.9278106689453125E-03
   12    0.2031250000000000E-02    0.1089630126953125E-02
   13    0.2988281250000000E-02    0.9986495971679688E-03
   14   -0.2753906250000000E-02    0.1071128845214844E-02
   15    0.3300781250000000E-02    0.8956527709960937E-03
   16    0.3535156250000000E-02    0.1132011413574219E-02
   17    0.1289062500000000E-02    0.1231460571289062E-02
   18    0.1562500000000000E-02    0.8999633789062500E-03
   19    0.9179687499999999E-03    0.8890151977539063E-03
   20    0.1523437500000000E-02    0.8655548095703125E-03
   21   -0.1699218750000000E-02    0.1041831970214844E-02
   22   -0.1718750000000000E-02    0.8176422119140625E-03
   23    0.9960937500000000E-03    0.9289932250976563E-03
   24   -0.1035156250000000E-02    0.8842849731445313E-03
   25    0.2070312500000000E-02    0.8545684814453125E-03
   26    0.1406250000000000E-02    0.1038818359375000E-02
   27    0.3515625000000000E-03    0.6446075439453125E-03
   28    0.3906250000000000E-03    0.8641815185546875E-03
   29   -0.2500000000000000E-02    0.9641265869140625E-03
   30   -0.3125000000000000E-03    0.1060791015625000E-02
   31    0.5859375000000000E-04    0.1056098937988281E-02
   32   -0.4589843750000000E-02    0.7902908325195312E-03
   33    0.1093750000000000E-02    0.9803009033203126E-03
   34   -0.7226562500000000E-03    0.9958267211914063E-03
   35    0.9765625000000000E-03    0.7348632812499999E-03
   36   -0.2519531250000000E-02    0.1002006530761719E-02
   37    0.2968750000000000E-02    0.9835052490234375E-03
   38    0.3183593750000000E-02    0.1084327697753906E-02
   39    0.2382812500000000E-02    0.9333038330078125E-03
   40    0.1718750000000000E-02    0.1120376586914062E-02
   41   -0.6250000000000000E-03    0.1025314331054687E-02
   42    0.3417968750000000E-02    0.9709548950195313E-03
   43    0.8105468750000001E-02    0.1179542541503906E-02
   44    0.7519531250000000E-02    0.1218147277832031E-02
   45   -0.8984375000000000E-03    0.9346771240234375E-03
   46    0.2382812500000000E-02    0.9581756591796875E-03
   47    0.1464843750000000E-02    0.8482742309570313E-03
   48    0.2773437500000000E-02    0.8358764648437500E-03
   49   -0.5488281250000000E-02    0.1119728088378906E-02
   50    0.5234375000000000E-02    0.1129074096679688E-02
   51    0.4121093750000000E-02    0.1250953674316406E-02
   52    0.8984375000000000E-03    0.1038208007812500E-02
   53    0.8398437500000000E-03    0.1118049621582031E-02
   54   -0.2734375000000000E-03    0.1087417602539063E-02
   55   -0.2500000000000000E-02    0.1077728271484375E-02
   56   -0.3437500000000000E-02    0.8418273925781250E-03
   57   -0.3027343750000000E-02    0.1019630432128906E-02
   58   -0.7285156250000000E-02    0.1168708801269531E-02
   59   -0.6796875000000000E-02    0.1120910644531250E-02
   60    0.2597656250000000E-02    0.9517288208007813E-03
   61    0.1640625000000000E-02    0.9391021728515625E-03
   62   -0.3925781250000000E-02    0.1091957092285156E-02
   63   -0.1621093750000000E-02    0.8122634887695313E-03
   64    0.4218750000000000E-02    0.8920288085937500E-03
   65   -0.1816406250000000E-02    0.1121559143066406E-02
   66   -0.4140625000000000E-02    0.1172332763671875E-02
   67    0.1054687500000000E-02    0.8515167236328125E-03
   68    0.7714843750000000E-02    0.1070442199707031E-02
   69    0.3046875000000000E-02    0.9898376464843751E-03
   70   -0.3007812500000000E-02    0.9690093994140625E-03
   71   -0.3027343750000000E-02    0.1089363098144531E-02
   72   -0.1660156250000000E-02    0.9321212768554687E-03
   73    0.2148437500000000E-03    0.1063194274902344E-02
   74    0.5859375000000000E-04    0.1067390441894531E-02
   75    0.9179687500000000E-02    0.1085891723632813E-02
   76    0.4101562500000000E-02    0.1067810058593750E-02
   77    0.4667968750000000E-02    0.9220504760742188E-03
   78   -0.3808593750000000E-02    0.1128730773925781E-02
   79   -0.2734375000000000E-03    0.1094665527343750E-02
   80   -0.1816406250000000E-02    0.8510971069335938E-03
   81    0.1914062500000000E-02    0.9648132324218750E-03
   82    0.7812500000000000E-04    0.8934783935546875E-03
   83    0.4492187500000000E-02    0.1166763305664063E-02
   84    0.2226562500000000E-02    0.8156585693359375E-03
   85    0.1210937500000000E-02    0.8890533447265625E-03
   86   -0.3125000000000000E-02    0.9719085693359375E-03
   87   -0.2792968750000000E-02    0.8412551879882813E-03
   88   -0.1660156250000000E-02    0.1177940368652344E-02
   89    0.1679687500000000E-02    0.1340179443359375E-02
   90    0.3808593750000000E-02    0.8398818969726562E-03
   91    0.3515625000000000E-03    0.1234436035156250E-02
   92    0.7441406250000000E-02    0.1085777282714844E-02
   93   -0.4257812500000000E-02    0.1392898559570312E-02
   94   -0.1464843750000000E-02    0.9451675415039063E-03
   95   -0.1074218750000000E-02    0.7915115356445313E-03
   96    0.5117187500000000E-02    0.1018218994140625E-02
   97    0.2539062500000000E-03    0.8523941040039062E-03
   98    0.8398437500000000E-03    0.9262466430664063E-03
   99   -0.1503906250000000E-02    0.1023979187011719E-02
  100   -0.3359375000000000E-02    0.1011199951171875E-02
