# time =    0.4539
    0    0.1000000000000000E+01    0.1000000000000000E+01
    1    0.2686132812500000E+00    0.7297092437744140E-01
    2    0.7732421875000001E-01    0.6752281188964844E-02
    3    0.2492187500000000E-01    0.1707077026367188E-02
    4    0.1478515625000000E-01    0.9925460815429687E-03
    5    0.5722656250000000E-02    0.8995437622070313E-03
    6    0.3925781250000000E-02    0.1031303405761719E-02
    7    0.2558593750000000E-02    0.9157943725585937E-03
    8   -0.8007812500000000E-03    0.9329605102539062E-03
    9   -0.8007812500000000E-03    0.9872055053710938E-03
   10    0.2148437500000000E-02    0.9375762939453125E-03
   11    0.1210937500000000E-02    0.9860229492187501E-03
   12    0.5859375000000000E-02    0.1008605957031250E-02
   13    0.2675781250000000E-02    0.1016960144042969E-02
   14    0.1171875000000000E-03    0.8467864990234375E-03
   15    0.6875000000000000E-02    0.1087493896484375E-02
   16    0.2246093750000000E-02    0.1078834533691406E-02
   17   -0.1757812500000000E-03    0.7509231567382812E-03
   18    0.3320312500000000E-02    0.9243774414062500E-03
   19    0.6835937500000000E-03    0.7927322387695313E-03
   20    0.5273437500000000E-03    0.9211349487304687E-03
   21    0.2714843750000000E-02    0.1145896911621094E-02
   22   -0.1621093750000000E-02    0.9646224975585938E-03
   23   -0.5468750000000001E-03    0.9548187255859375E-03
   24   -0.2695312500000000E-02    0.8110809326171875E-03
   25   -0.6347656250000000E-02    0.1093482971191406E-02
   26   -0.4453125000000000E-02    0.8703613281250000E-03
   27   -0.3710937500000000E-02    0.1068420410156250E-02
   28    0.3261718750000000E-02    0.9482192993164062E-03
   29    0.2460937500000000E-02    0.9776306152343749E-03
   30    0.3144531250000000E-02    0.8212661743164062E-03
   31    0.2050781250000000E-02    0.7543563842773438E-03
   32    0.4667968750000000E-02    0.8844375610351562E-03
   33    0.1972656250000000E-02    0.9519577026367188E-03
   34   -0.2167968750000000E-02    0.1086311340332031E-02
   35   -0.3027343750000000E-02    0.6579971313476563E-03
   36    0.6835937500000000E-03    0.7983779907226562E-03
   37   -0.3906250000000000E-02    0.9296417236328125E-03
   38    0.3906250000000000E-03    0.7788848876953125E-03
   39   -0.1777343750000000E-02    0.9824752807617188E-03
   40    0.3046875000000000E-02    0.9777069091796875E-03
   41    0.1191406250000000E-02    0.1037330627441406E-02
   42   -0.2089843750000000E-02    0.9562301635742187E-03
   43   -0.5253906250000000E-02    0.1126976013183594E-02
   44   -0.5878906250000000E-02    0.1327018737792969E-02
   45   -0.4687500000000000E-03    0.1202316284179688E-02
   46   -0.3847656250000000E-02    0.9434890747070313E-03
   47   -0.2480468750000000E-02    0.9653854370117187E-03
   48    0.8789062500000000E-03    0.9775924682617187E-03
   49    0.3906250000000000E-04    0.6909179687500000E-03
   50   -0.9765625000000000E-03    0.8425140380859376E-03
   51    0.3222656250000000E-02    0.1305961608886719E-02
   52    0.1367187500000000E-03    0.1102333068847656E-02
   53    0.6054687500000000E-03    0.8410263061523437E-03
   54    0.2402343750000000E-02    0.1148033142089844E-02
   55    0.2050781250000000E-02    0.1016960144042969E-02
   56   -0.3164062500000000E-02    0.8993530273437500E-03
   57    0.3730468750000000E-02    0.9981155395507812E-03
   58    0.5468750000000001E-03    0.9938049316406249E-03
   59   -0.8398437500000000E-03    0.8655166625976562E-03
   60    0.1386718750000000E-02    0.8613204956054687E-03
   61    0.3574218750000000E-02    0.1105384826660156E-02
   62    0.6406250000000000E-02    0.9883117675781249E-03
   63    0.5078125000000000E-03    0.8230590820312500E-03
   64   -0.9570312500000000E-03    0.1062583923339844E-02
   65   -0.1445312500000000E-02    0.1139373779296875E-02
   66   -0.4765625000000000E-02    0.1140060424804688E-02
   67    0.3906250000000000E-03    0.9983062744140625E-03
   68    0.8203125000000000E-03    0.1181945800781250E-02
   69   -0.3320312500000000E-02    0.9654998779296875E-03
   70    0.2324218750000000E-02    0.9707260131835937E-03
   71   -0.1132812500000000E-02    0.9397888183593751E-03
   72    0.5859375000000000E-03    0.1072235107421875E-02
   73    0.4863281250000000E-02    0.1124458312988281E-02
   74    0.6601562500000000E-02    0.8808898925781250E-03
   75    0.1484375000000000E-02    0.1039276123046875E-02
   76   -0.4179687500000000E-02    0.1135864257812500E-02
   77   -0.7617187500000000E-03    0.1085319519042969E-02
   78    0.8593750000000000E-03    0.1030960083007812E-02
   79    0.9765625000000001E-04    0.9560775756835937E-03
   80   -0.2246093750000000E-02    0.9901046752929688E-03
   81    0.1347656250000000E-02    0.8623886108398437E-03
   82    0.4882812500000000E-03    0.9504318237304688E-03
   83   -0.5078125000000000E-02    0.1311264038085938E-02
   84    0.4921875000000000E-02    0.1101226806640625E-02
   85    0.1875000000000000E-02    0.1267852783203125E-02
   86    0.1347656250000000E-02    0.9920883178710937E-03
   87   -0.8007812500000000E-03    0.9655380249023438E-03
   88   -0.2929687500000000E-02    0.9407043457031250E-03
   89   -0.3789062500000000E-02    0.1076507568359375E-02
   90    0.4492187500000000E-02    0.7424926757812499E-03
   91   -0.5273437500000000E-03    0.9775161743164062E-03
   92    0.8007812500000000E-03    0.1208610534667969E-02
   93   -0.3066406250000000E-02    0.9685897827148437E-03
   94   -0.2187500000000000E-02    0.9358978271484375E-03
   95   -0.5937500000000000E-02    0.1025238037109375E-02
   96   -0.3398437500000000E-02    0.8385467529296875E-03
   97   -0.8593750000000000E-03    0.8373260498046875E-03
   98   -0.1621093750000000E-02    0.1002464294433594E-02
   99   -0.4355468750000000E-02    0.9981155395507812E-03
  100    0.1582031250000000E-02    0.9629440307617188E-03
