# time =    0.4635
    0    0.1000000000000000E+01    0.1000000000000000E+01
    1    0.2589257812500000E+00    0.6783695220947265E-01
    2    0.7150390625000000E-01    0.6115226745605469E-02
    3    0.1705078125000000E-01    0.1454811096191406E-02
    4    0.1542968750000000E-02    0.8057785034179687E-03
    5    0.6250000000000000E-03    0.9896087646484376E-03
    6   -0.5195312500000000E-02    0.1343154907226563E-02
    7   -0.2402343750000000E-02    0.1172218322753906E-02
    8    0.1992187500000000E-02    0.1081314086914062E-02
    9    0.3457031250000000E-02    0.1039695739746094E-02
   10    0.1003906250000000E-01    0.1302871704101563E-02
   11    0.3515625000000000E-03    0.9924316406250001E-03
   12   -0.1894531250000000E-02    0.8682632446289063E-03
   13   -0.6191406250000000E-02    0.1028556823730469E-02
   14   -0.1972656250000000E-02    0.9320449829101563E-03
   15   -0.3554687500000000E-02    0.7945251464843750E-03
   16    0.2695312500000000E-02    0.8910369873046875E-03
   17    0.9765625000000000E-03    0.5680847167968750E-03
   18    0.5957031250000000E-02    0.1000404357910156E-02
   19    0.9570312500000000E-03    0.8132553100585937E-03
   20    0.3242187500000000E-02    0.7794189453125000E-03
   21    0.1699218750000000E-02    0.9917068481445314E-03
   22    0.1425781250000000E-02    0.1084327697753906E-02
   23    0.5078125000000000E-03    0.7098388671875000E-03
   24    0.1992187500000000E-02    0.1192092895507812E-02
   25    0.6621093750000000E-02    0.1025657653808594E-02
   26    0.1503906250000000E-02    0.1152381896972656E-02
   27    0.9570312500000000E-03    0.1005439758300781E-02
   28   -0.5468750000000000E-02    0.1203231811523438E-02
   29    0.8984375000000000E-03    0.1120605468750000E-02
   30   -0.1191406250000000E-02    0.1031913757324219E-02
   31    0.2207031250000000E-02    0.8615493774414062E-03
   32    0.1347656250000000E-02    0.6667709350585937E-03
   33    0.2285156250000000E-02    0.8036422729492187E-03
   34    0.3164062500000000E-02    0.1115722656250000E-02
   35    0.1953125000000000E-03    0.1033020019531250E-02
   36    0.7031250000000000E-03    0.1049346923828125E-02
   37    0.4531250000000000E-02    0.1110000610351563E-02
   38   -0.9570312500000000E-03    0.1125373840332031E-02
   39    0.4765625000000000E-02    0.8572387695312500E-03
   40    0.2226562500000000E-02    0.1211547851562500E-02
   41    0.1894531250000000E-02    0.9193801879882812E-03
   42   -0.6523437500000000E-02    0.1097335815429688E-02
   43   -0.3925781250000000E-02    0.9663009643554688E-03
   44   -0.6171875000000000E-02    0.7756042480468750E-03
   45   -0.2480468750000000E-02    0.8672714233398437E-03
   46   -0.1503906250000000E-02    0.5893325805664063E-03
   47   -0.1308593750000000E-02    0.8959579467773438E-03
   48    0.5878906250000000E-02    0.9671401977539063E-03
   49   -0.1250000000000000E-02    0.1191787719726563E-02
   50   -0.1464843750000000E-02    0.1139030456542969E-02
   51   -0.1328125000000000E-02    0.1169052124023437E-02
   52   -0.2617187500000000E-02    0.9391784667968750E-03
   53   -0.1933593750000000E-02    0.1068077087402344E-02
   54    0.5468750000000001E-03    0.9722900390625000E-03
   55   -0.5273437500000000E-03    0.9595108032226563E-03
   56   -0.9179687499999999E-03    0.1120185852050781E-02
   57    0.3554687500000000E-02    0.8886718750000000E-03
   58    0.4335937500000000E-02    0.8969879150390624E-03
   59    0.2851562500000000E-02    0.8921813964843750E-03
   60   -0.2226562500000000E-02    0.9392547607421875E-03
   61   -0.2343750000000000E-03    0.1115798950195312E-02
   62   -0.1210937500000000E-02    0.1127090454101562E-02
   63   -0.6445312500000000E-02    0.1097412109375000E-02
   64    0.1464843750000000E-02    0.1094474792480469E-02
   65    0.5859375000000000E-04    0.1037559509277344E-02
   66    0.1367187500000000E-03    0.9357070922851562E-03
   67   -0.3339843750000000E-02    0.9242630004882812E-03
   68    0.6640625000000000E-03    0.1213302612304688E-02
   69    0.1855468750000000E-02    0.9144210815429688E-03
   70   -0.1523437500000000E-02    0.1170501708984375E-02
   71    0.2949218750000000E-02    0.8809280395507813E-03
   72   -0.2402343750000000E-02    0.7502365112304687E-03
   73    0.7421875000000000E-03    0.1026611328125000E-02
   74   -0.2832031250000000E-02    0.9160995483398438E-03
   75   -0.2675781250000000E-02    0.1186256408691406E-02
   76   -0.2402343750000000E-02    0.9875106811523438E-03
   77   -0.1015625000000000E-02    0.1009597778320313E-02
   78   -0.5410156250000000E-02    0.8914566040039062E-03
   79   -0.4492187500000000E-03    0.8430099487304688E-03
   80    0.2988281250000000E-02    0.1066246032714844E-02
   81    0.2011718750000000E-02    0.1209144592285156E-02
   82   -0.2265625000000000E-02    0.8681488037109375E-03
   83    0.8593750000000000E-03    0.1072692871093750E-02
   84    0.4492187500000000E-03    0.9250259399414063E-03
   85    0.3906250000000000E-03    0.8821105957031250E-03
   86   -0.1660156250000000E-02    0.9375381469726563E-03
   87    0.2929687500000000E-02    0.8730316162109376E-03
   88    0.2343750000000000E-03    0.1182785034179688E-02
   89    0.1425781250000000E-02    0.7628250122070312E-03
   90    0.2109375000000000E-02    0.1062622070312500E-02
   91   -0.1953125000000000E-03    0.7850646972656250E-03
   92   -0.2949218750000000E-02    0.6900405883789062E-03
   93   -0.1757812500000000E-03    0.1072654724121094E-02
   94    0.1074218750000000E-02    0.1076164245605469E-02
   95    0.1191406250000000E-02    0.9574508666992188E-03
   96    0.1542968750000000E-02    0.9569168090820312E-03
   97   -0.5761718750000000E-02    0.9064865112304687E-03
   98   -0.1406250000000000E-02    0.1069488525390625E-02
   99   -0.8007812500000000E-03    0.1276054382324219E-02
  100    0.5566406250000000E-02    0.1154441833496094E-02
