# time =    0.4613
    0    0.1000000000000000E+01    0.1000000000000000E+01
    1    0.2035742187500000E+00    0.4212429046630859E-01
    2    0.4812500000000000E-01    0.3269958496093750E-02
    3    0.1355468750000000E-01    0.1326065063476563E-02
    4   -0.2636718750000000E-02    0.9541702270507812E-03
    5   -0.3222656250000000E-02    0.7930374145507812E-03
    6    0.4140625000000000E-02    0.1073303222656250E-02
    7    0.8789062500000000E-03    0.9186172485351563E-03
    8    0.6250000000000000E-03    0.1090164184570312E-02
    9   -0.1835937500000000E-02    0.8293151855468750E-03
   10   -0.2734375000000000E-03    0.9104156494140625E-03
   11    0.1386718750000000E-02    0.9764480590820312E-03
   12   -0.3808593750000000E-02    0.8765792846679687E-03
   13    0.1992187500000000E-02    0.1114273071289063E-02
   14    0.5429687500000000E-02    0.8226013183593749E-03
   15   -0.2421875000000000E-02    0.8026123046875000E-03
   16    0.1699218750000000E-02    0.8944320678710937E-03
   17   -0.3964843750000000E-02    0.1035118103027344E-02
   18   -0.2480468750000000E-02    0.1053276062011719E-02
   19    0.2089843750000000E-02    0.1021995544433594E-02
   20    0.3906250000000000E-02    0.9881591796875001E-03
   21    0.3515625000000000E-03    0.8990478515625000E-03
   22   -0.2539062500000000E-02    0.1031570434570313E-02
   23   -0.2792968750000000E-02    0.8974838256835938E-03
   24    0.5351562500000000E-02    0.1010742187500000E-02
   25    0.3242187500000000E-02    0.9173583984375000E-03
   26   -0.1210937500000000E-02    0.1029739379882812E-02
   27   -0.1542968750000000E-02    0.9579086303710938E-03
   28    0.1523437500000000E-02    0.1059188842773438E-02
   29    0.6835937500000000E-03    0.1239967346191406E-02
   30    0.1093750000000000E-02    0.9862518310546876E-03
   31    0.2558593750000000E-02    0.7947921752929687E-03
   32   -0.2226562500000000E-02    0.1157455444335938E-02
   33    0.2109375000000000E-02    0.1056442260742187E-02
   34    0.6406250000000000E-02    0.9806823730468749E-03
   35    0.6191406250000000E-02    0.1060676574707031E-02
   36   -0.1308593750000000E-02    0.9569931030273438E-03
   37    0.6445312500000000E-03    0.8673477172851563E-03
   38    0.2402343750000000E-02    0.8116531372070313E-03
   39    0.1386718750000000E-02    0.8579635620117187E-03
   40    0.3886718750000000E-02    0.9903335571289063E-03
   41    0.6640625000000000E-03    0.9219360351562500E-03
   42    0.3730468750000000E-02    0.9235000610351563E-03
   43   -0.1386718750000000E-02    0.1207923889160156E-02
   44    0.3984375000000000E-02    0.9201049804687500E-03
   45   -0.1250000000000000E-02    0.9947967529296874E-03
   46    0.1464843750000000E-02    0.1002998352050781E-02
   47   -0.3398437500000000E-02    0.7875061035156250E-03
   48   -0.1562500000000000E-03    0.8091735839843750E-03
   49    0.5664062500000000E-03    0.9853744506835938E-03
   50    0.3964843750000000E-02    0.7589340209960937E-03
   51   -0.7421875000000000E-03    0.9101867675781250E-03
   52    0.3066406250000000E-02    0.7129287719726562E-03
   53    0.6152343750000000E-02    0.1182670593261719E-02
   54   -0.1269531250000000E-02    0.1059226989746094E-02
   55   -0.1894531250000000E-02    0.8271408081054688E-03
   56   -0.1523437500000000E-02    0.8522796630859375E-03
   57   -0.3066406250000000E-02    0.1167716979980469E-02
   58   -0.3574218750000000E-02    0.9708023071289063E-03
   59   -0.3906250000000000E-03    0.9679412841796875E-03
   60   -0.1269531250000000E-02    0.1045799255371094E-02
   61   -0.1484375000000000E-02    0.1142501831054688E-02
   62   -0.1894531250000000E-02    0.1170845031738281E-02
   63   -0.3261718750000000E-02    0.9675979614257813E-03
   64   -0.2382812500000000E-02    0.8805084228515625E-03
   65   -0.2656250000000000E-02    0.8309173583984375E-03
   66    0.5019531250000000E-02    0.1072273254394531E-02
   67   -0.3652343750000000E-02    0.1389427185058594E-02
   68   -0.4121093750000000E-02    0.9289169311523437E-03
   69   -0.6464843750000000E-02    0.9870529174804688E-03
   70   -0.1503906250000000E-02    0.1011772155761719E-02
   71    0.3925781250000000E-02    0.9254074096679688E-03
   72    0.3886718750000000E-02    0.8514022827148437E-03
   73    0.2597656250000000E-02    0.8375930786132812E-03
   74    0.3183593750000000E-02    0.9050369262695312E-03
   75    0.3554687500000000E-02    0.1220703125000000E-02
   76   -0.4570312500000000E-02    0.6557464599609375E-03
   77    0.1367187500000000E-03    0.7828140258789063E-03
   78    0.3730468750000000E-02    0.1145439147949219E-02
   79    0.2226562500000000E-02    0.1060791015625000E-02
   80    0.5078125000000000E-03    0.8629608154296875E-03
   81    0.3144531250000000E-02    0.9428024291992188E-03
   82   -0.1660156250000000E-02    0.8489608764648438E-03
   83    0.7812500000000000E-03    0.8852386474609375E-03
   84    0.9003906250000001E-02    0.1145133972167969E-02
   85    0.5078125000000000E-02    0.8275604248046875E-03
   86    0.4140625000000000E-02    0.8506774902343750E-03
   87   -0.1933593750000000E-02    0.1021766662597656E-02
   88   -0.1718750000000000E-02    0.8577728271484376E-03
   89   -0.1582031250000000E-02    0.8348464965820312E-03
   90   -0.2246093750000000E-02    0.7801437377929687E-03
   91   -0.2343750000000000E-03    0.1041488647460937E-02
   92    0.3964843750000000E-02    0.9390640258789062E-03
   93    0.3574218750000000E-02    0.7963943481445313E-03
   94   -0.3398437500000000E-02    0.1033554077148437E-02
   95   -0.5488281250000000E-02    0.1042747497558594E-02
   96    0.4609375000000000E-02    0.8911895751953125E-03
   97   -0.1484375000000000E-02    0.8738708496093750E-03
   98   -0.4199218750000000E-02    0.1136894226074219E-02
   99   -0.5488281250000000E-02    0.9285354614257812E-03
  100    0.3847656250000000E-02    0.1052970886230469E-02
