# time =    0.4303
    0    0.1000000000000000E+01    0.1000000000000000E+01
    1    0.3544531250000000E+00    0.1263011169433594E+00
    2    0.1447070312500000E+00    0.2186443328857422E-01
    3    0.6845703124999999E-01    0.5467109680175782E-02
    4    0.3214843750000000E-01    0.2005386352539063E-02
    5    0.1640625000000000E-01    0.1105194091796875E-02
    6    0.6660156250000000E-02    0.1230201721191406E-02
    7    0.2812500000000000E-02    0.1135177612304687E-02
    8    0.3027343750000000E-02    0.9420394897460937E-03
    9    0.4492187500000000E-03    0.9669113159179687E-03
   10   -0.1503906250000000E-02    0.1063346862792969E-02
   11    0.2871093750000000E-02    0.9903335571289063E-03
   12    0.2343750000000000E-03    0.8567047119140625E-03
   13   -0.2011718750000000E-02    0.8033370971679688E-03
   14   -0.2343750000000000E-03    0.9926605224609376E-03
   15   -0.1171875000000000E-02    0.8462524414062500E-03
   16   -0.3007812500000000E-02    0.9468078613281250E-03
   17    0.3144531250000000E-02    0.1019172668457031E-02
   18    0.2402343750000000E-02    0.9621810913085937E-03
   19   -0.2246093750000000E-02    0.7637405395507813E-03
   20   -0.4042968750000000E-02    0.1078071594238281E-02
   21   -0.3105468750000000E-02    0.9112930297851562E-03
   22    0.8789062500000000E-03    0.1225166320800781E-02
   23    0.3125000000000000E-02    0.1081314086914062E-02
   24   -0.3027343750000000E-02    0.1224250793457031E-02
   25    0.2441406250000000E-02    0.9996414184570313E-03
   26    0.4179687500000000E-02    0.9374237060546875E-03
   27   -0.1796875000000000E-02    0.1111221313476563E-02
   28   -0.2382812500000000E-02    0.8976745605468750E-03
   29    0.1562500000000000E-02    0.8659362792968750E-03
   30   -0.2304687500000000E-02    0.7994842529296875E-03
   31   -0.2246093750000000E-02    0.9087753295898437E-03
   32    0.3027343750000000E-02    0.1067085266113281E-02
   33    0.9082031250000001E-02    0.1032981872558594E-02
   34    0.6269531250000000E-02    0.9782791137695312E-03
   35    0.3769531250000000E-02    0.8427810668945313E-03
   36    0.2070312500000000E-02    0.1017379760742187E-02
   37   -0.5996093750000000E-02    0.9962844848632813E-03
   38   -0.4375000000000000E-02    0.1018066406250000E-02
   39   -0.1484375000000000E-02    0.1060943603515625E-02
   40   -0.1367187500000000E-03    0.1107139587402344E-02
   41    0.2148437500000000E-02    0.1050643920898438E-02
   42    0.2656250000000000E-02    0.7301330566406250E-03
   43    0.2695312500000000E-02    0.1037216186523437E-02
   44   -0.3535156250000000E-02    0.9816360473632812E-03
   45    0.4296875000000000E-02    0.9201049804687500E-03
   46    0.6250000000000000E-03    0.8470916748046875E-03
   47   -0.4023437500000000E-02    0.8838653564453125E-03
   48   -0.1484375000000000E-02    0.8094024658203125E-03
   49   -0.5527343750000000E-02    0.1118812561035156E-02
   50   -0.2382812500000000E-02    0.1069183349609375E-02
   51   -0.3613281250000000E-02    0.8417892456054687E-03
   52   -0.5292968750000000E-02    0.8665847778320312E-03
   53    0.4101562500000000E-03    0.8527755737304688E-03
   54    0.1484375000000000E-02    0.1117401123046875E-02
   55   -0.1562500000000000E-02    0.1159973144531250E-02
   56   -0.9570312500000000E-03    0.7626724243164063E-03
   57   -0.8593750000000000E-03    0.7416534423828125E-03
   58    0.1171875000000000E-03    0.8458709716796875E-03
   59    0.2734375000000000E-03    0.1048812866210937E-02
   60    0.1230468750000000E-02    0.9012985229492188E-03
   61    0.1230468750000000E-02    0.9938430786132811E-03
   62   -0.2480468750000000E-02    0.8573532104492188E-03
   63    0.4941406250000000E-02    0.1234931945800781E-02
   64   -0.5078125000000000E-03    0.9683990478515626E-03
   65   -0.4101562500000000E-03    0.1000785827636719E-02
   66   -0.1621093750000000E-02    0.9682083129882813E-03
   67   -0.1406250000000000E-02    0.1080169677734375E-02
   68   -0.2636718750000000E-02    0.9102249145507813E-03
   69   -0.2656250000000000E-02    0.9990692138671874E-03
   70   -0.8847656250000000E-02    0.1254844665527344E-02
   71   -0.5839843750000000E-02    0.8088302612304688E-03
   72   -0.7031250000000000E-03    0.1039199829101563E-02
   73   -0.3535156250000000E-02    0.1049995422363281E-02
   74   -0.5917968750000000E-02    0.1161308288574219E-02
   75   -0.1503906250000000E-02    0.8294296264648438E-03
   76    0.1308593750000000E-02    0.9569931030273438E-03
   77    0.7226562500000000E-03    0.7793807983398438E-03
   78    0.6191406250000000E-02    0.9799575805664062E-03
   79    0.1250000000000000E-02    0.9687042236328125E-03
   80    0.1367187500000000E-02    0.9352874755859375E-03
   81    0.3457031250000000E-02    0.8918380737304687E-03
   82    0.6835937500000000E-03    0.9913253784179688E-03
   83    0.7617187500000000E-03    0.1244850158691406E-02
   84    0.1406250000000000E-02    0.7467651367187500E-03
   85   -0.3027343750000000E-02    0.9656906127929688E-03
   86    0.2792968750000000E-02    0.1098136901855469E-02
   87    0.3066406250000000E-02    0.1088142395019531E-02
   88    0.2929687500000000E-03    0.9593582153320313E-03
   89    0.2343750000000000E-03    0.9690093994140625E-03
   90    0.7675781250000000E-02    0.1192054748535156E-02
   91    0.4179687500000000E-02    0.1175918579101562E-02
   92   -0.3046875000000000E-02    0.1154022216796875E-02
   93    0.2812500000000000E-02    0.1007614135742187E-02
   94    0.7031250000000000E-03    0.9255218505859375E-03
   95    0.1269531250000000E-02    0.8165359497070313E-03
   96   -0.1757812500000000E-03    0.8800888061523438E-03
   97   -0.7031250000000000E-03    0.1018371582031250E-02
   98   -0.2558593750000000E-02    0.1100654602050781E-02
   99   -0.1738281250000000E-02    0.9858322143554688E-03
  100    0.1894531250000000E-02    0.1042518615722656E-02
