# time =    0.4762
    0    0.1000000000000000E+01    0.1000000000000000E+01
    1    0.2262890625000000E+00    0.5197616577148437E-01
    2    0.5875000000000000E-01    0.4338455200195312E-02
    3    0.1429687500000000E-01    0.1090469360351563E-02
    4    0.1166015625000000E-01    0.9235000610351563E-03
    5    0.1035156250000000E-01    0.1043472290039063E-02
    6    0.2343750000000000E-02    0.8434295654296875E-03
    7   -0.8398437500000000E-03    0.9916305541992187E-03
    8    0.5351562500000000E-02    0.1045150756835938E-02
    9    0.8984375000000000E-03    0.1152572631835937E-02
   10    0.7812500000000000E-03    0.1014328002929687E-02
   11   -0.1484375000000000E-02    0.1059799194335937E-02
   12   -0.2421875000000000E-02    0.8758544921875000E-03
   13    0.1250000000000000E-02    0.9828948974609376E-03
   14   -0.7363281250000000E-02    0.1228904724121094E-02
   15   -0.8789062500000000E-03    0.9936141967773439E-03
   16   -0.1289062500000000E-02    0.9280395507812500E-03
   17   -0.2050781250000000E-02    0.1028404235839844E-02
   18   -0.1484375000000000E-02    0.8059692382812500E-03
   19   -0.9765625000000001E-04    0.8832931518554688E-03
   20   -0.3066406250000000E-02    0.8784866333007812E-03
   21   -0.2890625000000000E-02    0.9149169921875000E-03
   22   -0.2011718750000000E-02    0.8922195434570312E-03
   23    0.2187500000000000E-02    0.1168975830078125E-02
   24    0.3710937500000000E-03    0.9552383422851562E-03
   25   -0.1621093750000000E-02    0.1095008850097656E-02
   26    0.1757812500000000E-03    0.7680892944335937E-03
   27    0.2382812500000000E-02    0.8894348144531250E-03
   28    0.4980468750000000E-02    0.1049537658691406E-02
   29   -0.3515625000000000E-03    0.9150695800781250E-03
   30   -0.7812500000000000E-04    0.1022262573242188E-02
   31    0.1914062500000000E-02    0.6217956542968750E-03
   32    0.3417968750000000E-02    0.9448623657226562E-03
   33   -0.6054687500000000E-03    0.9293746948242187E-03
   34   -0.1210937500000000E-02    0.9619140625000000E-03
   35   -0.8593750000000000E-03    0.9490966796875000E-03
   36    0.1347656250000000E-02    0.1161384582519531E-02
   37   -0.1523437500000000E-02    0.9369659423828125E-03
   38   -0.5039062500000000E-02    0.1040573120117187E-02
   39   -0.2050781250000000E-02    0.7455062866210938E-03
   40   -0.4394531250000000E-02    0.9829330444335938E-03
   41   -0.5546875000000000E-02    0.1035308837890625E-02
   42   -0.5273437500000000E-03    0.9790420532226562E-03
   43   -0.4296875000000000E-03    0.8051300048828125E-03
   44   -0.2382812500000000E-02    0.7843017578125000E-03
   45    0.4101562500000000E-03    0.9991073608398438E-03
   46    0.2480468750000000E-02    0.8763504028320312E-03
   47    0.5273437500000000E-03    0.9865188598632813E-03
   48   -0.1210937500000000E-02    0.1126785278320312E-02
   49    0.6445312500000000E-03    0.1146583557128906E-02
   50   -0.4433593750000000E-02    0.7810592651367188E-03
   51    0.1425781250000000E-02    0.9595870971679688E-03
   52    0.1425781250000000E-02    0.6480026245117188E-03
   53   -0.3671875000000000E-02    0.9891510009765625E-03
   54    0.4882812500000000E-03    0.8371353149414062E-03
   55    0.8007812500000000E-03    0.9437179565429687E-03
   56   -0.3593750000000000E-02    0.8075714111328125E-03
   57    0.2558593750000000E-02    0.8097457885742188E-03
   58    0.1289062500000000E-02    0.1349868774414063E-02
   59    0.8593750000000000E-03    0.1071624755859375E-02
   60    0.1816406250000000E-02    0.1015586853027344E-02
   61    0.7812500000000000E-03    0.9718322753906250E-03
   62    0.2167968750000000E-02    0.8987045288085938E-03
   63   -0.8593750000000000E-03    0.9780120849609375E-03
   64    0.8046875000000000E-02    0.9044647216796875E-03
   65    0.4667968750000000E-02    0.1216697692871094E-02
   66    0.5996093750000000E-02    0.9915542602539063E-03
   67   -0.1269531250000000E-02    0.8510971069335938E-03
   68    0.9570312500000000E-03    0.9898757934570313E-03
   69   -0.4492187500000000E-03    0.9064102172851563E-03
   70    0.2558593750000000E-02    0.1365013122558594E-02
   71   -0.1113281250000000E-02    0.1322288513183594E-02
   72   -0.5253906250000000E-02    0.8752822875976562E-03
   73    0.3281250000000000E-02    0.1236038208007812E-02
   74    0.4296875000000000E-02    0.8480072021484375E-03
   75    0.3496093750000000E-02    0.8761215209960937E-03
   76    0.3125000000000000E-03    0.9365081787109375E-03
   77   -0.2343750000000000E-02    0.7599639892578125E-03
   78   -0.5351562500000000E-02    0.1085281372070312E-02
   79   -0.3476562500000000E-02    0.7009887695312500E-03
   80   -0.1660156250000000E-02    0.7385635375976563E-03
   81   -0.4531250000000000E-02    0.9496307373046875E-03
   82    0.6269531250000000E-02    0.8404159545898438E-03
   83   -0.2539062500000000E-02    0.9307098388671875E-03
   84   -0.3632812500000000E-02    0.1086044311523437E-02
   85   -0.3027343750000000E-02    0.1083793640136719E-02
   86   -0.1484375000000000E-02    0.8909606933593750E-03
   87   -0.5898437500000000E-02    0.9226989746093750E-03
   88   -0.1289062500000000E-02    0.1016998291015625E-02
   89    0.3105468750000000E-02    0.1077613830566406E-02
   90    0.3769531250000000E-02    0.8668899536132812E-03
   91   -0.2070312500000000E-02    0.9272766113281250E-03
   92   -0.1835937500000000E-02    0.8811187744140625E-03
   93   -0.9179687499999999E-03    0.8491134643554688E-03
   94   -0.2031250000000000E-02    0.1010742187500000E-02
   95    0.1992187500000000E-02    0.7769775390625000E-03
   96    0.2734375000000000E-03    0.1114654541015625E-02
   97    0.8984375000000000E-03    0.8400726318359375E-03
   98   -0.4863281250000000E-02    0.1001548767089844E-02
   99   -0.2500000000000000E-02    0.1179885864257813E-02
  100   -0.7812500000000000E-04    0.1071624755859375E-02
