# time =    0.4649
    0    0.1000000000000000E+01    0.1000000000000000E+01
    1    0.2469140625000000E+00    0.6171791076660156E-01
    2    0.7136718750000000E-01    0.6112060546875000E-02
    3    0.2333984375000000E-01    0.1554756164550781E-02
    4    0.5781250000000000E-02    0.1195678710937500E-02
    5    0.3554687500000000E-02    0.9738159179687500E-03
    6   -0.1132812500000000E-02    0.1196441650390625E-02
    7    0.2636718750000000E-02    0.9421920776367188E-03
    8   -0.2226562500000000E-02    0.7708740234375000E-03
    9   -0.1777343750000000E-02    0.8281326293945313E-03
   10    0.7617187500000000E-03    0.9075546264648437E-03
   11   -0.2285156250000000E-02    0.8103561401367188E-03
   12   -0.3710937500000000E-03    0.9151077270507812E-03
   13   -0.3164062500000000E-02    0.8875274658203125E-03
   14   -0.2578125000000000E-02    0.1011886596679687E-02
   15    0.4726562500000000E-02    0.9549713134765625E-03
   16    0.3828125000000000E-02    0.9483337402343750E-03
   17   -0.2031250000000000E-02    0.9024810791015625E-03
   18    0.7617187500000000E-03    0.6991958618164062E-03
   19    0.3515625000000000E-03    0.8210754394531250E-03
   20    0.1210937500000000E-02    0.9523010253906249E-03
   21    0.3320312500000000E-03    0.1019020080566406E-02
   22   -0.3691406250000000E-02    0.9623336791992188E-03
   23    0.1289062500000000E-02    0.9609222412109375E-03
   24   -0.6015625000000000E-02    0.8296203613281250E-03
   25   -0.3515625000000000E-03    0.1066131591796875E-02
   26   -0.1757812500000000E-03    0.8221054077148437E-03
   27    0.6484375000000000E-02    0.9841918945312500E-03
   28   -0.2890625000000000E-02    0.1047134399414062E-02
   29   -0.3125000000000000E-03    0.9801483154296875E-03
   30   -0.1601562500000000E-02    0.8667755126953125E-03
   31   -0.6835937500000000E-03    0.1113166809082031E-02
   32    0.1875000000000000E-02    0.1159133911132813E-02
   33   -0.1425781250000000E-02    0.8861160278320312E-03
   34   -0.5039062500000000E-02    0.9926605224609376E-03
   35   -0.3281250000000000E-02    0.9406280517578125E-03
   36    0.2734375000000000E-03    0.9307098388671875E-03
   37   -0.6250000000000000E-03    0.8900451660156250E-03
   38    0.2773437500000000E-02    0.1035079956054687E-02
   39   -0.9960937500000000E-03    0.9764480590820312E-03
   40    0.5664062500000000E-03    0.1013221740722656E-02
   41    0.3281250000000000E-02    0.9984588623046875E-03
   42    0.6250000000000000E-03    0.1090469360351563E-02
   43   -0.1171875000000000E-03    0.7523345947265625E-03
   44    0.1367187500000000E-02    0.8979797363281250E-03
   45    0.1035156250000000E-02    0.1005821228027344E-02
   46   -0.4550781250000000E-02    0.1043434143066406E-02
   47    0.3144531250000000E-02    0.9373855590820312E-03
   48    0.1523437500000000E-02    0.9261322021484375E-03
   49    0.1894531250000000E-02    0.9373092651367188E-03
   50    0.2441406250000000E-02    0.1093711853027344E-02
   51    0.5664062500000000E-02    0.9342193603515625E-03
   52    0.7851562499999999E-02    0.1065597534179687E-02
   53    0.4980468750000000E-02    0.8665847778320312E-03
   54    0.1074218750000000E-02    0.9180068969726563E-03
   55    0.1347656250000000E-02    0.7872390747070313E-03
   56    0.8593750000000000E-03    0.1149444580078125E-02
   57   -0.2109375000000000E-02    0.1150817871093750E-02
   58    0.8984375000000000E-03    0.1298522949218750E-02
   59    0.8398437500000000E-03    0.1043510437011719E-02
   60    0.1093750000000000E-02    0.9073638916015626E-03
   61    0.1132812500000000E-02    0.6873321533203125E-03
   62   -0.1953125000000000E-02    0.9635925292968750E-03
   63    0.2929687500000000E-03    0.1050682067871094E-02
   64   -0.6210937500000000E-02    0.9379577636718750E-03
   65   -0.3164062500000000E-02    0.1225738525390625E-02
   66   -0.1542968750000000E-02    0.1164970397949219E-02
   67   -0.4160156250000000E-02    0.1075630187988281E-02
   68   -0.2949218750000000E-02    0.9344100952148437E-03
   69    0.3261718750000000E-02    0.1024742126464844E-02
   70    0.4296875000000000E-02    0.1203613281250000E-02
   71    0.4882812500000000E-03    0.1045646667480469E-02
   72   -0.3925781250000000E-02    0.1152000427246094E-02
   73   -0.2382812500000000E-02    0.1101837158203125E-02
   74    0.3515625000000000E-02    0.1143493652343750E-02
   75   -0.9570312500000000E-03    0.7086563110351563E-03
   76    0.6250000000000000E-03    0.7853698730468750E-03
   77   -0.3183593750000000E-02    0.9951400756835938E-03
   78   -0.3359375000000000E-02    0.7953643798828125E-03
   79   -0.3906250000000000E-02    0.9461975097656250E-03
   80   -0.1093750000000000E-02    0.1254196166992187E-02
   81    0.1210937500000000E-02    0.1186447143554687E-02
   82    0.1953125000000000E-03    0.1131515502929688E-02
   83    0.2480468750000000E-02    0.1151771545410156E-02
   84    0.2050781250000000E-02    0.8563613891601563E-03
   85    0.1269531250000000E-02    0.9863662719726562E-03
   86    0.3906250000000000E-03    0.1126708984375000E-02
   87   -0.1347656250000000E-02    0.1014060974121094E-02
   88    0.2949218750000000E-02    0.9643173217773437E-03
   89    0.1738281250000000E-02    0.1115989685058594E-02
   90    0.1230468750000000E-02    0.1001472473144531E-02
   91   -0.1425781250000000E-02    0.7020187377929688E-03
   92    0.8398437500000000E-03    0.7014846801757812E-03
   93   -0.4101562500000000E-03    0.8945846557617187E-03
   94   -0.6835937500000000E-03    0.7760238647460938E-03
   95    0.5234375000000000E-02    0.9995269775390624E-03
   96   -0.5039062500000000E-02    0.1107788085937500E-02
   97    0.3691406250000000E-02    0.1026115417480469E-02
   98    0.1660156250000000E-02    0.9132766723632812E-03
   99   -0.6503906250000000E-02    0.1081123352050781E-02
  100   -0.2167968750000000E-02    0.8187484741210937E-03
