# time =    0.4284
    0    0.1000000000000000E+01    0.1000000000000000E+01
    1    0.3887500000000000E+00    0.1517362213134766E+00
    2    0.1948046875000000E+00    0.3887718200683594E-01
    3    0.1200195312500000E+00    0.1552089691162109E-01
    4    0.7806640625000000E-01    0.7169227600097656E-02
    5    0.6613281250000000E-01    0.5446701049804687E-02
    6    0.5353515625000000E-01    0.3859672546386719E-02
    7    0.4382812500000000E-01    0.3148803710937500E-02
    8    0.3646484375000000E-01    0.2394828796386719E-02
    9    0.2574218750000000E-01    0.1594543457031250E-02
   10    0.1986328125000000E-01    0.1439552307128906E-02
   11    0.1699218750000000E-01    0.1273498535156250E-02
   12    0.1685546875000000E-01    0.1570625305175781E-02
   13    0.1986328125000000E-01    0.1432380676269531E-02
   14    0.1542968750000000E-01    0.1307525634765625E-02
   15    0.1085937500000000E-01    0.1055068969726562E-02
   16    0.9921875000000000E-02    0.1077957153320312E-02
   17    0.8964843750000000E-02    0.1034202575683594E-02
   18    0.8164062499999999E-02    0.8161926269531250E-03
   19    0.1279296875000000E-01    0.1253471374511719E-02
   20    0.1054687500000000E-01    0.1087493896484375E-02
   21    0.6972656250000000E-02    0.9713363647460937E-03
   22    0.8125000000000000E-02    0.8970642089843750E-03
   23    0.7734375000000000E-02    0.9961700439453124E-03
   24    0.8027343750000001E-02    0.9192276000976562E-03
   25    0.4707031250000000E-02    0.1034660339355469E-02
   26    0.3085937500000000E-02    0.8499145507812500E-03
   27    0.2148437500000000E-02    0.9365844726562500E-03
   28    0.1406250000000000E-02    0.1028594970703125E-02
   29    0.4335937500000000E-02    0.1052780151367188E-02
   30    0.4101562500000000E-03    0.9206008911132813E-03
   31    0.1269531250000000E-02    0.9247970581054688E-03
   32    0.3066406250000000E-02    0.1037178039550781E-02
   33    0.4101562500000000E-02    0.9547424316406250E-03
   34    0.2050781250000000E-02    0.1055793762207031E-02
   35    0.1367187500000000E-03    0.1012458801269531E-02
   36    0.1054687500000000E-02    0.1145553588867188E-02
   37    0.3183593750000000E-02    0.1034812927246094E-02
   38   -0.2480468750000000E-02    0.1298332214355469E-02
   39   -0.3222656250000000E-02    0.1010475158691406E-02
   40   -0.1191406250000000E-02    0.1000480651855469E-02
   41    0.1289062500000000E-02    0.1090927124023438E-02
   42   -0.2265625000000000E-02    0.1041259765625000E-02
   43   -0.8398437500000000E-03    0.9476089477539062E-03
   44    0.2910156250000000E-02    0.7361221313476562E-03
   45    0.3007812500000000E-02    0.7659912109375000E-03
   46    0.3906250000000000E-03    0.8743286132812500E-03
   47    0.2285156250000000E-02    0.8086013793945312E-03
   48    0.4101562500000000E-02    0.8384704589843750E-03
   49   -0.2734375000000000E-02    0.1031723022460937E-02
   50   -0.4355468750000000E-02    0.1124000549316406E-02
   51   -0.3828125000000000E-02    0.9714508056640625E-03
   52   -0.1718750000000000E-02    0.1134033203125000E-02
   53   -0.2812500000000000E-02    0.9889221191406250E-03
   54   -0.1347656250000000E-02    0.6669998168945312E-03
   55    0.1171875000000000E-03    0.9854888916015624E-03
   56   -0.3515625000000000E-03    0.8769989013671875E-03
   57   -0.2832031250000000E-02    0.9840774536132814E-03
   58   -0.5078125000000000E-02    0.9810638427734375E-03
   59   -0.5371093750000000E-02    0.1066322326660156E-02
   60   -0.2402343750000000E-02    0.8761978149414062E-03
   61    0.1953125000000000E-03    0.1031875610351562E-02
   62    0.2890625000000000E-02    0.1063613891601562E-02
   63   -0.1621093750000000E-02    0.1086845397949219E-02
   64   -0.2109375000000000E-02    0.1036758422851562E-02
   65   -0.1269531250000000E-02    0.1032981872558594E-02
   66    0.4218750000000000E-02    0.9631347656250000E-03
   67    0.7050781250000000E-02    0.1175880432128906E-02
   68    0.5273437500000000E-03    0.8392715454101562E-03
   69    0.1347656250000000E-02    0.1012382507324219E-02
   70    0.3417968750000000E-02    0.9294509887695313E-03
   71    0.3203125000000000E-02    0.7520294189453124E-03
   72    0.7050781250000000E-02    0.6881332397460937E-03
   73    0.4414062500000000E-02    0.8322906494140625E-03
   74    0.1679687500000000E-02    0.7684326171875000E-03
   75    0.4882812500000000E-02    0.1089630126953125E-02
   76    0.2636718750000000E-02    0.7380294799804687E-03
   77    0.5820312500000000E-02    0.9009552001953125E-03
   78    0.7558593750000000E-02    0.1008491516113281E-02
   79    0.6542968750000000E-02    0.9862899780273438E-03
   80    0.2949218750000000E-02    0.1100196838378906E-02
   81    0.6328125000000000E-02    0.1236114501953125E-02
   82    0.7695312500000000E-02    0.1095809936523437E-02
   83    0.4218750000000000E-02    0.9008789062500000E-03
   84    0.3808593750000000E-02    0.8282852172851562E-03
   85    0.4316406250000000E-02    0.9594345092773437E-03
   86    0.1503906250000000E-02    0.1049766540527344E-02
   87    0.6640625000000000E-03    0.9986114501953124E-03
   88    0.1093750000000000E-02    0.8535766601562500E-03
   89    0.1542968750000000E-02    0.8910751342773438E-03
   90    0.1953125000000000E-04    0.7713699340820313E-03
   91    0.3203125000000000E-02    0.8249664306640625E-03
   92   -0.2460937500000000E-02    0.8785247802734375E-03
   93   -0.2031250000000000E-02    0.9295654296875000E-03
   94    0.3125000000000000E-03    0.7801818847656250E-03
   95   -0.1679687500000000E-02    0.8472442626953125E-03
   96   -0.1132812500000000E-02    0.9007263183593750E-03
   97   -0.1171875000000000E-02    0.1289901733398437E-02
   98    0.4687500000000000E-03    0.1028823852539062E-02
   99   -0.1464843750000000E-02    0.9374618530273438E-03
  100   -0.8593750000000000E-03    0.1055831909179687E-02
