# time =    0.4628
    0    0.1000000000000000E+01    0.1000000000000000E+01
    1    0.1961718750000000E+00    0.3930000305175781E-01
    2    0.4496093750000000E-01    0.3023605346679688E-02
    3    0.1259765625000000E-01    0.9966659545898437E-03
    4   -0.7812500000000000E-03    0.1030273437500000E-02
    5    0.4550781250000000E-02    0.7024002075195312E-03
    6    0.5527343750000000E-02    0.9957504272460936E-03
    7   -0.3515625000000000E-03    0.8282470703125000E-03
    8    0.2363281250000000E-02    0.8931350708007812E-03
    9    0.3105468750000000E-02    0.9466171264648438E-03
   10    0.2851562500000000E-02    0.1058425903320312E-02
   11   -0.6894531250000000E-02    0.8361434936523437E-03
   12   -0.1562500000000000E-03    0.6948089599609374E-03
   13    0.3593750000000000E-02    0.9045410156250000E-03
   14    0.4726562500000000E-02    0.9351348876953124E-03
   15    0.2949218750000000E-02    0.1021003723144531E-02
   16   -0.4101562500000000E-03    0.1252098083496094E-02
   17    0.4199218750000000E-02    0.9157180786132813E-03
   18    0.5859375000000000E-04    0.9101486206054688E-03
   19    0.1113281250000000E-02    0.1324806213378906E-02
   20    0.1601562500000000E-02    0.1077499389648437E-02
   21   -0.3183593750000000E-02    0.1010475158691406E-02
   22    0.3867187500000000E-02    0.9613800048828125E-03
   23   -0.5019531250000000E-02    0.7397842407226563E-03
   24    0.1718750000000000E-02    0.1013031005859375E-02
   25   -0.2929687500000000E-03    0.8216476440429687E-03
   26   -0.1015625000000000E-02    0.1101455688476563E-02
   27    0.1835937500000000E-02    0.9410095214843750E-03
   28    0.3574218750000000E-02    0.1075935363769531E-02
   29    0.2812500000000000E-02    0.9337615966796875E-03
   30    0.2363281250000000E-02    0.9148788452148438E-03
   31    0.4296875000000000E-03    0.8499908447265625E-03
   32    0.1835937500000000E-02    0.9125518798828125E-03
   33    0.1054687500000000E-02    0.9413146972656250E-03
   34   -0.4941406250000000E-02    0.8323287963867187E-03
   35   -0.1757812500000000E-03    0.8906173706054687E-03
   36    0.1718750000000000E-02    0.1006469726562500E-02
   37   -0.3203125000000000E-02    0.9251403808593750E-03
   38    0.1132812500000000E-02    0.1184005737304687E-02
   39    0.4042968750000000E-02    0.1196556091308594E-02
   40    0.7207031250000000E-02    0.9856796264648437E-03
   41    0.1113281250000000E-02    0.1055717468261719E-02
   42    0.1484375000000000E-02    0.7636260986328125E-03
   43   -0.2089843750000000E-02    0.9186172485351563E-03
   44   -0.3515625000000000E-03    0.9411621093750000E-03
   45    0.2910156250000000E-02    0.9443283081054688E-03
   46    0.2675781250000000E-02    0.1095008850097656E-02
   47   -0.1601562500000000E-02    0.1026306152343750E-02
   48    0.1015625000000000E-02    0.1153564453125000E-02
   49    0.4609375000000000E-02    0.8335113525390625E-03
   50    0.9375000000000000E-03    0.9885406494140624E-03
   51    0.2832031250000000E-02    0.9738540649414062E-03
   52   -0.3652343750000000E-02    0.1273612976074219E-02
   53   -0.1855468750000000E-02    0.9843063354492186E-03
   54   -0.5351562500000000E-02    0.9542846679687500E-03
   55    0.2656250000000000E-02    0.6072235107421875E-03
   56   -0.6093750000000000E-02    0.1190109252929688E-02
   57   -0.1562500000000000E-03    0.1045761108398437E-02
   58    0.2890625000000000E-02    0.1125946044921875E-02
   59   -0.4238281250000000E-02    0.8920669555664062E-03
   60   -0.3906250000000000E-04    0.1153411865234375E-02
   61    0.6054687500000000E-03    0.8681869506835938E-03
   62    0.3125000000000000E-03    0.1039505004882812E-02
   63   -0.1406250000000000E-02    0.1044616699218750E-02
   64   -0.1250000000000000E-02    0.1132125854492187E-02
   65   -0.2285156250000000E-02    0.1073188781738281E-02
   66    0.7382812500000000E-02    0.9815216064453125E-03
   67    0.4296875000000000E-02    0.8749389648437501E-03
   68    0.3046875000000000E-02    0.1143188476562500E-02
   69   -0.1914062500000000E-02    0.9069824218750000E-03
   70   -0.2324218750000000E-02    0.1027030944824219E-02
   71    0.1386718750000000E-02    0.1178092956542969E-02
   72   -0.7421875000000000E-03    0.1045227050781250E-02
   73   -0.5546875000000000E-02    0.1035156250000000E-02
   74   -0.1210937500000000E-02    0.8853149414062500E-03
   75   -0.2265625000000000E-02    0.1079101562500000E-02
   76    0.9570312500000000E-03    0.9443283081054688E-03
   77   -0.1171875000000000E-03    0.9680175781250000E-03
   78    0.5859375000000000E-03    0.9919738769531251E-03
   79   -0.3320312500000000E-03    0.1076011657714844E-02
   80    0.6386718750000000E-02    0.1022453308105469E-02
   81   -0.3300781250000000E-02    0.7245254516601563E-03
   82    0.1816406250000000E-02    0.8642196655273438E-03
   83   -0.3457031250000000E-02    0.8443069458007813E-03
   84    0.5273437500000000E-02    0.1263732910156250E-02
   85   -0.8203125000000000E-03    0.8417510986328125E-03
   86   -0.1093750000000000E-02    0.9723663330078125E-03
   87   -0.2148437500000000E-03    0.9252548217773438E-03
   88    0.3085937500000000E-02    0.9335327148437500E-03
   89    0.2402343750000000E-02    0.9987258911132813E-03
   90    0.1328125000000000E-02    0.9300994873046875E-03
   91    0.1191406250000000E-02    0.8998489379882812E-03
   92   -0.1542968750000000E-02    0.9715652465820312E-03
   93   -0.1289062500000000E-02    0.9069824218750000E-03
   94    0.2519531250000000E-02    0.1016120910644531E-02
   95    0.2226562500000000E-02    0.8533477783203125E-03
   96    0.5078125000000000E-02    0.1138992309570312E-02
   97    0.2167968750000000E-02    0.9220504760742188E-03
   98    0.1757812500000000E-02    0.1064071655273437E-02
   99    0.1523437500000000E-02    0.1251831054687500E-02
  100   -0.1328125000000000E-02    0.9226989746093750E-03
