# time =    0.4622
    0    0.1000000000000000E+01    0.1000000000000000E+01
    1    0.2616406250000000E+00    0.6913879394531250E-01
    2    0.8019531250000000E-01    0.7436065673828125E-02
    3    0.2902343750000000E-01    0.1749114990234375E-02
    4    0.8144531250000000E-02    0.1046485900878906E-02
    5    0.7265625000000000E-02    0.1075134277343750E-02
    6    0.1621093750000000E-02    0.6580734252929687E-03
    7   -0.3125000000000000E-02    0.7176971435546874E-03
    8    0.3203125000000000E-02    0.1031646728515625E-02
    9    0.5761718750000000E-02    0.1230888366699219E-02
   10    0.4218750000000000E-02    0.1063079833984375E-02
   11    0.2714843750000000E-02    0.1139945983886719E-02
   12    0.2519531250000000E-02    0.7185745239257813E-03
   13    0.5019531250000000E-02    0.9478378295898437E-03
   14   -0.1152343750000000E-02    0.1115150451660156E-02
   15    0.5859375000000000E-04    0.1279792785644531E-02
   16   -0.3906250000000000E-02    0.1292495727539062E-02
   17   -0.7031250000000000E-02    0.1279678344726562E-02
   18   -0.5078125000000000E-02    0.9220886230468750E-03
   19    0.1914062500000000E-02    0.8778381347656250E-03
   20    0.3554687500000000E-02    0.8288574218750000E-03
   21    0.1875000000000000E-02    0.1109085083007813E-02
   22    0.8789062500000000E-03    0.8100509643554687E-03
   23    0.5820312500000000E-02    0.9189605712890625E-03
   24    0.5664062500000000E-02    0.7902526855468750E-03
   25   -0.7343750000000000E-02    0.9387969970703125E-03
   26    0.1113281250000000E-02    0.9178543090820313E-03
   27    0.8203125000000000E-03    0.1393127441406250E-02
   28    0.4453125000000000E-02    0.1048202514648437E-02
   29   -0.1953125000000000E-03    0.1134567260742188E-02
   30    0.2402343750000000E-02    0.1149177551269531E-02
   31   -0.5917968750000000E-02    0.8459854125976563E-03
   32   -0.2832031250000000E-02    0.7893753051757813E-03
   33   -0.1152343750000000E-02    0.9343338012695313E-03
   34    0.1171875000000000E-02    0.1028213500976563E-02
   35   -0.1953125000000000E-03    0.1094970703125000E-02
   36   -0.7246093750000000E-02    0.1130561828613281E-02
   37   -0.6113281250000000E-02    0.8521652221679687E-03
   38   -0.1601562500000000E-02    0.9140014648437500E-03
   39   -0.4882812500000000E-03    0.1082725524902344E-02
   40    0.2089843750000000E-02    0.7824325561523438E-03
   41   -0.2187500000000000E-02    0.1195983886718750E-02
   42   -0.6054687500000000E-02    0.8873748779296875E-03
   43   -0.1152343750000000E-02    0.1016502380371094E-02
   44   -0.1757812500000000E-02    0.9918975830078124E-03
   45   -0.4179687500000000E-02    0.1003875732421875E-02
   46   -0.1425781250000000E-02    0.8652114868164063E-03
   47   -0.6445312500000000E-02    0.8618164062500000E-03
   48   -0.4140625000000000E-02    0.1219940185546875E-02
   49    0.2480468750000000E-02    0.1481819152832031E-02
   50   -0.3261718750000000E-02    0.9850692749023438E-03
   51    0.2070312500000000E-02    0.1101684570312500E-02
   52   -0.5859375000000000E-04    0.9657669067382812E-03
   53    0.2207031250000000E-02    0.1040153503417969E-02
   54    0.2402343750000000E-02    0.8320236206054688E-03
   55   -0.2089843750000000E-02    0.1037330627441406E-02
   56   -0.1640625000000000E-02    0.9114074707031250E-03
   57    0.8398437500000000E-03    0.9982681274414062E-03
   58   -0.2812500000000000E-02    0.1333541870117187E-02
   59   -0.4316406250000000E-02    0.1099281311035156E-02
   60    0.3906250000000000E-04    0.7585144042968750E-03
   61    0.4023437500000000E-02    0.8061981201171875E-03
   62    0.3789062500000000E-02    0.1344146728515625E-02
   63    0.1289062500000000E-02    0.1321487426757813E-02
   64    0.5722656250000000E-02    0.1063499450683594E-02
   65   -0.1132812500000000E-02    0.8399200439453125E-03
   66   -0.1757812500000000E-02    0.1071472167968750E-02
   67   -0.1425781250000000E-02    0.1126518249511719E-02
   68   -0.1777343750000000E-02    0.1006584167480469E-02
   69   -0.2949218750000000E-02    0.8908462524414063E-03
   70   -0.5859375000000000E-04    0.8690261840820313E-03
   71    0.2929687500000000E-03    0.9185409545898437E-03
   72   -0.2226562500000000E-02    0.8840942382812500E-03
   73    0.5859375000000000E-03    0.7765197753906250E-03
   74    0.7109375000000000E-02    0.9184265136718750E-03
   75    0.4941406250000000E-02    0.1185951232910156E-02
   76    0.1992187500000000E-02    0.9493255615234376E-03
   77    0.2265625000000000E-02    0.8760070800781249E-03
   78   -0.3906250000000000E-04    0.9051513671875000E-03
   79   -0.2714843750000000E-02    0.8992385864257812E-03
   80   -0.7578125000000000E-02    0.9700012207031250E-03
   81   -0.2246093750000000E-02    0.1050758361816406E-02
   82    0.1914062500000000E-02    0.1012115478515625E-02
   83   -0.1699218750000000E-02    0.7287216186523438E-03
   84   -0.1582031250000000E-02    0.1075019836425781E-02
   85   -0.3105468750000000E-02    0.9893417358398438E-03
   86   -0.4394531250000000E-02    0.8109664916992188E-03
   87   -0.8593750000000000E-03    0.1131439208984375E-02
   88   -0.3671875000000000E-02    0.7612609863281250E-03
   89   -0.2226562500000000E-02    0.1048278808593750E-02
   90    0.2792968750000000E-02    0.9249496459960937E-03
   91   -0.3398437500000000E-02    0.1083908081054687E-02
   92    0.9960937500000000E-03    0.8352279663085937E-03
   93   -0.7031250000000000E-03    0.1221160888671875E-02
   94   -0.3066406250000000E-02    0.7595443725585938E-03
   95   -0.4375000000000000E-02    0.6967926025390625E-03
   96    0.2832031250000000E-02    0.9873580932617187E-03
   97    0.5859375000000000E-03    0.8955383300781250E-03
   98   -0.4687500000000000E-03    0.9012603759765625E-03
   99   -0.2363281250000000E-02    0.9421920776367188E-03
  100   -0.3945312500000000E-02    0.1132583618164062E-02
