# time =    0.4582
    0    0.1000000000000000E+01    0.1000000000000000E+01
    1    0.1852929687500000E+00    0.3516689300537110E-01
    2    0.2871093750000000E-01    0.1943817138671875E-02
    3    0.3027343750000000E-02    0.1033439636230469E-02
    4    0.1777343750000000E-02    0.1020011901855469E-02
    5    0.1308593750000000E-02    0.9150314331054688E-03
    6   -0.2812500000000000E-02    0.1013259887695313E-02
    7   -0.1757812500000000E-03    0.9168624877929687E-03
    8   -0.3339843750000000E-02    0.1013679504394531E-02
    9   -0.3222656250000000E-02    0.1263008117675781E-02
   10   -0.5410156250000000E-02    0.1196098327636719E-02
   11   -0.2089843750000000E-02    0.1081275939941406E-02
   12    0.2929687500000000E-03    0.7197952270507812E-03
   13    0.6835937500000000E-03    0.1069679260253906E-02
   14   -0.4277343750000000E-02    0.1053504943847656E-02
   15    0.3710937500000000E-03    0.7992935180664063E-03
   16    0.6445312500000000E-03    0.9634780883789062E-03
   17    0.3085937500000000E-02    0.1118927001953125E-02
   18   -0.1171875000000000E-02    0.8533477783203125E-03
   19   -0.6777343750000000E-02    0.9663009643554688E-03
   20    0.1757812500000000E-03    0.1029014587402344E-02
   21    0.1308593750000000E-02    0.8515548706054687E-03
   22    0.7226562500000000E-03    0.1167564392089844E-02
   23    0.5859375000000000E-04    0.7316207885742187E-03
   24   -0.4355468750000000E-02    0.1034355163574219E-02
   25   -0.8398437500000000E-03    0.1047325134277344E-02
   26   -0.1699218750000000E-02    0.9016036987304687E-03
   27    0.4042968750000000E-02    0.1033439636230469E-02
   28    0.2910156250000000E-02    0.1012229919433594E-02
   29    0.1562500000000000E-03    0.1071853637695313E-02
   30   -0.5273437500000000E-03    0.1121177673339844E-02
   31   -0.2695312500000000E-02    0.8635711669921875E-03
   32    0.6640625000000000E-03    0.7389068603515625E-03
   33    0.1894531250000000E-02    0.9174728393554687E-03
   34    0.7363281250000000E-02    0.1145439147949219E-02
   35    0.3691406250000000E-02    0.1044120788574219E-02
   36    0.3515625000000000E-02    0.1055068969726562E-02
   37   -0.3515625000000000E-03    0.1030731201171875E-02
   38    0.2109375000000000E-02    0.1039505004882812E-02
   39    0.5527343750000000E-02    0.9276962280273437E-03
   40    0.3750000000000000E-02    0.1242065429687500E-02
   41   -0.5273437500000000E-03    0.1056632995605469E-02
   42   -0.4531250000000000E-02    0.9202575683593750E-03
   43   -0.6269531250000000E-02    0.1224784851074219E-02
   44   -0.2519531250000000E-02    0.8311080932617188E-03
   45    0.3261718750000000E-02    0.8299636840820312E-03
   46    0.1640625000000000E-02    0.8740997314453124E-03
   47    0.5839843750000000E-02    0.8522415161132812E-03
   48   -0.3378906250000000E-02    0.1134605407714844E-02
   49    0.5175781250000000E-02    0.7948684692382813E-03
   50    0.3750000000000000E-02    0.9960174560546876E-03
   51    0.8007812499999999E-02    0.9487915039062500E-03
   52    0.3554687500000000E-02    0.1250381469726562E-02
   53   -0.3164062500000000E-02    0.9696960449218750E-03
   54    0.2265625000000000E-02    0.1311340332031250E-02
   55   -0.3886718750000000E-02    0.1096763610839844E-02
   56   -0.2011718750000000E-02    0.9960556030273438E-03
   57    0.2070312500000000E-02    0.1009368896484375E-02
   58   -0.2324218750000000E-02    0.7580947875976562E-03
   59   -0.2304687500000000E-02    0.7798004150390625E-03
   60   -0.1503906250000000E-02    0.9601974487304688E-03
   61   -0.5527343750000000E-02    0.1175117492675781E-02
   62    0.2343750000000000E-03    0.1040802001953125E-02
   63   -0.2578125000000000E-02    0.9131622314453125E-03
   64    0.2265625000000000E-02    0.9401702880859375E-03
   65   -0.2910156250000000E-02    0.1012077331542969E-02
   66    0.1718750000000000E-02    0.9899139404296875E-03
   67    0.1328125000000000E-02    0.9664154052734375E-03
   68    0.3691406250000000E-02    0.7389450073242188E-03
   69   -0.3808593750000000E-02    0.9872055053710938E-03
   70   -0.2167968750000000E-02    0.8864212036132813E-03
   71   -0.4121093750000000E-02    0.9713363647460937E-03
   72    0.2910156250000000E-02    0.8078384399414063E-03
   73    0.4824218750000000E-02    0.9423446655273438E-03
   74   -0.3105468750000000E-02    0.1116600036621094E-02
   75    0.7285156250000000E-02    0.1008720397949219E-02
   76   -0.4648437500000000E-02    0.9683227539062500E-03
   77    0.7812500000000000E-04    0.8750915527343750E-03
   78    0.1093750000000000E-02    0.1061935424804687E-02
   79    0.6093750000000000E-02    0.9670257568359375E-03
   80    0.1308593750000000E-02    0.9565353393554688E-03
   81    0.4433593750000000E-02    0.8798599243164063E-03
   82    0.2695312500000000E-02    0.9230804443359375E-03
   83    0.2792968750000000E-02    0.9765243530273438E-03
   84    0.1972656250000000E-02    0.7281112670898438E-03
   85   -0.1484375000000000E-02    0.1112670898437500E-02
   86    0.7421875000000000E-02    0.1053085327148438E-02
   87    0.4042968750000000E-02    0.7115554809570313E-03
   88   -0.5859375000000000E-03    0.9224700927734375E-03
   89   -0.1992187500000000E-02    0.9448242187500000E-03
   90   -0.1230468750000000E-02    0.1066017150878906E-02
   91    0.1171875000000000E-03    0.8297729492187500E-03
   92   -0.2539062500000000E-02    0.7985687255859375E-03
   93    0.7812500000000000E-03    0.8538818359375000E-03
   94   -0.5449218750000000E-02    0.8345413208007813E-03
   95    0.4492187500000000E-03    0.9209823608398438E-03
   96    0.5839843750000000E-02    0.1065177917480469E-02
   97    0.5937500000000000E-02    0.1061935424804687E-02
   98   -0.8398437500000000E-03    0.8581924438476562E-03
   99    0.3144531250000000E-02    0.8862686157226563E-03
  100   -0.3671875000000000E-02    0.8304595947265625E-03
