# time =    0.4649
    0    0.1000000000000000E+01    0.1000000000000000E+01
    1    0.1755859375000000E+00    0.3147254943847656E-01
    2    0.3087890625000000E-01    0.1820182800292969E-02
    3    0.4316406250000000E-02    0.7318496704101562E-03
    4   -0.3144531250000000E-02    0.1146354675292969E-02
    5    0.2363281250000000E-02    0.9168624877929687E-03
    6    0.2050781250000000E-02    0.1139259338378906E-02
    7   -0.2207031250000000E-02    0.1021461486816406E-02
    8   -0.2089843750000000E-02    0.1201210021972656E-02
    9    0.1035156250000000E-02    0.1015815734863281E-02
   10   -0.5546875000000000E-02    0.1085433959960938E-02
   11    0.2343750000000000E-03    0.8847808837890625E-03
   12   -0.6250000000000000E-02    0.1348495483398438E-02
   13   -0.6054687500000000E-02    0.9948730468750000E-03
   14   -0.9765625000000000E-03    0.1140365600585937E-02
   15    0.1953125000000000E-02    0.9731292724609375E-03
   16    0.1269531250000000E-02    0.1170158386230469E-02
   17   -0.5449218750000000E-02    0.1130027770996094E-02
   18   -0.6054687500000000E-03    0.9054946899414063E-03
   19   -0.1152343750000000E-02    0.8053970336914062E-03
   20    0.1171875000000000E-03    0.7962036132812500E-03
   21    0.8984375000000000E-03    0.9094238281250000E-03
   22    0.2226562500000000E-02    0.9353637695312500E-03
   23    0.2343750000000000E-02    0.1065826416015625E-02
   24   -0.3906250000000000E-04    0.1176223754882812E-02
   25    0.2226562500000000E-02    0.1007690429687500E-02
   26    0.4472656250000000E-02    0.9276199340820312E-03
   27    0.2343750000000000E-03    0.1123504638671875E-02
   28   -0.3691406250000000E-02    0.7043075561523437E-03
   29   -0.1464843750000000E-02    0.1053276062011719E-02
   30   -0.2285156250000000E-02    0.9656906127929688E-03
   31   -0.7812500000000000E-04    0.8161163330078125E-03
   32   -0.2050781250000000E-02    0.1110572814941406E-02
   33   -0.1503906250000000E-02    0.1102485656738281E-02
   34   -0.1269531250000000E-02    0.8509445190429687E-03
   35    0.2070312500000000E-02    0.1042633056640625E-02
   36    0.1171875000000000E-02    0.1118316650390625E-02
   37    0.2304687500000000E-02    0.9637451171874999E-03
   38    0.2421875000000000E-02    0.7141876220703125E-03
   39    0.4277343750000000E-02    0.1281547546386719E-02
   40   -0.2929687500000000E-02    0.9325408935546875E-03
   41    0.2890625000000000E-02    0.1087646484375000E-02
   42   -0.2988281250000000E-02    0.8691024780273438E-03
   43   -0.5468750000000001E-03    0.8029174804687500E-03
   44   -0.8593750000000000E-03    0.1018829345703125E-02
   45   -0.2382812500000000E-02    0.8580017089843750E-03
   46   -0.2578125000000000E-02    0.9922790527343750E-03
   47   -0.2890625000000000E-02    0.9201049804687500E-03
   48    0.6835937500000000E-03    0.9663772583007813E-03
   49    0.3906250000000000E-03    0.1121292114257812E-02
   50   -0.1523437500000000E-02    0.9084320068359374E-03
   51   -0.2851562500000000E-02    0.9293365478515625E-03
   52    0.1113281250000000E-02    0.7918167114257812E-03
   53    0.1875000000000000E-02    0.9320068359375000E-03
   54    0.2246093750000000E-02    0.8931350708007812E-03
   55    0.2128906250000000E-02    0.9675216674804687E-03
   56   -0.2890625000000000E-02    0.9167480468750000E-03
   57    0.5742187500000000E-02    0.1010513305664062E-02
   58    0.4140625000000000E-02    0.8166503906250000E-03
   59   -0.3203125000000000E-02    0.1025848388671875E-02
   60   -0.1113281250000000E-02    0.1018943786621094E-02
   61    0.1308593750000000E-02    0.1041069030761719E-02
   62   -0.6601562500000000E-02    0.1160812377929688E-02
   63   -0.4023437500000000E-02    0.9872436523437500E-03
   64   -0.5546875000000000E-02    0.8463287353515626E-03
   65   -0.1718750000000000E-02    0.8426666259765625E-03
   66   -0.2910156250000000E-02    0.9441757202148437E-03
   67   -0.3828125000000000E-02    0.1036911010742187E-02
   68   -0.4980468750000000E-02    0.8951187133789063E-03
   69   -0.1621093750000000E-02    0.9222030639648438E-03
   70   -0.1152343750000000E-02    0.7961654663085938E-03
   71    0.4375000000000000E-02    0.8595275878906250E-03
   72    0.3515625000000000E-02    0.7893371582031250E-03
   73    0.1914062500000000E-02    0.9473419189453125E-03
   74   -0.1796875000000000E-02    0.9691619873046875E-03
   75    0.1113281250000000E-02    0.9862136840820311E-03
   76   -0.4589843750000000E-02    0.8829879760742187E-03
   77    0.3710937500000000E-03    0.1066703796386719E-02
   78    0.8984375000000000E-03    0.8461761474609375E-03
   79    0.6582031250000000E-02    0.1087455749511719E-02
   80    0.2539062500000000E-02    0.1039352416992187E-02
   81   -0.7812500000000000E-03    0.9879302978515626E-03
   82   -0.2734375000000000E-02    0.9470367431640625E-03
   83    0.6074218750000000E-02    0.1038017272949219E-02
   84    0.7226562500000000E-03    0.7242202758789062E-03
   85   -0.2675781250000000E-02    0.8580398559570313E-03
   86   -0.4687500000000000E-03    0.1049346923828125E-02
   87    0.1640625000000000E-02    0.1092147827148438E-02
   88    0.3574218750000000E-02    0.9070205688476563E-03
   89    0.5273437500000000E-03    0.9449386596679688E-03
   90   -0.4804687500000000E-02    0.1012344360351562E-02
   91   -0.2753906250000000E-02    0.1108512878417969E-02
   92   -0.2480468750000000E-02    0.1088981628417969E-02
   93    0.2226562500000000E-02    0.9706878662109375E-03
   94   -0.2167968750000000E-02    0.1188621520996094E-02
   95    0.1601562500000000E-02    0.1097412109375000E-02
   96    0.4941406250000000E-02    0.7966995239257812E-03
   97    0.4882812500000000E-02    0.8304595947265625E-03
   98   -0.4023437500000000E-02    0.1003036499023437E-02
   99    0.6269531250000000E-02    0.1156044006347656E-02
  100    0.1464843750000000E-02    0.1002693176269531E-02
