# time =    0.4679
    0    0.1000000000000000E+01    0.1000000000000000E+01
    1    0.1873437500000000E+00    0.3580795288085938E-01
    2    0.3855468750000000E-01    0.2558975219726563E-02
    3    0.8984374999999999E-02    0.8507537841796875E-03
    4    0.1972656250000000E-02    0.1000022888183594E-02
    5   -0.4316406250000000E-02    0.1141548156738281E-02
    6   -0.2480468750000000E-02    0.1056404113769531E-02
    7    0.7812500000000000E-03    0.1182098388671875E-02
    8    0.8203125000000000E-03    0.1111450195312500E-02
    9   -0.1953125000000000E-04    0.9993362426757814E-03
   10   -0.1796875000000000E-02    0.1067657470703125E-02
   11    0.4765625000000000E-02    0.1193923950195313E-02
   12   -0.1328125000000000E-02    0.1117324829101562E-02
   13   -0.5957031250000000E-02    0.8736801147460938E-03
   14   -0.1679687500000000E-02    0.9468841552734375E-03
   15   -0.9765625000000000E-03    0.8870697021484375E-03
   16    0.1660156250000000E-02    0.1028633117675781E-02
   17    0.6054687500000000E-03    0.8629989624023437E-03
   18    0.6445312500000000E-03    0.8334732055664063E-03
   19   -0.8789062500000000E-03    0.1005897521972656E-02
   20    0.1914062500000000E-02    0.1022872924804687E-02
   21    0.6640625000000000E-03    0.1119384765625000E-02
   22   -0.5859375000000000E-03    0.1038360595703125E-02
   23    0.2714843750000000E-02    0.1112632751464844E-02
   24    0.2636718750000000E-02    0.1020240783691406E-02
   25    0.1562500000000000E-02    0.1264648437500000E-02
   26   -0.2148437500000000E-03    0.1034126281738281E-02
   27    0.9238281250000001E-02    0.9759140014648438E-03
   28    0.3554687500000000E-02    0.1238861083984375E-02
   29    0.5273437500000000E-03    0.7274246215820312E-03
   30    0.1289062500000000E-02    0.8374023437500000E-03
   31   -0.6640625000000000E-03    0.7993316650390625E-03
   32   -0.1562500000000000E-03    0.9535980224609375E-03
   33    0.1796875000000000E-02    0.9618377685546874E-03
   34    0.3867187500000000E-02    0.1031951904296875E-02
   35    0.2226562500000000E-02    0.8465576171875000E-03
   36   -0.1269531250000000E-02    0.8791732788085937E-03
   37   -0.2226562500000000E-02    0.9407806396484375E-03
   38   -0.2480468750000000E-02    0.1169166564941406E-02
   39   -0.9570312500000000E-03    0.1123924255371094E-02
   40    0.3730468750000000E-02    0.8233261108398438E-03
   41    0.3046875000000000E-02    0.9133911132812500E-03
   42   -0.2011718750000000E-02    0.1174430847167969E-02
   43    0.4941406250000000E-02    0.7751846313476563E-03
   44    0.7109375000000000E-02    0.1110839843750000E-02
   45    0.2929687500000000E-02    0.1083908081054687E-02
   46    0.3593750000000000E-02    0.9487915039062500E-03
   47   -0.6640625000000000E-03    0.7369232177734375E-03
   48    0.2148437500000000E-02    0.1240844726562500E-02
   49    0.3398437500000000E-02    0.1117172241210938E-02
   50   -0.9570312500000000E-03    0.1250419616699219E-02
   51    0.3320312500000000E-02    0.1206283569335938E-02
   52    0.9570312500000000E-03    0.9474563598632813E-03
   53   -0.1347656250000000E-02    0.1013298034667969E-02
   54   -0.4042968750000000E-02    0.9421157836914062E-03
   55   -0.6054687500000000E-03    0.8928298950195313E-03
   56   -0.9179687499999999E-03    0.9904098510742187E-03
   57   -0.6640625000000000E-03    0.1016845703125000E-02
   58   -0.7617187500000000E-03    0.7580184936523438E-03
   59   -0.2167968750000000E-02    0.9300613403320313E-03
   60   -0.1738281250000000E-02    0.8785629272460938E-03
   61   -0.2148437500000000E-02    0.8276367187500000E-03
   62    0.1484375000000000E-02    0.9086608886718750E-03
   63   -0.3476562500000000E-02    0.8175659179687500E-03
   64   -0.4121093750000000E-02    0.9206008911132813E-03
   65   -0.1328125000000000E-02    0.1020050048828125E-02
   66   -0.4863281250000000E-02    0.9955215454101564E-03
   67   -0.3886718750000000E-02    0.8616256713867188E-03
   68    0.2441406250000000E-02    0.9464645385742188E-03
   69   -0.1855468750000000E-02    0.1031227111816406E-02
   70   -0.6250000000000000E-03    0.7942962646484375E-03
   71   -0.1250000000000000E-02    0.7270050048828125E-03
   72   -0.1933593750000000E-02    0.1013603210449219E-02
   73   -0.4199218750000000E-02    0.8813858032226563E-03
   74   -0.2597656250000000E-02    0.1090126037597656E-02
   75    0.3261718750000000E-02    0.9022903442382813E-03
   76    0.1562500000000000E-02    0.9864044189453124E-03
   77   -0.1992187500000000E-02    0.9101867675781250E-03
   78    0.5664062500000000E-03    0.1060447692871094E-02
   79   -0.3144531250000000E-02    0.1018714904785156E-02
   80   -0.7578125000000000E-02    0.1288146972656250E-02
   81    0.6054687500000000E-03    0.1115989685058594E-02
   82   -0.5351562500000000E-02    0.8581542968750000E-03
   83   -0.6289062500000000E-02    0.1057739257812500E-02
   84   -0.2226562500000000E-02    0.9336090087890625E-03
   85    0.1718750000000000E-02    0.8821868896484375E-03
   86   -0.2441406250000000E-02    0.1078376770019531E-02
   87   -0.3906250000000000E-03    0.8047485351562500E-03
   88   -0.2539062500000000E-02    0.7763671875000000E-03
   89    0.9765625000000000E-03    0.6761169433593750E-03
   90   -0.4843750000000000E-02    0.1226425170898438E-02
   91   -0.3027343750000000E-02    0.1174659729003906E-02
   92   -0.1113281250000000E-02    0.1070060729980469E-02
   93    0.7929687499999999E-02    0.8335113525390625E-03
   94    0.6816406250000000E-02    0.1057472229003906E-02
   95   -0.1503906250000000E-02    0.7750320434570312E-03
   96   -0.1757812500000000E-03    0.7995986938476563E-03
   97    0.2929687500000000E-02    0.1025543212890625E-02
   98   -0.2734375000000000E-03    0.7459259033203125E-03
   99    0.6523437500000000E-02    0.8216857910156250E-03
  100   -0.9375000000000000E-03    0.7860565185546875E-03
