# time =    0.4230
    0    0.1000000000000000E+01    0.1000000000000000E+01
    1    0.4024414062500000E+00    0.1626901626586914E+00
    2    0.1992578125000000E+00    0.4074348449707031E-01
    3    0.1193164062500000E+00    0.1499881744384766E-01
    4    0.7685546875000000E-01    0.6783561706542969E-02
    5    0.5794921875000000E-01    0.4377632141113281E-02
    6    0.4658203125000000E-01    0.3038902282714844E-02
    7    0.3558593750000000E-01    0.2237014770507812E-02
    8    0.3019531250000000E-01    0.1818389892578125E-02
    9    0.2332031250000000E-01    0.1560440063476563E-02
   10    0.1414062500000000E-01    0.1105804443359375E-02
   11    0.1322265625000000E-01    0.1125984191894531E-02
   12    0.1552734375000000E-01    0.1299171447753906E-02
   13    0.1339843750000000E-01    0.1120986938476563E-02
   14    0.1207031250000000E-01    0.1059188842773438E-02
   15    0.9179687500000000E-02    0.9406280517578125E-03
   16    0.1130859375000000E-01    0.1055793762207031E-02
   17    0.1128906250000000E-01    0.1101531982421875E-02
   18    0.4980468750000000E-02    0.1031227111816406E-02
   19    0.7832031250000000E-02    0.1193733215332031E-02
   20    0.5585937500000000E-02    0.8464050292968750E-03
   21    0.5703125000000000E-02    0.9519958496093750E-03
   22    0.9902343750000001E-02    0.1171226501464844E-02
   23    0.7773437500000000E-02    0.9822082519531251E-03
   24    0.2988281250000000E-02    0.1154441833496094E-02
   25    0.1328125000000000E-02    0.9404754638671875E-03
   26    0.4082031250000000E-02    0.8665084838867188E-03
   27    0.1230468750000000E-02    0.8997726440429688E-03
   28    0.3476562500000000E-02    0.9775543212890625E-03
   29    0.1796875000000000E-02    0.8639526367187500E-03
   30    0.6503906250000000E-02    0.1049842834472656E-02
   31    0.3222656250000000E-02    0.1018486022949219E-02
   32    0.6542968750000000E-02    0.9861373901367187E-03
   33    0.7812500000000000E-02    0.8938598632812500E-03
   34    0.8242187500000000E-02    0.1050109863281250E-02
   35    0.6445312500000000E-02    0.1004791259765625E-02
   36    0.4042968750000000E-02    0.7587814331054687E-03
   37    0.4746093750000000E-02    0.9029006958007812E-03
   38    0.3535156250000000E-02    0.8707809448242188E-03
   39   -0.7812500000000000E-03    0.8985900878906250E-03
   40   -0.2109375000000000E-02    0.1048736572265625E-02
   41    0.1953125000000000E-04    0.1001167297363281E-02
   42    0.1875000000000000E-02    0.9577178955078125E-03
   43    0.2460937500000000E-02    0.8296966552734375E-03
   44    0.1347656250000000E-02    0.1062965393066406E-02
   45    0.2148437500000000E-03    0.1025810241699219E-02
   46   -0.2734375000000000E-03    0.9423828125000000E-03
   47    0.2617187500000000E-02    0.1008224487304688E-02
   48    0.1835937500000000E-02    0.8076477050781250E-03
   49   -0.2539062500000000E-03    0.1094703674316406E-02
   50   -0.1875000000000000E-02    0.1031036376953125E-02
   51    0.2773437500000000E-02    0.1188125610351562E-02
   52   -0.1699218750000000E-02    0.1214332580566406E-02
   53   -0.4218750000000000E-02    0.9111785888671876E-03
   54   -0.5976562500000000E-02    0.1229324340820312E-02
   55   -0.1484375000000000E-02    0.1321792602539062E-02
   56    0.3203125000000000E-02    0.1025543212890625E-02
   57   -0.2519531250000000E-02    0.1114158630371094E-02
   58   -0.1582031250000000E-02    0.1255607604980469E-02
   59   -0.4023437500000000E-02    0.9378814697265626E-03
   60    0.2773437500000000E-02    0.9244537353515625E-03
   61    0.4062500000000000E-02    0.8913421630859375E-03
   62    0.3632812500000000E-02    0.9832763671875000E-03
   63   -0.2968750000000000E-02    0.8939361572265625E-03
   64   -0.1562500000000000E-03    0.9181976318359375E-03
   65   -0.7421875000000000E-03    0.8740997314453124E-03
   66   -0.1093750000000000E-02    0.9720611572265625E-03
   67   -0.1933593750000000E-02    0.9451675415039063E-03
   68   -0.1152343750000000E-02    0.1180610656738281E-02
   69    0.8203125000000000E-03    0.1229171752929688E-02
   70   -0.3515625000000000E-03    0.9162902832031250E-03
   71   -0.3867187500000000E-02    0.1070098876953125E-02
   72   -0.3730468750000000E-02    0.1114845275878906E-02
   73    0.9960937500000000E-03    0.1089744567871094E-02
   74    0.2753906250000000E-02    0.1140632629394531E-02
   75    0.1992187500000000E-02    0.1057891845703125E-02
   76    0.3554687500000000E-02    0.1112442016601563E-02
   77    0.4843750000000000E-02    0.9946441650390625E-03
   78    0.4335937500000000E-02    0.1143493652343750E-02
   79    0.3398437500000000E-02    0.1103286743164063E-02
   80    0.2968750000000000E-02    0.7715606689453125E-03
   81    0.9375000000000000E-03    0.9381103515625000E-03
   82    0.2832031250000000E-02    0.1287269592285156E-02
   83    0.2226562500000000E-02    0.1274566650390625E-02
   84   -0.2988281250000000E-02    0.9984970092773438E-03
   85   -0.5703125000000000E-02    0.9743499755859375E-03
   86   -0.6113281250000000E-02    0.8420181274414062E-03
   87   -0.9570312500000000E-03    0.1065711975097656E-02
   88   -0.2929687500000000E-03    0.1024436950683594E-02
   89   -0.1894531250000000E-02    0.9697341918945313E-03
   90    0.6054687500000000E-03    0.1002159118652344E-02
   91    0.3750000000000000E-02    0.8744049072265625E-03
   92    0.7128906250000000E-02    0.1019020080566406E-02
   93    0.7187500000000000E-02    0.9373474121093750E-03
   94   -0.7617187500000000E-03    0.1139869689941406E-02
   95    0.1796875000000000E-02    0.7897186279296875E-03
   96    0.2363281250000000E-02    0.9591293334960938E-03
   97   -0.2363281250000000E-02    0.7307815551757812E-03
   98   -0.1718750000000000E-02    0.9565734863281250E-03
   99   -0.3925781250000000E-02    0.1200675964355469E-02
  100   -0.3554687500000000E-02    0.1104507446289063E-02
