# time =    0.4636
    0    0.1000000000000000E+01    0.1000000000000000E+01
    1    0.2000195312500000E+00    0.4081623077392578E-01
    2    0.4427734375000000E-01    0.2896003723144531E-02
    3    0.1566406250000000E-01    0.1464004516601562E-02
    4    0.2832031250000000E-02    0.1142234802246094E-02
    5   -0.1367187500000000E-03    0.1029624938964844E-02
    6    0.6328125000000000E-02    0.9687805175781250E-03
    7    0.1738281250000000E-02    0.7689285278320312E-03
    8   -0.1386718750000000E-02    0.7724380493164063E-03
    9   -0.3984375000000000E-02    0.1083450317382812E-02
   10   -0.4453125000000000E-02    0.9294128417968749E-03
   11    0.5761718750000000E-02    0.1182136535644531E-02
   12    0.3925781250000000E-02    0.7680130004882813E-03
   13   -0.6250000000000000E-03    0.8892059326171875E-03
   14   -0.2675781250000000E-02    0.8369827270507812E-03
   15    0.5019531250000000E-02    0.9266281127929687E-03
   16    0.2089843750000000E-02    0.1088523864746094E-02
   17    0.1484375000000000E-02    0.1089324951171875E-02
   18    0.3808593750000000E-02    0.6608963012695312E-03
   19   -0.2460937500000000E-02    0.7949066162109375E-03
   20   -0.4902343750000000E-02    0.7207107543945313E-03
   21   -0.3710937500000000E-03    0.7005691528320313E-03
   22    0.1347656250000000E-02    0.8336257934570313E-03
   23    0.5566406250000000E-02    0.8962631225585937E-03
   24   -0.5468750000000001E-03    0.7970428466796875E-03
   25   -0.1914062500000000E-02    0.9767150878906251E-03
   26   -0.7148437500000000E-02    0.8718872070312500E-03
   27   -0.2148437500000000E-03    0.1117973327636719E-02
   28   -0.3847656250000000E-02    0.9714889526367187E-03
   29    0.3906250000000000E-04    0.9332275390624999E-03
   30   -0.1562500000000000E-02    0.1018295288085937E-02
   31   -0.3007812500000000E-02    0.1002578735351562E-02
   32   -0.7109375000000000E-02    0.8947753906250000E-03
   33   -0.5839843750000000E-02    0.1047630310058594E-02
   34    0.1953125000000000E-02    0.1084899902343750E-02
   35   -0.3652343750000000E-02    0.1271858215332031E-02
   36   -0.3906250000000000E-04    0.7837677001953125E-03
   37    0.1093750000000000E-02    0.9080505371093750E-03
   38   -0.2031250000000000E-02    0.9436035156250001E-03
   39   -0.3750000000000000E-02    0.9780883789062499E-03
   40   -0.6445312500000000E-03    0.9246444702148437E-03
   41   -0.7812500000000000E-04    0.9262847900390625E-03
   42   -0.3359375000000000E-02    0.1011428833007812E-02
   43   -0.2968750000000000E-02    0.9365081787109375E-03
   44   -0.3535156250000000E-02    0.1220283508300781E-02
   45    0.4687500000000000E-02    0.1006240844726562E-02
   46   -0.1757812500000000E-03    0.8088302612304688E-03
   47    0.5488281250000000E-02    0.9083175659179688E-03
   48    0.5820312500000000E-02    0.9167480468750000E-03
   49    0.5546875000000000E-02    0.8403778076171875E-03
   50    0.8750000000000001E-02    0.1091384887695313E-02
   51    0.4101562500000000E-03    0.1026954650878906E-02
   52    0.5078125000000000E-03    0.1088409423828125E-02
   53   -0.3437500000000000E-02    0.7420349121093750E-03
   54   -0.4394531250000000E-02    0.1211357116699219E-02
   55    0.2734375000000000E-02    0.9700012207031250E-03
   56    0.9765625000000000E-03    0.1246414184570313E-02
   57    0.1953125000000000E-03    0.9340667724609376E-03
   58   -0.3085937500000000E-02    0.1035003662109375E-02
   59    0.4472656250000000E-02    0.8247756958007813E-03
   60   -0.2421875000000000E-02    0.7543182373046875E-03
   61    0.2753906250000000E-02    0.8797073364257813E-03
   62   -0.5449218750000000E-02    0.1133766174316406E-02
   63    0.4570312500000000E-02    0.1012344360351562E-02
   64   -0.2617187500000000E-02    0.1138534545898437E-02
   65   -0.1328125000000000E-02    0.7048797607421875E-03
   66   -0.3632812500000000E-02    0.1388854980468750E-02
   67   -0.3828125000000000E-02    0.1045455932617188E-02
   68   -0.5703125000000000E-02    0.1030578613281250E-02
   69   -0.3007812500000000E-02    0.9389495849609374E-03
   70    0.9570312500000000E-03    0.9924697875976563E-03
   71   -0.3222656250000000E-02    0.9719467163085937E-03
   72   -0.3359375000000000E-02    0.1060485839843750E-02
   73   -0.1582031250000000E-02    0.8147811889648438E-03
   74   -0.5273437500000000E-03    0.8358383178710938E-03
   75   -0.1035156250000000E-02    0.9101486206054688E-03
   76   -0.3007812500000000E-02    0.8499908447265625E-03
   77   -0.6347656250000000E-02    0.9389877319335938E-03
   78   -0.2441406250000000E-02    0.1090049743652344E-02
   79    0.1386718750000000E-02    0.9947586059570312E-03
   80    0.3906250000000000E-03    0.1003112792968750E-02
   81    0.4296875000000000E-02    0.1153717041015625E-02
   82    0.4101562500000000E-03    0.1087532043457031E-02
   83   -0.1953125000000000E-03    0.8408355712890625E-03
   84    0.1562500000000000E-02    0.1058425903320312E-02
   85   -0.2050781250000000E-02    0.9359359741210937E-03
   86    0.4980468750000000E-02    0.8269119262695313E-03
   87    0.1074218750000000E-02    0.1161994934082031E-02
   88   -0.2207031250000000E-02    0.9995651245117186E-03
   89    0.1894531250000000E-02    0.1115379333496094E-02
   90   -0.4003906250000000E-02    0.8079910278320313E-03
   91    0.8261718750000001E-02    0.1032218933105469E-02
   92    0.1171875000000000E-02    0.1098709106445312E-02
   93   -0.2343750000000000E-02    0.8585357666015625E-03
   94   -0.1835937500000000E-02    0.1077270507812500E-02
   95   -0.3378906250000000E-02    0.1216011047363281E-02
   96    0.4199218750000000E-02    0.9409713745117187E-03
   97    0.6093750000000000E-02    0.9785461425781249E-03
   98   -0.2148437500000000E-02    0.8818817138671875E-03
   99   -0.5917968750000000E-02    0.1158790588378906E-02
  100   -0.2089843750000000E-02    0.9674453735351563E-03
