# time =    0.4073
    0    0.1000000000000000E+01    0.1000000000000000E+01
    1    0.4242773437500000E+00    0.1805098342895508E+00
    2    0.2674609375000000E+00    0.7216667175292969E-01
    3    0.2050000000000000E+00    0.4277572631835937E-01
    4    0.1759765625000000E+00    0.3175567626953125E-01
    5    0.1545703125000000E+00    0.2471076965332031E-01
    6    0.1399609375000000E+00    0.2039680480957031E-01
    7    0.1299023437500000E+00    0.1777591705322266E-01
    8    0.1192382812500000E+00    0.1522891998291016E-01
    9    0.1130273437500000E+00    0.1372951507568359E-01
   10    0.1074218750000000E+00    0.1254722595214844E-01
   11    0.1013867187500000E+00    0.1130252838134766E-01
   12    0.9810546874999999E-01    0.1056621551513672E-01
   13    0.9476562500000001E-01    0.9995117187499999E-02
   14    0.9080078125000000E-01    0.9306907653808594E-02
   15    0.8968750000000000E-01    0.8941955566406250E-02
   16    0.8656250000000000E-01    0.8403549194335938E-02
   17    0.8539062500000000E-01    0.8105392456054688E-02
   18    0.8074218750000001E-01    0.7361602783203125E-02
   19    0.7933593750000000E-01    0.7187194824218750E-02
   20    0.7884765625000000E-01    0.7157630920410156E-02
   21    0.7787109375000000E-01    0.6935234069824219E-02
   22    0.7486328125000000E-01    0.6392326354980469E-02
   23    0.7179687500000000E-01    0.6010437011718750E-02
   24    0.7146484375000001E-01    0.5956840515136719E-02
   25    0.7023437500000000E-01    0.5875091552734375E-02
   26    0.6855468750000000E-01    0.5646057128906250E-02
   27    0.6871093750000000E-01    0.5583572387695313E-02
   28    0.6599609375000000E-01    0.5251274108886718E-02
   29    0.6285156250000000E-01    0.4737243652343750E-02
   30    0.6347656250000000E-01    0.4833068847656250E-02
   31    0.6343749999999999E-01    0.4899063110351562E-02
   32    0.5972656250000000E-01    0.4408645629882813E-02
   33    0.5953125000000000E-01    0.4358901977539063E-02
   34    0.5847656250000000E-01    0.4248733520507812E-02
   35    0.5775390625000000E-01    0.4239006042480469E-02
   36    0.5726562500000000E-01    0.4126586914062500E-02
   37    0.5511718750000000E-01    0.3809814453125000E-02
   38    0.5458984375000000E-01    0.3759956359863281E-02
   39    0.5521484375000000E-01    0.3771095275878906E-02
   40    0.5445312500000000E-01    0.3737640380859375E-02
   41    0.5318359375000000E-01    0.3679466247558594E-02
   42    0.5152343750000000E-01    0.3434066772460938E-02
   43    0.5179687500000000E-01    0.3457717895507812E-02
   44    0.5179687500000000E-01    0.3447875976562500E-02
   45    0.5101562500000000E-01    0.3362197875976562E-02
   46    0.4980468750000000E-01    0.3229904174804688E-02
   47    0.4968750000000000E-01    0.3253936767578125E-02
   48    0.4974609375000000E-01    0.3228416442871094E-02
   49    0.4740234375000000E-01    0.2973976135253906E-02
   50    0.4875000000000000E-01    0.3105697631835937E-02
   51    0.4751953125000000E-01    0.2972755432128906E-02
   52    0.4654296875000000E-01    0.2845191955566406E-02
   53    0.4603515625000000E-01    0.2865486145019531E-02
   54    0.4585937500000000E-01    0.2912902832031250E-02
   55    0.4572265625000000E-01    0.2880744934082031E-02
   56    0.4599609375000000E-01    0.2948188781738281E-02
   57    0.4525390625000000E-01    0.2801017761230469E-02
   58    0.4527343750000000E-01    0.2945022583007812E-02
   59    0.4496093750000000E-01    0.2940597534179688E-02
   60    0.4292968750000000E-01    0.2709426879882812E-02
   61    0.4255859375000000E-01    0.2659111022949219E-02
   62    0.4208984375000000E-01    0.2594032287597656E-02
   63    0.4220703125000000E-01    0.2590293884277344E-02
   64    0.4169921875000000E-01    0.2539939880371094E-02
   65    0.4212890625000000E-01    0.2520942687988281E-02
   66    0.4150390625000000E-01    0.2523155212402344E-02
   67    0.4158203125000000E-01    0.2552375793457031E-02
   68    0.4132812500000000E-01    0.2521972656250000E-02
   69    0.4099609375000000E-01    0.2458992004394531E-02
   70    0.3984375000000000E-01    0.2387847900390625E-02
   71    0.3884765625000000E-01    0.2356529235839844E-02
   72    0.3949218750000000E-01    0.2368469238281250E-02
   73    0.3867187500000000E-01    0.2333526611328125E-02
   74    0.3861328125000000E-01    0.2321815490722656E-02
   75    0.3859375000000000E-01    0.2386627197265625E-02
   76    0.3798828125000000E-01    0.2307701110839844E-02
   77    0.3835937500000000E-01    0.2356643676757812E-02
   78    0.3859375000000000E-01    0.2392654418945313E-02
   79    0.3757812500000000E-01    0.2267074584960937E-02
   80    0.3755859375000000E-01    0.2297019958496094E-02
   81    0.3732421875000000E-01    0.2277946472167969E-02
   82    0.3652343750000000E-01    0.2218933105468750E-02
   83    0.3679687500000000E-01    0.2250366210937500E-02
   84    0.3589843750000000E-01    0.2160873413085938E-02
   85    0.3511718750000000E-01    0.2156448364257812E-02
   86    0.3585937500000000E-01    0.2191238403320312E-02
   87    0.3580078125000000E-01    0.2148933410644531E-02
   88    0.3599609375000000E-01    0.2194938659667969E-02
   89    0.3544921875000000E-01    0.2138557434082031E-02
   90    0.3537109375000000E-01    0.2087898254394531E-02
   91    0.3425781250000000E-01    0.2011947631835937E-02
   92    0.3435546875000000E-01    0.1953926086425781E-02
   93    0.3375000000000000E-01    0.1974639892578125E-02
   94    0.3458984375000000E-01    0.2056694030761719E-02
   95    0.3351562500000000E-01    0.1973800659179687E-02
   96    0.3328125000000000E-01    0.1946411132812500E-02
   97    0.3226562500000000E-01    0.1930160522460938E-02
   98    0.3179687500000000E-01    0.1872100830078125E-02
   99    0.3140625000000000E-01    0.1837615966796875E-02
  100    0.3246093750000000E-01    0.1937713623046875E-02
