# time =    0.4259
    0    0.1000000000000000E+01    0.1000000000000000E+01
    1    0.3787500000000000E+00    0.1442405700683594E+00
    2    0.1803710937500000E+00    0.3352275848388672E-01
    3    0.9519531250000000E-01    0.1003807067871094E-01
    4    0.6072265625000000E-01    0.4711570739746093E-02
    5    0.4259765625000000E-01    0.2859458923339844E-02
    6    0.2947265625000000E-01    0.2001609802246094E-02
    7    0.2730468750000000E-01    0.1877517700195313E-02
    8    0.1488281250000000E-01    0.1144714355468750E-02
    9    0.1150390625000000E-01    0.1237068176269531E-02
   10    0.1042968750000000E-01    0.1232833862304688E-02
   11    0.1277343750000000E-01    0.1405410766601563E-02
   12    0.9355468750000000E-02    0.1110572814941406E-02
   13    0.8886718750000000E-02    0.1091651916503906E-02
   14    0.6542968750000000E-02    0.1036949157714844E-02
   15    0.4394531250000000E-02    0.9341049194335938E-03
   16    0.3710937500000000E-02    0.1128234863281250E-02
   17    0.2031250000000000E-02    0.9491729736328125E-03
   18   -0.1718750000000000E-02    0.9362030029296875E-03
   19   -0.4296875000000000E-03    0.1017303466796875E-02
   20    0.3652343750000000E-02    0.9955215454101564E-03
   21    0.4648437500000000E-02    0.1078186035156250E-02
   22    0.5566406250000000E-02    0.1483802795410156E-02
   23    0.1503906250000000E-02    0.1158714294433594E-02
   24   -0.1386718750000000E-02    0.1115455627441406E-02
   25    0.9960937500000000E-03    0.9453201293945313E-03
   26    0.2480468750000000E-02    0.9168624877929687E-03
   27    0.2421875000000000E-02    0.9956359863281250E-03
   28    0.1718750000000000E-02    0.1048126220703125E-02
   29   -0.6582031250000000E-02    0.9122085571289062E-03
   30   -0.5625000000000000E-02    0.9690856933593750E-03
   31   -0.2871093750000000E-02    0.8546829223632813E-03
   32   -0.3066406250000000E-02    0.9492111206054688E-03
   33   -0.4648437500000000E-02    0.9622955322265625E-03
   34   -0.9765625000000000E-03    0.9989929199218750E-03
   35   -0.3671875000000000E-02    0.1084060668945313E-02
   36    0.3457031250000000E-02    0.9362411499023438E-03
   37    0.4355468750000000E-02    0.1020774841308594E-02
   38    0.1679687500000000E-02    0.1145401000976562E-02
   39    0.1777343750000000E-02    0.7036209106445312E-03
   40   -0.2910156250000000E-02    0.8575057983398437E-03
   41    0.1796875000000000E-02    0.8740997314453124E-03
   42    0.1152343750000000E-02    0.7581710815429688E-03
   43   -0.2832031250000000E-02    0.1037559509277344E-02
   44   -0.2929687500000000E-02    0.1122131347656250E-02
   45    0.3125000000000000E-02    0.1111297607421875E-02
   46   -0.7421875000000000E-03    0.1026916503906250E-02
   47   -0.1562500000000000E-02    0.9275817871093750E-03
   48    0.2851562500000000E-02    0.8269500732421875E-03
   49   -0.3808593750000000E-02    0.7175064086914063E-03
   50   -0.1289062500000000E-02    0.7479858398437500E-03
   51   -0.5273437500000000E-03    0.1081199645996094E-02
   52    0.1777343750000000E-02    0.1072959899902344E-02
   53    0.2617187500000000E-02    0.1044006347656250E-02
   54   -0.1933593750000000E-02    0.9553909301757812E-03
   55   -0.3339843750000000E-02    0.1113243103027344E-02
   56   -0.1992187500000000E-02    0.8876800537109375E-03
   57    0.4101562500000000E-03    0.9121322631835938E-03
   58   -0.5292968750000000E-02    0.1215553283691406E-02
   59   -0.2441406250000000E-02    0.9733200073242188E-03
   60    0.1953125000000000E-02    0.9236907958984374E-03
   61    0.1562500000000000E-03    0.8990478515625000E-03
   62   -0.7031250000000000E-03    0.9978485107421874E-03
   63   -0.1035156250000000E-02    0.7953262329101563E-03
   64   -0.1113281250000000E-02    0.9882736206054687E-03
   65   -0.3320312500000000E-02    0.7471466064453126E-03
   66   -0.5742187500000000E-02    0.7970428466796875E-03
   67   -0.5078125000000000E-03    0.9702301025390625E-03
   68   -0.1113281250000000E-02    0.1166267395019531E-02
   69   -0.2519531250000000E-02    0.1016654968261719E-02
   70    0.1132812500000000E-02    0.1022415161132812E-02
   71    0.4628906250000000E-02    0.8345413208007813E-03
   72    0.3847656250000000E-02    0.8466720581054687E-03
   73    0.1035156250000000E-02    0.1142158508300781E-02
   74    0.6093750000000000E-02    0.9652709960937500E-03
   75    0.1972656250000000E-02    0.1138954162597656E-02
   76   -0.2734375000000000E-03    0.1185226440429687E-02
   77    0.4140625000000000E-02    0.9416961669921876E-03
   78    0.3183593750000000E-02    0.1014137268066406E-02
   79    0.2148437500000000E-02    0.1071472167968750E-02
   80   -0.9765625000000000E-03    0.1037292480468750E-02
   81   -0.1894531250000000E-02    0.8707809448242188E-03
   82   -0.1289062500000000E-02    0.8779907226562500E-03
   83    0.1953125000000000E-04    0.1041450500488281E-02
   84    0.1660156250000000E-02    0.1364250183105469E-02
   85   -0.1777343750000000E-02    0.8498764038085937E-03
   86   -0.2363281250000000E-02    0.1034660339355469E-02
   87   -0.3203125000000000E-02    0.1289291381835938E-02
   88   -0.1679687500000000E-02    0.1235656738281250E-02
   89   -0.4492187500000000E-03    0.1317939758300781E-02
   90   -0.2148437500000000E-02    0.9751892089843749E-03
   91   -0.1582031250000000E-02    0.9387588500976563E-03
   92   -0.3808593750000000E-02    0.8765792846679687E-03
   93   -0.3203125000000000E-02    0.1035995483398437E-02
   94    0.3613281250000000E-02    0.7197952270507812E-03
   95    0.2148437500000000E-03    0.8522415161132812E-03
   96    0.1308593750000000E-02    0.8578872680664062E-03
   97    0.1210937500000000E-02    0.9153747558593750E-03
   98    0.2441406250000000E-02    0.1034202575683594E-02
   99    0.1953125000000000E-02    0.1069107055664062E-02
  100    0.4648437500000000E-02    0.9075164794921875E-03
