# time =    0.4772
    0    0.1000000000000000E+01    0.1000000000000000E+01
    1    0.2460156250000000E+00    0.6116699218750000E-01
    2    0.8083984375000000E-01    0.7748451232910156E-02
    3    0.3251953125000000E-01    0.2024269104003906E-02
    4    0.1681640625000000E-01    0.1236152648925781E-02
    5    0.5546875000000000E-02    0.1018600463867187E-02
    6   -0.1484375000000000E-02    0.8973693847656250E-03
    7   -0.1171875000000000E-03    0.1045913696289063E-02
    8   -0.3906250000000000E-04    0.1074752807617188E-02
    9    0.2558593750000000E-02    0.9930801391601562E-03
   10   -0.1757812500000000E-03    0.9989547729492188E-03
   11   -0.6054687500000000E-03    0.1028861999511719E-02
   12   -0.3007812500000000E-02    0.9714508056640625E-03
   13    0.3710937500000000E-03    0.9831619262695313E-03
   14   -0.1562500000000000E-03    0.8686828613281250E-03
   15   -0.2988281250000000E-02    0.6903457641601562E-03
   16   -0.5937500000000000E-02    0.1167907714843750E-02
   17   -0.1562500000000000E-03    0.1025695800781250E-02
   18   -0.1132812500000000E-02    0.1127929687500000E-02
   19   -0.1582031250000000E-02    0.1040306091308594E-02
   20   -0.3613281250000000E-02    0.1263389587402344E-02
   21   -0.6250000000000000E-03    0.1198348999023437E-02
   22    0.2109375000000000E-02    0.1063690185546875E-02
   23   -0.2324218750000000E-02    0.1193122863769531E-02
   24   -0.3183593750000000E-02    0.1160240173339844E-02
   25   -0.6445312500000000E-03    0.9439468383789062E-03
   26    0.2578125000000000E-02    0.8823394775390625E-03
   27    0.2304687500000000E-02    0.8467102050781250E-03
   28    0.1855468750000000E-02    0.1094245910644531E-02
   29    0.2949218750000000E-02    0.7511520385742187E-03
   30    0.3457031250000000E-02    0.9547042846679688E-03
   31   -0.6074218750000000E-02    0.1044807434082031E-02
   32    0.5664062500000000E-03    0.1055641174316406E-02
   33    0.5214843750000000E-02    0.1128959655761719E-02
   34   -0.3710937500000000E-02    0.1019210815429688E-02
   35   -0.4960937500000000E-02    0.6559753417968750E-03
   36   -0.6542968750000000E-02    0.9703445434570313E-03
   37   -0.3203125000000000E-02    0.1091537475585937E-02
   38   -0.4648437500000000E-02    0.1105346679687500E-02
   39   -0.1933593750000000E-02    0.1114158630371094E-02
   40   -0.4101562500000000E-03    0.1032905578613281E-02
   41   -0.6835937500000000E-03    0.9421920776367188E-03
   42   -0.1757812500000000E-03    0.7852554321289062E-03
   43    0.1210937500000000E-02    0.1048278808593750E-02
   44   -0.7460937500000000E-02    0.1000518798828125E-02
   45    0.1699218750000000E-02    0.1014671325683594E-02
   46    0.1835937500000000E-02    0.1096420288085938E-02
   47    0.2812500000000000E-02    0.9140777587890625E-03
   48    0.3164062500000000E-02    0.9687805175781250E-03
   49    0.8984375000000000E-03    0.7985687255859375E-03
   50   -0.1289062500000000E-02    0.1298141479492188E-02
   51   -0.6640625000000000E-03    0.9890747070312499E-03
   52   -0.4492187500000000E-03    0.7397842407226563E-03
   53   -0.3261718750000000E-02    0.8190536499023438E-03
   54   -0.4492187500000000E-02    0.7363128662109375E-03
   55   -0.1171875000000000E-03    0.1174163818359375E-02
   56   -0.3769531250000000E-02    0.1131858825683594E-02
   57   -0.1601562500000000E-02    0.8311462402343750E-03
   58   -0.7011718750000000E-02    0.1015892028808594E-02
   59   -0.3359375000000000E-02    0.1147842407226562E-02
   60    0.2363281250000000E-02    0.9928512573242187E-03
   61   -0.3554687500000000E-02    0.9288787841796875E-03
   62   -0.5058593750000000E-02    0.8834457397460938E-03
   63   -0.1093750000000000E-02    0.8163452148437500E-03
   64    0.7226562500000000E-03    0.8804702758789063E-03
   65   -0.6835937500000000E-03    0.1083869934082031E-02
   66   -0.1562500000000000E-03    0.1210479736328125E-02
   67   -0.1757812500000000E-02    0.7860565185546875E-03
   68    0.7011718750000000E-02    0.1004142761230469E-02
   69    0.6640625000000000E-03    0.1192855834960937E-02
   70   -0.5312500000000000E-02    0.9786987304687500E-03
   71   -0.1738281250000000E-02    0.1032066345214844E-02
   72    0.5195312500000000E-02    0.9305572509765625E-03
   73   -0.7812500000000000E-03    0.6768798828125000E-03
   74   -0.5175781250000000E-02    0.7850265502929687E-03
   75   -0.4492187500000000E-03    0.7862472534179688E-03
   76   -0.1445312500000000E-02    0.1023635864257812E-02
   77    0.3261718750000000E-02    0.1095085144042969E-02
   78   -0.2167968750000000E-02    0.1006431579589844E-02
   79   -0.2578125000000000E-02    0.1083068847656250E-02
   80    0.2343750000000000E-02    0.7737731933593750E-03
   81    0.1679687500000000E-02    0.7681274414062501E-03
   82   -0.3398437500000000E-02    0.1042175292968750E-02
   83   -0.4238281250000000E-02    0.1224250793457031E-02
   84    0.6250000000000000E-03    0.1049728393554688E-02
   85    0.9726562500000001E-02    0.1059570312500000E-02
   86    0.6425781250000000E-02    0.1163291931152344E-02
   87    0.3789062500000000E-02    0.1000976562500000E-02
   88   -0.6074218750000000E-02    0.1302680969238281E-02
   89   -0.3027343750000000E-02    0.1072349548339844E-02
   90   -0.2070312500000000E-02    0.9224700927734375E-03
   91    0.1367187500000000E-03    0.1039085388183594E-02
   92   -0.8984375000000000E-03    0.7844543457031249E-03
   93   -0.1386718750000000E-02    0.1189842224121094E-02
   94   -0.8203125000000000E-03    0.1085128784179687E-02
   95    0.3320312500000000E-03    0.7610702514648437E-03
   96   -0.4160156250000000E-02    0.8589553833007812E-03
   97    0.7812500000000000E-03    0.1185913085937500E-02
   98    0.1152343750000000E-02    0.1026496887207031E-02
   99    0.6445312500000000E-03    0.8912277221679687E-03
  100   -0.1015625000000000E-02    0.1034774780273437E-02
