# time =    0.4601
    0    0.1000000000000000E+01    0.1000000000000000E+01
    1    0.2860351562500000E+00    0.8259555816650391E-01
    2    0.1210351562500000E+00    0.1546245574951172E-01
    3    0.6542968750000000E-01    0.5079879760742188E-02
    4    0.4263671875000000E-01    0.3046836853027344E-02
    5    0.2218750000000000E-01    0.1487503051757812E-02
    6    0.1781250000000000E-01    0.1182022094726563E-02
    7    0.6386718750000000E-02    0.1046257019042969E-02
    8    0.1082031250000000E-01    0.8458709716796875E-03
    9    0.8535156250000000E-02    0.1026039123535156E-02
   10    0.2929687500000000E-02    0.8510589599609375E-03
   11    0.5175781250000000E-02    0.8505630493164062E-03
   12    0.1796875000000000E-02    0.8125305175781250E-03
   13    0.3320312500000000E-03    0.8696365356445312E-03
   14   -0.5449218750000000E-02    0.1074256896972656E-02
   15    0.4687500000000000E-03    0.1249084472656250E-02
   16    0.3906250000000000E-03    0.8600616455078125E-03
   17   -0.2343750000000000E-03    0.9793853759765625E-03
   18    0.9960937500000000E-03    0.1117897033691406E-02
   19   -0.4492187500000000E-03    0.9097671508789063E-03
   20    0.2812500000000000E-02    0.1006927490234375E-02
   21    0.1542968750000000E-02    0.1215324401855469E-02
   22   -0.2421875000000000E-02    0.1074218750000000E-02
   23   -0.1738281250000000E-02    0.9408187866210937E-03
   24   -0.3515625000000000E-02    0.7980346679687500E-03
   25   -0.4746093750000000E-02    0.6944656372070313E-03
   26   -0.1679687500000000E-02    0.1050720214843750E-02
   27   -0.4238281250000000E-02    0.1059684753417969E-02
   28   -0.1992187500000000E-02    0.8453369140625000E-03
   29   -0.2167968750000000E-02    0.7749557495117188E-03
   30   -0.1796875000000000E-02    0.8380889892578125E-03
   31   -0.4335937500000000E-02    0.9742736816406250E-03
   32   -0.2910156250000000E-02    0.9711837768554688E-03
   33   -0.5449218750000000E-02    0.9488296508789062E-03
   34   -0.3906250000000000E-02    0.1149291992187500E-02
   35   -0.3828125000000000E-02    0.8028411865234375E-03
   36    0.4492187500000000E-03    0.1158027648925781E-02
   37   -0.2480468750000000E-02    0.1087837219238281E-02
   38   -0.3496093750000000E-02    0.9109115600585937E-03
   39   -0.6621093750000000E-02    0.8961868286132813E-03
   40   -0.5527343750000000E-02    0.1344871520996094E-02
   41   -0.2128906250000000E-02    0.1137199401855469E-02
   42   -0.4394531250000000E-02    0.8327102661132812E-03
   43    0.6445312500000000E-03    0.1008720397949219E-02
   44   -0.9375000000000000E-03    0.8258819580078125E-03
   45   -0.1992187500000000E-02    0.8561706542968750E-03
   46   -0.1484375000000000E-02    0.7500457763671875E-03
   47   -0.3378906250000000E-02    0.1065330505371094E-02
   48   -0.3769531250000000E-02    0.8608627319335937E-03
   49    0.3339843750000000E-02    0.9624862670898438E-03
   50    0.5039062500000000E-02    0.9066009521484375E-03
   51   -0.1523437500000000E-02    0.9792327880859375E-03
   52    0.3144531250000000E-02    0.8591079711914063E-03
   53    0.2675781250000000E-02    0.9609603881835937E-03
   54    0.2480468750000000E-02    0.9811019897460937E-03
   55    0.2226562500000000E-02    0.1150283813476563E-02
   56    0.3710937500000000E-02    0.8856201171875000E-03
   57    0.2597656250000000E-02    0.8137893676757813E-03
   58   -0.4843750000000000E-02    0.1149215698242187E-02
   59   -0.1210937500000000E-02    0.1019897460937500E-02
   60    0.3242187500000000E-02    0.7789611816406250E-03
   61    0.3105468750000000E-02    0.8897781372070312E-03
   62   -0.5078125000000000E-03    0.1035461425781250E-02
   63    0.1777343750000000E-02    0.8497238159179688E-03
   64   -0.5488281250000000E-02    0.1004524230957031E-02
   65   -0.8203125000000000E-03    0.8200073242187500E-03
   66   -0.4101562500000000E-03    0.6077957153320313E-03
   67   -0.2382812500000000E-02    0.7596588134765624E-03
   68   -0.4453125000000000E-02    0.8031463623046875E-03
   69   -0.2636718750000000E-02    0.9088516235351562E-03
   70   -0.3300781250000000E-02    0.1071128845214844E-02
   71   -0.8437500000000001E-02    0.8529663085937500E-03
   72   -0.3750000000000000E-02    0.8517456054687500E-03
   73   -0.3085937500000000E-02    0.8739471435546875E-03
   74   -0.7617187500000000E-03    0.7868576049804688E-03
   75   -0.4160156250000000E-02    0.7179641723632813E-03
   76   -0.2343750000000000E-02    0.9324645996093750E-03
   77   -0.3007812500000000E-02    0.8197021484375000E-03
   78   -0.2343750000000000E-02    0.9651184082031250E-03
   79   -0.2285156250000000E-02    0.8522415161132812E-03
   80   -0.8593750000000000E-03    0.1060485839843750E-02
   81    0.1230468750000000E-02    0.1041526794433594E-02
   82    0.1503906250000000E-02    0.9569168090820312E-03
   83   -0.2988281250000000E-02    0.9235000610351563E-03
   84   -0.1035156250000000E-02    0.1168632507324219E-02
   85    0.1132812500000000E-02    0.9555053710937500E-03
   86    0.1953125000000000E-03    0.1385650634765625E-02
   87    0.7421875000000000E-03    0.9516906738281250E-03
   88    0.1308593750000000E-02    0.1011161804199219E-02
   89   -0.1367187500000000E-03    0.1088981628417969E-02
   90    0.1503906250000000E-02    0.9306716918945312E-03
   91    0.1953125000000000E-04    0.8897781372070312E-03
   92    0.5195312500000000E-02    0.1094741821289063E-02
   93    0.2343750000000000E-02    0.1250991821289062E-02
   94    0.8125000000000000E-02    0.1007537841796875E-02
   95    0.3496093750000000E-02    0.9498977661132812E-03
   96    0.5566406250000000E-02    0.1001091003417969E-02
   97   -0.8593750000000000E-03    0.1004638671875000E-02
   98    0.1328125000000000E-02    0.9855651855468751E-03
   99    0.3007812500000000E-02    0.1133422851562500E-02
  100    0.4355468750000000E-02    0.1065635681152344E-02
