# time =    0.4668
    0    0.1000000000000000E+01    0.1000000000000000E+01
    1    0.2093359375000000E+00    0.4441238403320313E-01
    2    0.5046875000000000E-01    0.3470001220703125E-02
    3    0.1458984375000000E-01    0.1156349182128906E-02
    4    0.5664062500000000E-03    0.8848190307617187E-03
    5   -0.2929687500000000E-03    0.9615707397460937E-03
    6   -0.5468750000000001E-03    0.8474731445312500E-03
    7    0.4140625000000000E-02    0.8469390869140625E-03
    8   -0.6621093750000000E-02    0.1214942932128906E-02
    9    0.1191406250000000E-02    0.7816696166992187E-03
   10   -0.3320312500000000E-03    0.1047782897949219E-02
   11   -0.1796875000000000E-02    0.1049118041992187E-02
   12   -0.5468750000000000E-02    0.1109466552734375E-02
   13   -0.1992187500000000E-02    0.8617401123046875E-03
   14   -0.4296875000000000E-03    0.8163452148437500E-03
   15   -0.2910156250000000E-02    0.8961105346679687E-03
   16    0.1367187500000000E-02    0.9072113037109375E-03
   17    0.8203125000000000E-03    0.8673095703125001E-03
   18   -0.6542968750000000E-02    0.8278274536132812E-03
   19    0.6113281250000000E-02    0.8912277221679687E-03
   20    0.4687500000000000E-02    0.1003799438476562E-02
   21    0.3906250000000000E-03    0.1004867553710938E-02
   22   -0.7421875000000000E-03    0.8652496337890625E-03
   23   -0.4589843750000000E-02    0.1084861755371094E-02
   24    0.3320312500000000E-02    0.1147155761718750E-02
   25    0.1367187500000000E-02    0.1068572998046875E-02
   26    0.6425781250000000E-02    0.1102333068847656E-02
   27    0.1113281250000000E-02    0.1223945617675781E-02
   28    0.5859375000000000E-03    0.8186340332031250E-03
   29    0.3906250000000000E-04    0.1239700317382813E-02
   30   -0.1972656250000000E-02    0.7822036743164063E-03
   31    0.3203125000000000E-02    0.1039886474609375E-02
   32   -0.6621093750000000E-02    0.8918380737304687E-03
   33   -0.1035156250000000E-02    0.9718704223632813E-03
   34    0.4296875000000000E-03    0.1100006103515625E-02
   35   -0.1914062500000000E-02    0.8691406250000000E-03
   36   -0.2910156250000000E-02    0.8704757690429687E-03
   37    0.2109375000000000E-02    0.1059112548828125E-02
   38    0.1914062500000000E-02    0.9118652343750000E-03
   39    0.7617187500000000E-03    0.9648513793945313E-03
   40   -0.1953125000000000E-02    0.9137725830078125E-03
   41   -0.4160156250000000E-02    0.1081123352050781E-02
   42   -0.5859375000000000E-04    0.8814620971679687E-03
   43    0.1972656250000000E-02    0.1046791076660156E-02
   44   -0.1171875000000000E-03    0.8557128906250000E-03
   45   -0.4179687500000000E-02    0.1012573242187500E-02
   46    0.2949218750000000E-02    0.1065559387207031E-02
   47    0.2324218750000000E-02    0.8946609497070313E-03
   48   -0.7871093750000000E-02    0.8239364624023438E-03
   49   -0.7421875000000000E-03    0.8380889892578125E-03
   50   -0.4707031250000000E-02    0.1633949279785156E-02
   51    0.2109375000000000E-02    0.8993530273437500E-03
   52   -0.1171875000000000E-03    0.8043670654296876E-03
   53    0.1562500000000000E-02    0.9326171875000000E-03
   54    0.3359375000000000E-02    0.8489990234375000E-03
   55    0.3789062500000000E-02    0.8693695068359375E-03
   56   -0.4648437500000000E-02    0.9430694580078125E-03
   57    0.8593750000000000E-03    0.7738494873046876E-03
   58    0.1601562500000000E-02    0.1035308837890625E-02
   59    0.8007812500000000E-03    0.1014289855957031E-02
   60   -0.4296875000000000E-03    0.8261871337890625E-03
   61    0.6484375000000000E-02    0.1004257202148437E-02
   62    0.3925781250000000E-02    0.8982467651367187E-03
   63    0.3574218750000000E-02    0.1141548156738281E-02
   64    0.2480468750000000E-02    0.1196556091308594E-02
   65    0.3750000000000000E-02    0.7686614990234375E-03
   66    0.7812500000000000E-03    0.8509826660156250E-03
   67    0.3828125000000000E-02    0.9163665771484375E-03
   68    0.3417968750000000E-02    0.8774948120117188E-03
   69    0.2675781250000000E-02    0.1123924255371094E-02
   70   -0.1230468750000000E-02    0.1088447570800781E-02
   71    0.7167968750000000E-02    0.1169471740722656E-02
   72    0.3144531250000000E-02    0.9113693237304687E-03
   73    0.8984375000000000E-03    0.1040878295898438E-02
   74   -0.2929687500000000E-03    0.7473373413085937E-03
   75   -0.1796875000000000E-02    0.9192657470703125E-03
   76    0.9765625000000001E-04    0.8832931518554688E-03
   77    0.3183593750000000E-02    0.1067008972167969E-02
   78    0.1250000000000000E-02    0.7691955566406249E-03
   79    0.7617187500000000E-03    0.1107749938964844E-02
   80    0.9765625000000001E-04    0.1106376647949219E-02
   81    0.1054687500000000E-02    0.9191131591796875E-03
   82   -0.1660156250000000E-02    0.8552169799804687E-03
   83   -0.3203125000000000E-02    0.8728027343750000E-03
   84   -0.1503906250000000E-02    0.9315872192382813E-03
   85   -0.4082031250000000E-02    0.1133613586425781E-02
   86   -0.3007812500000000E-02    0.1064147949218750E-02
   87   -0.4492187500000000E-02    0.8380889892578125E-03
   88   -0.7031250000000000E-03    0.9420776367187500E-03
   89   -0.4277343750000000E-02    0.9567642211914063E-03
   90    0.4687500000000000E-03    0.9503936767578124E-03
   91    0.2226562500000000E-02    0.7846069335937500E-03
   92    0.7031250000000000E-03    0.8242797851562500E-03
   93   -0.6445312500000000E-03    0.9782028198242188E-03
   94    0.4687500000000000E-03    0.1203536987304688E-02
   95   -0.8203125000000000E-03    0.1019973754882812E-02
   96   -0.5019531250000000E-02    0.9402084350585937E-03
   97   -0.3144531250000000E-02    0.1014976501464844E-02
   98   -0.6816406250000000E-02    0.1053504943847656E-02
   99   -0.3125000000000000E-02    0.9458160400390625E-03
  100   -0.1972656250000000E-02    0.1333580017089844E-02
