# time =    0.4679
    0    0.1000000000000000E+01    0.1000000000000000E+01
    1    0.2209765625000000E+00    0.4959663391113281E-01
    2    0.5128906250000000E-01    0.3577423095703125E-02
    3    0.2054687500000000E-01    0.1638946533203125E-02
    4    0.1425781250000000E-02    0.8251571655273438E-03
    5    0.1523437500000000E-02    0.8599853515625000E-03
    6   -0.1777343750000000E-02    0.8759689331054687E-03
    7    0.1855468750000000E-02    0.1105842590332031E-02
    8   -0.6015625000000000E-02    0.7785797119140625E-03
    9    0.4648437500000000E-02    0.7826995849609375E-03
   10   -0.2207031250000000E-02    0.9099960327148438E-03
   11   -0.3125000000000000E-03    0.8431243896484375E-03
   12   -0.3613281250000000E-02    0.9765243530273438E-03
   13   -0.6113281250000000E-02    0.1287651062011719E-02
   14   -0.5722656250000000E-02    0.9057998657226562E-03
   15   -0.4453125000000000E-02    0.9503936767578124E-03
   16   -0.2812500000000000E-02    0.1065063476562500E-02
   17    0.2578125000000000E-02    0.1052246093750000E-02
   18    0.1367187500000000E-02    0.1137084960937500E-02
   19   -0.5976562500000000E-02    0.1109771728515625E-02
   20   -0.2109375000000000E-02    0.9773254394531250E-03
   21   -0.4609375000000000E-02    0.9841156005859376E-03
   22   -0.2148437500000000E-02    0.1154403686523438E-02
   23    0.2226562500000000E-02    0.9841918945312500E-03
   24   -0.3105468750000000E-02    0.9816360473632812E-03
   25   -0.8593750000000000E-03    0.9286499023437500E-03
   26    0.4335937500000000E-02    0.1090698242187500E-02
   27    0.3359375000000000E-02    0.8562469482421875E-03
   28    0.5664062500000000E-03    0.8555984497070312E-03
   29    0.2285156250000000E-02    0.8690261840820313E-03
   30   -0.5195312500000000E-02    0.9884643554687500E-03
   31    0.6250000000000000E-03    0.1088104248046875E-02
   32    0.7304687500000000E-02    0.9207153320312501E-03
   33    0.3886718750000000E-02    0.1024055480957031E-02
   34   -0.5859375000000000E-03    0.1134033203125000E-02
   35   -0.4101562500000000E-03    0.7383346557617188E-03
   36   -0.3710937500000000E-02    0.8905792236328125E-03
   37    0.1445312500000000E-02    0.8872985839843750E-03
   38    0.1855468750000000E-02    0.8311843872070312E-03
   39   -0.1328125000000000E-02    0.1122055053710937E-02
   40   -0.1406250000000000E-02    0.1011123657226563E-02
   41   -0.5468750000000000E-02    0.1052246093750000E-02
   42   -0.4414062500000000E-02    0.7492828369140625E-03
   43    0.1113281250000000E-02    0.1043663024902344E-02
   44   -0.5859375000000000E-04    0.1137886047363281E-02
   45   -0.2734375000000000E-02    0.1103820800781250E-02
   46    0.1835937500000000E-02    0.8757781982421875E-03
   47    0.1855468750000000E-02    0.9482955932617188E-03
   48   -0.3710937500000000E-03    0.1099281311035156E-02
   49    0.2460937500000000E-02    0.9925079345703125E-03
   50   -0.6250000000000000E-03    0.8236694335937500E-03
   51   -0.3730468750000000E-02    0.1054649353027344E-02
   52   -0.3242187500000000E-02    0.1023178100585938E-02
   53    0.8203125000000000E-03    0.8966064453125000E-03
   54    0.2851562500000000E-02    0.9323120117187500E-03
   55   -0.2148437500000000E-02    0.8046722412109375E-03
   56    0.1542968750000000E-02    0.8118057250976563E-03
   57    0.4746093750000000E-02    0.8732986450195313E-03
   58    0.2421875000000000E-02    0.1002960205078125E-02
   59   -0.3359375000000000E-02    0.9806060791015625E-03
   60    0.1406250000000000E-02    0.1023788452148437E-02
   61    0.1289062500000000E-02    0.1066360473632813E-02
   62   -0.8984375000000000E-03    0.9843444824218751E-03
   63    0.4882812500000000E-03    0.1081581115722656E-02
   64   -0.7617187500000000E-03    0.9284591674804687E-03
   65    0.2539062500000000E-03    0.6295394897460938E-03
   66    0.4511718750000000E-02    0.1221046447753906E-02
   67    0.4550781250000000E-02    0.1034812927246094E-02
   68   -0.3828125000000000E-02    0.8374786376953125E-03
   69   -0.4492187500000000E-03    0.8069229125976563E-03
   70   -0.2617187500000000E-02    0.8046722412109375E-03
   71    0.1894531250000000E-02    0.1157035827636719E-02
   72    0.1562500000000000E-03    0.1112442016601563E-02
   73   -0.1191406250000000E-02    0.9556961059570313E-03
   74   -0.3554687500000000E-02    0.8890533447265625E-03
   75   -0.4375000000000000E-02    0.1170120239257813E-02
   76    0.0000000000000000E+00    0.8766174316406250E-03
   77   -0.2285156250000000E-02    0.8701705932617188E-03
   78   -0.4433593750000000E-02    0.9708786010742187E-03
   79    0.4414062500000000E-02    0.9061431884765625E-03
   80    0.1621093750000000E-02    0.1272468566894531E-02
   81    0.1953125000000000E-03    0.1103134155273438E-02
   82    0.1113281250000000E-02    0.1197242736816406E-02
   83   -0.5488281250000000E-02    0.1055564880371094E-02
   84   -0.1484375000000000E-02    0.9954833984374999E-03
   85    0.8398437500000000E-03    0.7049179077148437E-03
   86    0.1523437500000000E-02    0.9095001220703125E-03
   87   -0.2382812500000000E-02    0.1146163940429687E-02
   88    0.3906250000000000E-03    0.9030151367187500E-03
   89    0.1308593750000000E-02    0.9869003295898437E-03
   90   -0.3847656250000000E-02    0.1133537292480469E-02
   91    0.7421875000000000E-03    0.1181182861328125E-02
   92   -0.6054687500000000E-03    0.9473037719726563E-03
   93    0.4648437500000000E-02    0.1189727783203125E-02
   94    0.1113281250000000E-02    0.1058464050292969E-02
   95    0.2597656250000000E-02    0.8567428588867188E-03
   96    0.1972656250000000E-02    0.7342147827148437E-03
   97    0.7519531250000000E-02    0.8487319946289063E-03
   98    0.2207031250000000E-02    0.9961318969726562E-03
   99    0.6542968750000000E-02    0.1064186096191406E-02
  100    0.2382812500000000E-02    0.9140777587890625E-03
