# time =    0.4610
    0    0.1000000000000000E+01    0.1000000000000000E+01
    1    0.1891210937500000E+00    0.3624980926513672E-01
    2    0.3800781250000000E-01    0.2378921508789063E-02
    3    0.4375000000000000E-02    0.1014251708984375E-02
    4   -0.5468750000000001E-03    0.9344482421875000E-03
    5    0.3281250000000000E-02    0.9618377685546874E-03
    6    0.2246093750000000E-02    0.1102256774902344E-02
    7    0.7617187500000000E-03    0.1034507751464844E-02
    8    0.2343750000000000E-03    0.9492492675781250E-03
    9   -0.7089843750000000E-02    0.9673690795898438E-03
   10   -0.6269531250000000E-02    0.1057014465332031E-02
   11    0.9570312500000000E-03    0.8803176879882813E-03
   12   -0.2929687500000000E-02    0.8723449707031250E-03
   13    0.1132812500000000E-02    0.1239166259765625E-02
   14    0.2011718750000000E-02    0.1220893859863281E-02
   15    0.2890625000000000E-02    0.9211730957031250E-03
   16   -0.3867187500000000E-02    0.8792877197265625E-03
   17   -0.5078125000000000E-02    0.1144180297851562E-02
   18    0.5195312500000000E-02    0.9281158447265625E-03
   19   -0.3281250000000000E-02    0.7521057128906250E-03
   20    0.4492187500000000E-02    0.1099243164062500E-02
   21    0.3710937500000000E-02    0.9764862060546875E-03
   22    0.7812500000000000E-04    0.6893157958984375E-03
   23    0.4218750000000000E-02    0.1030578613281250E-02
   24   -0.8984374999999999E-02    0.9116363525390625E-03
   25   -0.2871093750000000E-02    0.9493637084960938E-03
   26    0.3339843750000000E-02    0.1224174499511719E-02
   27   -0.2343750000000000E-02    0.9517669677734375E-03
   28    0.4335937500000000E-02    0.8951568603515625E-03
   29   -0.5859375000000000E-04    0.9144210815429688E-03
   30   -0.3515625000000000E-03    0.1157150268554687E-02
   31   -0.1328125000000000E-02    0.1149444580078125E-02
   32   -0.9960937500000000E-03    0.9981918334960938E-03
   33   -0.3593750000000000E-02    0.1181564331054688E-02
   34   -0.3378906250000000E-02    0.8217239379882812E-03
   35   -0.8007812500000000E-03    0.8627700805664062E-03
   36   -0.6816406250000000E-02    0.1055183410644531E-02
   37   -0.2382812500000000E-02    0.8483886718750000E-03
   38    0.3867187500000000E-02    0.9967041015624999E-03
   39   -0.2890625000000000E-02    0.1197128295898437E-02
   40   -0.3320312500000000E-03    0.1047019958496094E-02
   41   -0.2031250000000000E-02    0.1065673828125000E-02
   42   -0.5468750000000001E-03    0.9421539306640625E-03
   43   -0.5273437500000000E-02    0.1092147827148438E-02
   44   -0.1640625000000000E-02    0.8438110351562500E-03
   45   -0.1757812500000000E-03    0.8150863647460937E-03
   46    0.1816406250000000E-02    0.1141853332519531E-02
   47   -0.2890625000000000E-02    0.1034698486328125E-02
   48   -0.2187500000000000E-02    0.7928466796875000E-03
   49   -0.2832031250000000E-02    0.9453964233398438E-03
   50   -0.2363281250000000E-02    0.8369827270507812E-03
   51    0.1972656250000000E-02    0.1292076110839844E-02
   52   -0.2968750000000000E-02    0.9783935546875001E-03
   53    0.2226562500000000E-02    0.8534240722656250E-03
   54    0.4863281250000000E-02    0.8623886108398437E-03
   55   -0.7031250000000000E-03    0.1003265380859375E-02
   56    0.1835937500000000E-02    0.6264495849609375E-03
   57    0.1210937500000000E-02    0.9862518310546876E-03
   58    0.2324218750000000E-02    0.1111259460449219E-02
   59   -0.8789062500000000E-03    0.8507156372070312E-03
   60   -0.1953125000000000E-04    0.9370040893554687E-03
   61    0.3808593750000000E-02    0.9545516967773437E-03
   62    0.4550781250000000E-02    0.1245613098144531E-02
   63    0.3457031250000000E-02    0.1161842346191406E-02
   64    0.1542968750000000E-02    0.8047103881835937E-03
   65   -0.4824218750000000E-02    0.1073341369628906E-02
   66   -0.1093750000000000E-02    0.1024322509765625E-02
   67   -0.4375000000000000E-02    0.8044433593750000E-03
   68   -0.4218750000000000E-02    0.9564208984375000E-03
   69    0.2480468750000000E-02    0.1076622009277344E-02
   70    0.2968750000000000E-02    0.8742523193359375E-03
   71    0.1386718750000000E-02    0.1123085021972656E-02
   72    0.1718750000000000E-02    0.9704589843750000E-03
   73    0.2285156250000000E-02    0.9225845336914062E-03
   74    0.5078125000000000E-02    0.7625579833984375E-03
   75   -0.2734375000000000E-02    0.1034240722656250E-02
   76   -0.1953125000000000E-02    0.8872222900390625E-03
   77    0.1171875000000000E-02    0.1063461303710937E-02
   78    0.6640625000000000E-03    0.1057052612304688E-02
   79    0.1660156250000000E-02    0.9399032592773437E-03
   80    0.1562500000000000E-03    0.8559417724609375E-03
   81   -0.8398437500000000E-03    0.9937667846679687E-03
   82    0.1601562500000000E-02    0.1038208007812500E-02
   83    0.2988281250000000E-02    0.9762191772460937E-03
   84   -0.4433593750000000E-02    0.8794784545898438E-03
   85   -0.1328125000000000E-02    0.1015090942382813E-02
   86   -0.4609375000000000E-02    0.8929443359375000E-03
   87    0.2988281250000000E-02    0.8915328979492188E-03
   88    0.3750000000000000E-02    0.1109771728515625E-02
   89    0.1757812500000000E-03    0.8856582641601562E-03
   90    0.8203125000000000E-03    0.9182739257812500E-03
   91    0.2265625000000000E-02    0.9955596923828126E-03
   92   -0.1152343750000000E-01    0.1117095947265625E-02
   93   -0.1621093750000000E-02    0.9626388549804687E-03
   94   -0.1035156250000000E-02    0.9327316284179687E-03
   95    0.1953125000000000E-04    0.8143234252929687E-03
   96   -0.2011718750000000E-02    0.9827041625976563E-03
   97    0.3984375000000000E-02    0.8193969726562500E-03
   98   -0.1015625000000000E-02    0.8998870849609375E-03
   99    0.5859375000000000E-04    0.1007118225097656E-02
  100   -0.1582031250000000E-02    0.1066246032714844E-02
