# time =    0.4635
    0    0.1000000000000000E+01    0.1000000000000000E+01
    1    0.1887890625000000E+00    0.3673515319824219E-01
    2    0.3753906250000000E-01    0.2452774047851563E-02
    3    0.4277343750000000E-02    0.9502029418945313E-03
    4    0.9570312500000000E-03    0.1242179870605469E-02
    5   -0.1152343750000000E-02    0.8597183227539063E-03
    6    0.1503906250000000E-02    0.9453201293945313E-03
    7    0.4843750000000000E-02    0.9107208251953125E-03
    8   -0.2910156250000000E-02    0.9391403198242187E-03
    9   -0.2460937500000000E-02    0.8568572998046875E-03
   10   -0.1562500000000000E-03    0.1078872680664062E-02
   11    0.2207031250000000E-02    0.1051673889160156E-02
   12   -0.4804687500000000E-02    0.1087951660156250E-02
   13   -0.1562500000000000E-03    0.1048965454101563E-02
   14    0.5117187500000000E-02    0.8396911621093750E-03
   15   -0.2187500000000000E-02    0.9500122070312500E-03
   16   -0.5859375000000000E-03    0.1078872680664062E-02
   17    0.2597656250000000E-02    0.1280021667480469E-02
   18    0.1855468750000000E-02    0.1011238098144531E-02
   19   -0.2539062500000000E-03    0.1128044128417969E-02
   20   -0.2539062500000000E-03    0.1087532043457031E-02
   21   -0.5820312500000000E-02    0.9295654296875000E-03
   22    0.4257812500000000E-02    0.9407043457031250E-03
   23    0.3046875000000000E-02    0.1347427368164063E-02
   24    0.4414062500000000E-02    0.9776306152343749E-03
   25   -0.4023437500000000E-02    0.8891296386718750E-03
   26    0.6191406250000000E-02    0.1066932678222656E-02
   27    0.4062500000000000E-02    0.1057281494140625E-02
   28    0.5351562500000000E-02    0.1196289062500000E-02
   29   -0.1699218750000000E-02    0.1190834045410156E-02
   30    0.2910156250000000E-02    0.9428024291992188E-03
   31    0.3789062500000000E-02    0.9876251220703124E-03
   32    0.3886718750000000E-02    0.8829879760742187E-03
   33   -0.3515625000000000E-03    0.1018447875976563E-02
   34   -0.1992187500000000E-02    0.1031875610351562E-02
   35    0.4238281250000000E-02    0.9169387817382813E-03
   36   -0.4511718750000000E-02    0.8469772338867188E-03
   37    0.5371093750000000E-02    0.1118583679199219E-02
   38   -0.3046875000000000E-02    0.9103393554687499E-03
   39   -0.7363281250000000E-02    0.1054344177246094E-02
   40   -0.3945312500000000E-02    0.1132507324218750E-02
   41    0.2519531250000000E-02    0.1039237976074219E-02
   42    0.3886718750000000E-02    0.1085624694824219E-02
   43   -0.3632812500000000E-02    0.1185989379882812E-02
   44   -0.1328125000000000E-02    0.1068038940429688E-02
   45   -0.2148437500000000E-02    0.1089706420898438E-02
   46    0.4414062500000000E-02    0.8935546875000000E-03
   47    0.4023437500000000E-02    0.1191558837890625E-02
   48   -0.6562500000000000E-02    0.9587097167968750E-03
   49   -0.3359375000000000E-02    0.7217407226562500E-03
   50   -0.3515625000000000E-03    0.9757232666015625E-03
   51   -0.5859375000000000E-03    0.1018371582031250E-02
   52    0.4746093750000000E-02    0.1019401550292969E-02
   53    0.6660156250000000E-02    0.1202659606933594E-02
   54    0.3339843750000000E-02    0.9891891479492188E-03
   55    0.2968750000000000E-02    0.7744598388671875E-03
   56    0.3906250000000000E-03    0.1045913696289063E-02
   57    0.2148437500000000E-02    0.8135223388671875E-03
   58    0.1992187500000000E-02    0.8219909667968750E-03
   59    0.2539062500000000E-03    0.8800125122070312E-03
   60   -0.7421875000000000E-03    0.1088104248046875E-02
   61    0.4140625000000000E-02    0.9709930419921875E-03
   62   -0.1601562500000000E-02    0.1108169555664062E-02
   63    0.2597656250000000E-02    0.1171073913574219E-02
   64   -0.1347656250000000E-02    0.7948684692382813E-03
   65    0.3847656250000000E-02    0.8868789672851563E-03
   66   -0.6250000000000000E-03    0.7653808593749999E-03
   67    0.2617187500000000E-02    0.8127593994140625E-03
   68   -0.1367187500000000E-02    0.1036682128906250E-02
   69   -0.1425781250000000E-02    0.1098747253417969E-02
   70    0.4316406250000000E-02    0.9057235717773438E-03
   71    0.4687500000000000E-03    0.8990478515625000E-03
   72   -0.1699218750000000E-02    0.1221885681152344E-02
   73   -0.8593750000000000E-03    0.9223937988281250E-03
   74   -0.2597656250000000E-02    0.9051132202148438E-03
   75    0.3750000000000000E-02    0.1116638183593750E-02
   76   -0.2460937500000000E-02    0.1326141357421875E-02
   77   -0.4023437500000000E-02    0.9957122802734374E-03
   78   -0.2890625000000000E-02    0.9030914306640625E-03
   79   -0.1386718750000000E-02    0.1077079772949219E-02
   80    0.2636718750000000E-02    0.7193374633789062E-03
   81   -0.3964843750000000E-02    0.9615707397460937E-03
   82   -0.3671875000000000E-02    0.8094024658203125E-03
   83   -0.2656250000000000E-02    0.1170120239257813E-02
   84    0.3828125000000000E-02    0.7657623291015625E-03
   85   -0.2929687500000000E-03    0.1124153137207031E-02
   86   -0.8007812500000000E-03    0.7838058471679687E-03
   87    0.4980468750000000E-02    0.8140182495117187E-03
   88    0.3769531250000000E-02    0.8753585815429687E-03
   89    0.2968750000000000E-02    0.9071350097656250E-03
   90    0.4882812500000000E-02    0.1145629882812500E-02
   91   -0.1816406250000000E-02    0.1052513122558594E-02
   92    0.1601562500000000E-02    0.1135101318359375E-02
   93   -0.4375000000000000E-02    0.9403228759765625E-03
   94   -0.6210937500000000E-02    0.8780670166015625E-03
   95   -0.4667968750000000E-02    0.7027053833007813E-03
   96   -0.2207031250000000E-02    0.1109886169433594E-02
   97   -0.5761718750000000E-02    0.1344261169433594E-02
   98    0.2578125000000000E-02    0.1035461425781250E-02
   99    0.6015625000000000E-02    0.1065216064453125E-02
  100    0.1953125000000000E-03    0.9266662597656250E-03
