# time =    0.4161
    0    0.1000000000000000E+01    0.1000000000000000E+01
    1    0.3712695312500000E+00    0.1385993576049805E+00
    2    0.2092382812500000E+00    0.4467914581298828E-01
    3    0.1512500000000000E+00    0.2382316589355469E-01
    4    0.1221093750000000E+00    0.1580200195312500E-01
    5    0.1024804687500000E+00    0.1128124237060547E-01
    6    0.8666015625000000E-01    0.8339042663574220E-02
    7    0.8294921875000000E-01    0.7775611877441406E-02
    8    0.6992187499999999E-01    0.5717086791992188E-02
    9    0.6751953125000000E-01    0.5253181457519531E-02
   10    0.6130859375000000E-01    0.4429817199707031E-02
   11    0.5935546875000000E-01    0.4158287048339844E-02
   12    0.5671875000000000E-01    0.3959350585937500E-02
   13    0.5015625000000000E-01    0.3370590209960938E-02
   14    0.4728515625000000E-01    0.2991294860839844E-02
   15    0.4738281250000000E-01    0.3004608154296875E-02
   16    0.4785156250000000E-01    0.3048248291015625E-02
   17    0.4484375000000000E-01    0.2695465087890625E-02
   18    0.4042968750000000E-01    0.2311935424804687E-02
   19    0.4582031250000000E-01    0.2828216552734375E-02
   20    0.4501953125000000E-01    0.2777366638183594E-02
   21    0.4189453125000000E-01    0.2508049011230469E-02
   22    0.4066406250000000E-01    0.2479934692382813E-02
   23    0.4160156250000000E-01    0.2509918212890625E-02
   24    0.4191406250000000E-01    0.2522964477539062E-02
   25    0.3656250000000000E-01    0.2143402099609375E-02
   26    0.3539062500000000E-01    0.2055358886718750E-02
   27    0.3416015625000000E-01    0.1956214904785156E-02
   28    0.3439453125000000E-01    0.1848716735839844E-02
   29    0.3291015625000000E-01    0.1995124816894531E-02
   30    0.3246093750000000E-01    0.1873779296875000E-02
   31    0.3142578125000000E-01    0.1661338806152344E-02
   32    0.3189453125000000E-01    0.1685676574707031E-02
   33    0.3119140625000000E-01    0.1720237731933594E-02
   34    0.2833984375000000E-01    0.1547889709472656E-02
   35    0.2744140625000000E-01    0.1549491882324219E-02
   36    0.2646484375000000E-01    0.1470756530761719E-02
   37    0.2791015625000000E-01    0.1575965881347656E-02
   38    0.2847656250000000E-01    0.1664199829101562E-02
   39    0.2765625000000000E-01    0.1512527465820312E-02
   40    0.2566406250000000E-01    0.1460342407226562E-02
   41    0.2285156250000000E-01    0.1269531250000000E-02
   42    0.2417968750000000E-01    0.1306381225585937E-02
   43    0.2464843750000000E-01    0.1244583129882812E-02
   44    0.2697265625000000E-01    0.1318016052246094E-02
   45    0.2501953125000000E-01    0.1236839294433594E-02
   46    0.2546875000000000E-01    0.1205215454101562E-02
   47    0.2697265625000000E-01    0.1253471374511719E-02
   48    0.2669921875000000E-01    0.1415138244628906E-02
   49    0.2523437500000000E-01    0.1318359375000000E-02
   50    0.2707031250000000E-01    0.1438522338867188E-02
   51    0.2964843750000000E-01    0.1633453369140625E-02
   52    0.2853515625000000E-01    0.1580848693847656E-02
   53    0.2873046875000000E-01    0.1525764465332031E-02
   54    0.2408203125000000E-01    0.1369590759277344E-02
   55    0.2601562500000000E-01    0.1415710449218750E-02
   56    0.2816406250000000E-01    0.1457595825195313E-02
   57    0.2646484375000000E-01    0.1483650207519531E-02
   58    0.2656250000000000E-01    0.1564788818359375E-02
   59    0.2476562500000000E-01    0.1376495361328125E-02
   60    0.2671875000000000E-01    0.1455078125000000E-02
   61    0.2466796875000000E-01    0.1296348571777344E-02
   62    0.2431640625000000E-01    0.1394615173339844E-02
   63    0.2253906250000000E-01    0.1414871215820312E-02
   64    0.2412109375000000E-01    0.1446723937988281E-02
   65    0.2320312500000000E-01    0.1375045776367187E-02
   66    0.2322265625000000E-01    0.1307640075683594E-02
   67    0.2308593750000000E-01    0.1283569335937500E-02
   68    0.2394531250000000E-01    0.1282653808593750E-02
   69    0.2222656250000000E-01    0.1148757934570312E-02
   70    0.2351562500000000E-01    0.1297149658203125E-02
   71    0.2322265625000000E-01    0.1381263732910156E-02
   72    0.1962890625000000E-01    0.1192283630371094E-02
   73    0.2156250000000000E-01    0.1372528076171875E-02
   74    0.2005859375000000E-01    0.1235008239746094E-02
   75    0.2138671875000000E-01    0.1319999694824219E-02
   76    0.2250000000000000E-01    0.1357650756835937E-02
   77    0.2365234375000000E-01    0.1420173645019531E-02
   78    0.2312500000000000E-01    0.1350402832031250E-02
   79    0.2144531250000000E-01    0.1193237304687500E-02
   80    0.2210937500000000E-01    0.1191101074218750E-02
   81    0.1845703125000000E-01    0.1126594543457031E-02
   82    0.2117187500000000E-01    0.1311798095703125E-02
   83    0.1996093750000000E-01    0.1265029907226563E-02
   84    0.1982421875000000E-01    0.1212120056152344E-02
   85    0.1947265625000000E-01    0.1085243225097656E-02
   86    0.1921875000000000E-01    0.1210556030273437E-02
   87    0.1986328125000000E-01    0.1079139709472656E-02
   88    0.2238281250000000E-01    0.1302871704101563E-02
   89    0.2027343750000000E-01    0.1124572753906250E-02
   90    0.2115234375000000E-01    0.1191825866699219E-02
   91    0.1871093750000000E-01    0.1112976074218750E-02
   92    0.2042968750000000E-01    0.1131134033203125E-02
   93    0.2041015625000000E-01    0.1102638244628906E-02
   94    0.2123046875000000E-01    0.1190147399902344E-02
   95    0.2152343750000000E-01    0.1150283813476563E-02
   96    0.2078125000000000E-01    0.1311264038085938E-02
   97    0.2000000000000000E-01    0.1148300170898437E-02
   98    0.1888671875000000E-01    0.1168785095214844E-02
   99    0.1759765625000000E-01    0.1190605163574219E-02
  100    0.1908203125000000E-01    0.1224403381347656E-02
