# time =    0.4848
    0    0.1000000000000000E+01    0.1000000000000000E+01
    1    0.2133398437500000E+00    0.4647365570068360E-01
    2    0.4935546875000000E-01    0.3401985168457031E-02
    3    0.1466796875000000E-01    0.1211891174316406E-02
    4    0.3105468750000000E-02    0.1275138854980469E-02
    5    0.4882812500000000E-02    0.1027297973632813E-02
    6   -0.3476562500000000E-02    0.9405517578125000E-03
    7    0.3300781250000000E-02    0.9649276733398437E-03
    8    0.3007812500000000E-02    0.8119201660156250E-03
    9   -0.1757812500000000E-02    0.8679199218750000E-03
   10    0.1054687500000000E-02    0.1055603027343750E-02
   11    0.6035156250000000E-02    0.9460067749023438E-03
   12   -0.8593750000000000E-03    0.8499908447265625E-03
   13   -0.1250000000000000E-02    0.9731292724609375E-03
   14   -0.3515625000000000E-03    0.1048889160156250E-02
   15    0.5800781250000000E-02    0.1176185607910156E-02
   16   -0.8398437500000000E-03    0.7490158081054687E-03
   17    0.3906250000000000E-04    0.1003036499023437E-02
   18    0.5078125000000000E-03    0.1229629516601562E-02
   19   -0.2128906250000000E-02    0.1123237609863281E-02
   20    0.4023437500000000E-02    0.9880828857421874E-03
   21   -0.4980468750000000E-02    0.1039695739746094E-02
   22    0.1015625000000000E-02    0.1101684570312500E-02
   23    0.4882812500000000E-03    0.1032295227050781E-02
   24    0.1679687500000000E-02    0.1030426025390625E-02
   25    0.1035156250000000E-02    0.9680557250976563E-03
   26   -0.5859375000000000E-03    0.8740234375000000E-03
   27   -0.2812500000000000E-02    0.9267425537109375E-03
   28   -0.5273437500000000E-02    0.1109619140625000E-02
   29    0.4003906250000000E-02    0.1231422424316406E-02
   30    0.4960937500000000E-02    0.1057739257812500E-02
   31   -0.3320312500000000E-03    0.1180992126464844E-02
   32    0.3417968750000000E-02    0.1092948913574219E-02
   33   -0.9179687499999999E-03    0.8430862426757812E-03
   34   -0.1894531250000000E-02    0.1109657287597656E-02
   35    0.2929687500000000E-03    0.8911514282226563E-03
   36    0.4375000000000000E-02    0.1049041748046875E-02
   37    0.2031250000000000E-02    0.7585906982421876E-03
   38   -0.1953125000000000E-04    0.7870864868164063E-03
   39    0.1230468750000000E-02    0.1024818420410156E-02
   40   -0.2929687500000000E-02    0.7978820800781250E-03
   41   -0.8300781250000000E-02    0.1391410827636719E-02
   42    0.3320312500000000E-02    0.1186141967773437E-02
   43   -0.1777343750000000E-02    0.1015892028808594E-02
   44    0.2695312500000000E-02    0.1062011718750000E-02
   45   -0.5253906250000000E-02    0.1369972229003906E-02
   46   -0.3496093750000000E-02    0.1070976257324219E-02
   47   -0.1464843750000000E-02    0.1047706604003906E-02
   48    0.6250000000000000E-03    0.8179473876953125E-03
   49   -0.3164062500000000E-02    0.9256744384765625E-03
   50   -0.3046875000000000E-02    0.1157379150390625E-02
   51    0.3125000000000000E-03    0.7491302490234375E-03
   52   -0.2773437500000000E-02    0.1040954589843750E-02
   53    0.4687500000000000E-02    0.1084976196289063E-02
   54    0.5234375000000000E-02    0.7564544677734375E-03
   55    0.6054687500000000E-03    0.1186408996582031E-02
   56   -0.2832031250000000E-02    0.9220504760742188E-03
   57   -0.2558593750000000E-02    0.1030998229980469E-02
   58    0.5957031250000000E-02    0.9890365600585937E-03
   59   -0.9375000000000000E-03    0.8928680419921875E-03
   60    0.9960937500000000E-03    0.7579421997070312E-03
   61    0.1074218750000000E-02    0.1044731140136719E-02
   62    0.4296875000000000E-03    0.8496093750000000E-03
   63    0.3906250000000000E-04    0.1078643798828125E-02
   64    0.3359375000000000E-02    0.8279418945312500E-03
   65   -0.1660156250000000E-02    0.8178329467773437E-03
   66   -0.4277343750000000E-02    0.9077072143554687E-03
   67    0.1152343750000000E-02    0.7748794555664062E-03
   68   -0.1796875000000000E-02    0.9523773193359375E-03
   69   -0.2968750000000000E-02    0.7636260986328125E-03
   70   -0.4238281250000000E-02    0.1082572937011719E-02
   71   -0.4667968750000000E-02    0.8909988403320312E-03
   72   -0.2949218750000000E-02    0.8992385864257812E-03
   73   -0.1269531250000000E-02    0.9231948852539062E-03
   74    0.5195312500000000E-02    0.9791564941406250E-03
   75    0.6835937500000000E-03    0.8982467651367187E-03
   76   -0.2695312500000000E-02    0.6976318359375000E-03
   77   -0.1953125000000000E-03    0.8998870849609375E-03
   78   -0.1835937500000000E-02    0.8898925781250000E-03
   79    0.5664062500000000E-02    0.1062240600585937E-02
   80    0.3789062500000000E-02    0.1038055419921875E-02
   81    0.3769531250000000E-02    0.8510971069335938E-03
   82   -0.3632812500000000E-02    0.8298492431640625E-03
   83    0.1152343750000000E-02    0.1027946472167969E-02
   84    0.1210937500000000E-02    0.9265899658203125E-03
   85    0.3906250000000000E-04    0.7327270507812500E-03
   86   -0.9179687499999999E-03    0.8838272094726562E-03
   87    0.2539062500000000E-03    0.1058769226074219E-02
   88    0.3652343750000000E-02    0.1293830871582031E-02
   89   -0.2402343750000000E-02    0.8568954467773437E-03
   90   -0.1933593750000000E-02    0.7127761840820312E-03
   91    0.6250000000000000E-03    0.9941864013671875E-03
   92    0.3007812500000000E-02    0.9721374511718750E-03
   93   -0.2910156250000000E-02    0.1036262512207031E-02
   94    0.5546875000000000E-02    0.1149063110351563E-02
   95   -0.1953125000000000E-04    0.1056861877441406E-02
   96    0.1660156250000000E-02    0.1027488708496094E-02
   97    0.3691406250000000E-02    0.8202743530273438E-03
   98    0.8398437500000000E-03    0.7355117797851563E-03
   99   -0.1015625000000000E-02    0.9195709228515625E-03
  100   -0.1562500000000000E-03    0.8972167968750000E-03
