# time =    0.4397
    0    0.1000000000000000E+01    0.1000000000000000E+01
    1    0.3171484375000000E+00    0.1015894317626953E+00
    2    0.1166406250000000E+00    0.1456466674804687E-01
    3    0.4314453125000000E-01    0.3003501892089844E-02
    4    0.1958984375000000E-01    0.1273307800292969E-02
    5    0.4707031250000000E-02    0.9865951538085937E-03
    6    0.8007812500000000E-03    0.8105850219726563E-03
    7   -0.6835937500000000E-03    0.9656906127929688E-03
    8    0.7031250000000000E-03    0.1100234985351563E-02
    9    0.1445312500000000E-02    0.1129989624023438E-02
   10    0.1992187500000000E-02    0.1160125732421875E-02
   11   -0.7421875000000000E-03    0.9889984130859375E-03
   12    0.1132812500000000E-02    0.9186553955078125E-03
   13    0.1013671875000000E-01    0.1079978942871094E-02
   14    0.1308593750000000E-02    0.1190757751464844E-02
   15    0.2343750000000000E-03    0.1008529663085937E-02
   16    0.3222656250000000E-02    0.1023445129394531E-02
   17   -0.1367187500000000E-03    0.1044425964355469E-02
   18   -0.2324218750000000E-02    0.8022689819335938E-03
   19    0.1933593750000000E-02    0.1237068176269531E-02
   20   -0.4492187500000000E-02    0.1315612792968750E-02
   21    0.3085937500000000E-02    0.9245300292968751E-03
   22   -0.2460937500000000E-02    0.9854888916015624E-03
   23   -0.6503906250000000E-02    0.1046333312988281E-02
   24   -0.2773437500000000E-02    0.8441162109375000E-03
   25    0.2265625000000000E-02    0.7270050048828125E-03
   26    0.1015625000000000E-02    0.8750152587890625E-03
   27    0.7812500000000000E-03    0.8956909179687500E-03
   28    0.2226562500000000E-02    0.9723663330078125E-03
   29    0.6250000000000000E-03    0.7321929931640625E-03
   30   -0.1953125000000000E-02    0.1006774902343750E-02
   31    0.1914062500000000E-02    0.1151504516601563E-02
   32   -0.1582031250000000E-02    0.9809494018554687E-03
   33   -0.1640625000000000E-02    0.9181976318359375E-03
   34   -0.3417968750000000E-02    0.9358596801757813E-03
   35    0.1093750000000000E-02    0.1158447265625000E-02
   36   -0.2148437500000000E-02    0.1015625000000000E-02
   37   -0.2207031250000000E-02    0.8407211303710937E-03
   38   -0.1367187500000000E-02    0.1001815795898438E-02
   39    0.4023437500000000E-02    0.8972930908203125E-03
   40    0.6093750000000000E-02    0.1132736206054687E-02
   41    0.1718750000000000E-02    0.8164978027343750E-03
   42    0.2539062500000000E-03    0.1111717224121094E-02
   43    0.4082031250000000E-02    0.1033439636230469E-02
   44    0.4492187500000000E-03    0.1019401550292969E-02
   45   -0.1347656250000000E-02    0.9607315063476562E-03
   46   -0.3750000000000000E-02    0.1142730712890625E-02
   47    0.9570312500000000E-03    0.8853530883789063E-03
   48    0.8593750000000000E-03    0.9799194335937500E-03
   49   -0.1406250000000000E-02    0.1150588989257813E-02
   50   -0.4296875000000000E-03    0.9035491943359376E-03
   51    0.3066406250000000E-02    0.1080589294433594E-02
   52   -0.3828125000000000E-02    0.7891845703125000E-03
   53   -0.2734375000000000E-03    0.9680938720703125E-03
   54   -0.5625000000000000E-02    0.1048965454101563E-02
   55   -0.2207031250000000E-02    0.8917617797851563E-03
   56    0.2167968750000000E-02    0.1063575744628906E-02
   57    0.3886718750000000E-02    0.9208297729492187E-03
   58    0.1503906250000000E-02    0.1037406921386719E-02
   59   -0.9570312500000000E-03    0.1135520935058594E-02
   60   -0.3046875000000000E-02    0.1189575195312500E-02
   61   -0.5976562500000000E-02    0.9409332275390625E-03
   62   -0.6757812500000000E-02    0.8469390869140625E-03
   63    0.4687500000000000E-03    0.7214355468750000E-03
   64   -0.3261718750000000E-02    0.8486557006835937E-03
   65   -0.3378906250000000E-02    0.1026573181152344E-02
   66   -0.1855468750000000E-02    0.9621047973632813E-03
   67   -0.1601562500000000E-02    0.9175872802734375E-03
   68   -0.4882812500000000E-03    0.8782577514648437E-03
   69    0.1738281250000000E-02    0.8626174926757812E-03
   70   -0.1972656250000000E-02    0.1112556457519531E-02
   71    0.3398437500000000E-02    0.1000518798828125E-02
   72    0.3027343750000000E-02    0.9759902954101562E-03
   73   -0.4101562500000000E-03    0.8349990844726562E-03
   74   -0.4531250000000000E-02    0.9313964843750000E-03
   75    0.4550781250000000E-02    0.9111404418945312E-03
   76   -0.3906250000000000E-03    0.6744384765625000E-03
   77    0.8007812500000000E-03    0.1044120788574219E-02
   78    0.1308593750000000E-02    0.9974288940429689E-03
   79   -0.5683593750000000E-02    0.8649826049804688E-03
   80   -0.3437500000000000E-02    0.9767150878906251E-03
   81   -0.1035156250000000E-02    0.1041908264160156E-02
   82   -0.6445312500000000E-03    0.7503128051757812E-03
   83   -0.4414062500000000E-02    0.7057189941406250E-03
   84    0.1757812500000000E-02    0.1040267944335937E-02
   85   -0.6445312500000000E-03    0.1064109802246094E-02
   86   -0.4492187500000000E-03    0.9251785278320313E-03
   87    0.2207031250000000E-02    0.1133842468261719E-02
   88    0.2753906250000000E-02    0.9998703002929688E-03
   89    0.4082031250000000E-02    0.7820510864257812E-03
   90   -0.9179687499999999E-03    0.7075881958007813E-03
   91    0.4355468750000000E-02    0.9088516235351562E-03
   92    0.5371093750000000E-02    0.1021995544433594E-02
   93    0.2539062500000000E-03    0.1068382263183594E-02
   94   -0.3105468750000000E-02    0.8325576782226562E-03
   95   -0.1953125000000000E-02    0.9270477294921875E-03
   96   -0.1855468750000000E-02    0.9360885620117187E-03
   97    0.9570312500000000E-03    0.1155052185058594E-02
   98    0.6093750000000000E-02    0.1007080078125000E-02
   99   -0.5449218750000000E-02    0.9496688842773437E-03
  100    0.1152343750000000E-02    0.9986495971679688E-03
