# time =    0.4778
    0    0.1000000000000000E+01    0.1000000000000000E+01
    1    0.2079101562500000E+00    0.4393260955810547E-01
    2    0.4617187500000000E-01    0.2760772705078125E-02
    3    0.1318359375000000E-01    0.9784317016601563E-03
    4    0.5625000000000000E-02    0.8520507812500001E-03
    5    0.4492187500000000E-03    0.1112022399902344E-02
    6    0.1777343750000000E-02    0.9678268432617188E-03
    7   -0.1660156250000000E-02    0.1297950744628906E-02
    8   -0.4902343750000000E-02    0.9154891967773438E-03
    9   -0.2871093750000000E-02    0.8795547485351562E-03
   10   -0.1855468750000000E-02    0.1273841857910156E-02
   11    0.2011718750000000E-02    0.7181930541992188E-03
   12   -0.2910156250000000E-02    0.8491897583007813E-03
   13    0.1386718750000000E-02    0.9801864624023437E-03
   14    0.4296875000000000E-03    0.1114807128906250E-02
   15    0.5253906250000000E-02    0.8255386352539062E-03
   16    0.1933593750000000E-02    0.1065483093261719E-02
   17   -0.9765625000000001E-04    0.1010475158691406E-02
   18    0.2421875000000000E-02    0.1049346923828125E-02
   19    0.6015625000000000E-02    0.1060104370117187E-02
   20    0.3261718750000000E-02    0.8853530883789063E-03
   21    0.5664062500000000E-02    0.1061325073242188E-02
   22    0.3437500000000000E-02    0.1019058227539062E-02
   23    0.1855468750000000E-02    0.1039314270019531E-02
   24   -0.6250000000000000E-03    0.9670257568359375E-03
   25    0.4453125000000000E-02    0.9468841552734375E-03
   26   -0.5859375000000000E-03    0.1055831909179687E-02
   27   -0.1562500000000000E-03    0.1024169921875000E-02
   28   -0.3750000000000000E-02    0.9524536132812500E-03
   29   -0.5058593750000000E-02    0.1025886535644531E-02
   30   -0.4960937500000000E-02    0.1159973144531250E-02
   31   -0.5878906250000000E-02    0.8010482788085938E-03
   32   -0.1835937500000000E-02    0.7769775390625000E-03
   33   -0.2128906250000000E-02    0.1005897521972656E-02
   34    0.6445312500000000E-03    0.8907699584960937E-03
   35    0.2753906250000000E-02    0.8479690551757812E-03
   36    0.8261718750000001E-02    0.1245307922363281E-02
   37    0.3789062500000000E-02    0.1170120239257813E-02
   38   -0.1113281250000000E-02    0.1038780212402344E-02
   39    0.1406250000000000E-02    0.1077728271484375E-02
   40    0.1972656250000000E-02    0.8555984497070312E-03
   41    0.4121093750000000E-02    0.7348251342773437E-03
   42   -0.2011718750000000E-02    0.9164047241210937E-03
   43   -0.6328125000000000E-02    0.8481597900390625E-03
   44   -0.2128906250000000E-02    0.1214027404785156E-02
   45   -0.2421875000000000E-02    0.8432006835937500E-03
   46   -0.3320312500000000E-02    0.8868408203125000E-03
   47    0.2910156250000000E-02    0.8062362670898437E-03
   48   -0.1503906250000000E-02    0.9284591674804687E-03
   49   -0.1132812500000000E-02    0.7418823242187500E-03
   50   -0.1757812500000000E-03    0.8166885375976563E-03
   51   -0.4257812500000000E-02    0.8855438232421874E-03
   52   -0.7734375000000000E-02    0.1016845703125000E-02
   53   -0.1035156250000000E-02    0.1122779846191406E-02
   54    0.1386718750000000E-02    0.9468460083007813E-03
   55   -0.3203125000000000E-02    0.1048812866210937E-02
   56    0.3222656250000000E-02    0.1067314147949219E-02
   57    0.1621093750000000E-02    0.8610916137695312E-03
   58    0.5781250000000000E-02    0.1038284301757813E-02
   59    0.3535156250000000E-02    0.1229438781738281E-02
   60   -0.2187500000000000E-02    0.1014785766601562E-02
   61   -0.8359375000000000E-02    0.1175003051757812E-02
   62   -0.9980468750000001E-02    0.1009178161621094E-02
   63   -0.2734375000000000E-03    0.8782196044921875E-03
   64   -0.2734375000000000E-03    0.8153533935546875E-03
   65   -0.1875000000000000E-02    0.7239532470703125E-03
   66   -0.3398437500000000E-02    0.1062850952148438E-02
   67   -0.1757812500000000E-03    0.8521652221679687E-03
   68   -0.3339843750000000E-02    0.1382331848144531E-02
   69   -0.7578125000000000E-02    0.1041030883789062E-02
   70   -0.1953125000000000E-02    0.7216644287109375E-03
   71    0.3886718750000000E-02    0.9624862670898438E-03
   72    0.5273437500000000E-02    0.9365844726562500E-03
   73    0.4003906250000000E-02    0.9143447875976562E-03
   74    0.5546875000000000E-02    0.1052703857421875E-02
   75    0.1015625000000000E-02    0.1045837402343750E-02
   76    0.2910156250000000E-02    0.1136283874511719E-02
   77    0.3281250000000000E-02    0.7988739013671875E-03
   78   -0.6054687500000000E-03    0.1025352478027344E-02
   79   -0.2441406250000000E-02    0.8416366577148437E-03
   80   -0.6445312500000000E-02    0.1204910278320313E-02
   81   -0.3007812500000000E-02    0.8921813964843750E-03
   82    0.1269531250000000E-02    0.7897567749023438E-03
   83   -0.2597656250000000E-02    0.8446121215820312E-03
   84    0.2402343750000000E-02    0.1248054504394531E-02
   85    0.1230468750000000E-02    0.8706283569335937E-03
   86    0.1757812500000000E-02    0.1162185668945313E-02
   87   -0.8789062500000000E-03    0.1097145080566406E-02
   88   -0.3007812500000000E-02    0.1106948852539063E-02
   89   -0.2421875000000000E-02    0.1101379394531250E-02
   90   -0.2128906250000000E-02    0.9408187866210937E-03
   91    0.9375000000000000E-03    0.1055984497070312E-02
   92    0.2050781250000000E-02    0.9229660034179687E-03
   93   -0.1875000000000000E-02    0.8676147460937500E-03
   94    0.3125000000000000E-02    0.8321380615234374E-03
   95   -0.3457031250000000E-02    0.1082267761230469E-02
   96   -0.3789062500000000E-02    0.9188842773437500E-03
   97   -0.3164062500000000E-02    0.1153945922851562E-02
   98    0.1503906250000000E-02    0.1025962829589844E-02
   99   -0.1171875000000000E-03    0.9458923339843750E-03
  100   -0.3437500000000000E-02    0.1111679077148438E-02
