# time =    0.4670
    0    0.1000000000000000E+01    0.1000000000000000E+01
    1    0.2216406250000000E+00    0.4992774963378906E-01
    2    0.5130859375000000E-01    0.3475074768066406E-02
    3    0.1187500000000000E-01    0.9331512451171875E-03
    4   -0.1796875000000000E-02    0.9627532958984375E-03
    5    0.7812500000000000E-04    0.8612060546875000E-03
    6    0.2519531250000000E-02    0.7558822631835938E-03
    7    0.2695312500000000E-02    0.8786773681640625E-03
    8    0.5917968750000000E-02    0.1212959289550781E-02
    9    0.1269531250000000E-02    0.9821701049804689E-03
   10    0.1523437500000000E-02    0.8675384521484375E-03
   11    0.2285156250000000E-02    0.8736801147460938E-03
   12    0.5332031250000000E-02    0.8922195434570312E-03
   13    0.4785156250000000E-02    0.1071891784667969E-02
   14   -0.4101562500000000E-03    0.8938980102539063E-03
   15    0.2617187500000000E-02    0.1019744873046875E-02
   16   -0.1015625000000000E-02    0.1193008422851563E-02
   17    0.4238281250000000E-02    0.9891891479492188E-03
   18   -0.9179687499999999E-03    0.8027267456054688E-03
   19    0.4570312500000000E-02    0.9602355957031250E-03
   20    0.2207031250000000E-02    0.8530807495117187E-03
   21   -0.3027343750000000E-02    0.8175277709960938E-03
   22   -0.2304687500000000E-02    0.8631134033203125E-03
   23    0.2343750000000000E-02    0.9089660644531250E-03
   24   -0.1367187500000000E-02    0.9976959228515626E-03
   25    0.3144531250000000E-02    0.9090805053710938E-03
   26    0.1230468750000000E-02    0.1008110046386719E-02
   27    0.4238281250000000E-02    0.1064796447753906E-02
   28    0.4765625000000000E-02    0.1192398071289062E-02
   29    0.3593750000000000E-02    0.1137542724609375E-02
   30    0.4882812500000000E-03    0.1206550598144531E-02
   31   -0.9570312500000000E-03    0.8394241333007813E-03
   32    0.1933593750000000E-02    0.9647750854492187E-03
   33    0.2441406250000000E-02    0.1168479919433594E-02
   34    0.9179687499999999E-03    0.1030998229980469E-02
   35   -0.8203125000000000E-03    0.9748840332031250E-03
   36   -0.4589843750000000E-02    0.1038703918457031E-02
   37    0.2031250000000000E-02    0.8300781250000000E-03
   38    0.1054687500000000E-02    0.1019363403320313E-02
   39   -0.5917968750000000E-02    0.1132164001464844E-02
   40   -0.8203125000000000E-03    0.9615325927734375E-03
   41    0.8984375000000000E-03    0.1030883789062500E-02
   42    0.2460937500000000E-02    0.9122467041015624E-03
   43    0.3808593750000000E-02    0.8737564086914063E-03
   44    0.3320312500000000E-03    0.1011772155761719E-02
   45    0.3828125000000000E-02    0.1072769165039063E-02
   46    0.3027343750000000E-02    0.1019706726074219E-02
   47   -0.3359375000000000E-02    0.1112747192382812E-02
   48    0.1757812500000000E-02    0.9222412109375000E-03
   49    0.4218750000000000E-02    0.8828735351562500E-03
   50   -0.1250000000000000E-02    0.9086608886718750E-03
   51   -0.4277343750000000E-02    0.1197013854980469E-02
   52   -0.1835937500000000E-02    0.1058120727539062E-02
   53   -0.2343750000000000E-03    0.8598327636718750E-03
   54    0.4492187500000000E-03    0.8501815795898438E-03
   55   -0.1035156250000000E-02    0.9788131713867187E-03
   56    0.7812500000000000E-04    0.9952545166015624E-03
   57   -0.1484375000000000E-02    0.1203765869140625E-02
   58   -0.5000000000000000E-02    0.8933258056640625E-03
   59    0.3144531250000000E-02    0.9058761596679687E-03
   60    0.4218750000000000E-02    0.6837463378906250E-03
   61   -0.1660156250000000E-02    0.1042747497558594E-02
   62    0.3125000000000000E-02    0.1073608398437500E-02
   63    0.1738281250000000E-02    0.1015510559082031E-02
   64   -0.1093750000000000E-02    0.9084320068359374E-03
   65    0.3515625000000000E-02    0.1109695434570312E-02
   66   -0.4726562500000000E-02    0.9732055664062500E-03
   67    0.2011718750000000E-02    0.1158027648925781E-02
   68    0.2910156250000000E-02    0.1213417053222656E-02
   69    0.9765625000000000E-03    0.1007766723632813E-02
   70    0.1621093750000000E-02    0.1066551208496094E-02
   71    0.5527343750000000E-02    0.9964370727539062E-03
   72    0.4531250000000000E-02    0.1068191528320312E-02
   73    0.5664062500000000E-03    0.1185569763183594E-02
   74    0.1972656250000000E-02    0.1002998352050781E-02
   75    0.3671875000000000E-02    0.1019821166992187E-02
   76   -0.2128906250000000E-02    0.9527969360351563E-03
   77    0.4160156250000000E-02    0.1295204162597656E-02
   78    0.1113281250000000E-02    0.1148109436035156E-02
   79   -0.2343750000000000E-03    0.1129074096679688E-02
   80   -0.8789062500000000E-03    0.9262466430664063E-03
   81    0.4453125000000000E-02    0.7967376708984376E-03
   82    0.2382812500000000E-02    0.1253814697265625E-02
   83   -0.2929687500000000E-03    0.8896255493164063E-03
   84    0.3125000000000000E-03    0.9249877929687500E-03
   85   -0.2148437500000000E-03    0.9246444702148437E-03
   86    0.7226562500000000E-03    0.1174812316894531E-02
   87   -0.1914062500000000E-02    0.9369659423828125E-03
   88   -0.3847656250000000E-02    0.1032142639160156E-02
   89    0.3671875000000000E-02    0.8841705322265625E-03
   90   -0.3339843750000000E-02    0.8206558227539062E-03
   91    0.1562500000000000E-02    0.9389495849609374E-03
   92    0.1875000000000000E-02    0.1098022460937500E-02
   93    0.3554687500000000E-02    0.1078796386718750E-02
   94    0.3945312500000000E-02    0.9423828125000000E-03
   95    0.2480468750000000E-02    0.9672164916992188E-03
   96    0.7988281250000000E-02    0.1154975891113281E-02
   97    0.3183593750000000E-02    0.8825302124023437E-03
   98    0.4492187500000000E-03    0.1200065612792969E-02
   99   -0.1171875000000000E-02    0.1020431518554688E-02
  100   -0.1777343750000000E-02    0.7954788208007813E-03
