# time =    0.4394
    0    0.1000000000000000E+01    0.1000000000000000E+01
    1    0.3310742187500000E+00    0.1103322219848633E+00
    2    0.1218750000000000E+00    0.1578399658203125E-01
    3    0.4785156250000000E-01    0.3036651611328125E-02
    4    0.2242187500000000E-01    0.1557693481445312E-02
    5    0.1126953125000000E-01    0.9981155395507812E-03
    6    0.6230468750000000E-02    0.1093711853027344E-02
    7    0.3027343750000000E-02    0.9016036987304687E-03
    8    0.2871093750000000E-02    0.1108512878417969E-02
    9    0.7617187500000000E-03    0.1148872375488281E-02
   10   -0.2773437500000000E-02    0.9204864501953125E-03
   11   -0.4511718750000000E-02    0.1168937683105469E-02
   12   -0.9765625000000001E-04    0.8767318725585938E-03
   13   -0.2792968750000000E-02    0.8758926391601563E-03
   14    0.3515625000000000E-03    0.1039428710937500E-02
   15    0.4414062500000000E-02    0.1064147949218750E-02
   16   -0.3398437500000000E-02    0.8586883544921875E-03
   17   -0.3066406250000000E-02    0.1142616271972656E-02
   18   -0.2089843750000000E-02    0.8892440795898438E-03
   19    0.8984375000000000E-03    0.9719085693359375E-03
   20    0.3535156250000000E-02    0.1079521179199219E-02
   21   -0.2460937500000000E-02    0.1135330200195313E-02
   22   -0.2578125000000000E-02    0.8456420898437500E-03
   23   -0.4394531250000000E-02    0.8837509155273437E-03
   24   -0.1464843750000000E-02    0.9240341186523437E-03
   25   -0.5859375000000000E-04    0.1017570495605469E-02
   26    0.2929687500000000E-02    0.1004714965820312E-02
   27    0.4902343750000000E-02    0.8289718627929688E-03
   28    0.3691406250000000E-02    0.1059226989746094E-02
   29    0.7089843750000000E-02    0.6528091430664062E-03
   30    0.3437500000000000E-02    0.8615875244140626E-03
   31    0.6445312500000000E-03    0.7710647583007812E-03
   32   -0.5429687500000000E-02    0.7713317871093750E-03
   33    0.1953125000000000E-04    0.9946060180664063E-03
   34   -0.1796875000000000E-02    0.9844970703124999E-03
   35   -0.7812500000000000E-03    0.8071136474609375E-03
   36    0.1542968750000000E-02    0.7586288452148438E-03
   37    0.9179687499999999E-03    0.1071891784667969E-02
   38   -0.4414062500000000E-02    0.6874084472656250E-03
   39   -0.3710937500000000E-03    0.9688949584960938E-03
   40   -0.4667968750000000E-02    0.1130409240722656E-02
   41   -0.3515625000000000E-02    0.1114959716796875E-02
   42    0.1171875000000000E-03    0.1022720336914063E-02
   43   -0.2812500000000000E-02    0.9295654296875000E-03
   44    0.8789062500000000E-03    0.8198165893554687E-03
   45   -0.4843750000000000E-02    0.7435607910156250E-03
   46   -0.6406250000000000E-02    0.1001815795898438E-02
   47   -0.8417968749999999E-02    0.1270332336425781E-02
   48   -0.3007812500000000E-02    0.1014938354492188E-02
   49   -0.5078125000000000E-03    0.8736419677734375E-03
   50    0.4492187500000000E-03    0.1020393371582031E-02
   51   -0.1855468750000000E-02    0.1029548645019531E-02
   52    0.7812500000000000E-03    0.7656097412109375E-03
   53    0.3769531250000000E-02    0.8971023559570312E-03
   54    0.6718750000000000E-02    0.9387969970703125E-03
   55    0.2070312500000000E-02    0.7295989990234375E-03
   56   -0.6425781250000000E-02    0.9379196166992188E-03
   57    0.1757812500000000E-02    0.9729003906250000E-03
   58    0.2226562500000000E-02    0.9631347656250000E-03
   59    0.3105468750000000E-02    0.1013374328613281E-02
   60   -0.4824218750000000E-02    0.6839370727539062E-03
   61   -0.8984375000000000E-03    0.7980346679687500E-03
   62    0.1171875000000000E-03    0.8935546875000000E-03
   63   -0.8984375000000000E-03    0.6623077392578125E-03
   64   -0.2246093750000000E-02    0.1147193908691406E-02
   65   -0.7812500000000000E-04    0.9161376953125000E-03
   66    0.2167968750000000E-02    0.9112167358398438E-03
   67    0.3632812500000000E-02    0.8013916015625000E-03
   68   -0.2753906250000000E-02    0.9719467163085937E-03
   69   -0.2656250000000000E-02    0.1142044067382812E-02
   70    0.6445312500000000E-03    0.9807205200195312E-03
   71   -0.1894531250000000E-02    0.1008567810058594E-02
   72   -0.1699218750000000E-02    0.7944107055664062E-03
   73    0.2148437500000000E-03    0.1027717590332031E-02
   74    0.1953125000000000E-04    0.1160926818847656E-02
   75   -0.5664062500000000E-02    0.9029388427734375E-03
   76   -0.2578125000000000E-02    0.7577514648437499E-03
   77   -0.6796875000000000E-02    0.8234405517578126E-03
   78   -0.1210937500000000E-02    0.1052017211914062E-02
   79   -0.1367187500000000E-03    0.8732223510742187E-03
   80    0.3535156250000000E-02    0.8787918090820313E-03
   81   -0.2148437500000000E-03    0.1137809753417969E-02
   82   -0.1972656250000000E-02    0.9487533569335938E-03
   83    0.2812500000000000E-02    0.9039306640625000E-03
   84   -0.8203125000000000E-03    0.7028198242187500E-03
   85    0.2480468750000000E-02    0.8868026733398437E-03
   86   -0.3144531250000000E-02    0.9658432006835937E-03
   87   -0.4140625000000000E-02    0.9172821044921875E-03
   88   -0.1640625000000000E-02    0.7718658447265625E-03
   89    0.7304687500000000E-02    0.8911132812500000E-03
   90    0.4179687500000000E-02    0.1084899902343750E-02
   91    0.2519531250000000E-02    0.8880996704101563E-03
   92    0.2890625000000000E-02    0.1209716796875000E-02
   93   -0.1171875000000000E-03    0.1153717041015625E-02
   94   -0.9960937500000000E-03    0.9704208374023437E-03
   95   -0.1914062500000000E-02    0.8458709716796875E-03
   96    0.1894531250000000E-02    0.9701156616210938E-03
   97   -0.1953125000000000E-03    0.9501647949218750E-03
   98   -0.7226562500000000E-03    0.1011543273925781E-02
   99   -0.3457031250000000E-02    0.1308250427246094E-02
  100   -0.4687500000000000E-03    0.1038589477539062E-02
