# time =    0.4690
    0    0.1000000000000000E+01    0.1000000000000000E+01
    1    0.2326171875000000E+00    0.5475502014160157E-01
    2    0.5857421875000000E-01    0.4562339782714844E-02
    3    0.1435546875000000E-01    0.1350135803222656E-02
    4    0.3535156250000000E-02    0.1040306091308594E-02
    5    0.3125000000000000E-02    0.1081237792968750E-02
    6    0.2851562500000000E-02    0.8629608154296875E-03
    7   -0.4414062500000000E-02    0.9238433837890625E-03
    8   -0.1621093750000000E-02    0.7911300659179687E-03
    9   -0.3808593750000000E-02    0.1066398620605469E-02
   10    0.4257812500000000E-02    0.7875061035156250E-03
   11    0.1191406250000000E-02    0.9801101684570313E-03
   12    0.1601562500000000E-02    0.7074737548828125E-03
   13    0.5292968750000000E-02    0.8744430541992187E-03
   14   -0.2402343750000000E-02    0.8160018920898437E-03
   15    0.9765625000000000E-03    0.9819793701171876E-03
   16   -0.1562500000000000E-02    0.9220886230468750E-03
   17   -0.2832031250000000E-02    0.8749008178710937E-03
   18   -0.3183593750000000E-02    0.1205101013183594E-02
   19   -0.1230468750000000E-02    0.8211898803710938E-03
   20   -0.1562500000000000E-02    0.1040802001953125E-02
   21    0.1308593750000000E-02    0.8885574340820313E-03
   22   -0.3183593750000000E-02    0.1155433654785156E-02
   23   -0.5097656250000000E-02    0.9190750122070313E-03
   24   -0.1250000000000000E-02    0.1182556152343750E-02
   25   -0.9960937500000000E-03    0.1081047058105469E-02
   26   -0.1972656250000000E-02    0.1073493957519531E-02
   27    0.1699218750000000E-02    0.9688949584960938E-03
   28    0.2656250000000000E-02    0.8280944824218750E-03
   29    0.1230468750000000E-02    0.1067771911621094E-02
   30   -0.4628906250000000E-02    0.9479904174804687E-03
   31    0.9375000000000000E-03    0.9592437744140625E-03
   32    0.8398437500000000E-03    0.1080589294433594E-02
   33   -0.4687500000000000E-03    0.9940338134765624E-03
   34    0.2343750000000000E-02    0.1143951416015625E-02
   35    0.3710937500000000E-02    0.9694671630859374E-03
   36   -0.1933593750000000E-02    0.8497238159179688E-03
   37    0.1152343750000000E-02    0.1060600280761719E-02
   38   -0.3632812500000000E-02    0.8087158203125000E-03
   39    0.2343750000000000E-02    0.1072616577148438E-02
   40    0.3144531250000000E-02    0.1120033264160156E-02
   41    0.2109375000000000E-02    0.1054077148437500E-02
   42   -0.1582031250000000E-02    0.1021003723144531E-02
   43    0.2988281250000000E-02    0.9751510620117187E-03
   44    0.2304687500000000E-02    0.9570312500000000E-03
   45   -0.1210937500000000E-02    0.7594299316406250E-03
   46   -0.3515625000000000E-03    0.1072387695312500E-02
   47    0.6054687500000000E-02    0.1008758544921875E-02
   48    0.6835937500000000E-03    0.1075935363769531E-02
   49   -0.5800781250000000E-02    0.9465408325195312E-03
   50   -0.3691406250000000E-02    0.1005287170410156E-02
   51   -0.4375000000000000E-02    0.7054901123046875E-03
   52   -0.1562500000000000E-02    0.9816741943359374E-03
   53   -0.1289062500000000E-02    0.1047515869140625E-02
   54   -0.4687500000000000E-02    0.1008224487304688E-02
   55    0.6250000000000000E-02    0.1021194458007812E-02
   56    0.6035156250000000E-02    0.1229515075683594E-02
   57    0.5351562500000000E-02    0.1071472167968750E-02
   58    0.4257812500000000E-02    0.1084365844726562E-02
   59    0.1152343750000000E-02    0.8948898315429688E-03
   60   -0.1796875000000000E-02    0.7566833496093751E-03
   61   -0.2851562500000000E-02    0.9512329101562501E-03
   62   -0.7812500000000000E-03    0.1197814941406250E-02
   63    0.6640625000000000E-03    0.1175308227539063E-02
   64    0.4023437500000000E-02    0.1172409057617187E-02
   65    0.2792968750000000E-02    0.1014823913574219E-02
   66   -0.4707031250000000E-02    0.1173362731933594E-02
   67   -0.1113281250000000E-02    0.1020393371582031E-02
   68    0.2285156250000000E-02    0.1079216003417969E-02
   69    0.4160156250000000E-02    0.9286117553710938E-03
   70    0.4355468750000000E-02    0.7843399047851563E-03
   71    0.1093750000000000E-02    0.9246063232421875E-03
   72    0.1113281250000000E-02    0.8592605590820312E-03
   73    0.2011718750000000E-02    0.1087150573730469E-02
   74    0.3789062500000000E-02    0.9535980224609375E-03
   75   -0.3222656250000000E-02    0.8863449096679687E-03
   76    0.0000000000000000E+00    0.9208679199218750E-03
   77    0.5273437500000000E-03    0.9326553344726563E-03
   78   -0.1894531250000000E-02    0.9820938110351562E-03
   79    0.5078125000000000E-03    0.1127548217773437E-02
   80   -0.3906250000000000E-02    0.1044006347656250E-02
   81   -0.1699218750000000E-02    0.9982681274414062E-03
   82   -0.1816406250000000E-02    0.9568405151367188E-03
   83   -0.1875000000000000E-02    0.8099365234375000E-03
   84   -0.3867187500000000E-02    0.1127853393554688E-02
   85   -0.4960937500000000E-02    0.8163452148437500E-03
   86   -0.1054687500000000E-02    0.9519958496093750E-03
   87    0.8789062500000000E-03    0.1026496887207031E-02
   88    0.1210937500000000E-02    0.8116149902343750E-03
   89    0.2207031250000000E-02    0.9134292602539062E-03
   90    0.8203125000000000E-03    0.1001892089843750E-02
   91   -0.2109375000000000E-02    0.9883880615234376E-03
   92    0.4511718750000000E-02    0.1285972595214844E-02
   93    0.5156250000000000E-02    0.1028671264648438E-02
   94    0.4472656250000000E-02    0.8314895629882812E-03
   95   -0.1210937500000000E-02    0.1050567626953125E-02
   96   -0.1113281250000000E-02    0.9367752075195312E-03
   97    0.3535156250000000E-02    0.1269416809082031E-02
   98   -0.4492187500000000E-03    0.9444046020507812E-03
   99   -0.2675781250000000E-02    0.8594131469726562E-03
  100    0.5351562500000000E-02    0.1154098510742188E-02
