# time =    0.4816
    0    0.1000000000000000E+01    0.1000000000000000E+01
    1    0.2045703125000000E+00    0.4255363464355469E-01
    2    0.4578125000000000E-01    0.2893676757812500E-02
    3    0.1216796875000000E-01    0.9014511108398438E-03
    4    0.5078125000000000E-03    0.8637237548828125E-03
    5   -0.5273437500000000E-03    0.9109115600585937E-03
    6   -0.2187500000000000E-02    0.6929779052734375E-03
    7    0.5468750000000001E-03    0.7685852050781250E-03
    8    0.1835937500000000E-02    0.9427642822265624E-03
    9   -0.1425781250000000E-02    0.8971786499023437E-03
   10   -0.3339843750000000E-02    0.7722091674804688E-03
   11   -0.2109375000000000E-02    0.7566070556640625E-03
   12   -0.1210937500000000E-02    0.1039047241210937E-02
   13    0.3339843750000000E-02    0.8972549438476563E-03
   14   -0.6621093750000000E-02    0.1050682067871094E-02
   15    0.4882812500000000E-03    0.9232711791992188E-03
   16    0.8593750000000000E-03    0.8443450927734375E-03
   17   -0.2500000000000000E-02    0.9045410156250000E-03
   18    0.4101562500000000E-03    0.7973861694335938E-03
   19   -0.2656250000000000E-02    0.1082687377929687E-02
   20   -0.6484375000000000E-02    0.8836364746093749E-03
   21   -0.2460937500000000E-02    0.1116104125976562E-02
   22   -0.1289062500000000E-02    0.1307601928710937E-02
   23   -0.1992187500000000E-02    0.7818603515625000E-03
   24   -0.4042968750000000E-02    0.9639358520507812E-03
   25    0.5097656250000000E-02    0.1148567199707031E-02
   26    0.5800781250000000E-02    0.8404922485351563E-03
   27   -0.3515625000000000E-02    0.8789825439453125E-03
   28    0.1640625000000000E-02    0.1136703491210938E-02
   29    0.2890625000000000E-02    0.8499145507812500E-03
   30   -0.3203125000000000E-02    0.7830047607421875E-03
   31   -0.2558593750000000E-02    0.1038856506347656E-02
   32    0.6640625000000000E-03    0.1271057128906250E-02
   33   -0.7421875000000000E-03    0.9418487548828125E-03
   34   -0.1054687500000000E-02    0.8570861816406250E-03
   35    0.6835937500000000E-03    0.9550094604492187E-03
   36   -0.1757812500000000E-03    0.8328628540039063E-03
   37    0.6250000000000000E-03    0.1077957153320312E-02
   38    0.1562500000000000E-02    0.9957885742187501E-03
   39    0.3300781250000000E-02    0.9133529663085938E-03
   40    0.0000000000000000E+00    0.1126937866210938E-02
   41   -0.4687500000000000E-03    0.9899902343749999E-03
   42   -0.1171875000000000E-02    0.6956481933593751E-03
   43    0.5937500000000000E-02    0.1353759765625000E-02
   44    0.5058593750000000E-02    0.9528732299804687E-03
   45    0.1328125000000000E-02    0.1056900024414063E-02
   46    0.4335937500000000E-02    0.9745788574218750E-03
   47   -0.1425781250000000E-02    0.9449386596679688E-03
   48   -0.1445312500000000E-02    0.7108306884765625E-03
   49    0.3906250000000000E-04    0.9751892089843749E-03
   50    0.6562500000000000E-02    0.1298065185546875E-02
   51    0.3320312500000000E-02    0.9928131103515625E-03
   52   -0.5722656250000000E-02    0.1191291809082031E-02
   53   -0.1101562500000000E-01    0.1026306152343750E-02
   54    0.1992187500000000E-02    0.8439636230468750E-03
   55   -0.1796875000000000E-02    0.9405517578125000E-03
   56   -0.2539062500000000E-02    0.7708740234375000E-03
   57    0.1464843750000000E-02    0.9483718872070313E-03
   58    0.2656250000000000E-02    0.1090927124023438E-02
   59    0.5546875000000000E-02    0.1024093627929687E-02
   60    0.9179687499999999E-03    0.9347915649414063E-03
   61   -0.6953125000000000E-02    0.9243011474609375E-03
   62   -0.3964843750000000E-02    0.1183357238769531E-02
   63   -0.2832031250000000E-02    0.1176719665527344E-02
   64   -0.4687500000000000E-03    0.9112548828125000E-03
   65   -0.4296875000000000E-02    0.1064529418945313E-02
   66    0.2363281250000000E-02    0.9024429321289062E-03
   67    0.2421875000000000E-02    0.6972503662109375E-03
   68   -0.1015625000000000E-02    0.9516143798828125E-03
   69   -0.6113281250000000E-02    0.1047325134277344E-02
   70   -0.5742187500000000E-02    0.7709503173828125E-03
   71   -0.1699218750000000E-02    0.9454727172851562E-03
   72    0.2109375000000000E-02    0.8607482910156249E-03
   73    0.1816406250000000E-02    0.1081657409667969E-02
   74    0.5859375000000000E-03    0.1018753051757813E-02
   75   -0.6640625000000000E-03    0.1085281372070312E-02
   76    0.3222656250000000E-02    0.1264305114746094E-02
   77   -0.3046875000000000E-02    0.9130096435546875E-03
   78   -0.2812500000000000E-02    0.8377075195312500E-03
   79   -0.8203125000000000E-03    0.7342529296875000E-03
   80   -0.1679687500000000E-02    0.1099929809570312E-02
   81    0.2304687500000000E-02    0.9836578369140626E-03
   82    0.8007812500000000E-03    0.7979202270507812E-03
   83    0.3027343750000000E-02    0.1015510559082031E-02
   84   -0.2753906250000000E-02    0.9080123901367188E-03
   85    0.7246093750000000E-02    0.1057777404785156E-02
   86    0.4179687500000000E-02    0.1018905639648438E-02
   87    0.1289062500000000E-02    0.9445953369140625E-03
   88    0.3906250000000000E-04    0.8824157714843750E-03
   89    0.2226562500000000E-02    0.8602905273437500E-03
   90   -0.1015625000000000E-02    0.1186523437500000E-02
   91   -0.6250000000000000E-03    0.7350921630859375E-03
   92    0.4726562500000000E-02    0.9996032714843751E-03
   93   -0.1269531250000000E-02    0.9138107299804688E-03
   94    0.3359375000000000E-02    0.1044311523437500E-02
   95    0.3476562500000000E-02    0.9403991699218750E-03
   96   -0.4003906250000000E-02    0.9235763549804688E-03
   97   -0.1835937500000000E-02    0.8866119384765625E-03
   98   -0.1640625000000000E-02    0.8557891845703125E-03
   99    0.1425781250000000E-02    0.9572982788085937E-03
  100    0.3066406250000000E-02    0.1179466247558594E-02
