# time =    0.4098
    0    0.1000000000000000E+01    0.1000000000000000E+01
    1    0.4497460937500000E+00    0.2028519821166992E+00
    2    0.2865234375000000E+00    0.8271575927734375E-01
    3    0.2211328125000000E+00    0.4950401306152344E-01
    4    0.1830664062500000E+00    0.3425029754638672E-01
    5    0.1633203125000000E+00    0.2750152587890625E-01
    6    0.1454492187500000E+00    0.2209323883056641E-01
    7    0.1336328125000000E+00    0.1871650695800781E-01
    8    0.1266601562500000E+00    0.1688404083251953E-01
    9    0.1184570312500000E+00    0.1486339569091797E-01
   10    0.1138476562500000E+00    0.1386280059814453E-01
   11    0.1063671875000000E+00    0.1224723815917969E-01
   12    0.1006054687500000E+00    0.1112018585205078E-01
   13    0.9583984375000000E-01    0.1016994476318359E-01
   14    0.9294921875000001E-01    0.9629936218261718E-02
   15    0.9048828125000000E-01    0.9123039245605469E-02
   16    0.8820312499999999E-01    0.8722152709960938E-02
   17    0.8429687499999999E-01    0.7990341186523437E-02
   18    0.8244140625000000E-01    0.7627296447753906E-02
   19    0.8007812500000000E-01    0.7320175170898438E-02
   20    0.7726562500000000E-01    0.6844253540039063E-02
   21    0.7656250000000001E-01    0.6770324707031250E-02
   22    0.7445312500000000E-01    0.6459121704101563E-02
   23    0.7408203125000000E-01    0.6300468444824219E-02
   24    0.7250000000000000E-01    0.6133422851562500E-02
   25    0.7199218750000000E-01    0.6000137329101563E-02
   26    0.7013671874999999E-01    0.5805091857910156E-02
   27    0.6763671875000000E-01    0.5400428771972656E-02
   28    0.6835937500000000E-01    0.5501632690429688E-02
   29    0.6671874999999999E-01    0.5222702026367187E-02
   30    0.6443359375000000E-01    0.4933204650878906E-02
   31    0.6316406250000001E-01    0.4679260253906250E-02
   32    0.6234375000000000E-01    0.4687500000000000E-02
   33    0.6103515625000000E-01    0.4447593688964844E-02
   34    0.6162109375000000E-01    0.4476051330566406E-02
   35    0.5962890625000000E-01    0.4203605651855469E-02
   36    0.5810546875000000E-01    0.4034156799316406E-02
   37    0.5707031250000000E-01    0.3935852050781250E-02
   38    0.5599609375000000E-01    0.3846321105957031E-02
   39    0.5625000000000000E-01    0.3834457397460937E-02
   40    0.5486328125000000E-01    0.3659248352050781E-02
   41    0.5519531250000000E-01    0.3673248291015625E-02
   42    0.5552734375000000E-01    0.3740882873535156E-02
   43    0.5437500000000000E-01    0.3554153442382813E-02
   44    0.5246093750000000E-01    0.3418426513671875E-02
   45    0.5152343750000000E-01    0.3374252319335937E-02
   46    0.5179687500000000E-01    0.3391113281250000E-02
   47    0.5142578125000000E-01    0.3448371887207031E-02
   48    0.5050781250000000E-01    0.3343353271484375E-02
   49    0.5003906250000000E-01    0.3233032226562500E-02
   50    0.4986328125000000E-01    0.3340873718261719E-02
   51    0.4863281250000000E-01    0.3164520263671875E-02
   52    0.4900390625000000E-01    0.3193168640136719E-02
   53    0.4878906250000000E-01    0.3148727416992187E-02
   54    0.4833984375000000E-01    0.3122978210449219E-02
   55    0.4726562500000000E-01    0.3006668090820312E-02
   56    0.4669921875000000E-01    0.2965202331542969E-02
   57    0.4644531250000000E-01    0.2940368652343750E-02
   58    0.4568359375000000E-01    0.2889976501464844E-02
   59    0.4457031250000000E-01    0.2773666381835938E-02
   60    0.4335937500000000E-01    0.2670364379882812E-02
   61    0.4390625000000000E-01    0.2720108032226562E-02
   62    0.4316406250000000E-01    0.2655792236328125E-02
   63    0.4373046875000000E-01    0.2717552185058594E-02
   64    0.4289062500000000E-01    0.2590103149414063E-02
   65    0.4291015625000000E-01    0.2598381042480469E-02
   66    0.4017578125000000E-01    0.2345542907714844E-02
   67    0.3996093750000000E-01    0.2332534790039063E-02
   68    0.4091796875000000E-01    0.2368888854980469E-02
   69    0.4068359375000000E-01    0.2396965026855469E-02
   70    0.4021484375000000E-01    0.2368583679199219E-02
   71    0.4189453125000000E-01    0.2542991638183594E-02
   72    0.3992187500000000E-01    0.2369766235351563E-02
   73    0.3875000000000000E-01    0.2272491455078125E-02
   74    0.3855468750000000E-01    0.2210006713867188E-02
   75    0.3832031250000000E-01    0.2193832397460938E-02
   76    0.3800781250000000E-01    0.2278213500976563E-02
   77    0.3681640625000000E-01    0.2101478576660156E-02
   78    0.3681640625000000E-01    0.2165565490722656E-02
   79    0.3630859375000000E-01    0.2041435241699219E-02
   80    0.3599609375000000E-01    0.2046928405761719E-02
   81    0.3667968750000000E-01    0.2087402343750000E-02
   82    0.3634765625000000E-01    0.2098808288574219E-02
   83    0.3689453125000000E-01    0.2216072082519531E-02
   84    0.3574218750000000E-01    0.2021865844726562E-02
   85    0.3587890625000000E-01    0.2133750915527344E-02
   86    0.3494140625000000E-01    0.2089653015136719E-02
   87    0.3593750000000000E-01    0.2126922607421875E-02
   88    0.3470703125000000E-01    0.1977958679199219E-02
   89    0.3693359375000000E-01    0.2160377502441406E-02
   90    0.3599609375000000E-01    0.2196922302246094E-02
   91    0.3492187500000000E-01    0.2128372192382813E-02
   92    0.3494140625000000E-01    0.2075538635253906E-02
   93    0.3355468750000000E-01    0.1951751708984375E-02
   94    0.3556640625000000E-01    0.2031135559082031E-02
   95    0.3427734375000000E-01    0.1888694763183594E-02
   96    0.3591796875000000E-01    0.2046165466308594E-02
   97    0.3484375000000000E-01    0.1917190551757812E-02
   98    0.3376953125000000E-01    0.1946220397949219E-02
   99    0.3550781250000000E-01    0.1986770629882813E-02
  100    0.3439453125000000E-01    0.1935539245605469E-02
