# time =    0.4407
    0    0.1000000000000000E+01    0.1000000000000000E+01
    1    0.3211132812500000E+00    0.1038159561157227E+00
    2    0.1217773437500000E+00    0.1619197845458984E-01
    3    0.4853515625000000E-01    0.3275794982910156E-02
    4    0.2023437500000000E-01    0.1207656860351562E-02
    5    0.3476562500000000E-02    0.8882904052734376E-03
    6    0.2011718750000000E-02    0.1266822814941406E-02
    7    0.9570312500000000E-03    0.9412765502929688E-03
    8   -0.1269531250000000E-02    0.8257675170898437E-03
    9    0.1992187500000000E-02    0.9111785888671876E-03
   10   -0.2148437500000000E-03    0.1140937805175781E-02
   11   -0.3320312500000000E-03    0.8772659301757812E-03
   12    0.3457031250000000E-02    0.1000328063964844E-02
   13   -0.3125000000000000E-03    0.9776306152343749E-03
   14   -0.1171875000000000E-03    0.1325759887695313E-02
   15   -0.3066406250000000E-02    0.1123542785644531E-02
   16    0.1132812500000000E-02    0.8116149902343750E-03
   17   -0.5410156250000000E-02    0.8066177368164062E-03
   18   -0.2988281250000000E-02    0.1131706237792969E-02
   19   -0.3964843750000000E-02    0.8916854858398438E-03
   20    0.5468750000000001E-03    0.7743835449218750E-03
   21    0.3222656250000000E-02    0.8881759643554688E-03
   22    0.9179687499999999E-03    0.8525466918945313E-03
   23    0.1367187500000000E-03    0.1048316955566406E-02
   24    0.8789062500000000E-03    0.7584762573242188E-03
   25    0.1191406250000000E-02    0.1088905334472656E-02
   26    0.1992187500000000E-02    0.8282470703125000E-03
   27    0.1269531250000000E-02    0.8628463745117187E-03
   28    0.5566406250000000E-02    0.1012229919433594E-02
   29    0.3496093750000000E-02    0.1142692565917969E-02
   30    0.7031250000000000E-03    0.1103057861328125E-02
   31    0.1484375000000000E-02    0.7733917236328125E-03
   32   -0.1855468750000000E-02    0.1118354797363281E-02
   33    0.1562500000000000E-02    0.9641265869140625E-03
   34   -0.2226562500000000E-02    0.8533477783203125E-03
   35    0.8593750000000000E-03    0.6302642822265625E-03
   36   -0.5859375000000000E-04    0.9139633178710938E-03
   37    0.1718750000000000E-02    0.7516479492187500E-03
   38   -0.1445312500000000E-02    0.1067733764648437E-02
   39    0.2929687500000000E-02    0.8621978759765625E-03
   40   -0.3320312500000000E-02    0.6279754638671875E-03
   41   -0.3652343750000000E-02    0.1075935363769531E-02
   42   -0.2871093750000000E-02    0.9600448608398437E-03
   43   -0.4257812500000000E-02    0.8865356445312500E-03
   44   -0.7441406250000000E-02    0.9489822387695313E-03
   45   -0.6152343750000000E-02    0.9440231323242187E-03
   46   -0.4531250000000000E-02    0.9719085693359375E-03
   47    0.3222656250000000E-02    0.9678268432617188E-03
   48    0.2246093750000000E-02    0.9647750854492187E-03
   49    0.4062500000000000E-02    0.9922790527343750E-03
   50    0.7617187500000000E-03    0.9982681274414062E-03
   51    0.3710937500000000E-03    0.9521865844726563E-03
   52    0.1660156250000000E-02    0.1154060363769531E-02
   53    0.2675781250000000E-02    0.1145286560058594E-02
   54    0.1113281250000000E-02    0.1045417785644531E-02
   55   -0.1601562500000000E-02    0.9811401367187500E-03
   56   -0.3906250000000000E-04    0.1004562377929687E-02
   57    0.4648437500000000E-02    0.1012573242187500E-02
   58    0.1738281250000000E-02    0.7275009155273438E-03
   59    0.8203125000000000E-03    0.9114074707031250E-03
   60    0.1953125000000000E-03    0.1124038696289063E-02
   61    0.2050781250000000E-02    0.8755874633789063E-03
   62    0.3652343750000000E-02    0.9115982055664062E-03
   63   -0.3906250000000000E-04    0.1130371093750000E-02
   64   -0.6054687500000000E-03    0.7458114624023437E-03
   65    0.2558593750000000E-02    0.1130027770996094E-02
   66    0.2148437500000000E-02    0.1036911010742187E-02
   67    0.2832031250000000E-02    0.1137123107910156E-02
   68    0.9179687499999999E-03    0.9128189086914062E-03
   69   -0.5273437500000000E-03    0.9930801391601562E-03
   70   -0.1113281250000000E-02    0.1023674011230469E-02
   71   -0.4863281250000000E-02    0.9815597534179688E-03
   72   -0.8007812500000000E-03    0.8227920532226562E-03
   73    0.2675781250000000E-02    0.9307479858398438E-03
   74   -0.6054687500000000E-03    0.7988357543945312E-03
   75   -0.7636718750000000E-02    0.9053421020507813E-03
   76   -0.7421875000000000E-03    0.9091949462890625E-03
   77   -0.5644531250000000E-02    0.1240959167480469E-02
   78    0.4121093750000000E-02    0.1319313049316406E-02
   79    0.2890625000000000E-02    0.1163940429687500E-02
   80    0.3906250000000000E-04    0.9810638427734375E-03
   81   -0.1953125000000000E-04    0.9399032592773437E-03
   82    0.6093750000000000E-02    0.1152496337890625E-02
   83   -0.3710937500000000E-03    0.9269332885742188E-03
   84   -0.2539062500000000E-02    0.1086425781250000E-02
   85   -0.1152343750000000E-02    0.9678268432617188E-03
   86    0.2226562500000000E-02    0.1007919311523438E-02
   87    0.3906250000000000E-04    0.8718109130859375E-03
   88    0.3066406250000000E-02    0.8642196655273438E-03
   89    0.3554687500000000E-02    0.8840179443359375E-03
   90    0.1308593750000000E-02    0.1038780212402344E-02
   91    0.3144531250000000E-02    0.1004676818847656E-02
   92   -0.3886718750000000E-02    0.9435653686523437E-03
   93   -0.8203125000000000E-03    0.1024627685546875E-02
   94    0.1171875000000000E-02    0.8127593994140625E-03
   95    0.3046875000000000E-02    0.9826660156250001E-03
   96   -0.1640625000000000E-02    0.7584381103515625E-03
   97   -0.2343750000000000E-02    0.8543395996093750E-03
   98    0.1953125000000000E-03    0.1131744384765625E-02
   99   -0.2070312500000000E-02    0.7465362548828125E-03
  100   -0.2539062500000000E-03    0.1109657287597656E-02
