# time =    0.4499
    0    0.1000000000000000E+01    0.1000000000000000E+01
    1    0.2927148437500000E+00    0.8629573822021484E-01
    2    0.1001757812500000E+00    0.1103504180908203E-01
    3    0.3945312500000000E-01    0.2338714599609375E-02
    4    0.1755859375000000E-01    0.1182289123535156E-02
    5    0.1224609375000000E-01    0.1081199645996094E-02
    6    0.4257812500000000E-02    0.1143875122070313E-02
    7    0.3652343750000000E-02    0.9116744995117188E-03
    8    0.1523437500000000E-02    0.8492279052734375E-03
    9    0.2851562500000000E-02    0.8781433105468750E-03
   10   -0.1230468750000000E-02    0.8960342407226562E-03
   11    0.1699218750000000E-02    0.7476425170898438E-03
   12    0.1679687500000000E-02    0.9759521484375000E-03
   13    0.2910156250000000E-02    0.9914016723632812E-03
   14    0.4472656250000000E-02    0.1188697814941406E-02
   15   -0.1933593750000000E-02    0.9510421752929688E-03
   16   -0.3984375000000000E-02    0.9385681152343750E-03
   17    0.4687500000000000E-03    0.1161041259765625E-02
   18   -0.2695312500000000E-02    0.9238433837890625E-03
   19   -0.3730468750000000E-02    0.7965469360351563E-03
   20   -0.5292968750000000E-02    0.1192588806152344E-02
   21   -0.2539062500000000E-03    0.9127426147460938E-03
   22   -0.2636718750000000E-02    0.1045188903808594E-02
   23   -0.4589843750000000E-02    0.7843399047851563E-03
   24   -0.7226562500000000E-03    0.7980728149414063E-03
   25   -0.7031250000000000E-03    0.1094818115234375E-02
   26   -0.2636718750000000E-02    0.9793472290039063E-03
   27   -0.1328125000000000E-02    0.9934997558593750E-03
   28   -0.1054687500000000E-02    0.8367919921875001E-03
   29    0.1875000000000000E-02    0.9948730468750000E-03
   30    0.6367187500000000E-02    0.1099014282226563E-02
   31    0.3867187500000000E-02    0.1081466674804688E-02
   32    0.5390625000000000E-02    0.8950805664062499E-03
   33    0.1796875000000000E-02    0.1008758544921875E-02
   34    0.3359375000000000E-02    0.9313201904296874E-03
   35    0.7031250000000000E-03    0.9780120849609375E-03
   36    0.1152343750000000E-02    0.8800125122070312E-03
   37   -0.9765625000000001E-04    0.9670639038085937E-03
   38   -0.4492187500000000E-03    0.8730697631835938E-03
   39   -0.1074218750000000E-02    0.7541275024414062E-03
   40    0.3320312500000000E-03    0.7485580444335937E-03
   41    0.1933593750000000E-02    0.9371566772460937E-03
   42   -0.2011718750000000E-02    0.1190834045410156E-02
   43    0.2265625000000000E-02    0.8834838867187500E-03
   44   -0.1015625000000000E-02    0.8354949951171875E-03
   45    0.4902343750000000E-02    0.8872604370117188E-03
   46   -0.4296875000000000E-03    0.1018829345703125E-02
   47   -0.2109375000000000E-02    0.1092834472656250E-02
   48    0.3691406250000000E-02    0.9791183471679688E-03
   49   -0.6250000000000000E-03    0.9310913085937500E-03
   50   -0.6347656250000000E-02    0.6364059448242188E-03
   51   -0.2148437500000000E-02    0.1009445190429688E-02
   52   -0.3320312500000000E-03    0.9331893920898437E-03
   53    0.5097656250000000E-02    0.1016807556152344E-02
   54    0.2031250000000000E-02    0.1090850830078125E-02
   55    0.9375000000000000E-03    0.9895324707031249E-03
   56    0.5546875000000000E-02    0.9218597412109375E-03
   57   -0.1953125000000000E-04    0.1153602600097656E-02
   58    0.3398437500000000E-02    0.9777832031250000E-03
   59   -0.8398437500000000E-03    0.1024818420410156E-02
   60   -0.1699218750000000E-02    0.6875991821289062E-03
   61   -0.1406250000000000E-02    0.9725189208984375E-03
   62    0.3769531250000000E-02    0.1233787536621094E-02
   63    0.1171875000000000E-02    0.9194946289062500E-03
   64    0.2539062500000000E-03    0.9720230102539063E-03
   65    0.6113281250000000E-02    0.8820724487304687E-03
   66    0.2382812500000000E-02    0.1088562011718750E-02
   67    0.4101562500000000E-03    0.1229667663574219E-02
   68    0.1152343750000000E-02    0.8971786499023437E-03
   69   -0.3730468750000000E-02    0.1193580627441406E-02
   70    0.6230468750000000E-02    0.1038093566894531E-02
   71    0.6367187500000000E-02    0.8228302001953125E-03
   72    0.6230468750000000E-02    0.9131240844726563E-03
   73    0.0000000000000000E+00    0.9837341308593750E-03
   74   -0.1933593750000000E-02    0.9570693969726562E-03
   75    0.1992187500000000E-02    0.1034088134765625E-02
   76   -0.2734375000000000E-03    0.1125869750976562E-02
   77    0.0000000000000000E+00    0.1220626831054688E-02
   78   -0.3320312500000000E-03    0.9132766723632812E-03
   79   -0.5468750000000001E-03    0.1053924560546875E-02
   80   -0.2597656250000000E-02    0.6953811645507812E-03
   81   -0.1699218750000000E-02    0.1235923767089844E-02
   82    0.2675781250000000E-02    0.1197395324707031E-02
   83    0.4121093750000000E-02    0.1167411804199219E-02
   84   -0.3144531250000000E-02    0.8775711059570313E-03
   85   -0.2656250000000000E-02    0.1071166992187500E-02
   86   -0.3769531250000000E-02    0.1139793395996094E-02
   87    0.3339843750000000E-02    0.8272933959960938E-03
   88   -0.1425781250000000E-02    0.1023139953613281E-02
   89   -0.4492187500000000E-03    0.8592605590820312E-03
   90    0.1191406250000000E-02    0.1002616882324219E-02
   91    0.1953125000000000E-04    0.8351516723632813E-03
   92   -0.1542968750000000E-02    0.1072578430175781E-02
   93    0.3164062500000000E-02    0.1046142578125000E-02
   94    0.1738281250000000E-02    0.9821701049804689E-03
   95    0.8398437500000000E-03    0.9207534790039063E-03
   96    0.3027343750000000E-02    0.9355545043945312E-03
   97    0.3710937500000000E-03    0.1004905700683594E-02
   98   -0.1523437500000000E-02    0.8495330810546875E-03
   99    0.1699218750000000E-02    0.9650039672851562E-03
  100   -0.3105468750000000E-02    0.9004592895507813E-03
