# time =    0.4785
    0    0.1000000000000000E+01    0.1000000000000000E+01
    1    0.2288671875000000E+00    0.5330619812011719E-01
    2    0.6123046875000000E-01    0.4619255065917969E-02
    3    0.2033203125000000E-01    0.1385841369628906E-02
    4    0.4941406250000000E-02    0.1129035949707031E-02
    5    0.2011718750000000E-02    0.1054801940917969E-02
    6   -0.2597656250000000E-02    0.1209907531738281E-02
    7   -0.2539062500000000E-02    0.8766937255859375E-03
    8   -0.2460937500000000E-02    0.1048202514648437E-02
    9   -0.4003906250000000E-02    0.8799362182617187E-03
   10   -0.9101562500000000E-02    0.1110839843750000E-02
   11   -0.6464843750000000E-02    0.8227157592773437E-03
   12   -0.1015625000000000E-02    0.1001663208007812E-02
   13    0.3339843750000000E-02    0.9054946899414063E-03
   14    0.2832031250000000E-02    0.9347152709960938E-03
   15   -0.1933593750000000E-02    0.9059524536132813E-03
   16   -0.1328125000000000E-02    0.7673645019531250E-03
   17   -0.2890625000000000E-02    0.1050643920898438E-02
   18   -0.7714843750000000E-02    0.1005592346191406E-02
   19   -0.2578125000000000E-02    0.1107788085937500E-02
   20   -0.1738281250000000E-02    0.8548355102539063E-03
   21    0.3476562500000000E-02    0.1081008911132812E-02
   22   -0.6250000000000000E-03    0.9023284912109375E-03
   23    0.5371093750000000E-02    0.8964920043945312E-03
   24    0.8789062500000000E-03    0.9437179565429687E-03
   25   -0.4687500000000000E-03    0.9290313720703125E-03
   26   -0.1367187500000000E-02    0.9645843505859376E-03
   27    0.1523437500000000E-02    0.9160614013671874E-03
   28    0.7617187500000000E-03    0.8753585815429687E-03
   29   -0.1250000000000000E-02    0.1002960205078125E-02
   30   -0.7812500000000000E-04    0.9886932373046875E-03
   31   -0.2167968750000000E-02    0.9987258911132813E-03
   32   -0.1953125000000000E-04    0.9232711791992188E-03
   33   -0.9531250000000000E-02    0.1552658081054687E-02
   34   -0.1232421875000000E-01    0.1033210754394531E-02
   35   -0.5019531250000000E-02    0.9328842163085938E-03
   36    0.9960937500000000E-03    0.1136894226074219E-02
   37    0.3007812500000000E-02    0.1200256347656250E-02
   38    0.5625000000000000E-02    0.1121444702148438E-02
   39    0.1875000000000000E-02    0.7929992675781250E-03
   40    0.1816406250000000E-02    0.1022682189941406E-02
   41    0.2265625000000000E-02    0.1120452880859375E-02
   42    0.3164062500000000E-02    0.8117675781250000E-03
   43    0.1738281250000000E-02    0.9148788452148438E-03
   44    0.4414062500000000E-02    0.1099090576171875E-02
   45    0.6328125000000000E-02    0.1235961914062500E-02
   46    0.1933593750000000E-02    0.8976364135742188E-03
   47    0.3144531250000000E-02    0.1035652160644531E-02
   48    0.4355468750000000E-02    0.9663772583007813E-03
   49   -0.8593750000000000E-03    0.1077423095703125E-02
   50   -0.2343750000000000E-02    0.9577178955078125E-03
   51    0.2539062500000000E-03    0.1098747253417969E-02
   52   -0.1484375000000000E-02    0.7744598388671875E-03
   53   -0.3906250000000000E-04    0.1077423095703125E-02
   54   -0.3281250000000000E-02    0.8347320556640625E-03
   55   -0.1523437500000000E-02    0.8841705322265625E-03
   56    0.3906250000000000E-04    0.7941436767578125E-03
   57   -0.6640625000000000E-03    0.9477233886718750E-03
   58    0.3125000000000000E-02    0.1015014648437500E-02
   59   -0.7812500000000000E-04    0.8421325683593750E-03
   60   -0.5488281250000000E-02    0.9940719604492187E-03
   61    0.3906250000000000E-04    0.1034622192382813E-02
   62   -0.3203125000000000E-02    0.1075515747070312E-02
   63   -0.1953125000000000E-02    0.8844757080078126E-03
   64   -0.3808593750000000E-02    0.9820938110351562E-03
   65    0.1367187500000000E-02    0.9272003173828125E-03
   66   -0.1230468750000000E-02    0.8227157592773437E-03
   67    0.3535156250000000E-02    0.1005439758300781E-02
   68   -0.3476562500000000E-02    0.8748626708984375E-03
   69   -0.3320312500000000E-02    0.1193237304687500E-02
   70   -0.7851562499999999E-02    0.1010131835937500E-02
   71    0.4296875000000000E-03    0.6862640380859375E-03
   72    0.1445312500000000E-02    0.1143493652343750E-02
   73   -0.2734375000000000E-02    0.1030044555664062E-02
   74    0.5078125000000000E-03    0.1054916381835938E-02
   75   -0.3144531250000000E-02    0.9428787231445312E-03
   76   -0.5078125000000000E-03    0.8470153808593750E-03
   77   -0.1757812500000000E-03    0.8492660522460937E-03
   78   -0.4492187500000000E-03    0.8228683471679688E-03
   79    0.4746093750000000E-02    0.7360458374023437E-03
   80   -0.6054687500000000E-03    0.9265518188476562E-03
   81   -0.1171875000000000E-03    0.7440948486328125E-03
   82    0.1777343750000000E-02    0.9702682495117187E-03
   83   -0.9765625000000000E-03    0.8759307861328125E-03
   84    0.5664062500000000E-02    0.9458923339843750E-03
   85   -0.8222656250000000E-02    0.1114158630371094E-02
   86   -0.1777343750000000E-02    0.1134452819824219E-02
   87    0.1035156250000000E-02    0.8839797973632812E-03
   88   -0.3652343750000000E-02    0.8984756469726563E-03
   89   -0.9179687499999999E-03    0.9624099731445312E-03
   90   -0.9765625000000001E-04    0.8675765991210938E-03
   91    0.3359375000000000E-02    0.1028289794921875E-02
   92    0.9765625000000001E-04    0.8073806762695313E-03
   93   -0.9199218750000000E-02    0.1296195983886719E-02
   94    0.4355468750000000E-02    0.1091880798339844E-02
   95    0.6640625000000000E-03    0.8542633056640625E-03
   96   -0.1015625000000000E-02    0.7149505615234375E-03
   97   -0.1875000000000000E-02    0.8197021484375000E-03
   98   -0.1386718750000000E-02    0.1120109558105469E-02
   99    0.1328125000000000E-02    0.1254730224609375E-02
  100   -0.3281250000000000E-02    0.1175537109375000E-02
