# time =    0.4526
    0    0.1000000000000000E+01    0.1000000000000000E+01
    1    0.2787890625000000E+00    0.7845382690429688E-01
    2    0.8736328124999999E-01    0.8500633239746093E-02
    3    0.3173828125000000E-01    0.1989631652832031E-02
    4    0.1273437500000000E-01    0.1016159057617187E-02
    5    0.5488281250000000E-02    0.1141853332519531E-02
    6    0.3007812500000000E-02    0.1224060058593750E-02
    7   -0.2363281250000000E-02    0.8409500122070312E-03
    8    0.4785156250000000E-02    0.9007644653320312E-03
    9   -0.1953125000000000E-04    0.9128189086914062E-03
   10    0.5781250000000000E-02    0.6937408447265626E-03
   11    0.5312500000000000E-02    0.1048507690429688E-02
   12   -0.1718750000000000E-02    0.7943725585937500E-03
   13    0.1230468750000000E-02    0.1108131408691406E-02
   14   -0.2285156250000000E-02    0.1158638000488281E-02
   15    0.4824218750000000E-02    0.1079673767089844E-02
   16   -0.3515625000000000E-02    0.7756805419921875E-03
   17    0.2402343750000000E-02    0.1015739440917969E-02
   18    0.4160156250000000E-02    0.1002998352050781E-02
   19    0.1503906250000000E-02    0.9031295776367188E-03
   20   -0.4433593750000000E-02    0.1043281555175781E-02
   21   -0.2421875000000000E-02    0.8078765869140625E-03
   22   -0.2968750000000000E-02    0.1061553955078125E-02
   23    0.1835937500000000E-02    0.8811187744140625E-03
   24   -0.4335937500000000E-02    0.9275054931640624E-03
   25   -0.5078125000000000E-03    0.9056091308593750E-03
   26    0.1250000000000000E-02    0.1024246215820312E-02
   27   -0.6054687500000000E-03    0.1092185974121094E-02
   28   -0.8984375000000000E-03    0.9997558593749999E-03
   29    0.1816406250000000E-02    0.7702255249023437E-03
   30   -0.1523437500000000E-02    0.1037445068359375E-02
   31   -0.1328125000000000E-02    0.1142196655273438E-02
   32    0.1777343750000000E-02    0.1004142761230469E-02
   33    0.4765625000000000E-02    0.8723449707031250E-03
   34   -0.9765625000000001E-04    0.1002388000488281E-02
   35   -0.5273437500000000E-03    0.1164131164550781E-02
   36    0.2968750000000000E-02    0.1077041625976562E-02
   37   -0.3125000000000000E-03    0.7553100585937500E-03
   38   -0.4375000000000000E-02    0.1360244750976562E-02
   39   -0.1191406250000000E-02    0.9115982055664062E-03
   40   -0.5468750000000001E-03    0.9916687011718749E-03
   41    0.2363281250000000E-02    0.9534072875976563E-03
   42    0.2031250000000000E-02    0.1145324707031250E-02
   43    0.4609375000000000E-02    0.1285171508789062E-02
   44    0.4335937500000000E-02    0.1235656738281250E-02
   45    0.6367187500000000E-02    0.9272766113281250E-03
   46    0.3339843750000000E-02    0.1074790954589844E-02
   47    0.2500000000000000E-02    0.8908843994140625E-03
   48   -0.2011718750000000E-02    0.8543777465820312E-03
   49    0.1347656250000000E-02    0.8172988891601562E-03
   50   -0.2792968750000000E-02    0.1120338439941406E-02
   51   -0.2089843750000000E-02    0.1021537780761719E-02
   52    0.3886718750000000E-02    0.9199905395507812E-03
   53   -0.1386718750000000E-02    0.9457015991210937E-03
   54    0.2148437500000000E-02    0.1077651977539062E-02
   55    0.4042968750000000E-02    0.7651138305664062E-03
   56    0.2656250000000000E-02    0.9258270263671875E-03
   57    0.4433593750000000E-02    0.1078224182128906E-02
   58   -0.7812500000000000E-03    0.9372711181640625E-03
   59    0.2011718750000000E-02    0.9041976928710938E-03
   60   -0.4628906250000000E-02    0.8860397338867188E-03
   61   -0.8593750000000000E-03    0.1008605957031250E-02
   62   -0.3574218750000000E-02    0.1062202453613281E-02
   63   -0.2304687500000000E-02    0.9059906005859375E-03
   64    0.2148437500000000E-02    0.1105575561523437E-02
   65    0.3320312500000000E-03    0.1022605895996094E-02
   66    0.1230468750000000E-02    0.1013526916503906E-02
   67   -0.3515625000000000E-03    0.1211776733398438E-02
   68   -0.9765625000000000E-03    0.1007843017578125E-02
   69   -0.3750000000000000E-02    0.8720397949218750E-03
   70   -0.3730468750000000E-02    0.1097755432128906E-02
   71   -0.4218750000000000E-02    0.8566284179687500E-03
   72   -0.5273437500000000E-03    0.9865188598632813E-03
   73    0.1328125000000000E-02    0.7798004150390625E-03
   74   -0.1406250000000000E-02    0.8654785156250000E-03
   75   -0.3164062500000000E-02    0.1205444335937500E-02
   76    0.2167968750000000E-02    0.9444808959960938E-03
   77   -0.1894531250000000E-02    0.1003608703613281E-02
   78    0.3183593750000000E-02    0.1095542907714844E-02
   79   -0.1113281250000000E-02    0.1099433898925781E-02
   80   -0.3046875000000000E-02    0.8414459228515625E-03
   81    0.3964843750000000E-02    0.8678054809570313E-03
   82    0.4394531250000000E-02    0.1007347106933594E-02
   83    0.2988281250000000E-02    0.7933425903320312E-03
   84    0.4023437500000000E-02    0.1160125732421875E-02
   85   -0.1289062500000000E-02    0.8764648437500000E-03
   86   -0.1269531250000000E-02    0.9636306762695313E-03
   87    0.9765625000000001E-04    0.8926773071289062E-03
   88   -0.5605468750000000E-02    0.9900283813476561E-03
   89   -0.4296875000000000E-02    0.7711791992187500E-03
   90    0.3144531250000000E-02    0.9164810180664062E-03
   91   -0.6445312500000000E-03    0.8680343627929688E-03
   92    0.4921875000000000E-02    0.1064910888671875E-02
   93    0.1054687500000000E-02    0.9844207763671875E-03
   94   -0.2343750000000000E-03    0.8404541015625000E-03
   95    0.3320312500000000E-03    0.8987045288085938E-03
   96   -0.5078125000000000E-03    0.8554077148437500E-03
   97   -0.5058593750000000E-02    0.8932113647460938E-03
   98   -0.3886718750000000E-02    0.9395980834960938E-03
   99   -0.7617187500000000E-03    0.1187324523925781E-02
  100    0.4296875000000000E-02    0.1004562377929687E-02
