# time =    0.4671
    0    0.1000000000000000E+01    0.1000000000000000E+01
    1    0.2187500000000000E+00    0.4873779296875000E-01
    2    0.5693359375000000E-01    0.4181098937988281E-02
    3    0.1744140625000000E-01    0.1410408020019531E-02
    4    0.1933593750000000E-02    0.9299850463867187E-03
    5   -0.1093750000000000E-02    0.8525085449218750E-03
    6    0.1523437500000000E-02    0.9299468994140625E-03
    7    0.6445312500000000E-03    0.9714889526367187E-03
    8    0.1445312500000000E-02    0.9014129638671875E-03
    9   -0.5664062500000000E-03    0.1071662902832031E-02
   10   -0.2539062500000000E-03    0.1060371398925781E-02
   11   -0.1562500000000000E-03    0.1063385009765625E-02
   12   -0.6386718750000000E-02    0.1100730895996094E-02
   13   -0.1484375000000000E-02    0.6877136230468750E-03
   14    0.4882812500000000E-02    0.8570861816406250E-03
   15    0.8984375000000000E-03    0.1040496826171875E-02
   16   -0.1738281250000000E-02    0.7404708862304688E-03
   17   -0.3847656250000000E-02    0.8295822143554687E-03
   18   -0.1191406250000000E-02    0.1100425720214844E-02
   19   -0.4648437500000000E-02    0.7772064208984375E-03
   20   -0.6796875000000000E-02    0.1097946166992187E-02
   21   -0.5078125000000000E-02    0.8458709716796875E-03
   22   -0.3906250000000000E-02    0.9897613525390624E-03
   23    0.6640625000000000E-03    0.1002349853515625E-02
   24   -0.1582031250000000E-02    0.9115982055664062E-03
   25    0.9179687499999999E-03    0.7800674438476563E-03
   26    0.0000000000000000E+00    0.8682250976562500E-03
   27   -0.1992187500000000E-02    0.9703826904296875E-03
   28   -0.3320312500000000E-02    0.1035766601562500E-02
   29   -0.7031250000000000E-03    0.9284973144531250E-03
   30   -0.1171875000000000E-03    0.1049499511718750E-02
   31   -0.3105468750000000E-02    0.1235847473144531E-02
   32    0.1171875000000000E-03    0.8861541748046875E-03
   33   -0.2617187500000000E-02    0.9848785400390625E-03
   34   -0.1386718750000000E-02    0.9544754028320313E-03
   35   -0.4550781250000000E-02    0.9799575805664062E-03
   36   -0.1074218750000000E-02    0.8600234985351562E-03
   37   -0.8593750000000000E-03    0.8419799804687500E-03
   38   -0.2792968750000000E-02    0.9296798706054688E-03
   39    0.1230468750000000E-02    0.1318702697753906E-02
   40    0.3320312500000000E-02    0.9563446044921875E-03
   41    0.4375000000000000E-02    0.9146118164062500E-03
   42    0.6093750000000000E-02    0.8502197265625000E-03
   43   -0.7812500000000000E-04    0.1111526489257812E-02
   44    0.5234375000000000E-02    0.1100158691406250E-02
   45   -0.2714843750000000E-02    0.9064102172851563E-03
   46    0.5859375000000000E-04    0.1100578308105469E-02
   47   -0.2949218750000000E-02    0.9546279907226562E-03
   48    0.4101562500000000E-03    0.1022224426269531E-02
   49    0.2031250000000000E-02    0.8032226562500000E-03
   50   -0.1562500000000000E-03    0.1022415161132812E-02
   51   -0.5292968750000000E-02    0.9035110473632812E-03
   52   -0.5488281250000000E-02    0.1282386779785156E-02
   53   -0.3867187500000000E-02    0.8744049072265625E-03
   54    0.2792968750000000E-02    0.1095008850097656E-02
   55    0.1523437500000000E-02    0.9786224365234376E-03
   56   -0.4707031250000000E-02    0.8860397338867188E-03
   57   -0.4492187500000000E-03    0.9897232055664062E-03
   58   -0.1035156250000000E-02    0.9906387329101562E-03
   59    0.2011718750000000E-02    0.1075019836425781E-02
   60   -0.3632812500000000E-02    0.1016464233398437E-02
   61   -0.1210937500000000E-02    0.9361267089843750E-03
   62   -0.1503906250000000E-02    0.9257125854492187E-03
   63    0.1367187500000000E-02    0.9906005859375000E-03
   64   -0.1914062500000000E-02    0.9803009033203126E-03
   65   -0.3144531250000000E-02    0.1004295349121094E-02
   66    0.2148437500000000E-03    0.8015060424804688E-03
   67   -0.3242187500000000E-02    0.9640502929687500E-03
   68   -0.4082031250000000E-02    0.8242416381835937E-03
   69   -0.1328125000000000E-02    0.8318328857421875E-03
   70   -0.4492187500000000E-03    0.7644271850585937E-03
   71    0.5859375000000000E-03    0.1160125732421875E-02
   72   -0.1718750000000000E-02    0.1233825683593750E-02
   73    0.5859375000000000E-04    0.1130943298339844E-02
   74   -0.3359375000000000E-02    0.8589172363281250E-03
   75   -0.2734375000000000E-02    0.1277847290039063E-02
   76   -0.2910156250000000E-02    0.1082801818847656E-02
   77   -0.6152343750000000E-02    0.8335494995117187E-03
   78    0.8203125000000000E-03    0.1041183471679687E-02
   79   -0.4824218750000000E-02    0.1063957214355469E-02
   80   -0.5195312500000000E-02    0.9606170654296875E-03
   81   -0.4550781250000000E-02    0.1035194396972656E-02
   82   -0.3964843750000000E-02    0.1170005798339844E-02
   83    0.2734375000000000E-03    0.1039505004882812E-02
   84   -0.2480468750000000E-02    0.8334732055664063E-03
   85    0.1796875000000000E-02    0.8572387695312500E-03
   86    0.5078125000000000E-03    0.9037017822265625E-03
   87    0.2011718750000000E-02    0.8355331420898438E-03
   88    0.3339843750000000E-02    0.1161537170410156E-02
   89    0.2089843750000000E-02    0.1044425964355469E-02
   90    0.5859375000000000E-04    0.9704208374023437E-03
   91    0.4980468750000000E-02    0.8285140991210937E-03
   92   -0.8613281250000000E-02    0.9846115112304688E-03
   93   -0.4121093750000000E-02    0.6434249877929687E-03
   94    0.1328125000000000E-02    0.9771728515625001E-03
   95   -0.8984375000000000E-03    0.8467864990234375E-03
   96   -0.2343750000000000E-03    0.9155273437500000E-03
   97    0.2148437500000000E-02    0.8821105957031250E-03
   98    0.1582031250000000E-02    0.9826278686523437E-03
   99   -0.1562500000000000E-02    0.1106491088867188E-02
  100   -0.3339843750000000E-02    0.1286659240722656E-02
