# time =    0.4752
    0    0.1000000000000000E+01    0.1000000000000000E+01
    1    0.2239062500000000E+00    0.5112213134765625E-01
    2    0.5312500000000000E-01    0.3759460449218750E-02
    3    0.1570312500000000E-01    0.1059722900390625E-02
    4    0.5195312500000000E-02    0.1089172363281250E-02
    5   -0.1328125000000000E-02    0.9326171875000000E-03
    6    0.2070312500000000E-02    0.8524322509765625E-03
    7    0.1835937500000000E-02    0.9654235839843750E-03
    8   -0.2167968750000000E-02    0.9914779663085938E-03
    9   -0.1757812500000000E-02    0.1065292358398437E-02
   10    0.1054687500000000E-02    0.1295089721679688E-02
   11   -0.4472656250000000E-02    0.1046180725097656E-02
   12   -0.5351562500000000E-02    0.1132736206054687E-02
   13    0.1640625000000000E-02    0.1137771606445312E-02
   14   -0.4843750000000000E-02    0.1156082153320313E-02
   15   -0.8984375000000000E-03    0.9119415283203125E-03
   16    0.3964843750000000E-02    0.1075477600097656E-02
   17   -0.5214843750000000E-02    0.9043502807617187E-03
   18   -0.1132812500000000E-02    0.1155242919921875E-02
   19    0.6386718750000000E-02    0.1087303161621094E-02
   20    0.3906250000000000E-04    0.1323471069335937E-02
   21    0.1171875000000000E-02    0.8586883544921875E-03
   22    0.1953125000000000E-04    0.1204338073730469E-02
   23    0.4101562500000000E-03    0.8401870727539062E-03
   24   -0.5996093750000000E-02    0.7885360717773438E-03
   25   -0.4628906250000000E-02    0.8182907104492187E-03
   26   -0.2539062500000000E-02    0.1032714843750000E-02
   27    0.3789062500000000E-02    0.1232376098632813E-02
   28    0.2265625000000000E-02    0.1018753051757813E-02
   29    0.5000000000000000E-02    0.1091842651367188E-02
   30    0.1855468750000000E-02    0.9327316284179687E-03
   31    0.1562500000000000E-03    0.9581756591796875E-03
   32   -0.3281250000000000E-02    0.1102523803710937E-02
   33   -0.1855468750000000E-02    0.7984542846679688E-03
   34    0.3359375000000000E-02    0.1055068969726562E-02
   35    0.6250000000000000E-03    0.8448028564453125E-03
   36    0.2949218750000000E-02    0.9189224243164062E-03
   37    0.1835937500000000E-02    0.9884643554687500E-03
   38    0.3671875000000000E-02    0.8528137207031250E-03
   39   -0.1015625000000000E-02    0.1080169677734375E-02
   40    0.3339843750000000E-02    0.8979415893554687E-03
   41   -0.1738281250000000E-02    0.8774185180664062E-03
   42    0.5566406250000000E-02    0.8528518676757812E-03
   43    0.2988281250000000E-02    0.9437179565429687E-03
   44    0.4492187500000000E-03    0.1019706726074219E-02
   45    0.1308593750000000E-02    0.1173057556152344E-02
   46    0.3105468750000000E-02    0.9157943725585937E-03
   47   -0.5468750000000001E-03    0.8519744873046875E-03
   48    0.2929687500000000E-02    0.8687591552734375E-03
   49    0.3027343750000000E-02    0.9737777709960938E-03
   50    0.7421875000000000E-03    0.8900451660156250E-03
   51   -0.1855468750000000E-02    0.8655929565429687E-03
   52   -0.3574218750000000E-02    0.1062049865722656E-02
   53   -0.9960937500000000E-03    0.8511734008789062E-03
   54   -0.1425781250000000E-02    0.1067771911621094E-02
   55    0.8007812500000000E-03    0.8839035034179688E-03
   56    0.2812500000000000E-02    0.1068496704101563E-02
   57    0.3144531250000000E-02    0.1108360290527344E-02
   58   -0.1835937500000000E-02    0.9986114501953124E-03
   59   -0.2988281250000000E-02    0.1167411804199219E-02
   60   -0.5488281250000000E-02    0.9149551391601562E-03
   61   -0.4257812500000000E-02    0.1181335449218750E-02
   62    0.3710937500000000E-03    0.9618759155273438E-03
   63    0.1953125000000000E-02    0.7540130615234375E-03
   64    0.3769531250000000E-02    0.9716415405273438E-03
   65    0.2753906250000000E-02    0.9231948852539062E-03
   66   -0.3437500000000000E-02    0.1313018798828125E-02
   67    0.3476562500000000E-02    0.1306610107421875E-02
   68   -0.1582031250000000E-02    0.9317398071289062E-03
   69   -0.2832031250000000E-02    0.9086227416992187E-03
   70    0.3261718750000000E-02    0.9527206420898438E-03
   71    0.5664062500000000E-03    0.9630203247070312E-03
   72    0.5742187500000000E-02    0.8908081054687500E-03
   73   -0.1054687500000000E-02    0.9073638916015626E-03
   74    0.4511718750000000E-02    0.1101722717285156E-02
   75    0.5332031250000000E-02    0.8837509155273437E-03
   76    0.1210937500000000E-02    0.1156997680664063E-02
   77   -0.1875000000000000E-02    0.1032104492187500E-02
   78   -0.1425781250000000E-02    0.1225852966308594E-02
   79   -0.1347656250000000E-02    0.1033363342285156E-02
   80   -0.3125000000000000E-02    0.7119750976562499E-03
   81    0.0000000000000000E+00    0.1179046630859375E-02
   82    0.3886718750000000E-02    0.9060287475585937E-03
   83    0.2226562500000000E-02    0.9450531005859375E-03
   84   -0.3593750000000000E-02    0.9328460693359375E-03
   85   -0.5156250000000000E-02    0.1094207763671875E-02
   86   -0.4707031250000000E-02    0.9129714965820313E-03
   87    0.5078125000000000E-03    0.7357788085937500E-03
   88    0.1796875000000000E-02    0.1023178100585938E-02
   89    0.0000000000000000E+00    0.9922027587890626E-03
   90   -0.1835937500000000E-02    0.9459686279296875E-03
   91   -0.3125000000000000E-02    0.9846496582031250E-03
   92    0.3437500000000000E-02    0.9362792968750000E-03
   93    0.1718750000000000E-02    0.9549713134765625E-03
   94    0.5117187500000000E-02    0.8834838867187500E-03
   95    0.1386718750000000E-02    0.8435440063476562E-03
   96   -0.2050781250000000E-02    0.1137275695800781E-02
   97    0.1933593750000000E-02    0.1098060607910156E-02
   98   -0.2148437500000000E-03    0.9723281860351562E-03
   99   -0.2226562500000000E-02    0.9863281250000000E-03
  100   -0.1214843750000000E-01    0.1110458374023438E-02
