# time =    0.4492
    0    0.1000000000000000E+01    0.1000000000000000E+01
    1    0.3231640625000000E+00    0.1051472473144531E+00
    2    0.1504101562500000E+00    0.2349765777587891E-01
    3    0.8904296875000001E-01    0.8871116638183595E-02
    4    0.5652343750000000E-01    0.4228820800781250E-02
    5    0.4240234375000000E-01    0.2784004211425781E-02
    6    0.2779296875000000E-01    0.1812934875488281E-02
    7    0.1876953125000000E-01    0.1423072814941406E-02
    8    0.1111328125000000E-01    0.1134071350097656E-02
    9    0.6054687500000000E-02    0.1183242797851563E-02
   10    0.8300781250000000E-02    0.1336097717285156E-02
   11    0.8574218749999999E-02    0.1051673889160156E-02
   12    0.9257812500000000E-02    0.1199417114257813E-02
   13    0.4023437500000000E-02    0.8280944824218750E-03
   14    0.2812500000000000E-02    0.1007385253906250E-02
   15    0.1933593750000000E-02    0.9568405151367188E-03
   16    0.9375000000000000E-03    0.1068725585937500E-02
   17    0.1972656250000000E-02    0.1150932312011719E-02
   18   -0.1171875000000000E-03    0.9664154052734375E-03
   19   -0.2812500000000000E-02    0.1038742065429688E-02
   20    0.3515625000000000E-03    0.9772491455078125E-03
   21    0.6250000000000000E-03    0.1001281738281250E-02
   22   -0.8789062500000000E-03    0.9219741821289062E-03
   23    0.4511718750000000E-02    0.1050224304199219E-02
   24    0.4335937500000000E-02    0.1071929931640625E-02
   25    0.3066406250000000E-02    0.1113624572753906E-02
   26    0.2929687500000000E-03    0.8417892456054687E-03
   27    0.2500000000000000E-02    0.8363342285156250E-03
   28   -0.7617187500000000E-03    0.9752273559570313E-03
   29   -0.7812500000000000E-04    0.8478546142578125E-03
   30    0.1933593750000000E-02    0.8853530883789063E-03
   31    0.1210937500000000E-02    0.8482360839843751E-03
   32    0.4414062500000000E-02    0.1040420532226563E-02
   33    0.4121093750000000E-02    0.1117744445800781E-02
   34    0.1738281250000000E-02    0.8701705932617188E-03
   35   -0.2285156250000000E-02    0.9587478637695313E-03
   36   -0.2871093750000000E-02    0.9027481079101563E-03
   37    0.0000000000000000E+00    0.9571075439453125E-03
   38    0.2949218750000000E-02    0.1030616760253906E-02
   39   -0.9375000000000000E-03    0.9710693359375000E-03
   40   -0.2265625000000000E-02    0.1328964233398437E-02
   41   -0.5625000000000000E-02    0.1105575561523437E-02
   42   -0.3222656250000000E-02    0.9233474731445313E-03
   43   -0.2910156250000000E-02    0.8645248413085937E-03
   44   -0.5859375000000000E-04    0.8800125122070312E-03
   45    0.7617187500000000E-03    0.9798812866210938E-03
   46   -0.4335937500000000E-02    0.1084060668945313E-02
   47   -0.4121093750000000E-02    0.7958602905273437E-03
   48   -0.1933593750000000E-02    0.7768630981445313E-03
   49   -0.1191406250000000E-02    0.1063270568847656E-02
   50   -0.1640625000000000E-02    0.7389068603515625E-03
   51   -0.4062500000000000E-02    0.9459686279296875E-03
   52   -0.4687500000000000E-03    0.1198272705078125E-02
   53    0.1835937500000000E-02    0.8748626708984375E-03
   54    0.3750000000000000E-02    0.9095764160156250E-03
   55    0.1367187500000000E-02    0.8571624755859375E-03
   56    0.6875000000000000E-02    0.1055374145507813E-02
   57    0.2832031250000000E-02    0.1015357971191406E-02
   58    0.3320312500000000E-03    0.1043128967285156E-02
   59   -0.3730468750000000E-02    0.8163070678710938E-03
   60    0.2226562500000000E-02    0.1063003540039063E-02
   61   -0.6640625000000000E-03    0.8954620361328125E-03
   62   -0.6640625000000000E-03    0.9686279296875000E-03
   63   -0.1367187500000000E-03    0.9327316284179687E-03
   64    0.2343750000000000E-03    0.6777191162109375E-03
   65   -0.8398437500000000E-03    0.9800338745117188E-03
   66   -0.4179687500000000E-02    0.9528350830078125E-03
   67    0.1640625000000000E-02    0.9596252441406250E-03
   68    0.3203125000000000E-02    0.8460998535156250E-03
   69   -0.2480468750000000E-02    0.1002082824707031E-02
   70    0.1835937500000000E-02    0.9232330322265625E-03
   71    0.1601562500000000E-02    0.9003448486328125E-03
   72   -0.4492187500000000E-03    0.9749984741210938E-03
   73   -0.4492187500000000E-03    0.1127815246582031E-02
   74    0.1289062500000000E-02    0.1221313476562500E-02
   75   -0.4628906250000000E-02    0.1152687072753906E-02
   76   -0.2011718750000000E-02    0.8519363403320313E-03
   77    0.2304687500000000E-02    0.9883117675781249E-03
   78    0.5468750000000001E-03    0.9600830078125000E-03
   79    0.3027343750000000E-02    0.1089897155761719E-02
   80   -0.4218750000000000E-02    0.1094207763671875E-02
   81   -0.7265625000000000E-02    0.1183471679687500E-02
   82   -0.8007812500000000E-03    0.7978439331054688E-03
   83   -0.9765625000000000E-03    0.9721374511718750E-03
   84   -0.4003906250000000E-02    0.8572769165039062E-03
   85   -0.9570312500000000E-03    0.7789993286132813E-03
   86   -0.6835937500000000E-03    0.8013534545898437E-03
   87   -0.5664062500000000E-03    0.7683181762695312E-03
   88    0.2890625000000000E-02    0.8631896972656250E-03
   89    0.1250000000000000E-02    0.1041870117187500E-02
   90    0.1347656250000000E-02    0.1230506896972656E-02
   91   -0.1171875000000000E-02    0.8634185791015625E-03
   92    0.1074218750000000E-02    0.9294509887695313E-03
   93   -0.4609375000000000E-02    0.8827209472656250E-03
   94   -0.2734375000000000E-03    0.9219360351562500E-03
   95    0.7050781250000000E-02    0.1203117370605469E-02
   96    0.3281250000000000E-02    0.1029281616210937E-02
   97   -0.4453125000000000E-02    0.1030960083007812E-02
   98   -0.1640625000000000E-02    0.8023834228515625E-03
   99   -0.4687500000000000E-03    0.6551361083984375E-03
  100   -0.1289062500000000E-02    0.7621002197265625E-03
