# time =    0.4802
    0    0.1000000000000000E+01    0.1000000000000000E+01
    1    0.2295898437500000E+00    0.5355182647705078E-01
    2    0.6671874999999999E-01    0.5383834838867187E-02
    3    0.3126953125000000E-01    0.2005653381347656E-02
    4    0.1386718750000000E-01    0.1254730224609375E-02
    5    0.4628906250000000E-02    0.9385299682617188E-03
    6    0.2558593750000000E-02    0.1001319885253906E-02
    7    0.2109375000000000E-02    0.8032226562500000E-03
    8   -0.2285156250000000E-02    0.7278823852539063E-03
    9   -0.3789062500000000E-02    0.1194610595703125E-02
   10   -0.2539062500000000E-03    0.8990859985351562E-03
   11    0.2343750000000000E-03    0.1128082275390625E-02
   12    0.2910156250000000E-02    0.8791732788085937E-03
   13   -0.2773437500000000E-02    0.8294677734375000E-03
   14   -0.4824218750000000E-02    0.9559249877929688E-03
   15   -0.2109375000000000E-02    0.9090423583984375E-03
   16   -0.6250000000000000E-03    0.9988403320312499E-03
   17    0.4492187500000000E-03    0.9663009643554688E-03
   18    0.4296875000000000E-03    0.1127395629882813E-02
   19    0.1484375000000000E-02    0.9996032714843751E-03
   20   -0.6015625000000000E-02    0.1130676269531250E-02
   21   -0.5878906250000000E-02    0.9801864624023437E-03
   22   -0.8593750000000000E-03    0.9431457519531250E-03
   23   -0.3242187500000000E-02    0.8895111083984375E-03
   24   -0.1718750000000000E-02    0.9989929199218750E-03
   25    0.1640625000000000E-02    0.1184921264648438E-02
   26    0.3125000000000000E-03    0.1152267456054688E-02
   27    0.2109375000000000E-02    0.9616088867187500E-03
   28   -0.2070312500000000E-02    0.8611297607421875E-03
   29   -0.2421875000000000E-02    0.9524536132812500E-03
   30   -0.5273437500000000E-03    0.1042900085449219E-02
   31   -0.3300781250000000E-02    0.9449386596679688E-03
   32    0.5371093750000000E-02    0.1256675720214844E-02
   33    0.7011718750000000E-02    0.8296585083007813E-03
   34    0.1855468750000000E-02    0.1114387512207031E-02
   35   -0.4785156250000000E-02    0.8774948120117188E-03
   36   -0.2695312500000000E-02    0.9694671630859374E-03
   37   -0.3085937500000000E-02    0.7872772216796875E-03
   38    0.1640625000000000E-02    0.6636810302734375E-03
   39   -0.1816406250000000E-02    0.1018333435058594E-02
   40   -0.3378906250000000E-02    0.8311843872070312E-03
   41   -0.3613281250000000E-02    0.9368515014648438E-03
   42    0.1835937500000000E-02    0.8106994628906250E-03
   43    0.1582031250000000E-02    0.8288955688476562E-03
   44    0.7226562500000000E-03    0.8514022827148437E-03
   45    0.2949218750000000E-02    0.7686996459960937E-03
   46   -0.3203125000000000E-02    0.9827423095703125E-03
   47    0.1679687500000000E-02    0.1240539550781250E-02
   48    0.3261718750000000E-02    0.9553909301757812E-03
   49    0.5937500000000000E-02    0.9636688232421875E-03
   50    0.2773437500000000E-02    0.1163482666015625E-02
   51    0.1953125000000000E-04    0.1102485656738281E-02
   52    0.4960937500000000E-02    0.1227035522460938E-02
   53    0.1542968750000000E-02    0.1011314392089844E-02
   54    0.1933593750000000E-02    0.9054946899414063E-03
   55    0.0000000000000000E+00    0.7785034179687500E-03
   56    0.2988281250000000E-02    0.9234237670898437E-03
   57    0.2695312500000000E-02    0.1050186157226563E-02
   58   -0.1953125000000000E-03    0.8290863037109375E-03
   59    0.8535156250000000E-02    0.1012992858886719E-02
   60    0.3808593750000000E-02    0.9453201293945313E-03
   61   -0.1660156250000000E-02    0.1015052795410156E-02
   62   -0.4921875000000000E-02    0.9690093994140625E-03
   63    0.2539062500000000E-03    0.1003074645996094E-02
   64   -0.1601562500000000E-02    0.7910919189453125E-03
   65    0.4101562500000000E-03    0.9398269653320313E-03
   66   -0.4003906250000000E-02    0.1048088073730469E-02
   67   -0.4531250000000000E-02    0.1025390625000000E-02
   68    0.6640625000000000E-03    0.1244812011718750E-02
   69    0.2285156250000000E-02    0.8378219604492187E-03
   70   -0.1699218750000000E-02    0.8144760131835937E-03
   71   -0.8789062500000000E-03    0.9791183471679688E-03
   72   -0.6464843750000000E-02    0.8611679077148438E-03
   73    0.2343750000000000E-03    0.9528350830078125E-03
   74    0.1562500000000000E-03    0.9452056884765625E-03
   75    0.1738281250000000E-02    0.9630966186523437E-03
   76    0.5507812500000000E-02    0.8710479736328125E-03
   77    0.1132812500000000E-02    0.8895111083984375E-03
   78   -0.9570312500000000E-03    0.9890365600585937E-03
   79   -0.8789062500000000E-03    0.9016799926757813E-03
   80   -0.3320312500000000E-02    0.1040573120117187E-02
   81    0.1933593750000000E-02    0.8296585083007813E-03
   82    0.1562500000000000E-03    0.1043014526367188E-02
   83   -0.4648437500000000E-02    0.9285736083984375E-03
   84    0.5996093750000000E-02    0.1184425354003906E-02
   85   -0.3574218750000000E-02    0.9773635864257812E-03
   86   -0.3300781250000000E-02    0.9904861450195312E-03
   87    0.1914062500000000E-02    0.9658050537109375E-03
   88    0.3710937500000000E-03    0.7764053344726563E-03
   89    0.1953125000000000E-02    0.9681701660156250E-03
   90    0.5468750000000001E-03    0.7098388671875000E-03
   91    0.2792968750000000E-02    0.8534622192382812E-03
   92   -0.9570312500000000E-03    0.6302261352539063E-03
   93    0.1933593750000000E-02    0.1131858825683594E-02
   94   -0.4511718750000000E-02    0.1082267761230469E-02
   95    0.1582031250000000E-02    0.1038093566894531E-02
   96   -0.4843750000000000E-02    0.1083450317382812E-02
   97    0.2187500000000000E-02    0.1235809326171875E-02
   98    0.2949218750000000E-02    0.1002082824707031E-02
   99   -0.3906250000000000E-04    0.1036987304687500E-02
  100   -0.3437500000000000E-02    0.8750915527343750E-03
