# time =    0.4722
    0    0.1000000000000000E+01    0.1000000000000000E+01
    1    0.2116015625000000E+00    0.4562973022460937E-01
    2    0.5210937500000000E-01    0.3788223266601562E-02
    3    0.1599609375000000E-01    0.1144218444824219E-02
    4    0.4394531250000000E-02    0.9823226928710937E-03
    5   -0.2734375000000000E-02    0.9592437744140625E-03
    6   -0.1367187500000000E-02    0.1041183471679687E-02
    7   -0.7207031250000000E-02    0.1221351623535156E-02
    8   -0.1582031250000000E-02    0.1015510559082031E-02
    9   -0.3574218750000000E-02    0.7511520385742187E-03
   10   -0.3046875000000000E-02    0.9509277343750000E-03
   11    0.2890625000000000E-02    0.7553100585937500E-03
   12   -0.3105468750000000E-02    0.9035873413085938E-03
   13   -0.4257812500000000E-02    0.8864593505859375E-03
   14   -0.5078125000000000E-03    0.1084899902343750E-02
   15   -0.1777343750000000E-02    0.9292221069335938E-03
   16   -0.7246093750000000E-02    0.8525466918945313E-03
   17   -0.1855468750000000E-02    0.1020393371582031E-02
   18   -0.4785156250000000E-02    0.8021163940429688E-03
   19   -0.2480468750000000E-02    0.9254837036132813E-03
   20    0.3886718750000000E-02    0.8975601196289062E-03
   21   -0.2871093750000000E-02    0.1139793395996094E-02
   22    0.1640625000000000E-02    0.1055755615234375E-02
   23   -0.3535156250000000E-02    0.7469558715820313E-03
   24    0.1953125000000000E-02    0.1019744873046875E-02
   25   -0.1738281250000000E-02    0.9659194946289063E-03
   26   -0.4882812500000000E-03    0.7136154174804687E-03
   27   -0.5039062500000000E-02    0.1254653930664062E-02
   28   -0.7812500000000000E-03    0.1321868896484375E-02
   29   -0.4648437500000000E-02    0.8889007568359375E-03
   30   -0.2832031250000000E-02    0.7468032836914063E-03
   31   -0.1640625000000000E-02    0.9172058105468750E-03
   32   -0.1347656250000000E-02    0.1045112609863281E-02
   33   -0.2304687500000000E-02    0.1044921875000000E-02
   34   -0.7441406250000000E-02    0.1062049865722656E-02
   35   -0.4824218750000000E-02    0.9366989135742188E-03
   36    0.6679687500000000E-02    0.9934234619140626E-03
   37    0.2910156250000000E-02    0.7612991333007812E-03
   38   -0.2246093750000000E-02    0.9120559692382813E-03
   39   -0.4394531250000000E-02    0.8964920043945312E-03
   40   -0.7324218750000000E-02    0.8835220336914063E-03
   41    0.1894531250000000E-02    0.9692001342773437E-03
   42    0.1308593750000000E-02    0.1006050109863281E-02
   43    0.1992187500000000E-02    0.7991027832031250E-03
   44   -0.4687500000000000E-03    0.8724212646484375E-03
   45   -0.9765625000000001E-04    0.1134605407714844E-02
   46   -0.4472656250000000E-02    0.1069679260253906E-02
   47    0.3242187500000000E-02    0.1192016601562500E-02
   48    0.1328125000000000E-02    0.1170806884765625E-02
   49   -0.2714843750000000E-02    0.8908462524414063E-03
   50   -0.2539062500000000E-02    0.1003341674804687E-02
   51    0.4101562500000000E-03    0.1105155944824219E-02
   52    0.2675781250000000E-02    0.1200599670410156E-02
   53    0.5859375000000000E-03    0.1162567138671875E-02
   54    0.3964843750000000E-02    0.1023216247558594E-02
   55    0.4589843750000000E-02    0.9392929077148437E-03
   56    0.1093750000000000E-02    0.1119384765625000E-02
   57    0.1757812500000000E-02    0.1388397216796875E-02
   58    0.7421875000000000E-03    0.1110763549804688E-02
   59    0.2363281250000000E-02    0.1061515808105469E-02
   60   -0.2050781250000000E-02    0.7484817504882813E-03
   61   -0.7031250000000000E-03    0.9828948974609376E-03
   62    0.4160156250000000E-02    0.1199378967285156E-02
   63    0.7265625000000000E-02    0.1236724853515625E-02
   64   -0.7402343750000000E-02    0.8559036254882813E-03
   65   -0.7617187500000000E-03    0.8964920043945312E-03
   66   -0.7617187500000000E-03    0.1051750183105469E-02
   67    0.2597656250000000E-02    0.8367538452148437E-03
   68   -0.1074218750000000E-02    0.9508132934570312E-03
   69    0.1035156250000000E-02    0.1008033752441406E-02
   70    0.5097656250000000E-02    0.1002769470214844E-02
   71    0.2695312500000000E-02    0.9451293945312500E-03
   72    0.3027343750000000E-02    0.8609390258789062E-03
   73    0.3886718750000000E-02    0.9927749633789062E-03
   74    0.3828125000000000E-02    0.1333923339843750E-02
   75    0.6640625000000000E-02    0.1024093627929687E-02
   76    0.2343750000000000E-03    0.9567260742187500E-03
   77    0.2636718750000000E-02    0.9087753295898437E-03
   78    0.3730468750000000E-02    0.7890701293945312E-03
   79   -0.4062500000000000E-02    0.8702850341796874E-03
   80    0.2324218750000000E-02    0.8906936645507813E-03
   81   -0.3945312500000000E-02    0.9619903564453125E-03
   82   -0.1699218750000000E-02    0.7069015502929688E-03
   83    0.2832031250000000E-02    0.1045951843261719E-02
   84    0.4296875000000000E-02    0.1072845458984375E-02
   85   -0.3710937500000000E-03    0.9928512573242187E-03
   86   -0.1484375000000000E-02    0.8519744873046875E-03
   87   -0.5976562500000000E-02    0.8606719970703125E-03
   88   -0.6445312500000000E-02    0.1084976196289063E-02
   89   -0.3535156250000000E-02    0.9836959838867188E-03
   90   -0.1972656250000000E-02    0.9788894653320313E-03
   91   -0.3984375000000000E-02    0.1053390502929687E-02
   92   -0.5917968750000000E-02    0.1198463439941406E-02
   93   -0.2792968750000000E-02    0.1036796569824219E-02
   94   -0.2812500000000000E-02    0.9228515625000000E-03
   95   -0.3457031250000000E-02    0.1113853454589844E-02
   96   -0.2519531250000000E-02    0.9782028198242188E-03
   97    0.2070312500000000E-02    0.9894561767578125E-03
   98   -0.1718750000000000E-02    0.1092147827148438E-02
   99    0.1464843750000000E-02    0.1019172668457031E-02
  100    0.3535156250000000E-02    0.9325027465820312E-03
