# time =    0.4621
    0    0.1000000000000000E+01    0.1000000000000000E+01
    1    0.1913281250000000E+00    0.3753868103027344E-01
    2    0.3892578125000000E-01    0.2473335266113281E-02
    3    0.1031250000000000E-01    0.1165161132812500E-02
    4   -0.2929687500000000E-03    0.8339309692382813E-03
    5    0.1035156250000000E-02    0.1287651062011719E-02
    6    0.5332031250000000E-02    0.9047317504882812E-03
    7   -0.2402343750000000E-02    0.1158180236816406E-02
    8   -0.1523437500000000E-02    0.9576416015625000E-03
    9    0.2402343750000000E-02    0.1351280212402344E-02
   10    0.1484375000000000E-02    0.8876800537109375E-03
   11   -0.3320312500000000E-03    0.7490158081054687E-03
   12    0.1738281250000000E-02    0.8159255981445312E-03
   13    0.5859375000000000E-04    0.9331130981445313E-03
   14   -0.3359375000000000E-02    0.1047439575195312E-02
   15    0.1601562500000000E-02    0.1021499633789062E-02
   16    0.1562500000000000E-03    0.9419250488281250E-03
   17   -0.2460937500000000E-02    0.8939361572265625E-03
   18    0.4101562500000000E-03    0.9207534790039063E-03
   19    0.1953125000000000E-04    0.8031845092773438E-03
   20    0.1738281250000000E-02    0.8668899536132812E-03
   21    0.3515625000000000E-02    0.7807159423828125E-03
   22    0.8203125000000000E-02    0.9816741943359374E-03
   23    0.5878906250000000E-02    0.9892654418945312E-03
   24    0.6230468750000000E-02    0.8793258666992187E-03
   25    0.4882812500000000E-03    0.1100196838378906E-02
   26   -0.2480468750000000E-02    0.1123008728027344E-02
   27    0.3457031250000000E-02    0.1177635192871094E-02
   28    0.7109375000000000E-02    0.9368133544921875E-03
   29   -0.1074218750000000E-02    0.1152992248535156E-02
   30    0.1347656250000000E-02    0.8553695678710937E-03
   31    0.2636718750000000E-02    0.1036109924316406E-02
   32   -0.2246093750000000E-02    0.9995651245117186E-03
   33    0.1503906250000000E-02    0.7677078247070312E-03
   34    0.3320312500000000E-02    0.1091232299804688E-02
   35   -0.2578125000000000E-02    0.8561706542968750E-03
   36   -0.4960937500000000E-02    0.1092834472656250E-02
   37   -0.3945312500000000E-02    0.7955932617187500E-03
   38    0.2714843750000000E-02    0.9913253784179688E-03
   39    0.3007812500000000E-02    0.8306121826171875E-03
   40    0.3593750000000000E-02    0.8494567871093750E-03
   41    0.6054687500000000E-03    0.9758377075195313E-03
   42   -0.5175781250000000E-02    0.1116065979003906E-02
   43   -0.4257812500000000E-02    0.1098251342773437E-02
   44    0.4179687500000000E-02    0.8242797851562500E-03
   45    0.3164062500000000E-02    0.1299667358398437E-02
   46   -0.5332031250000000E-02    0.1101417541503906E-02
   47   -0.1191406250000000E-02    0.9601211547851562E-03
   48    0.2675781250000000E-02    0.1054039001464844E-02
   49    0.2500000000000000E-02    0.1042938232421875E-02
   50    0.8984375000000000E-03    0.1142120361328125E-02
   51   -0.1542968750000000E-02    0.9981155395507812E-03
   52    0.5859375000000000E-04    0.9981918334960938E-03
   53    0.6835937500000000E-03    0.1069145202636719E-02
   54   -0.6250000000000000E-03    0.1137847900390625E-02
   55   -0.5000000000000000E-02    0.1004333496093750E-02
   56    0.1406250000000000E-02    0.9134674072265625E-03
   57    0.5820312500000000E-02    0.1104354858398438E-02
   58    0.1640625000000000E-02    0.9561157226562499E-03
   59    0.7031250000000000E-03    0.1026992797851563E-02
   60    0.9570312500000000E-03    0.1134529113769531E-02
   61   -0.8203125000000000E-03    0.1073074340820313E-02
   62   -0.1347656250000000E-02    0.1003150939941406E-02
   63   -0.4746093750000000E-02    0.1036949157714844E-02
   64    0.2539062500000000E-03    0.1131172180175781E-02
   65   -0.1621093750000000E-02    0.9349441528320313E-03
   66    0.1113281250000000E-02    0.1077308654785156E-02
   67   -0.5742187500000000E-02    0.1203765869140625E-02
   68   -0.8203125000000000E-03    0.8812713623046875E-03
   69   -0.9765625000000001E-04    0.1050224304199219E-02
   70    0.5996093750000000E-02    0.9371566772460937E-03
   71    0.2871093750000000E-02    0.8857345581054687E-03
   72    0.1367187500000000E-03    0.1065711975097656E-02
   73   -0.1210937500000000E-02    0.9002685546875000E-03
   74   -0.3945312500000000E-02    0.1132583618164062E-02
   75   -0.1621093750000000E-02    0.9419631958007813E-03
   76    0.2539062500000000E-03    0.1129570007324219E-02
   77   -0.1738281250000000E-02    0.9215164184570312E-03
   78   -0.7226562500000000E-03    0.1065177917480469E-02
   79    0.1367187500000000E-03    0.8240890502929688E-03
   80    0.4824218750000000E-02    0.9086990356445313E-03
   81    0.4042968750000000E-02    0.1052818298339844E-02
   82    0.1406250000000000E-02    0.9067535400390625E-03
   83    0.3906250000000000E-04    0.9564971923828125E-03
   84    0.6562500000000000E-02    0.1061706542968750E-02
   85    0.4472656250000000E-02    0.1242256164550781E-02
   86   -0.5234375000000000E-02    0.1027755737304688E-02
   87   -0.4902343750000000E-02    0.1027336120605469E-02
   88    0.1777343750000000E-02    0.1228141784667969E-02
   89    0.1074218750000000E-02    0.1095008850097656E-02
   90    0.6054687500000000E-02    0.9207153320312501E-03
   91    0.2324218750000000E-02    0.9625625610351563E-03
   92    0.5625000000000000E-02    0.1006164550781250E-02
   93    0.5273437500000000E-03    0.9950637817382813E-03
   94    0.1054687500000000E-02    0.8525848388671875E-03
   95   -0.2734375000000000E-03    0.9182739257812500E-03
   96   -0.2539062500000000E-03    0.7309341430664063E-03
   97    0.1367187500000000E-03    0.7458877563476563E-03
   98   -0.7304687500000000E-02    0.1081390380859375E-02
   99   -0.5312500000000000E-02    0.7172393798828125E-03
  100   -0.2656250000000000E-02    0.1078948974609375E-02
