# time =    0.4751
    0    0.1000000000000000E+01    0.1000000000000000E+01
    1    0.2027734375000000E+00    0.4194297790527344E-01
    2    0.4599609375000000E-01    0.3052635192871094E-02
    3    0.6992187500000000E-02    0.9326934814453125E-03
    4    0.2226562500000000E-02    0.7209777832031250E-03
    5    0.1953125000000000E-02    0.8129882812500000E-03
    6    0.1367187500000000E-02    0.1177825927734375E-02
    7   -0.5468750000000001E-03    0.8859252929687500E-03
    8   -0.1816406250000000E-02    0.8429336547851562E-03
    9    0.9375000000000000E-03    0.1260147094726562E-02
   10   -0.1542968750000000E-02    0.1206398010253906E-02
   11   -0.5273437500000000E-03    0.1028938293457031E-02
   12    0.1015625000000000E-02    0.7718658447265625E-03
   13   -0.1191406250000000E-02    0.1025810241699219E-02
   14   -0.5781250000000000E-02    0.9192657470703125E-03
   15   -0.5253906250000000E-02    0.1118659973144531E-02
   16   -0.1699218750000000E-02    0.1006965637207031E-02
   17   -0.3632812500000000E-02    0.1024475097656250E-02
   18   -0.4238281250000000E-02    0.1259574890136719E-02
   19    0.4980468750000000E-02    0.8882522583007812E-03
   20   -0.2558593750000000E-02    0.9962081909179687E-03
   21   -0.3945312500000000E-02    0.1070556640625000E-02
   22   -0.1914062500000000E-02    0.1192703247070313E-02
   23   -0.2734375000000000E-03    0.1369552612304687E-02
   24    0.8593750000000000E-03    0.9437561035156250E-03
   25    0.2871093750000000E-02    0.7864761352539062E-03
   26    0.6347656250000000E-02    0.9178543090820313E-03
   27    0.3867187500000000E-02    0.1120376586914062E-02
   28   -0.2812500000000000E-02    0.9098052978515625E-03
   29   -0.8984375000000000E-03    0.9091186523437500E-03
   30   -0.2890625000000000E-02    0.8594512939453125E-03
   31    0.4492187500000000E-03    0.9482955932617188E-03
   32    0.2285156250000000E-02    0.9186172485351563E-03
   33    0.2441406250000000E-02    0.7637405395507813E-03
   34   -0.1679687500000000E-02    0.9532928466796875E-03
   35    0.7402343750000000E-02    0.9490585327148437E-03
   36   -0.2929687500000000E-03    0.7944869995117188E-03
   37    0.8222656250000000E-02    0.8535385131835938E-03
   38    0.9316406249999999E-02    0.9050369262695312E-03
   39    0.3125000000000000E-03    0.1109924316406250E-02
   40    0.2207031250000000E-02    0.1007347106933594E-02
   41    0.2363281250000000E-02    0.9325027465820312E-03
   42   -0.8203125000000000E-03    0.9362030029296875E-03
   43    0.1699218750000000E-02    0.1083793640136719E-02
   44    0.1230468750000000E-02    0.9952926635742188E-03
   45    0.1562500000000000E-02    0.9494781494140625E-03
   46   -0.1191406250000000E-02    0.1329689025878906E-02
   47   -0.2890625000000000E-02    0.7450103759765625E-03
   48    0.1191406250000000E-02    0.9601211547851562E-03
   49    0.3359375000000000E-02    0.9807586669921876E-03
   50    0.1972656250000000E-02    0.9637832641601563E-03
   51   -0.1562500000000000E-02    0.1000366210937500E-02
   52   -0.8671875000000001E-02    0.1056976318359375E-02
   53   -0.1953125000000000E-02    0.1003265380859375E-02
   54   -0.2695312500000000E-02    0.7295227050781250E-03
   55    0.3300781250000000E-02    0.9733963012695312E-03
   56    0.4218750000000000E-02    0.8016204833984374E-03
   57   -0.8203125000000000E-03    0.8747863769531250E-03
   58    0.2167968750000000E-02    0.9444808959960938E-03
   59    0.2832031250000000E-02    0.9227371215820312E-03
   60    0.3632812500000000E-02    0.1014099121093750E-02
   61   -0.4687500000000000E-03    0.7382965087890625E-03
   62   -0.3906250000000000E-03    0.1100540161132812E-02
   63   -0.1855468750000000E-02    0.1452217102050781E-02
   64   -0.4179687500000000E-02    0.9501647949218750E-03
   65   -0.3515625000000000E-02    0.9371185302734375E-03
   66   -0.3574218750000000E-02    0.1147956848144531E-02
   67   -0.2558593750000000E-02    0.8636093139648437E-03
   68   -0.5351562500000000E-02    0.1093902587890625E-02
   69   -0.6210937500000000E-02    0.9811401367187500E-03
   70    0.6445312500000000E-03    0.1049537658691406E-02
   71   -0.6171875000000000E-02    0.9388732910156250E-03
   72   -0.4101562500000000E-02    0.1079635620117187E-02
   73    0.1621093750000000E-02    0.9982681274414062E-03
   74   -0.3261718750000000E-02    0.1133232116699219E-02
   75    0.7226562500000000E-03    0.1102180480957031E-02
   76    0.3046875000000000E-02    0.8564758300781250E-03
   77   -0.3671875000000000E-02    0.8560180664062500E-03
   78   -0.1054687500000000E-02    0.8940887451171875E-03
   79   -0.5820312500000000E-02    0.9899902343749999E-03
   80   -0.4941406250000000E-02    0.1402397155761719E-02
   81   -0.4570312500000000E-02    0.9417724609375000E-03
   82    0.2792968750000000E-02    0.9447860717773437E-03
   83    0.1464843750000000E-02    0.9148788452148438E-03
   84    0.1308593750000000E-02    0.1105308532714844E-02
   85   -0.5195312500000000E-02    0.9722137451171876E-03
   86    0.3125000000000000E-03    0.8409118652343750E-03
   87   -0.5976562500000000E-02    0.9083557128906250E-03
   88    0.4082031250000000E-02    0.1007499694824219E-02
   89   -0.3359375000000000E-02    0.9316253662109375E-03
   90   -0.1738281250000000E-02    0.1071510314941406E-02
   91   -0.9765625000000000E-03    0.1024398803710938E-02
   92   -0.3671875000000000E-02    0.8707427978515625E-03
   93   -0.3906250000000000E-02    0.1035385131835938E-02
   94   -0.1054687500000000E-02    0.1094665527343750E-02
   95    0.1699218750000000E-02    0.8345413208007813E-03
   96    0.3476562500000000E-02    0.7707214355468750E-03
   97    0.1464843750000000E-02    0.9419631958007813E-03
   98    0.9375000000000000E-03    0.9303283691406250E-03
   99    0.9765625000000000E-03    0.9864044189453124E-03
  100    0.3378906250000000E-02    0.1333198547363281E-02
