# time =    0.4742
    0    0.1000000000000000E+01    0.1000000000000000E+01
    1    0.1891406250000000E+00    0.3652664184570312E-01
    2    0.4027343750000000E-01    0.2629928588867187E-02
    3    0.1261718750000000E-01    0.1270980834960938E-02
    4    0.3066406250000000E-02    0.9770584106445312E-03
    5    0.1308593750000000E-02    0.9965133666992188E-03
    6    0.3261718750000000E-02    0.9936904907226563E-03
    7    0.3710937500000000E-03    0.8816146850585938E-03
    8    0.1015625000000000E-02    0.8198547363281250E-03
    9    0.3886718750000000E-02    0.9338760375976563E-03
   10   -0.9375000000000000E-03    0.1050720214843750E-02
   11    0.1171875000000000E-02    0.1232757568359375E-02
   12    0.8593750000000000E-03    0.1238098144531250E-02
   13   -0.1484375000000000E-02    0.8525085449218750E-03
   14   -0.4785156250000000E-02    0.1237678527832031E-02
   15   -0.2675781250000000E-02    0.1055641174316406E-02
   16   -0.3164062500000000E-02    0.8228302001953125E-03
   17   -0.6347656250000000E-02    0.1075248718261719E-02
   18    0.1796875000000000E-02    0.8464050292968750E-03
   19   -0.6484375000000000E-02    0.1087417602539063E-02
   20   -0.2382812500000000E-02    0.8319091796875000E-03
   21   -0.2734375000000000E-03    0.8672332763671875E-03
   22   -0.3496093750000000E-02    0.1163520812988281E-02
   23   -0.2890625000000000E-02    0.1103439331054687E-02
   24   -0.1523437500000000E-02    0.1200485229492187E-02
   25    0.1503906250000000E-02    0.9659957885742187E-03
   26   -0.1289062500000000E-02    0.9806060791015625E-03
   27   -0.2832031250000000E-02    0.1044425964355469E-02
   28    0.1074218750000000E-02    0.9811782836914062E-03
   29    0.2968750000000000E-02    0.9773254394531250E-03
   30   -0.1386718750000000E-02    0.8623123168945313E-03
   31   -0.1953125000000000E-02    0.8889770507812500E-03
   32   -0.5078125000000000E-03    0.1141738891601563E-02
   33   -0.6171875000000000E-02    0.1216278076171875E-02
   34   -0.4687500000000000E-02    0.9132385253906250E-03
   35    0.3320312500000000E-02    0.9790039062499999E-03
   36   -0.4824218750000000E-02    0.9708023071289063E-03
   37   -0.4707031250000000E-02    0.7481002807617188E-03
   38   -0.4882812500000000E-03    0.9149551391601562E-03
   39    0.3203125000000000E-02    0.1046981811523437E-02
   40   -0.7421875000000000E-03    0.8824157714843750E-03
   41   -0.1562500000000000E-03    0.8757019042968750E-03
   42   -0.1757812500000000E-02    0.1054611206054687E-02
   43   -0.2792968750000000E-02    0.8487319946289063E-03
   44    0.1972656250000000E-02    0.8310317993164062E-03
   45   -0.1875000000000000E-02    0.8699035644531250E-03
   46   -0.1328125000000000E-02    0.9133911132812500E-03
   47    0.5429687500000000E-02    0.1073913574218750E-02
   48    0.5156250000000000E-02    0.1007995605468750E-02
   49    0.1132812500000000E-02    0.9809875488281251E-03
   50   -0.1542968750000000E-02    0.1124763488769531E-02
   51   -0.1054687500000000E-02    0.9085845947265625E-03
   52   -0.3906250000000000E-03    0.7911682128906250E-03
   53   -0.2519531250000000E-02    0.8676528930664062E-03
   54   -0.4414062500000000E-02    0.8431243896484375E-03
   55   -0.1562500000000000E-02    0.1015243530273437E-02
   56   -0.5625000000000000E-02    0.9014129638671875E-03
   57   -0.3398437500000000E-02    0.1045150756835938E-02
   58   -0.6230468750000000E-02    0.9336471557617188E-03
   59    0.1621093750000000E-02    0.9304428100585937E-03
   60   -0.1757812500000000E-02    0.7302093505859375E-03
   61    0.3476562500000000E-02    0.7428741455078125E-03
   62   -0.3847656250000000E-02    0.9096908569335937E-03
   63    0.1210937500000000E-02    0.8054351806640624E-03
   64    0.1835937500000000E-02    0.7987976074218750E-03
   65    0.4296875000000000E-02    0.9151458740234375E-03
   66   -0.7617187500000000E-03    0.9458541870117187E-03
   67   -0.1093750000000000E-02    0.1063308715820313E-02
   68   -0.6406250000000000E-02    0.8662414550781250E-03
   69   -0.6054687500000000E-03    0.1046409606933594E-02
   70    0.1269531250000000E-02    0.1185493469238281E-02
   71    0.1582031250000000E-02    0.1060829162597656E-02
   72   -0.4609375000000000E-02    0.1015167236328125E-02
   73    0.1640625000000000E-02    0.8895874023437500E-03
   74   -0.2226562500000000E-02    0.9091186523437500E-03
   75   -0.4277343750000000E-02    0.9701919555664063E-03
   76    0.3906250000000000E-03    0.8919525146484375E-03
   77   -0.1796875000000000E-02    0.9300231933593750E-03
   78   -0.3808593750000000E-02    0.1239433288574219E-02
   79   -0.2949218750000000E-02    0.9954452514648437E-03
   80    0.3710937500000000E-03    0.1112861633300781E-02
   81    0.9003906250000001E-02    0.1201667785644531E-02
   82    0.9960937500000000E-03    0.1071662902832031E-02
   83    0.3027343750000000E-02    0.1118354797363281E-02
   84   -0.3710937500000000E-03    0.1095695495605469E-02
   85   -0.1816406250000000E-02    0.8188247680664063E-03
   86   -0.8789062500000000E-03    0.7801437377929687E-03
   87    0.1015625000000000E-02    0.1037139892578125E-02
   88    0.4023437500000000E-02    0.8796691894531250E-03
   89   -0.1562500000000000E-03    0.8760070800781249E-03
   90   -0.4199218750000000E-02    0.1216545104980469E-02
   91   -0.3144531250000000E-02    0.9908676147460938E-03
   92    0.6015625000000000E-02    0.8161163330078125E-03
   93   -0.9765625000000000E-03    0.1084136962890625E-02
   94   -0.3027343750000000E-02    0.1061515808105469E-02
   95   -0.2539062500000000E-03    0.1071205139160156E-02
   96   -0.1035156250000000E-02    0.8124923706054688E-03
   97   -0.5039062500000000E-02    0.1258773803710938E-02
   98   -0.9765625000000000E-03    0.9613037109375000E-03
   99   -0.1171875000000000E-02    0.8115386962890625E-03
  100   -0.4921875000000000E-02    0.1089248657226563E-02
