# time =    0.4665
    0    0.1000000000000000E+01    0.1000000000000000E+01
    1    0.2114843750000000E+00    0.4553283691406250E-01
    2    0.5128906250000000E-01    0.3411941528320312E-02
    3    0.1281250000000000E-01    0.1040878295898438E-02
    4    0.1152343750000000E-02    0.7500076293945313E-03
    5   -0.5429687500000000E-02    0.1245574951171875E-02
    6   -0.2441406250000000E-02    0.1102867126464844E-02
    7   -0.1367187500000000E-03    0.1017723083496094E-02
    8    0.4414062500000000E-02    0.9678649902343750E-03
    9    0.1035156250000000E-02    0.9222030639648438E-03
   10   -0.1562500000000000E-02    0.1111373901367187E-02
   11    0.3007812500000000E-02    0.9178924560546875E-03
   12    0.3066406250000000E-02    0.9606552124023438E-03
   13    0.2031250000000000E-02    0.9635925292968750E-03
   14    0.2382812500000000E-02    0.1160202026367187E-02
   15   -0.7421875000000000E-03    0.1075515747070312E-02
   16    0.2929687500000000E-03    0.9377670288085938E-03
   17   -0.8007812500000000E-03    0.9917068481445314E-03
   18    0.3398437500000000E-02    0.1145019531250000E-02
   19    0.3105468750000000E-02    0.1063880920410156E-02
   20   -0.6406250000000000E-02    0.8795166015625000E-03
   21    0.1601562500000000E-02    0.1166992187500000E-02
   22   -0.8203125000000000E-03    0.1026306152343750E-02
   23   -0.5429687500000000E-02    0.9076690673828125E-03
   24    0.2910156250000000E-02    0.7676315307617187E-03
   25   -0.9765625000000001E-04    0.1023902893066406E-02
   26    0.1757812500000000E-03    0.1224479675292969E-02
   27   -0.1816406250000000E-02    0.1001701354980469E-02
   28   -0.1171875000000000E-02    0.8722686767578125E-03
   29    0.5507812500000000E-02    0.1301422119140625E-02
   30    0.3066406250000000E-02    0.1033287048339844E-02
   31    0.5332031250000000E-02    0.8230972290039063E-03
   32   -0.2421875000000000E-02    0.1027221679687500E-02
   33    0.4726562500000000E-02    0.9534454345703125E-03
   34    0.4785156250000000E-02    0.8342361450195312E-03
   35    0.4023437500000000E-02    0.1168670654296875E-02
   36   -0.1953125000000000E-03    0.8547973632812500E-03
   37    0.3515625000000000E-03    0.9832763671875000E-03
   38    0.1953125000000000E-02    0.1016540527343750E-02
   39    0.2656250000000000E-02    0.1034545898437500E-02
   40    0.1894531250000000E-02    0.1000251770019531E-02
   41    0.2968750000000000E-02    0.7077026367187500E-03
   42   -0.1347656250000000E-02    0.9988021850585937E-03
   43    0.2597656250000000E-02    0.8859634399414062E-03
   44   -0.5468750000000001E-03    0.1158752441406250E-02
   45    0.2792968750000000E-02    0.9239578247070313E-03
   46    0.4296875000000000E-03    0.1032791137695313E-02
   47   -0.5117187500000000E-02    0.1158065795898437E-02
   48    0.6582031250000000E-02    0.1068992614746094E-02
   49   -0.2402343750000000E-02    0.1004447937011719E-02
   50   -0.2363281250000000E-02    0.7913589477539062E-03
   51   -0.9570312500000000E-03    0.9829330444335938E-03
   52   -0.4921875000000000E-02    0.1040420532226563E-02
   53   -0.4589843750000000E-02    0.1336097717285156E-02
   54   -0.3144531250000000E-02    0.9946823120117188E-03
   55   -0.5000000000000000E-02    0.9693145751953125E-03
   56   -0.1601562500000000E-02    0.9613037109375000E-03
   57    0.1250000000000000E-02    0.9083557128906250E-03
   58    0.1289062500000000E-02    0.1268234252929687E-02
   59   -0.1894531250000000E-02    0.6174850463867188E-03
   60   -0.3710937500000000E-03    0.1005821228027344E-02
   61    0.2402343750000000E-02    0.1134681701660156E-02
   62   -0.3144531250000000E-02    0.8928298950195313E-03
   63   -0.5742187500000000E-02    0.9268951416015625E-03
   64   -0.1523437500000000E-02    0.9998321533203126E-03
   65    0.5078125000000000E-03    0.7833862304687501E-03
   66   -0.5859375000000000E-03    0.9213256835937500E-03
   67   -0.9765625000000001E-04    0.1301383972167969E-02
   68   -0.2949218750000000E-02    0.1037254333496094E-02
   69   -0.4804687500000000E-02    0.1044464111328125E-02
   70   -0.2539062500000000E-02    0.9527587890625000E-03
   71   -0.2929687500000000E-03    0.8932876586914062E-03
   72   -0.8984375000000000E-03    0.8611297607421875E-03
   73   -0.2343750000000000E-03    0.8203125000000000E-03
   74    0.7226562500000000E-03    0.8137130737304688E-03
   75   -0.2714843750000000E-02    0.1130867004394531E-02
   76    0.4843750000000000E-02    0.7933807373046875E-03
   77    0.2519531250000000E-02    0.8827590942382812E-03
   78    0.1699218750000000E-02    0.1281700134277344E-02
   79   -0.2031250000000000E-02    0.6992340087890625E-03
   80    0.4082031250000000E-02    0.9383010864257812E-03
   81   -0.6054687500000000E-03    0.1037178039550781E-02
   82    0.2832031250000000E-02    0.1248664855957031E-02
   83    0.1914062500000000E-02    0.9122467041015624E-03
   84   -0.4628906250000000E-02    0.1016120910644531E-02
   85   -0.2519531250000000E-02    0.9852981567382813E-03
   86   -0.3378906250000000E-02    0.9003829956054688E-03
   87    0.5859375000000000E-03    0.7521057128906250E-03
   88   -0.1171875000000000E-03    0.8046722412109375E-03
   89   -0.6015625000000000E-02    0.9487915039062500E-03
   90   -0.1601562500000000E-02    0.1248855590820312E-02
   91    0.2812500000000000E-02    0.7083892822265625E-03
   92    0.4335937500000000E-02    0.9893035888671874E-03
   93    0.5546875000000000E-02    0.7917022705078125E-03
   94   -0.1718750000000000E-02    0.9474945068359375E-03
   95   -0.1679687500000000E-02    0.7111358642578125E-03
   96   -0.4453125000000000E-02    0.9294128417968749E-03
   97   -0.1953125000000000E-03    0.1156082153320313E-02
   98   -0.2675781250000000E-02    0.8551406860351562E-03
   99    0.2812500000000000E-02    0.1139755249023437E-02
  100    0.2753906250000000E-02    0.1010246276855469E-02
