# time =    0.4653
    0    0.1000000000000000E+01    0.1000000000000000E+01
    1    0.2035351562500000E+00    0.4216739654541016E-01
    2    0.4044921875000000E-01    0.2881660461425781E-02
    3    0.1193359375000000E-01    0.1119041442871094E-02
    4    0.3339843750000000E-02    0.9484481811523437E-03
    5    0.5214843750000000E-02    0.9534835815429687E-03
    6    0.4003906250000000E-02    0.1036949157714844E-02
    7    0.4492187500000000E-03    0.9353256225585937E-03
    8   -0.2167968750000000E-02    0.1023139953613281E-02
    9   -0.8398437500000000E-03    0.8348464965820312E-03
   10   -0.2226562500000000E-02    0.8465576171875000E-03
   11   -0.5078125000000000E-02    0.1111145019531250E-02
   12   -0.3769531250000000E-02    0.1059074401855469E-02
   13   -0.7617187500000000E-03    0.1055335998535156E-02
   14    0.3457031250000000E-02    0.9627151489257813E-03
   15   -0.3906250000000000E-04    0.9413146972656250E-03
   16    0.4101562500000000E-03    0.9137344360351563E-03
   17   -0.4472656250000000E-02    0.1136817932128906E-02
   18   -0.9062499999999999E-02    0.1093368530273438E-02
   19   -0.2265625000000000E-02    0.9683990478515626E-03
   20   -0.5078125000000000E-02    0.9282684326171875E-03
   21   -0.7031250000000000E-03    0.9022521972656250E-03
   22   -0.8789062500000000E-03    0.1309928894042969E-02
   23   -0.2148437500000000E-02    0.9584808349609375E-03
   24   -0.5273437500000000E-03    0.9326553344726563E-03
   25   -0.1386718750000000E-02    0.1034584045410156E-02
   26    0.1953125000000000E-04    0.9732437133789062E-03
   27   -0.1503906250000000E-02    0.1172676086425781E-02
   28   -0.4296875000000000E-03    0.8707427978515625E-03
   29    0.3066406250000000E-02    0.1083106994628906E-02
   30    0.3242187500000000E-02    0.1104278564453125E-02
   31    0.1171875000000000E-03    0.9649658203125000E-03
   32   -0.1074218750000000E-02    0.9708023071289063E-03
   33   -0.1582031250000000E-02    0.9891891479492188E-03
   34   -0.1855468750000000E-02    0.1207160949707031E-02
   35    0.3613281250000000E-02    0.1211662292480469E-02
   36    0.2871093750000000E-02    0.1079292297363281E-02
   37   -0.1699218750000000E-02    0.1045036315917969E-02
   38    0.2597656250000000E-02    0.1017799377441406E-02
   39    0.2539062500000000E-02    0.8210754394531250E-03
   40    0.1152343750000000E-02    0.1197471618652344E-02
   41   -0.1308593750000000E-02    0.1019248962402344E-02
   42   -0.4042968750000000E-02    0.1117134094238281E-02
   43    0.3632812500000000E-02    0.1122817993164062E-02
   44    0.3457031250000000E-02    0.1026649475097656E-02
   45   -0.5664062500000000E-02    0.9608459472656250E-03
   46   -0.4433593750000000E-02    0.1017646789550781E-02
   47   -0.1250000000000000E-02    0.1072845458984375E-02
   48   -0.1699218750000000E-02    0.1125984191894531E-02
   49   -0.1972656250000000E-02    0.1034584045410156E-02
   50   -0.2304687500000000E-02    0.1037750244140625E-02
   51   -0.2343750000000000E-03    0.9471893310546875E-03
   52    0.3261718750000000E-02    0.1079902648925781E-02
   53   -0.1074218750000000E-02    0.9487533569335938E-03
   54    0.1132812500000000E-02    0.8705139160156250E-03
   55    0.3925781250000000E-02    0.1031990051269531E-02
   56    0.7910156250000000E-02    0.8803939819335937E-03
   57    0.1093750000000000E-02    0.1065139770507813E-02
   58   -0.2539062500000000E-03    0.1037025451660156E-02
   59    0.4082031250000000E-02    0.1189689636230469E-02
   60    0.3789062500000000E-02    0.1298141479492188E-02
   61    0.2558593750000000E-02    0.8955001831054688E-03
   62    0.4296875000000000E-03    0.9118652343750000E-03
   63   -0.1933593750000000E-02    0.1062278747558594E-02
   64   -0.3164062500000000E-02    0.8834075927734375E-03
   65   -0.1953125000000000E-02    0.9315490722656250E-03
   66   -0.5859375000000000E-04    0.8967208862304687E-03
   67    0.1484375000000000E-02    0.8578491210937500E-03
   68   -0.2929687500000000E-03    0.8578872680664062E-03
   69    0.9765625000000001E-04    0.1025428771972656E-02
   70   -0.2695312500000000E-02    0.1135253906250000E-02
   71   -0.2500000000000000E-02    0.8090972900390625E-03
   72   -0.1093750000000000E-02    0.7948303222656251E-03
   73   -0.6972656250000000E-02    0.1090431213378906E-02
   74   -0.3769531250000000E-02    0.8917617797851563E-03
   75    0.1875000000000000E-02    0.7932281494140625E-03
   76   -0.6191406250000000E-02    0.1061058044433594E-02
   77   -0.2128906250000000E-02    0.9272384643554687E-03
   78    0.3496093750000000E-02    0.8672714233398437E-03
   79   -0.1152343750000000E-02    0.7759475708007812E-03
   80    0.1054687500000000E-02    0.8116149902343750E-03
   81    0.9765625000000000E-03    0.8893585205078124E-03
   82   -0.1425781250000000E-02    0.9237289428710938E-03
   83    0.3906250000000000E-03    0.9472656250000000E-03
   84    0.2343750000000000E-03    0.8634185791015625E-03
   85    0.6328125000000000E-02    0.1217269897460938E-02
   86   -0.2539062500000000E-02    0.8866882324218750E-03
   87   -0.4140625000000000E-02    0.1061096191406250E-02
   88   -0.5019531250000000E-02    0.8424758911132812E-03
   89    0.3730468750000000E-02    0.1000862121582031E-02
   90    0.8378906250000000E-02    0.9764480590820312E-03
   91    0.7812500000000000E-04    0.1002502441406250E-02
   92    0.1835937500000000E-02    0.8573150634765625E-03
   93    0.1562500000000000E-03    0.8781433105468750E-03
   94    0.1152343750000000E-02    0.8855056762695312E-03
   95   -0.1015625000000000E-02    0.1058502197265625E-02
   96   -0.5664062500000000E-03    0.7776260375976562E-03
   97   -0.4238281250000000E-02    0.9113693237304687E-03
   98    0.1992187500000000E-02    0.8863830566406251E-03
   99    0.1679687500000000E-02    0.8379364013671875E-03
  100   -0.1992187500000000E-02    0.8351135253906250E-03
