# time =    0.4720
    0    0.1000000000000000E+01    0.1000000000000000E+01
    1    0.2382421875000000E+00    0.5756851196289062E-01
    2    0.7005859375000000E-01    0.5897178649902344E-02
    3    0.2414062500000000E-01    0.1468505859375000E-02
    4    0.1542968750000000E-01    0.1070785522460937E-02
    5    0.1718750000000000E-02    0.1041641235351563E-02
    6    0.3808593750000000E-02    0.8637619018554688E-03
    7    0.2500000000000000E-02    0.9013366699218750E-03
    8   -0.1582031250000000E-02    0.9461593627929688E-03
    9   -0.2578125000000000E-02    0.1019897460937500E-02
   10    0.5000000000000000E-02    0.1150283813476563E-02
   11    0.5996093750000000E-02    0.8867263793945312E-03
   12    0.2851562500000000E-02    0.9407806396484375E-03
   13    0.4589843750000000E-02    0.8639144897460937E-03
   14    0.2382812500000000E-02    0.1254272460937500E-02
   15    0.2402343750000000E-02    0.7413101196289063E-03
   16    0.8593750000000000E-03    0.1168518066406250E-02
   17   -0.8203125000000000E-03    0.9251403808593750E-03
   18    0.1953125000000000E-04    0.1003074645996094E-02
   19   -0.4824218750000000E-02    0.7900619506835938E-03
   20    0.2734375000000000E-03    0.1043548583984375E-02
   21    0.1621093750000000E-02    0.9379959106445312E-03
   22    0.4472656250000000E-02    0.1012229919433594E-02
   23   -0.9179687499999999E-03    0.9669113159179687E-03
   24   -0.3320312500000000E-02    0.1085815429687500E-02
   25   -0.4687500000000000E-03    0.1382522583007813E-02
   26    0.6445312500000000E-03    0.1025428771972656E-02
   27   -0.8984375000000000E-03    0.9351348876953124E-03
   28   -0.1074218750000000E-02    0.1249427795410156E-02
   29    0.5039062500000000E-02    0.9065246582031249E-03
   30    0.2695312500000000E-02    0.6677246093750000E-03
   31   -0.4101562500000000E-03    0.8494949340820312E-03
   32    0.3398437500000000E-02    0.7926940917968750E-03
   33    0.6250000000000000E-03    0.9799957275390624E-03
   34   -0.3906250000000000E-03    0.1048126220703125E-02
   35   -0.1503906250000000E-02    0.6415939331054687E-03
   36    0.1562500000000000E-02    0.8610534667968750E-03
   37    0.2851562500000000E-02    0.9349822998046875E-03
   38    0.1464843750000000E-02    0.8358383178710938E-03
   39   -0.4042968750000000E-02    0.1051292419433594E-02
   40    0.1210937500000000E-02    0.9886169433593751E-03
   41    0.1796875000000000E-02    0.1001052856445313E-02
   42   -0.4687500000000000E-02    0.8886718750000000E-03
   43   -0.2636718750000000E-02    0.1012382507324219E-02
   44   -0.1367187500000000E-02    0.8595275878906250E-03
   45   -0.2753906250000000E-02    0.1057090759277344E-02
   46   -0.2656250000000000E-02    0.9628295898437500E-03
   47    0.1562500000000000E-02    0.9207153320312501E-03
   48    0.2675781250000000E-02    0.1011543273925781E-02
   49   -0.3085937500000000E-02    0.8714294433593750E-03
   50   -0.3359375000000000E-02    0.1139068603515625E-02
   51   -0.2382812500000000E-02    0.8596038818359375E-03
   52   -0.4960937500000000E-02    0.7563018798828125E-03
   53    0.2597656250000000E-02    0.7596206665039062E-03
   54    0.5468750000000000E-02    0.1197738647460938E-02
   55   -0.2187500000000000E-02    0.1300582885742187E-02
   56    0.1582031250000000E-02    0.1023902893066406E-02
   57   -0.1640625000000000E-02    0.9791564941406250E-03
   58    0.5078125000000000E-02    0.1151733398437500E-02
   59    0.7500000000000000E-02    0.1073837280273438E-02
   60    0.7968750000000000E-02    0.1154022216796875E-02
   61    0.4667968750000000E-02    0.8064651489257812E-03
   62    0.2929687500000000E-03    0.8293533325195312E-03
   63    0.2011718750000000E-02    0.7162094116210938E-03
   64   -0.2773437500000000E-02    0.1055068969726562E-02
   65   -0.3027343750000000E-02    0.9243392944335938E-03
   66   -0.3222656250000000E-02    0.9756851196289063E-03
   67    0.3750000000000000E-02    0.9080505371093750E-03
   68    0.7226562500000000E-02    0.1104202270507812E-02
   69    0.4238281250000000E-02    0.1146965026855469E-02
   70    0.4375000000000000E-02    0.9964752197265626E-03
   71    0.6933593750000000E-02    0.9227371215820312E-03
   72    0.3183593750000000E-02    0.1073493957519531E-02
   73    0.4121093750000000E-02    0.1056251525878906E-02
   74   -0.6171875000000000E-02    0.1008911132812500E-02
   75   -0.3710937500000000E-02    0.9461975097656250E-03
   76   -0.2792968750000000E-02    0.9698867797851562E-03
   77   -0.2402343750000000E-02    0.1024436950683594E-02
   78    0.6445312500000000E-03    0.1084709167480469E-02
   79   -0.5664062500000000E-02    0.1013031005859375E-02
   80   -0.1289062500000000E-02    0.8986663818359375E-03
   81   -0.1054687500000000E-02    0.1084060668945313E-02
   82    0.3203125000000000E-02    0.7529449462890625E-03
   83    0.5996093750000000E-02    0.1176643371582031E-02
   84   -0.6679687500000000E-02    0.1012573242187500E-02
   85    0.4296875000000000E-03    0.9902954101562501E-03
   86   -0.3906250000000000E-02    0.8391571044921875E-03
   87    0.3867187500000000E-02    0.9357452392578125E-03
   88    0.4003906250000000E-02    0.8492660522460937E-03
   89   -0.1425781250000000E-02    0.9362411499023438E-03
   90    0.3691406250000000E-02    0.1176719665527344E-02
   91    0.3066406250000000E-02    0.8511734008789062E-03
   92    0.5468750000000001E-03    0.1134567260742188E-02
   93   -0.4199218750000000E-02    0.9440231323242187E-03
   94    0.2011718750000000E-02    0.1042594909667969E-02
   95   -0.2031250000000000E-02    0.8916473388671875E-03
   96   -0.6308593750000000E-02    0.1056175231933594E-02
   97   -0.4785156250000000E-02    0.7416915893554688E-03
   98   -0.2382812500000000E-02    0.9500122070312500E-03
   99    0.3906250000000000E-04    0.1224288940429687E-02
  100    0.9375000000000000E-02    0.1118774414062500E-02
