# time =    0.4557
    0    0.1000000000000000E+01    0.1000000000000000E+01
    1    0.2994335937500000E+00    0.9030582427978516E-01
    2    0.1222851562500000E+00    0.1562961578369141E-01
    3    0.6667968750000000E-01    0.5328826904296875E-02
    4    0.4333984375000000E-01    0.2660560607910156E-02
    5    0.2554687500000000E-01    0.1563568115234375E-02
    6    0.1869140625000000E-01    0.1172752380371094E-02
    7    0.1115234375000000E-01    0.9191513061523437E-03
    8    0.1072265625000000E-01    0.1070976257324219E-02
    9    0.5703125000000000E-02    0.1168823242187500E-02
   10    0.5156250000000000E-02    0.1022186279296875E-02
   11    0.7421875000000000E-02    0.9167480468750000E-03
   12    0.9824218750000000E-02    0.1431541442871094E-02
   13    0.9804687499999999E-02    0.9568786621093750E-03
   14    0.5234375000000000E-02    0.9042358398437500E-03
   15    0.1191406250000000E-02    0.1005668640136719E-02
   16    0.3906250000000000E-02    0.8552551269531250E-03
   17    0.1445312500000000E-02    0.1074218750000000E-02
   18    0.2011718750000000E-02    0.1070594787597656E-02
   19   -0.3261718750000000E-02    0.1050148010253906E-02
   20   -0.3515625000000000E-02    0.9081268310546875E-03
   21    0.3847656250000000E-02    0.8050155639648438E-03
   22    0.2148437500000000E-03    0.1412391662597656E-02
   23    0.1367187500000000E-03    0.9025192260742188E-03
   24    0.2285156250000000E-02    0.1027641296386719E-02
   25    0.1523437500000000E-02    0.9777832031250000E-03
   26   -0.1230468750000000E-02    0.8233261108398438E-03
   27   -0.4863281250000000E-02    0.8629989624023437E-03
   28    0.8203125000000000E-03    0.8625030517578125E-03
   29   -0.8007812500000000E-03    0.8663558959960938E-03
   30    0.1464843750000000E-02    0.8039474487304688E-03
   31    0.4238281250000000E-02    0.9916305541992187E-03
   32   -0.6054687500000000E-03    0.8392715454101562E-03
   33   -0.2187500000000000E-02    0.8681488037109375E-03
   34   -0.2929687500000000E-03    0.8649826049804688E-03
   35    0.1503906250000000E-02    0.1010780334472656E-02
   36    0.1621093750000000E-02    0.9299087524414063E-03
   37    0.3554687500000000E-02    0.1163635253906250E-02
   38   -0.4550781250000000E-02    0.8131027221679688E-03
   39   -0.2480468750000000E-02    0.9279251098632812E-03
   40   -0.1191406250000000E-02    0.8362960815429687E-03
   41   -0.8007812500000000E-03    0.7672500610351562E-03
   42   -0.5078125000000000E-03    0.9015655517578125E-03
   43    0.7617187500000000E-03    0.9045028686523438E-03
   44    0.1679687500000000E-02    0.1072311401367188E-02
   45    0.9570312500000000E-03    0.1014747619628906E-02
   46    0.2929687500000000E-03    0.7422256469726562E-03
   47    0.1367187500000000E-02    0.9205627441406250E-03
   48   -0.9765625000000001E-04    0.1147193908691406E-02
   49   -0.8593750000000000E-03    0.7634735107421874E-03
   50    0.4687500000000000E-03    0.9567260742187500E-03
   51   -0.2695312500000000E-02    0.1070404052734375E-02
   52    0.2617187500000000E-02    0.9957885742187501E-03
   53    0.2656250000000000E-02    0.1220474243164062E-02
   54    0.2148437500000000E-03    0.1198768615722656E-02
   55   -0.3125000000000000E-03    0.1081237792968750E-02
   56   -0.2460937500000000E-02    0.1007385253906250E-02
   57    0.2968750000000000E-02    0.8890533447265625E-03
   58   -0.1562500000000000E-02    0.1139602661132813E-02
   59    0.0000000000000000E+00    0.9286499023437500E-03
   60    0.3144531250000000E-02    0.8509445190429687E-03
   61   -0.1406250000000000E-02    0.8896636962890625E-03
   62    0.1445312500000000E-02    0.1024398803710938E-02
   63    0.1777343750000000E-02    0.1031837463378906E-02
   64    0.2851562500000000E-02    0.9567260742187500E-03
   65    0.4511718750000000E-02    0.9675979614257813E-03
   66    0.8593750000000000E-03    0.1011734008789063E-02
   67    0.3281250000000000E-02    0.1111907958984375E-02
   68   -0.3398437500000000E-02    0.1073226928710937E-02
   69   -0.2382812500000000E-02    0.8310699462890626E-03
   70   -0.5273437500000000E-03    0.6389236450195313E-03
   71    0.2792968750000000E-02    0.9404373168945313E-03
   72   -0.3710937500000000E-03    0.8156204223632813E-03
   73   -0.9765625000000001E-04    0.9045028686523438E-03
   74   -0.1367187500000000E-03    0.9873580932617187E-03
   75   -0.3964843750000000E-02    0.8790206909179688E-03
   76   -0.3691406250000000E-02    0.1134300231933594E-02
   77   -0.9765625000000000E-03    0.9458923339843750E-03
   78    0.4492187500000000E-03    0.1186637878417969E-02
   79   -0.8007812500000000E-03    0.1275596618652344E-02
   80    0.3710937500000000E-02    0.9987640380859375E-03
   81    0.2402343750000000E-02    0.9476852416992188E-03
   82    0.9765625000000000E-03    0.1099166870117187E-02
   83    0.1445312500000000E-02    0.8349609375000000E-03
   84   -0.4882812500000000E-03    0.9029769897460938E-03
   85   -0.1894531250000000E-02    0.1078987121582031E-02
   86    0.8984375000000000E-03    0.8194732666015625E-03
   87    0.2382812500000000E-02    0.1054229736328125E-02
   88   -0.1406250000000000E-02    0.1282958984375000E-02
   89   -0.1503906250000000E-02    0.9965133666992188E-03
   90   -0.7812500000000000E-03    0.8630371093750000E-03
   91    0.1152343750000000E-02    0.1041603088378906E-02
   92    0.2851562500000000E-02    0.8354187011718750E-03
   93    0.3964843750000000E-02    0.8977127075195313E-03
   94    0.1796875000000000E-02    0.9538269042968750E-03
   95    0.2265625000000000E-02    0.9396362304687500E-03
   96    0.1328125000000000E-02    0.8188629150390625E-03
   97   -0.7617187500000000E-03    0.8088302612304688E-03
   98    0.9375000000000000E-03    0.7460021972656250E-03
   99    0.3710937500000000E-03    0.8075332641601562E-03
  100   -0.3320312500000000E-03    0.8087539672851562E-03
