# time =    0.4670
    0    0.1000000000000000E+01    0.1000000000000000E+01
    1    0.2766601562500000E+00    0.7761737823486328E-01
    2    0.1172460937500000E+00    0.1480457305908203E-01
    3    0.5660156250000000E-01    0.4192352294921875E-02
    4    0.3357421875000000E-01    0.1996345520019531E-02
    5    0.2468750000000000E-01    0.1481552124023437E-02
    6    0.1990234375000000E-01    0.1503486633300781E-02
    7    0.1304687500000000E-01    0.1282958984375000E-02
    8    0.7460937500000000E-02    0.9548950195312500E-03
    9    0.4257812500000000E-02    0.8663177490234375E-03
   10    0.5722656250000000E-02    0.9793472290039063E-03
   11    0.3261718750000000E-02    0.9389114379882812E-03
   12    0.2460937500000000E-02    0.1044998168945312E-02
   13    0.3378906250000000E-02    0.8549880981445312E-03
   14    0.7070312500000000E-02    0.1114578247070313E-02
   15   -0.2695312500000000E-02    0.1149291992187500E-02
   16    0.1816406250000000E-02    0.8375167846679688E-03
   17   -0.5664062500000000E-03    0.1174812316894531E-02
   18   -0.3847656250000000E-02    0.8416366577148437E-03
   19   -0.5468750000000000E-02    0.9850311279296876E-03
   20   -0.2187500000000000E-02    0.9363555908203125E-03
   21   -0.9765625000000001E-04    0.8986282348632812E-03
   22    0.3574218750000000E-02    0.1205940246582031E-02
   23    0.2792968750000000E-02    0.1269645690917969E-02
   24    0.6445312500000000E-03    0.1017875671386719E-02
   25    0.4296875000000000E-03    0.1221542358398438E-02
   26   -0.3964843750000000E-02    0.1046333312988281E-02
   27   -0.3457031250000000E-02    0.9353256225585937E-03
   28   -0.2363281250000000E-02    0.9144210815429688E-03
   29   -0.4375000000000000E-02    0.1060867309570313E-02
   30    0.2734375000000000E-03    0.9816741943359374E-03
   31    0.3007812500000000E-02    0.9593200683593750E-03
   32    0.2109375000000000E-02    0.9835052490234375E-03
   33    0.2265625000000000E-02    0.1130371093750000E-02
   34   -0.4882812500000000E-03    0.1080436706542969E-02
   35    0.1894531250000000E-02    0.9879684448242188E-03
   36    0.4472656250000000E-02    0.1089286804199219E-02
   37   -0.9765625000000001E-04    0.9613418579101562E-03
   38    0.1914062500000000E-02    0.9912109374999999E-03
   39   -0.4687500000000000E-03    0.9206390380859375E-03
   40   -0.1562500000000000E-02    0.9708404541015625E-03
   41    0.2539062500000000E-02    0.9889984130859375E-03
   42   -0.3515625000000000E-03    0.9540557861328125E-03
   43    0.4179687500000000E-02    0.9746551513671875E-03
   44    0.1367187500000000E-03    0.8372879028320313E-03
   45   -0.2265625000000000E-02    0.1063919067382812E-02
   46    0.1894531250000000E-02    0.1263236999511719E-02
   47    0.0000000000000000E+00    0.1209564208984375E-02
   48    0.1250000000000000E-02    0.9941101074218751E-03
   49    0.2148437500000000E-02    0.1116638183593750E-02
   50    0.1933593750000000E-02    0.9754562377929688E-03
   51    0.3828125000000000E-02    0.1021270751953125E-02
   52    0.5312500000000000E-02    0.9325408935546875E-03
   53    0.2343750000000000E-03    0.1100845336914062E-02
   54    0.1328125000000000E-02    0.1049499511718750E-02
   55    0.8378906250000000E-02    0.9292221069335938E-03
   56    0.1015625000000000E-02    0.9250640869140625E-03
   57    0.4179687500000000E-02    0.8306121826171875E-03
   58    0.4667968750000000E-02    0.9817886352539063E-03
   59    0.5332031250000000E-02    0.8456039428710937E-03
   60    0.4277343750000000E-02    0.8707046508789062E-03
   61    0.8593750000000000E-03    0.8568572998046875E-03
   62    0.3378906250000000E-02    0.9341812133789062E-03
   63    0.2910156250000000E-02    0.7430648803710937E-03
   64    0.3593750000000000E-02    0.1165084838867188E-02
   65    0.1660156250000000E-02    0.9688949584960938E-03
   66    0.5234375000000000E-02    0.8332824707031250E-03
   67   -0.1953125000000000E-03    0.1012191772460937E-02
   68   -0.3476562500000000E-02    0.9300994873046875E-03
   69   -0.4902343750000000E-02    0.8934402465820313E-03
   70   -0.4589843750000000E-02    0.1127738952636719E-02
   71   -0.4296875000000000E-03    0.9619140625000000E-03
   72   -0.9960937500000000E-03    0.1000404357910156E-02
   73   -0.1171875000000000E-02    0.1106414794921875E-02
   74   -0.5058593750000000E-02    0.7872390747070313E-03
   75    0.1972656250000000E-02    0.8104324340820312E-03
   76    0.2617187500000000E-02    0.8391571044921875E-03
   77   -0.3398437500000000E-02    0.6653594970703125E-03
   78    0.7812500000000000E-03    0.1080703735351563E-02
   79    0.9960937500000000E-03    0.9720993041992188E-03
   80    0.4492187500000000E-02    0.1109771728515625E-02
   81    0.1003906250000000E-01    0.9447479248046875E-03
   82    0.4726562500000000E-02    0.1076965332031250E-02
   83    0.6210937500000000E-02    0.1049041748046875E-02
   84    0.2265625000000000E-02    0.1083984375000000E-02
   85    0.5898437500000000E-02    0.9277343750000000E-03
   86    0.2695312500000000E-02    0.8516693115234375E-03
   87    0.2890625000000000E-02    0.9815979003906250E-03
   88    0.4042968750000000E-02    0.1127128601074219E-02
   89   -0.9179687499999999E-03    0.1017189025878906E-02
   90   -0.7031250000000000E-03    0.1004409790039063E-02
   91   -0.3007812500000000E-02    0.7270812988281250E-03
   92   -0.3710937500000000E-02    0.8969116210937500E-03
   93   -0.1328125000000000E-02    0.1074752807617188E-02
   94   -0.3847656250000000E-02    0.1039237976074219E-02
   95    0.2421875000000000E-02    0.1077117919921875E-02
   96   -0.1406250000000000E-02    0.1195526123046875E-02
   97    0.2070312500000000E-02    0.9098815917968750E-03
   98    0.8789062500000000E-03    0.9648513793945313E-03
   99    0.2656250000000000E-02    0.9003448486328125E-03
  100   -0.2304687500000000E-02    0.9732818603515624E-03
