# time =    0.4624
    0    0.1000000000000000E+01    0.1000000000000000E+01
    1    0.2486328125000000E+00    0.6267906188964843E-01
    2    0.6468750000000000E-01    0.5209808349609375E-02
    3    0.2230468750000000E-01    0.1577758789062500E-02
    4    0.3847656250000000E-02    0.7797622680664062E-03
    5    0.2539062500000000E-02    0.1022796630859375E-02
    6   -0.3496093750000000E-02    0.9618759155273438E-03
    7   -0.4023437500000000E-02    0.1223831176757812E-02
    8    0.2167968750000000E-02    0.9238052368164062E-03
    9    0.4160156250000000E-02    0.8371353149414062E-03
   10   -0.1054687500000000E-02    0.9832000732421875E-03
   11    0.3750000000000000E-02    0.9629821777343750E-03
   12    0.1855468750000000E-02    0.9223556518554687E-03
   13   -0.6542968750000000E-02    0.1161003112792969E-02
   14   -0.1757812500000000E-03    0.1177711486816406E-02
   15    0.1230468750000000E-02    0.7686996459960937E-03
   16   -0.2382812500000000E-02    0.1155090332031250E-02
   17    0.6445312500000000E-03    0.9435653686523437E-03
   18   -0.1582031250000000E-02    0.8894729614257812E-03
   19   -0.2773437500000000E-02    0.1073913574218750E-02
   20    0.3925781250000000E-02    0.1043586730957031E-02
   21   -0.2070312500000000E-02    0.9690856933593750E-03
   22   -0.3007812500000000E-02    0.1025085449218750E-02
   23   -0.9570312500000000E-03    0.7715225219726562E-03
   24   -0.1679687500000000E-02    0.9802246093749999E-03
   25    0.3945312500000000E-02    0.1194305419921875E-02
   26    0.6289062500000000E-02    0.9743499755859375E-03
   27    0.1171875000000000E-02    0.1077728271484375E-02
   28    0.2832031250000000E-02    0.7968521118164062E-03
   29    0.6640625000000000E-03    0.8215332031250001E-03
   30    0.1171875000000000E-03    0.9046173095703124E-03
   31   -0.2109375000000000E-02    0.8854675292968750E-03
   32   -0.1503906250000000E-02    0.1040153503417969E-02
   33    0.1933593750000000E-02    0.1033287048339844E-02
   34    0.2050781250000000E-02    0.9714126586914063E-03
   35    0.1699218750000000E-02    0.8210372924804687E-03
   36   -0.2050781250000000E-02    0.1091499328613281E-02
   37   -0.8359375000000000E-02    0.9854125976562500E-03
   38   -0.4824218750000000E-02    0.1027870178222656E-02
   39    0.2578125000000000E-02    0.8739471435546875E-03
   40    0.2089843750000000E-02    0.9738540649414062E-03
   41    0.3105468750000000E-02    0.9952926635742188E-03
   42    0.2753906250000000E-02    0.8246231079101562E-03
   43   -0.3906250000000000E-04    0.1053619384765625E-02
   44   -0.1933593750000000E-02    0.1055946350097656E-02
   45    0.2402343750000000E-02    0.1179618835449219E-02
   46    0.3906250000000000E-04    0.8299255371093750E-03
   47   -0.2382812500000000E-02    0.1044158935546875E-02
   48    0.9179687499999999E-03    0.9069442749023438E-03
   49    0.2695312500000000E-02    0.1198883056640625E-02
   50   -0.4101562500000000E-02    0.9321594238281251E-03
   51    0.1992187500000000E-02    0.9015655517578125E-03
   52    0.3906250000000000E-04    0.9975433349609375E-03
   53   -0.8652343749999999E-02    0.8427810668945313E-03
   54   -0.5078125000000000E-03    0.1032257080078125E-02
   55    0.2890625000000000E-02    0.1026687622070312E-02
   56   -0.9375000000000000E-03    0.8650207519531250E-03
   57   -0.5097656250000000E-02    0.1182441711425781E-02
   58   -0.3125000000000000E-03    0.7714843750000000E-03
   59   -0.3105468750000000E-02    0.1147499084472656E-02
   60    0.3984375000000000E-02    0.1003875732421875E-02
   61    0.3457031250000000E-02    0.9099197387695313E-03
   62    0.1054687500000000E-02    0.1054763793945312E-02
   63   -0.8203125000000000E-03    0.9240722656250000E-03
   64   -0.3750000000000000E-02    0.9783935546875001E-03
   65   -0.2871093750000000E-02    0.1236457824707031E-02
   66   -0.2070312500000000E-02    0.1180496215820312E-02
   67   -0.1757812500000000E-03    0.1048774719238281E-02
   68   -0.4882812500000000E-03    0.9055709838867187E-03
   69   -0.1523437500000000E-02    0.9759521484375000E-03
   70   -0.8476562500000000E-02    0.8070373535156250E-03
   71   -0.5332031250000000E-02    0.1126365661621094E-02
   72   -0.3906250000000000E-03    0.6948852539062500E-03
   73    0.6308593750000000E-02    0.1291313171386719E-02
   74    0.1562500000000000E-03    0.9080505371093750E-03
   75   -0.4492187500000000E-03    0.1129646301269531E-02
   76    0.3046875000000000E-02    0.1046524047851562E-02
   77    0.3808593750000000E-02    0.1034507751464844E-02
   78   -0.1054687500000000E-02    0.8657073974609375E-03
   79   -0.2480468750000000E-02    0.8765029907226563E-03
   80   -0.2265625000000000E-02    0.1027679443359375E-02
   81   -0.3417968750000000E-02    0.9473037719726563E-03
   82   -0.2070312500000000E-02    0.1013336181640625E-02
   83    0.2382812500000000E-02    0.8914947509765625E-03
   84    0.8984375000000000E-03    0.9188079833984376E-03
   85    0.1445312500000000E-02    0.9527587890625000E-03
   86   -0.2031250000000000E-02    0.7850646972656250E-03
   87   -0.6699218750000000E-02    0.9267807006835937E-03
   88    0.8789062500000000E-03    0.9624099731445312E-03
   89    0.4570312500000000E-02    0.1083221435546875E-02
   90    0.4296875000000000E-02    0.1368255615234375E-02
   91   -0.8593750000000000E-03    0.8240509033203125E-03
   92   -0.1757812500000000E-02    0.6677246093750000E-03
   93    0.4960937500000000E-02    0.9931182861328124E-03
   94    0.7421875000000000E-02    0.9955596923828126E-03
   95    0.2929687500000000E-02    0.9879302978515626E-03
   96   -0.8007812500000000E-03    0.9732437133789062E-03
   97   -0.2011718750000000E-02    0.1030616760253906E-02
   98    0.2851562500000000E-02    0.9167480468750000E-03
   99    0.2167968750000000E-02    0.1004829406738281E-02
  100    0.2734375000000000E-02    0.1247558593750000E-02
