# time =    0.4664
    0    0.1000000000000000E+01    0.1000000000000000E+01
    1    0.1901171875000000E+00    0.3705986022949219E-01
    2    0.4005859375000000E-01    0.2423973083496094E-02
    3    0.7832031250000000E-02    0.8018112182617187E-03
    4    0.3007812500000000E-02    0.9163665771484375E-03
    5    0.1328125000000000E-02    0.8304595947265625E-03
    6   -0.4121093750000000E-02    0.7432174682617188E-03
    7   -0.6269531250000000E-02    0.1086692810058594E-02
    8   -0.6210937500000000E-02    0.1114959716796875E-02
    9    0.4433593750000000E-02    0.9921646118164062E-03
   10    0.2890625000000000E-02    0.8959197998046876E-03
   11    0.7031250000000000E-02    0.1099472045898438E-02
   12    0.1015625000000000E-02    0.1135177612304687E-02
   13    0.1289062500000000E-02    0.7308959960937500E-03
   14    0.1679687500000000E-02    0.9648132324218750E-03
   15    0.1386718750000000E-02    0.9041976928710938E-03
   16   -0.6835937500000000E-03    0.8818435668945312E-03
   17    0.3437500000000000E-02    0.7955169677734375E-03
   18   -0.2167968750000000E-02    0.8007431030273437E-03
   19   -0.1699218750000000E-02    0.1077995300292969E-02
   20    0.5078125000000000E-03    0.7051086425781250E-03
   21    0.1132812500000000E-02    0.9780883789062499E-03
   22   -0.4121093750000000E-02    0.9497451782226562E-03
   23    0.4003906250000000E-02    0.9101486206054688E-03
   24   -0.2207031250000000E-02    0.9668350219726562E-03
   25    0.3964843750000000E-02    0.9740829467773437E-03
   26    0.1796875000000000E-02    0.9391784667968750E-03
   27    0.2929687500000000E-02    0.9223175048828125E-03
   28    0.3144531250000000E-02    0.1467704772949219E-02
   29    0.1054687500000000E-02    0.1174392700195313E-02
   30    0.5292968750000000E-02    0.1183891296386719E-02
   31    0.1191406250000000E-02    0.7541275024414062E-03
   32   -0.1269531250000000E-02    0.8771896362304687E-03
   33   -0.1738281250000000E-02    0.1010551452636719E-02
   34    0.9960937500000000E-03    0.1177711486816406E-02
   35    0.3925781250000000E-02    0.9585189819335938E-03
   36    0.7246093750000000E-02    0.8464431762695312E-03
   37    0.4804687500000000E-02    0.1098937988281250E-02
   38    0.2070312500000000E-02    0.8650970458984375E-03
   39   -0.2597656250000000E-02    0.9910964965820313E-03
   40   -0.5273437500000000E-03    0.8849716186523438E-03
   41    0.1289062500000000E-02    0.1021270751953125E-02
   42   -0.2773437500000000E-02    0.9027862548828125E-03
   43    0.2910156250000000E-02    0.9425735473632813E-03
   44   -0.2382812500000000E-02    0.1127777099609375E-02
   45    0.1171875000000000E-03    0.1081619262695313E-02
   46    0.7226562500000000E-03    0.8048629760742188E-03
   47   -0.2265625000000000E-02    0.8443450927734375E-03
   48    0.6757812500000000E-02    0.1170654296875000E-02
   49    0.1152343750000000E-02    0.9398269653320313E-03
   50    0.1757812500000000E-02    0.7826232910156250E-03
   51    0.4101562500000000E-03    0.1021766662597656E-02
   52   -0.3906250000000000E-04    0.1127624511718750E-02
   53   -0.4843750000000000E-02    0.9658050537109375E-03
   54    0.7363281250000000E-02    0.1179924011230469E-02
   55    0.5136718750000000E-02    0.7966232299804688E-03
   56    0.1328125000000000E-02    0.9288024902343750E-03
   57   -0.2636718750000000E-02    0.1029396057128906E-02
   58   -0.6054687500000000E-03    0.9556961059570313E-03
   59    0.3496093750000000E-02    0.9676742553710937E-03
   60   -0.4882812500000000E-03    0.8903121948242187E-03
   61    0.4960937500000000E-02    0.1038360595703125E-02
   62    0.2851562500000000E-02    0.7836151123046875E-03
   63    0.4121093750000000E-02    0.1227760314941406E-02
   64    0.1972656250000000E-02    0.8597183227539063E-03
   65    0.4628906250000000E-02    0.1100425720214844E-02
   66    0.1855468750000000E-02    0.9508895874023438E-03
   67    0.4902343750000000E-02    0.9392929077148437E-03
   68    0.1640625000000000E-02    0.1038589477539062E-02
   69   -0.8203125000000000E-03    0.8620452880859375E-03
   70   -0.2929687500000000E-03    0.1093406677246094E-02
   71    0.1718750000000000E-02    0.1071166992187500E-02
   72    0.1582031250000000E-02    0.9379959106445312E-03
   73    0.5097656250000000E-02    0.1170005798339844E-02
   74    0.1113281250000000E-02    0.1143455505371094E-02
   75   -0.3515625000000000E-03    0.9791564941406250E-03
   76   -0.3710937500000000E-02    0.1103668212890625E-02
   77   -0.5703125000000000E-02    0.8930969238281250E-03
   78   -0.3105468750000000E-02    0.1020088195800781E-02
   79   -0.1953125000000000E-03    0.7440185546875000E-03
   80   -0.5078125000000000E-03    0.8539581298828126E-03
   81   -0.4511718750000000E-02    0.1126289367675781E-02
   82   -0.5273437500000000E-02    0.1015472412109375E-02
   83   -0.2011718750000000E-02    0.8990859985351562E-03
   84    0.3125000000000000E-03    0.1179122924804688E-02
   85   -0.4433593750000000E-02    0.1037712097167969E-02
   86    0.1191406250000000E-02    0.8698654174804688E-03
   87    0.8789062500000000E-03    0.9202194213867187E-03
   88    0.3632812500000000E-02    0.1101684570312500E-02
   89    0.2226562500000000E-02    0.1084442138671875E-02
   90    0.2070312500000000E-02    0.1183166503906250E-02
   91    0.2226562500000000E-02    0.1053848266601562E-02
   92    0.5507812500000000E-02    0.9616851806640625E-03
   93   -0.7226562500000000E-03    0.8813095092773438E-03
   94   -0.1972656250000000E-02    0.1057014465332031E-02
   95    0.2832031250000000E-02    0.1063423156738281E-02
   96    0.3828125000000000E-02    0.1185379028320313E-02
   97   -0.1464843750000000E-02    0.8523178100585938E-03
   98   -0.1347656250000000E-02    0.1074333190917969E-02
   99   -0.1269531250000000E-02    0.1168098449707031E-02
  100   -0.8593750000000000E-03    0.1119003295898437E-02
