# time =    0.4747
    0    0.1000000000000000E+01    0.1000000000000000E+01
    1    0.2095507812500000E+00    0.4475772857666015E-01
    2    0.4976562500000000E-01    0.3401412963867187E-02
    3    0.1054687500000000E-01    0.1326065063476563E-02
    4    0.2949218750000000E-02    0.1082038879394531E-02
    5    0.1171875000000000E-02    0.1030731201171875E-02
    6    0.2734375000000000E-03    0.1052322387695313E-02
    7    0.2421875000000000E-02    0.8381652832031250E-03
    8   -0.1113281250000000E-02    0.7439804077148438E-03
    9   -0.1093750000000000E-02    0.1079483032226563E-02
   10    0.1425781250000000E-02    0.7694625854492188E-03
   11   -0.9179687499999999E-03    0.9984970092773438E-03
   12   -0.1718750000000000E-02    0.8416748046874999E-03
   13   -0.1953125000000000E-04    0.1325187683105469E-02
   14   -0.4472656250000000E-02    0.1267967224121094E-02
   15    0.2578125000000000E-02    0.1148452758789063E-02
   16   -0.2734375000000000E-02    0.1145401000976562E-02
   17   -0.1132812500000000E-02    0.1001892089843750E-02
   18   -0.2285156250000000E-02    0.9387588500976563E-03
   19    0.4121093750000000E-02    0.9883499145507812E-03
   20   -0.3984375000000000E-02    0.1159973144531250E-02
   21   -0.6406250000000000E-02    0.9668731689453125E-03
   22   -0.7031250000000000E-03    0.1054382324218750E-02
   23    0.1660156250000000E-02    0.1019783020019531E-02
   24    0.7773437500000000E-02    0.1005172729492188E-02
   25    0.2675781250000000E-02    0.9653091430664063E-03
   26    0.2460937500000000E-02    0.1100463867187500E-02
   27   -0.2246093750000000E-02    0.8347702026367188E-03
   28   -0.9570312500000000E-03    0.8920669555664062E-03
   29    0.1367187500000000E-03    0.9200668334960937E-03
   30    0.4492187500000000E-03    0.9106063842773438E-03
   31   -0.3691406250000000E-02    0.1013984680175781E-02
   32    0.2968750000000000E-02    0.9299468994140625E-03
   33    0.2421875000000000E-02    0.9638977050781250E-03
   34    0.2343750000000000E-02    0.1193313598632812E-02
   35    0.3496093750000000E-02    0.1012763977050781E-02
   36    0.9179687499999999E-03    0.8570480346679687E-03
   37    0.4648437500000000E-02    0.8502197265625000E-03
   38    0.2265625000000000E-02    0.9512329101562501E-03
   39    0.3242187500000000E-02    0.9342956542968750E-03
   40    0.4101562500000000E-03    0.8579635620117187E-03
   41   -0.9375000000000000E-03    0.9819030761718749E-03
   42    0.4433593750000000E-02    0.8880233764648437E-03
   43   -0.5800781250000000E-02    0.1094474792480469E-02
   44   -0.2128906250000000E-02    0.1018943786621094E-02
   45   -0.4785156250000000E-02    0.9721755981445312E-03
   46    0.8984375000000000E-03    0.1064529418945313E-02
   47   -0.1562500000000000E-02    0.8792877197265625E-03
   48    0.7578125000000000E-02    0.1073379516601562E-02
   49    0.4257812500000000E-02    0.8922576904296875E-03
   50    0.5859375000000000E-04    0.8881759643554688E-03
   51   -0.6250000000000000E-03    0.9789276123046875E-03
   52   -0.7539062500000000E-02    0.9925842285156250E-03
   53   -0.6250000000000000E-03    0.9322357177734375E-03
   54   -0.1601562500000000E-02    0.8584594726562500E-03
   55   -0.2226562500000000E-02    0.1456832885742187E-02
   56   -0.1074218750000000E-02    0.1114006042480469E-02
   57    0.3046875000000000E-02    0.8782958984375000E-03
   58    0.5468750000000001E-03    0.8574676513671875E-03
   59   -0.1875000000000000E-02    0.8534240722656250E-03
   60   -0.3632812500000000E-02    0.9282684326171875E-03
   61    0.9765625000000001E-04    0.9512710571289063E-03
   62    0.2910156250000000E-02    0.9512710571289063E-03
   63    0.3125000000000000E-03    0.1058807373046875E-02
   64   -0.3691406250000000E-02    0.1198921203613281E-02
   65   -0.1113281250000000E-02    0.9624099731445312E-03
   66    0.4316406250000000E-02    0.9233474731445313E-03
   67   -0.5273437500000000E-03    0.9289932250976563E-03
   68   -0.2539062500000000E-03    0.1040916442871094E-02
   69    0.5078125000000000E-03    0.8978271484375001E-03
   70    0.1093750000000000E-02    0.6184387207031250E-03
   71   -0.8984375000000000E-03    0.1016540527343750E-02
   72   -0.4082031250000000E-02    0.8689498901367187E-03
   73   -0.3867187500000000E-02    0.8451843261718750E-03
   74    0.6640625000000000E-03    0.8756256103515625E-03
   75   -0.2460937500000000E-02    0.1021881103515625E-02
   76   -0.8789062500000000E-03    0.8820724487304687E-03
   77   -0.8789062500000000E-03    0.1125602722167969E-02
   78    0.4238281250000000E-02    0.1092414855957031E-02
   79    0.3457031250000000E-02    0.1097908020019531E-02
   80    0.1953125000000000E-04    0.1008033752441406E-02
   81    0.1367187500000000E-02    0.1120910644531250E-02
   82    0.3046875000000000E-02    0.1009445190429688E-02
   83   -0.2773437500000000E-02    0.8871459960937500E-03
   84   -0.4589843750000000E-02    0.9753036499023437E-03
   85    0.1015625000000000E-02    0.8402252197265625E-03
   86    0.2226562500000000E-02    0.1002044677734375E-02
   87    0.3046875000000000E-02    0.1255569458007812E-02
   88    0.7421875000000000E-03    0.1082153320312500E-02
   89   -0.3027343750000000E-02    0.8266830444335938E-03
   90    0.1992187500000000E-02    0.1046524047851562E-02
   91   -0.5488281250000000E-02    0.1404533386230469E-02
   92   -0.7382812500000000E-02    0.7721710205078125E-03
   93    0.2480468750000000E-02    0.8453750610351563E-03
   94    0.5195312500000000E-02    0.8897399902343750E-03
   95    0.1660156250000000E-02    0.6940078735351563E-03
   96   -0.2343750000000000E-02    0.7698059082031250E-03
   97   -0.1328125000000000E-02    0.9699249267578125E-03
   98   -0.4882812500000000E-03    0.1200828552246094E-02
   99    0.2324218750000000E-02    0.8404159545898438E-03
  100    0.3359375000000000E-02    0.8726501464843750E-03
