# time =    0.4086
    0    0.1000000000000000E+01    0.1000000000000000E+01
    1    0.4051562500000000E+00    0.1647576141357422E+00
    2    0.2353906250000000E+00    0.5617301940917969E-01
    3    0.1697656250000000E+00    0.2946853637695312E-01
    4    0.1377148437500000E+00    0.1973255157470703E-01
    5    0.1165625000000000E+00    0.1433815002441406E-01
    6    0.1026562500000000E+00    0.1134994506835938E-01
    7    0.9187500000000000E-01    0.9108657836914063E-02
    8    0.8693359375000000E-01    0.8200874328613281E-02
    9    0.7988281250000000E-01    0.7129745483398437E-02
   10    0.7347656250000000E-01    0.6085052490234375E-02
   11    0.6697265625000000E-01    0.5268821716308594E-02
   12    0.6546875000000001E-01    0.5169372558593750E-02
   13    0.6193359375000000E-01    0.4599189758300782E-02
   14    0.6328125000000000E-01    0.4694519042968750E-02
   15    0.6378906249999999E-01    0.4850158691406250E-02
   16    0.5767578125000000E-01    0.3933677673339844E-02
   17    0.5710937500000000E-01    0.3998718261718750E-02
   18    0.5628906250000000E-01    0.3879547119140625E-02
   19    0.5558593750000000E-01    0.3854446411132812E-02
   20    0.5191406250000000E-01    0.3419418334960937E-02
   21    0.5246093750000000E-01    0.3556594848632813E-02
   22    0.4941406250000000E-01    0.3385238647460937E-02
   23    0.4802734375000000E-01    0.3166999816894531E-02
   24    0.4597656250000000E-01    0.3031539916992188E-02
   25    0.4585937500000000E-01    0.3073577880859375E-02
   26    0.4673828125000000E-01    0.3029518127441406E-02
   27    0.4443359375000000E-01    0.2756233215332031E-02
   28    0.4541015625000000E-01    0.2902870178222656E-02
   29    0.4484375000000000E-01    0.2868957519531250E-02
   30    0.4457031250000000E-01    0.2747726440429687E-02
   31    0.4361328125000000E-01    0.2707862854003906E-02
   32    0.4248046875000000E-01    0.2580299377441406E-02
   33    0.4306640625000000E-01    0.2686958312988281E-02
   34    0.4083984375000000E-01    0.2500877380371094E-02
   35    0.4160156250000000E-01    0.2653579711914063E-02
   36    0.4197265625000000E-01    0.2718391418457031E-02
   37    0.4285156250000000E-01    0.2817153930664062E-02
   38    0.4019531250000000E-01    0.2558898925781250E-02
   39    0.4066406250000000E-01    0.2637710571289063E-02
   40    0.3937500000000000E-01    0.2482147216796875E-02
   41    0.3816406250000000E-01    0.2422027587890625E-02
   42    0.3746093750000000E-01    0.2373886108398437E-02
   43    0.3724609375000000E-01    0.2294578552246094E-02
   44    0.3574218750000000E-01    0.2240219116210937E-02
   45    0.3568359375000000E-01    0.2224540710449219E-02
   46    0.3423828125000000E-01    0.1957817077636719E-02
   47    0.3392578125000000E-01    0.1893959045410156E-02
   48    0.3556640625000000E-01    0.2045097351074219E-02
   49    0.3656250000000000E-01    0.2046966552734375E-02
   50    0.3494140625000000E-01    0.1955146789550781E-02
   51    0.3591796875000000E-01    0.2058448791503906E-02
   52    0.3683593750000000E-01    0.2150650024414062E-02
   53    0.3707031250000000E-01    0.2011108398437500E-02
   54    0.3533203125000000E-01    0.1883659362792969E-02
   55    0.3539062500000000E-01    0.1862869262695312E-02
   56    0.3292968750000000E-01    0.1869506835937500E-02
   57    0.3289062500000000E-01    0.1801452636718750E-02
   58    0.3263671875000000E-01    0.1743888854980469E-02
   59    0.3150390625000000E-01    0.1690406799316406E-02
   60    0.2960937500000000E-01    0.1471176147460938E-02
   61    0.3257812500000000E-01    0.1784896850585937E-02
   62    0.3246093750000000E-01    0.1731796264648438E-02
   63    0.2994140625000000E-01    0.1580543518066406E-02
   64    0.3021484375000000E-01    0.1664619445800781E-02
   65    0.3142578125000000E-01    0.1662940979003906E-02
   66    0.2906250000000000E-01    0.1577377319335938E-02
   67    0.2875000000000000E-01    0.1530303955078125E-02
   68    0.2833984375000000E-01    0.1609306335449219E-02
   69    0.2986328125000000E-01    0.1770668029785156E-02
   70    0.2884765625000000E-01    0.1706428527832031E-02
   71    0.2839843750000000E-01    0.1565475463867187E-02
   72    0.3019531250000000E-01    0.1601715087890625E-02
   73    0.3058593750000000E-01    0.1682739257812500E-02
   74    0.2996093750000000E-01    0.1686325073242188E-02
   75    0.2996093750000000E-01    0.1584625244140625E-02
   76    0.2970703125000000E-01    0.1621742248535156E-02
   77    0.2847656250000000E-01    0.1501464843750000E-02
   78    0.2816406250000000E-01    0.1549682617187500E-02
   79    0.2955078125000000E-01    0.1720161437988281E-02
   80    0.2904296875000000E-01    0.1670875549316406E-02
   81    0.3039062500000000E-01    0.1718292236328125E-02
   82    0.2951171875000000E-01    0.1606559753417969E-02
   83    0.2853515625000000E-01    0.1630134582519531E-02
   84    0.2892578125000000E-01    0.1588172912597656E-02
   85    0.2763671875000000E-01    0.1565589904785156E-02
   86    0.2800781250000000E-01    0.1642990112304687E-02
   87    0.2687500000000000E-01    0.1479492187500000E-02
   88    0.2611328125000000E-01    0.1479072570800781E-02
   89    0.2507812500000000E-01    0.1417922973632812E-02
   90    0.2548828125000000E-01    0.1442451477050781E-02
   91    0.2800781250000000E-01    0.1591720581054687E-02
   92    0.2685546875000000E-01    0.1529655456542969E-02
   93    0.2757812500000000E-01    0.1537628173828125E-02
   94    0.2589843750000000E-01    0.1374206542968750E-02
   95    0.2443359375000000E-01    0.1381263732910156E-02
   96    0.2427734375000000E-01    0.1301918029785156E-02
   97    0.2228515625000000E-01    0.1196861267089844E-02
   98    0.2267578125000000E-01    0.1229133605957031E-02
   99    0.2230468750000000E-01    0.1291351318359375E-02
  100    0.2125000000000000E-01    0.1267013549804687E-02
