# time =    0.4668
    0    0.1000000000000000E+01    0.1000000000000000E+01
    1    0.2123242187500000E+00    0.4603748321533203E-01
    2    0.5572265625000000E-01    0.3860969543457031E-02
    3    0.1330078125000000E-01    0.1009788513183594E-02
    4    0.7832031250000000E-02    0.9907150268554687E-03
    5    0.8378906250000000E-02    0.8410263061523437E-03
    6   -0.5859375000000000E-04    0.7997512817382813E-03
    7    0.4687500000000000E-03    0.8256530761718750E-03
    8   -0.1542968750000000E-02    0.1081733703613281E-02
    9   -0.1386718750000000E-02    0.1098518371582031E-02
   10    0.2324218750000000E-02    0.7488632202148438E-03
   11   -0.5859375000000000E-03    0.8434295654296875E-03
   12    0.1269531250000000E-02    0.8556747436523438E-03
   13   -0.8593750000000000E-03    0.1058120727539062E-02
   14    0.1250000000000000E-02    0.1028823852539062E-02
   15   -0.1933593750000000E-02    0.7704544067382812E-03
   16    0.2441406250000000E-02    0.7955551147460938E-03
   17    0.2324218750000000E-02    0.8838272094726562E-03
   18    0.1210937500000000E-02    0.1095581054687500E-02
   19    0.2070312500000000E-02    0.8319854736328125E-03
   20   -0.2871093750000000E-02    0.8145523071289063E-03
   21    0.3808593750000000E-02    0.1042518615722656E-02
   22    0.3125000000000000E-03    0.8718109130859375E-03
   23   -0.3476562500000000E-02    0.1005096435546875E-02
   24   -0.1113281250000000E-02    0.9939956665039062E-03
   25    0.3906250000000000E-03    0.8467102050781250E-03
   26    0.2695312500000000E-02    0.1178359985351562E-02
   27   -0.3457031250000000E-02    0.1103248596191406E-02
   28    0.8984375000000000E-03    0.7859802246093750E-03
   29   -0.3789062500000000E-02    0.8894348144531250E-03
   30    0.2792968750000000E-02    0.9060287475585937E-03
   31    0.4882812500000000E-03    0.7774734497070313E-03
   32   -0.1191406250000000E-02    0.7296371459960938E-03
   33    0.3925781250000000E-02    0.1066780090332031E-02
   34    0.2089843750000000E-02    0.8894729614257812E-03
   35    0.5175781250000000E-02    0.9767532348632813E-03
   36    0.7890625000000000E-02    0.1042938232421875E-02
   37   -0.3554687500000000E-02    0.9449005126953125E-03
   38   -0.3613281250000000E-02    0.9630966186523437E-03
   39    0.4492187500000000E-03    0.8284378051757812E-03
   40   -0.4589843750000000E-02    0.9518814086914063E-03
   41    0.6250000000000000E-03    0.7401275634765625E-03
   42   -0.4453125000000000E-02    0.7498168945312500E-03
   43    0.3671875000000000E-02    0.6832122802734375E-03
   44   -0.7421875000000000E-03    0.1023178100585938E-02
   45   -0.3066406250000000E-02    0.7007217407226562E-03
   46   -0.1816406250000000E-02    0.8431625366210938E-03
   47   -0.4179687500000000E-02    0.8127593994140625E-03
   48    0.5449218750000000E-02    0.8108139038085938E-03
   49    0.6210937500000000E-02    0.9361267089843750E-03
   50   -0.3710937500000000E-03    0.1085929870605469E-02
   51   -0.3730468750000000E-02    0.1087455749511719E-02
   52    0.4101562500000000E-03    0.1130561828613281E-02
   53   -0.5859375000000000E-04    0.8922195434570312E-03
   54    0.2441406250000000E-02    0.9376907348632813E-03
   55    0.1953125000000000E-02    0.8988952636718749E-03
   56    0.1250000000000000E-02    0.9111785888671876E-03
   57   -0.3710937500000000E-03    0.9309768676757813E-03
   58   -0.1562500000000000E-02    0.8238220214843750E-03
   59   -0.1738281250000000E-02    0.1033821105957031E-02
   60   -0.5488281250000000E-02    0.1002693176269531E-02
   61   -0.5703125000000000E-02    0.1109085083007813E-02
   62   -0.2832031250000000E-02    0.1006431579589844E-02
   63    0.1621093750000000E-02    0.1021537780761719E-02
   64    0.5449218750000000E-02    0.1193809509277344E-02
   65    0.3339843750000000E-02    0.8568191528320313E-03
   66   -0.2050781250000000E-02    0.1020698547363281E-02
   67   -0.3496093750000000E-02    0.9015274047851563E-03
   68   -0.2500000000000000E-02    0.9186553955078125E-03
   69   -0.3906250000000000E-03    0.1057510375976563E-02
   70    0.1992187500000000E-02    0.6645202636718750E-03
   71    0.2421875000000000E-02    0.1086273193359375E-02
   72   -0.1718750000000000E-02    0.1001281738281250E-02
   73    0.7421875000000000E-02    0.8882904052734376E-03
   74    0.5859375000000000E-04    0.1022911071777344E-02
   75    0.1328125000000000E-02    0.1009521484375000E-02
   76   -0.1269531250000000E-02    0.1032295227050781E-02
   77   -0.3320312500000000E-03    0.8633804321289063E-03
   78   -0.4550781250000000E-02    0.1017265319824219E-02
   79   -0.6113281250000000E-02    0.8906936645507813E-03
   80   -0.1445312500000000E-02    0.1016082763671875E-02
   81    0.2343750000000000E-02    0.9080505371093750E-03
   82    0.2910156250000000E-02    0.8538436889648438E-03
   83    0.2363281250000000E-02    0.7743453979492188E-03
   84    0.1660156250000000E-02    0.8609390258789062E-03
   85    0.6054687500000000E-03    0.9590530395507812E-03
   86   -0.2187500000000000E-02    0.1090164184570312E-02
   87    0.2285156250000000E-02    0.9668350219726562E-03
   88   -0.3164062500000000E-02    0.9970092773437501E-03
   89   -0.1640625000000000E-02    0.9611511230468750E-03
   90   -0.2148437500000000E-02    0.1133193969726563E-02
   91   -0.1835937500000000E-02    0.9585571289062500E-03
   92    0.2675781250000000E-02    0.1055870056152344E-02
   93    0.5859375000000000E-03    0.9967041015624999E-03
   94    0.4101562500000000E-03    0.7458877563476563E-03
   95    0.2714843750000000E-02    0.9327316284179687E-03
   96    0.1308593750000000E-02    0.8237838745117187E-03
   97    0.3164062500000000E-02    0.8748626708984375E-03
   98    0.3710937500000000E-02    0.1189804077148437E-02
   99   -0.4003906250000000E-02    0.9450912475585938E-03
  100   -0.3789062500000000E-02    0.9812164306640626E-03
