# time =    0.4733
    0    0.1000000000000000E+01    0.1000000000000000E+01
    1    0.2294335937500000E+00    0.5350978851318360E-01
    2    0.6119140625000000E-01    0.4827842712402343E-02
    3    0.1714843750000000E-01    0.1115875244140625E-02
    4    0.7128906250000000E-02    0.9912490844726563E-03
    5    0.6464843750000000E-02    0.1122245788574219E-02
    6    0.4101562500000000E-03    0.1022529602050781E-02
    7   -0.2109375000000000E-02    0.1067581176757813E-02
    8   -0.9765625000000000E-03    0.9942626953124999E-03
    9    0.1093750000000000E-02    0.8699798583984375E-03
   10    0.4921875000000000E-02    0.1015396118164063E-02
   11   -0.2031250000000000E-02    0.1243972778320313E-02
   12   -0.4296875000000000E-02    0.1049957275390625E-02
   13   -0.7851562499999999E-02    0.8200073242187500E-03
   14   -0.9570312500000000E-03    0.1034660339355469E-02
   15    0.4882812500000000E-02    0.1024780273437500E-02
   16    0.5449218750000000E-02    0.8570480346679687E-03
   17    0.4589843750000000E-02    0.8974838256835938E-03
   18   -0.4589843750000000E-02    0.1067085266113281E-02
   19   -0.2910156250000000E-02    0.9750747680664063E-03
   20   -0.4492187500000000E-03    0.8445358276367187E-03
   21    0.5273437500000000E-03    0.1028022766113281E-02
   22   -0.4003906250000000E-02    0.1115379333496094E-02
   23   -0.1347656250000000E-02    0.1023368835449219E-02
   24    0.1621093750000000E-02    0.8877944946289062E-03
   25   -0.1894531250000000E-02    0.1247062683105469E-02
   26   -0.5468750000000001E-03    0.9811401367187500E-03
   27   -0.5351562500000000E-02    0.9745025634765625E-03
   28    0.3906250000000000E-03    0.9564208984375000E-03
   29   -0.1191406250000000E-02    0.9372329711914062E-03
   30   -0.7812500000000000E-03    0.1025238037109375E-02
   31    0.6718750000000000E-02    0.9108734130859375E-03
   32    0.7187500000000000E-02    0.9654235839843750E-03
   33    0.4160156250000000E-02    0.9337997436523437E-03
   34    0.4277343750000000E-02    0.8243942260742188E-03
   35    0.3652343750000000E-02    0.1015968322753906E-02
   36   -0.3945312500000000E-02    0.9117889404296875E-03
   37    0.1933593750000000E-02    0.7503890991210938E-03
   38    0.6835937500000000E-03    0.8621597290039062E-03
   39    0.5625000000000000E-02    0.9597015380859375E-03
   40    0.2812500000000000E-02    0.8793640136718750E-03
   41   -0.3457031250000000E-02    0.7186508178710937E-03
   42    0.4882812500000000E-03    0.8231735229492187E-03
   43   -0.1582031250000000E-02    0.9572219848632813E-03
   44    0.5664062500000000E-03    0.9827804565429687E-03
   45    0.1757812500000000E-02    0.9239196777343750E-03
   46    0.4375000000000000E-02    0.1024093627929687E-02
   47    0.2890625000000000E-02    0.8581542968750000E-03
   48   -0.6738281250000000E-02    0.9439468383789062E-03
   49   -0.3281250000000000E-02    0.7849121093750000E-03
   50   -0.2910156250000000E-02    0.1109428405761719E-02
   51   -0.3281250000000000E-02    0.9912109374999999E-03
   52   -0.3652343750000000E-02    0.1132621765136719E-02
   53   -0.1542968750000000E-02    0.1079521179199219E-02
   54   -0.5195312500000000E-02    0.9918975830078124E-03
   55    0.3925781250000000E-02    0.1045951843261719E-02
   56   -0.3417968750000000E-02    0.8797836303710937E-03
   57   -0.6796875000000000E-02    0.9865570068359375E-03
   58   -0.1972656250000000E-02    0.9054183959960937E-03
   59    0.4882812500000000E-03    0.8820724487304687E-03
   60   -0.2128906250000000E-02    0.1209526062011719E-02
   61    0.8789062500000000E-03    0.1050910949707031E-02
   62    0.5546875000000000E-02    0.1120223999023438E-02
   63    0.2167968750000000E-02    0.9437179565429687E-03
   64    0.5195312500000000E-02    0.1116790771484375E-02
   65    0.2851562500000000E-02    0.8039855957031250E-03
   66   -0.2187500000000000E-02    0.7012939453125000E-03
   67   -0.8007812500000000E-03    0.8159255981445312E-03
   68   -0.2578125000000000E-02    0.7799530029296875E-03
   69    0.1621093750000000E-02    0.8819961547851563E-03
   70   -0.3808593750000000E-02    0.8255386352539062E-03
   71    0.2597656250000000E-02    0.1064186096191406E-02
   72    0.1347656250000000E-02    0.9714126586914063E-03
   73    0.9179687499999999E-03    0.1263465881347656E-02
   74    0.2773437500000000E-02    0.1134719848632812E-02
   75    0.2343750000000000E-03    0.7758331298828125E-03
   76    0.2343750000000000E-03    0.8339691162109375E-03
   77   -0.1953125000000000E-04    0.1238670349121094E-02
   78    0.4570312500000000E-02    0.1115493774414063E-02
   79    0.5078125000000000E-03    0.1038436889648438E-02
   80    0.1093750000000000E-02    0.8776092529296875E-03
   81    0.2187500000000000E-02    0.8624267578125000E-03
   82    0.3125000000000000E-02    0.9426879882812500E-03
   83    0.1367187500000000E-02    0.7709503173828125E-03
   84    0.1640625000000000E-02    0.1235275268554687E-02
   85    0.1289062500000000E-02    0.1043853759765625E-02
   86   -0.9296875000000000E-02    0.8992004394531250E-03
   87   -0.1328125000000000E-02    0.1113281250000000E-02
   88   -0.9960937500000000E-03    0.8954238891601562E-03
   89    0.6386718750000000E-02    0.1385459899902344E-02
   90    0.7265625000000000E-02    0.1216201782226562E-02
   91    0.1875000000000000E-02    0.6877136230468750E-03
   92   -0.2148437500000000E-02    0.9821319580078124E-03
   93   -0.6835937500000000E-02    0.9683990478515626E-03
   94   -0.7617187500000000E-03    0.1036567687988281E-02
   95    0.0000000000000000E+00    0.7694244384765625E-03
   96    0.1738281250000000E-02    0.1134071350097656E-02
   97   -0.1250000000000000E-02    0.1152725219726563E-02
   98    0.5214843750000000E-02    0.9321975708007813E-03
   99    0.4589843750000000E-02    0.8292007446289063E-03
  100   -0.1621093750000000E-02    0.9610366821289063E-03
