# time =    0.4690
    0    0.1000000000000000E+01    0.1000000000000000E+01
    1    0.2578906250000000E+00    0.6743827819824219E-01
    2    0.8302734375000000E-01    0.7776908874511719E-02
    3    0.3925781250000000E-01    0.2235031127929687E-02
    4    0.1609375000000000E-01    0.1165771484375000E-02
    5    0.1025390625000000E-01    0.1069679260253906E-02
    6    0.7832031250000000E-02    0.1198692321777344E-02
    7    0.9355468750000000E-02    0.1229133605957031E-02
    8    0.6953125000000000E-02    0.1101989746093750E-02
    9    0.7246093750000000E-02    0.1127662658691406E-02
   10    0.4238281250000000E-02    0.7658767700195313E-03
   11    0.3320312500000000E-03    0.7783126831054688E-03
   12    0.1953125000000000E-04    0.8516311645507812E-03
   13    0.2539062500000000E-03    0.1166801452636719E-02
   14   -0.3125000000000000E-03    0.9912872314453126E-03
   15    0.1269531250000000E-02    0.8681106567382812E-03
   16    0.1699218750000000E-02    0.1104698181152344E-02
   17   -0.3320312500000000E-03    0.9820175170898438E-03
   18    0.4785156250000000E-02    0.1101951599121094E-02
   19    0.2109375000000000E-02    0.1070022583007812E-02
   20    0.1816406250000000E-02    0.8238601684570312E-03
   21    0.3046875000000000E-02    0.1059265136718750E-02
   22    0.1914062500000000E-02    0.7870483398437500E-03
   23    0.1953125000000000E-03    0.8691406250000000E-03
   24   -0.3261718750000000E-02    0.7813644409179688E-03
   25    0.8593750000000000E-03    0.9388732910156250E-03
   26   -0.1269531250000000E-02    0.8839035034179688E-03
   27   -0.3593750000000000E-02    0.1221389770507813E-02
   28   -0.4843750000000000E-02    0.9873199462890625E-03
   29   -0.2265625000000000E-02    0.9703826904296875E-03
   30    0.7812500000000000E-03    0.1093215942382812E-02
   31    0.0000000000000000E+00    0.9479522705078125E-03
   32   -0.1875000000000000E-02    0.1012344360351562E-02
   33   -0.2246093750000000E-02    0.7699966430664062E-03
   34   -0.2636718750000000E-02    0.9393692016601562E-03
   35    0.8789062500000000E-03    0.7442092895507813E-03
   36   -0.1757812500000000E-02    0.8443450927734375E-03
   37    0.9960937500000000E-03    0.1146430969238281E-02
   38   -0.1562500000000000E-03    0.1102905273437500E-02
   39    0.4003906250000000E-02    0.1059761047363281E-02
   40   -0.3632812500000000E-02    0.1278457641601562E-02
   41   -0.5078125000000000E-02    0.9115600585937500E-03
   42   -0.8984375000000000E-03    0.8518218994140625E-03
   43    0.2304687500000000E-02    0.9668731689453125E-03
   44    0.4101562500000000E-03    0.1099739074707031E-02
   45    0.2792968750000000E-02    0.1020545959472656E-02
   46   -0.8203125000000000E-03    0.1093521118164063E-02
   47   -0.4082031250000000E-02    0.9152603149414063E-03
   48    0.1035156250000000E-02    0.8983230590820313E-03
   49    0.8789062500000000E-03    0.1123161315917969E-02
   50    0.1640625000000000E-02    0.9977722167968750E-03
   51    0.3906250000000000E-03    0.9845733642578126E-03
   52   -0.1308593750000000E-02    0.8317947387695313E-03
   53   -0.4902343750000000E-02    0.9511184692382813E-03
   54   -0.2109375000000000E-02    0.7444763183593750E-03
   55    0.3476562500000000E-02    0.9439849853515625E-03
   56   -0.1484375000000000E-02    0.1047134399414062E-02
   57   -0.1855468750000000E-02    0.9355545043945312E-03
   58    0.2949218750000000E-02    0.1208686828613281E-02
   59    0.3652343750000000E-02    0.1231193542480469E-02
   60    0.3554687500000000E-02    0.7434844970703125E-03
   61   -0.2539062500000000E-03    0.1231803894042969E-02
   62    0.3144531250000000E-02    0.1256141662597656E-02
   63   -0.1972656250000000E-02    0.8739852905273438E-03
   64    0.1250000000000000E-02    0.9075164794921875E-03
   65    0.5859375000000000E-02    0.7529449462890625E-03
   66    0.2890625000000000E-02    0.9772491455078125E-03
   67    0.1894531250000000E-02    0.1135292053222656E-02
   68    0.2539062500000000E-02    0.9972381591796876E-03
   69   -0.2089843750000000E-02    0.8919143676757813E-03
   70   -0.1464843750000000E-02    0.9277725219726563E-03
   71    0.4296875000000000E-03    0.8546447753906250E-03
   72    0.3125000000000000E-03    0.7801818847656250E-03
   73   -0.1132812500000000E-02    0.1132965087890625E-02
   74    0.1347656250000000E-02    0.1068840026855469E-02
   75   -0.7031250000000000E-03    0.1035003662109375E-02
   76   -0.1796875000000000E-02    0.9567260742187500E-03
   77    0.7226562500000000E-03    0.1182594299316406E-02
   78    0.3906250000000000E-04    0.8897399902343750E-03
   79   -0.2832031250000000E-02    0.7701492309570312E-03
   80   -0.5917968750000000E-02    0.9817123413085938E-03
   81   -0.2851562500000000E-02    0.8937835693359375E-03
   82   -0.4648437500000000E-02    0.9941864013671875E-03
   83   -0.4101562500000000E-03    0.1063880920410156E-02
   84    0.2832031250000000E-02    0.8626174926757812E-03
   85    0.1601562500000000E-02    0.1414718627929688E-02
   86    0.6386718750000000E-02    0.8924484252929687E-03
   87    0.5859375000000000E-04    0.8417129516601563E-03
   88    0.2441406250000000E-02    0.7821273803710938E-03
   89    0.3378906250000000E-02    0.1017189025878906E-02
   90    0.2070312500000000E-02    0.1140213012695312E-02
   91   -0.5273437500000000E-03    0.9581375122070312E-03
   92    0.3281250000000000E-02    0.1196441650390625E-02
   93    0.6230468750000000E-02    0.9746170043945313E-03
   94    0.2187500000000000E-02    0.6753540039062500E-03
   95    0.1796875000000000E-02    0.1023483276367188E-02
   96   -0.7031250000000000E-03    0.8927917480468750E-03
   97   -0.1074218750000000E-02    0.9573745727539062E-03
   98   -0.3085937500000000E-02    0.9390258789062500E-03
   99   -0.6835937500000000E-03    0.8558273315429687E-03
  100    0.2636718750000000E-02    0.8718490600585938E-03
