# time =    0.4662
    0    0.1000000000000000E+01    0.1000000000000000E+01
    1    0.2572656250000000E+00    0.6699417114257812E-01
    2    0.7378906250000000E-01    0.6323394775390625E-02
    3    0.2544921875000000E-01    0.1620063781738281E-02
    4    0.9394531249999999E-02    0.1208992004394531E-02
    5    0.3593750000000000E-02    0.1073837280273438E-02
    6   -0.1386718750000000E-02    0.8700180053710937E-03
    7    0.5468750000000001E-03    0.1031417846679687E-02
    8    0.1503906250000000E-02    0.8333969116210937E-03
    9    0.1464843750000000E-02    0.8971023559570312E-03
   10   -0.2988281250000000E-02    0.1009178161621094E-02
   11   -0.1757812500000000E-03    0.1016731262207031E-02
   12   -0.1816406250000000E-02    0.1043586730957031E-02
   13   -0.1542968750000000E-02    0.8449935913085937E-03
   14   -0.1835937500000000E-02    0.8300018310546875E-03
   15   -0.4316406250000000E-02    0.1000251770019531E-02
   16   -0.3710937500000000E-02    0.1296386718750000E-02
   17    0.1816406250000000E-02    0.1051979064941406E-02
   18    0.9765625000000000E-03    0.9972381591796876E-03
   19    0.4316406250000000E-02    0.1390876770019531E-02
   20    0.3593750000000000E-02    0.9207153320312501E-03
   21    0.1718750000000000E-02    0.8568572998046875E-03
   22    0.2695312500000000E-02    0.1216888427734375E-02
   23   -0.2148437500000000E-03    0.1318626403808594E-02
   24    0.7890625000000000E-02    0.1249618530273437E-02
   25   -0.1855468750000000E-02    0.9026718139648437E-03
   26   -0.5390625000000000E-02    0.1083984375000000E-02
   27   -0.2636718750000000E-02    0.1240653991699219E-02
   28   -0.1933593750000000E-02    0.9988784790039063E-03
   29   -0.2343750000000000E-03    0.1030654907226563E-02
   30    0.9960937500000000E-03    0.9296798706054688E-03
   31   -0.2988281250000000E-02    0.9788131713867187E-03
   32    0.2148437500000000E-03    0.1131706237792969E-02
   33    0.3906250000000000E-03    0.1105880737304687E-02
   34   -0.5468750000000001E-03    0.9090423583984375E-03
   35   -0.3046875000000000E-02    0.8866882324218750E-03
   36   -0.1621093750000000E-02    0.8132553100585937E-03
   37    0.1601562500000000E-02    0.9441375732421875E-03
   38    0.1035156250000000E-02    0.1017265319824219E-02
   39   -0.1113281250000000E-02    0.1117668151855469E-02
   40   -0.2070312500000000E-02    0.1008300781250000E-02
   41    0.9179687499999999E-03    0.9403610229492187E-03
   42   -0.4433593750000000E-02    0.1118278503417969E-02
   43   -0.9179687499999999E-03    0.8150100708007813E-03
   44   -0.2187500000000000E-02    0.9352111816406250E-03
   45    0.3906250000000000E-03    0.8674621582031250E-03
   46   -0.3320312500000000E-03    0.9321975708007813E-03
   47   -0.3398437500000000E-02    0.8927154541015625E-03
   48   -0.1562500000000000E-03    0.8171081542968750E-03
   49   -0.2949218750000000E-02    0.8154678344726563E-03
   50   -0.1972656250000000E-02    0.9980392456054687E-03
   51    0.3593750000000000E-02    0.1011123657226563E-02
   52    0.3496093750000000E-02    0.9171676635742188E-03
   53   -0.2558593750000000E-02    0.8008956909179687E-03
   54    0.2031250000000000E-02    0.9566497802734375E-03
   55   -0.6640625000000000E-02    0.9346771240234375E-03
   56   -0.1269531250000000E-02    0.1085166931152344E-02
   57   -0.5507812500000000E-02    0.1291046142578125E-02
   58   -0.1699218750000000E-02    0.9684371948242188E-03
   59    0.3066406250000000E-02    0.1152687072753906E-02
   60    0.1367187500000000E-02    0.7240295410156250E-03
   61   -0.9765625000000000E-03    0.1292724609375000E-02
   62    0.3125000000000000E-02    0.9599304199218749E-03
   63   -0.2656250000000000E-02    0.8600616455078125E-03
   64   -0.4492187500000000E-03    0.1037406921386719E-02
   65    0.1972656250000000E-02    0.1067161560058594E-02
   66    0.1445312500000000E-02    0.1169128417968750E-02
   67   -0.3320312500000000E-03    0.9663772583007813E-03
   68    0.5234375000000000E-02    0.8928680419921875E-03
   69    0.3789062500000000E-02    0.1025848388671875E-02
   70   -0.9765625000000001E-04    0.9578323364257813E-03
   71    0.8457031250000000E-02    0.1002006530761719E-02
   72    0.2421875000000000E-02    0.9683990478515626E-03
   73    0.2539062500000000E-03    0.8490371704101562E-03
   74    0.1113281250000000E-02    0.8885574340820313E-03
   75    0.1640625000000000E-02    0.1092071533203125E-02
   76    0.4296875000000000E-03    0.7415008544921875E-03
   77    0.1035156250000000E-02    0.7987594604492187E-03
   78    0.1367187500000000E-03    0.1124000549316406E-02
   79    0.2675781250000000E-02    0.9478378295898437E-03
   80    0.1015625000000000E-02    0.9471130371093750E-03
   81   -0.4355468750000000E-02    0.9088516235351562E-03
   82   -0.1054687500000000E-02    0.6312561035156250E-03
   83   -0.9765625000000000E-03    0.9680175781250000E-03
   84   -0.2031250000000000E-02    0.8736419677734375E-03
   85    0.9375000000000000E-03    0.1091766357421875E-02
   86    0.2675781250000000E-02    0.1005287170410156E-02
   87   -0.1601562500000000E-02    0.9314727783203125E-03
   88    0.2070312500000000E-02    0.9328460693359375E-03
   89    0.2597656250000000E-02    0.8604812622070312E-03
   90    0.2753906250000000E-02    0.1105003356933594E-02
   91    0.2773437500000000E-02    0.8789062500000000E-03
   92    0.8789062500000000E-03    0.9886550903320313E-03
   93    0.1777343750000000E-02    0.1038856506347656E-02
   94   -0.5000000000000000E-02    0.1048965454101563E-02
   95   -0.8593750000000000E-03    0.1027374267578125E-02
   96   -0.1523437500000000E-02    0.7698059082031250E-03
   97   -0.1582031250000000E-02    0.9316635131835937E-03
   98   -0.3398437500000000E-02    0.8671569824218750E-03
   99    0.9570312500000000E-03    0.1135444641113281E-02
  100    0.1484375000000000E-02    0.8561706542968750E-03
