# time =    0.4662
    0    0.1000000000000000E+01    0.1000000000000000E+01
    1    0.1985546875000000E+00    0.4006118774414062E-01
    2    0.5089843750000000E-01    0.3587112426757813E-02
    3    0.1570312500000000E-01    0.1261062622070312E-02
    4   -0.1542968750000000E-02    0.8875656127929687E-03
    5   -0.5000000000000000E-02    0.9626007080078125E-03
    6   -0.1718750000000000E-02    0.9045410156250000E-03
    7    0.1562500000000000E-03    0.9883880615234376E-03
    8    0.2500000000000000E-02    0.9896850585937500E-03
    9    0.4179687500000000E-02    0.7430267333984375E-03
   10   -0.1992187500000000E-02    0.9384918212890625E-03
   11   -0.3593750000000000E-02    0.9143066406250000E-03
   12   -0.4687500000000000E-03    0.1210708618164062E-02
   13   -0.4375000000000000E-02    0.1062698364257812E-02
   14   -0.1171875000000000E-02    0.8607482910156249E-03
   15    0.8007812500000000E-03    0.9769058227539062E-03
   16   -0.1464843750000000E-02    0.8269119262695313E-03
   17   -0.6835937500000000E-03    0.9923934936523437E-03
   18    0.3847656250000000E-02    0.7724380493164063E-03
   19    0.7226562500000000E-03    0.9576797485351563E-03
   20    0.3320312500000000E-03    0.9577560424804687E-03
   21   -0.1269531250000000E-02    0.8586502075195313E-03
   22    0.2343750000000000E-03    0.7979583740234375E-03
   23    0.5664062500000000E-02    0.9826660156250001E-03
   24    0.1308593750000000E-02    0.8785629272460938E-03
   25    0.6464843750000000E-02    0.9820175170898438E-03
   26    0.4296875000000000E-03    0.1085281372070312E-02
   27    0.5351562500000000E-02    0.1055526733398437E-02
   28   -0.1503906250000000E-02    0.9329605102539062E-03
   29   -0.3261718750000000E-02    0.1202278137207031E-02
   30   -0.2812500000000000E-02    0.1030273437500000E-02
   31    0.8203125000000000E-03    0.9732818603515624E-03
   32    0.3085937500000000E-02    0.9268188476562500E-03
   33   -0.4472656250000000E-02    0.1017341613769531E-02
   34    0.1347656250000000E-02    0.1153144836425781E-02
   35   -0.2578125000000000E-02    0.8427429199218750E-03
   36   -0.7773437500000000E-02    0.9810638427734375E-03
   37    0.2734375000000000E-02    0.1148986816406250E-02
   38    0.2167968750000000E-02    0.1228141784667969E-02
   39    0.3515625000000000E-02    0.9525299072265625E-03
   40    0.1074218750000000E-02    0.9550857543945313E-03
   41    0.3203125000000000E-02    0.1371307373046875E-02
   42    0.1914062500000000E-02    0.7377624511718750E-03
   43    0.1054687500000000E-02    0.8654785156250000E-03
   44    0.3398437500000000E-02    0.9523010253906249E-03
   45    0.6074218750000000E-02    0.8150100708007813E-03
   46    0.4238281250000000E-02    0.8581161499023437E-03
   47   -0.4882812500000000E-02    0.8315277099609375E-03
   48   -0.4296875000000000E-02    0.9388732910156250E-03
   49    0.1347656250000000E-02    0.9012222290039062E-03
   50   -0.1562500000000000E-03    0.8017730712890625E-03
   51    0.5664062500000000E-03    0.1054039001464844E-02
   52   -0.9765625000000000E-03    0.9690093994140625E-03
   53    0.1914062500000000E-02    0.7738494873046876E-03
   54   -0.1113281250000000E-02    0.1053352355957031E-02
   55   -0.1777343750000000E-02    0.9186935424804688E-03
   56   -0.3632812500000000E-02    0.9495544433593750E-03
   57   -0.6464843750000000E-02    0.9256362915039063E-03
   58   -0.2187500000000000E-02    0.1036148071289063E-02
   59    0.4238281250000000E-02    0.6804275512695313E-03
   60    0.2851562500000000E-02    0.9941864013671875E-03
   61    0.4023437500000000E-02    0.9050750732421875E-03
   62   -0.2011718750000000E-02    0.1033515930175781E-02
   63   -0.1406250000000000E-02    0.1008224487304688E-02
   64    0.7226562500000000E-03    0.8684158325195313E-03
   65    0.1093750000000000E-02    0.8467864990234375E-03
   66   -0.6250000000000000E-03    0.1085052490234375E-02
   67   -0.4628906250000000E-02    0.6988906860351563E-03
   68   -0.5859375000000000E-02    0.8677673339843750E-03
   69    0.4296875000000000E-03    0.7299804687500001E-03
   70   -0.8984375000000000E-03    0.8390808105468750E-03
   71    0.8398437500000000E-03    0.8550643920898438E-03
   72   -0.9765625000000001E-04    0.1129570007324219E-02
   73   -0.7050781250000000E-02    0.1062355041503906E-02
   74    0.1855468750000000E-02    0.7558822631835938E-03
   75   -0.4296875000000000E-02    0.1018524169921875E-02
   76   -0.2304687500000000E-02    0.8687591552734375E-03
   77    0.3613281250000000E-02    0.9289932250976563E-03
   78   -0.2343750000000000E-03    0.8695983886718750E-03
   79    0.6640625000000000E-03    0.1178207397460938E-02
   80    0.7578125000000000E-02    0.9567260742187500E-03
   81    0.0000000000000000E+00    0.1106338500976562E-02
   82    0.6152343750000000E-02    0.1249427795410156E-02
   83    0.1914062500000000E-02    0.1053237915039063E-02
   84   -0.8007812500000000E-03    0.7508468627929688E-03
   85    0.5468750000000001E-03    0.7918548583984375E-03
   86    0.3359375000000000E-02    0.7160949707031250E-03
   87    0.3710937500000000E-02    0.8676910400390625E-03
   88    0.1171875000000000E-02    0.9600067138671875E-03
   89    0.1542968750000000E-02    0.1079292297363281E-02
   90    0.1953125000000000E-02    0.9434509277343750E-03
   91    0.8593750000000000E-03    0.8409118652343750E-03
   92    0.5449218750000000E-02    0.9527969360351563E-03
   93   -0.3750000000000000E-02    0.8232116699218750E-03
   94   -0.3886718750000000E-02    0.1082191467285156E-02
   95   -0.2031250000000000E-02    0.7141113281250000E-03
   96   -0.1894531250000000E-02    0.7773208618164063E-03
   97    0.1484375000000000E-02    0.9136199951171875E-03
   98    0.2910156250000000E-02    0.1028404235839844E-02
   99   -0.1171875000000000E-03    0.9465026855468750E-03
  100   -0.5566406250000000E-02    0.9963607788085937E-03
