# time =    0.4473
    0    0.1000000000000000E+01    0.1000000000000000E+01
    1    0.3136718750000000E+00    0.9924873352050781E-01
    2    0.1475000000000000E+00    0.2271339416503906E-01
    3    0.9400390625000000E-01    0.9795799255371093E-02
    4    0.7087890625000000E-01    0.5965232849121094E-02
    5    0.5550781250000000E-01    0.4142227172851562E-02
    6    0.4552734375000000E-01    0.3126945495605469E-02
    7    0.3888671875000000E-01    0.2540168762207031E-02
    8    0.3240234375000000E-01    0.2080650329589844E-02
    9    0.2654296875000000E-01    0.1487693786621094E-02
   10    0.2339843750000000E-01    0.1475982666015625E-02
   11    0.1943359375000000E-01    0.1428031921386719E-02
   12    0.1640625000000000E-01    0.1231155395507813E-02
   13    0.1328125000000000E-01    0.1074066162109375E-02
   14    0.1812500000000000E-01    0.9184265136718750E-03
   15    0.1060546875000000E-01    0.8594131469726562E-03
   16    0.4160156250000000E-02    0.8648300170898438E-03
   17    0.5097656250000000E-02    0.9479904174804687E-03
   18    0.3203125000000000E-02    0.8735656738281250E-03
   19    0.1367187500000000E-03    0.8949661254882813E-03
   20    0.2929687500000000E-03    0.1191596984863281E-02
   21   -0.3906250000000000E-04    0.9307861328125000E-03
   22    0.2128906250000000E-02    0.9832382202148438E-03
   23   -0.9765625000000001E-04    0.1111335754394531E-02
   24   -0.3339843750000000E-02    0.8676528930664062E-03
   25    0.5078125000000000E-03    0.1004180908203125E-02
   26    0.1894531250000000E-02    0.9853744506835938E-03
   27   -0.3320312500000000E-03    0.9186935424804688E-03
   28   -0.3906250000000000E-03    0.1088714599609375E-02
   29    0.3828125000000000E-02    0.8118438720703125E-03
   30   -0.1171875000000000E-03    0.9812164306640626E-03
   31    0.3964843750000000E-02    0.7336807250976563E-03
   32    0.4414062500000000E-02    0.9698486328125000E-03
   33    0.2734375000000000E-02    0.8884429931640625E-03
   34    0.5800781250000000E-02    0.1088600158691406E-02
   35    0.5878906250000000E-02    0.1127128601074219E-02
   36    0.7929687499999999E-02    0.1283569335937500E-02
   37    0.3222656250000000E-02    0.1041679382324219E-02
   38    0.4902343750000000E-02    0.1095619201660156E-02
   39    0.5488281250000000E-02    0.8855056762695312E-03
   40    0.6484375000000000E-02    0.1104507446289063E-02
   41    0.3125000000000000E-02    0.9263610839843750E-03
   42    0.4667968750000000E-02    0.9115982055664062E-03
   43    0.3593750000000000E-02    0.7582092285156250E-03
   44    0.5175781250000000E-02    0.8600234985351562E-03
   45    0.6386718750000000E-02    0.9711837768554688E-03
   46    0.4589843750000000E-02    0.8594131469726562E-03
   47    0.1005859375000000E-01    0.9935379028320312E-03
   48    0.5253906250000000E-02    0.8636856079101562E-03
   49    0.5917968750000000E-02    0.9241867065429688E-03
   50    0.3261718750000000E-02    0.1155967712402344E-02
   51    0.3300781250000000E-02    0.8962631225585937E-03
   52    0.4003906250000000E-02    0.1312828063964844E-02
   53    0.6406250000000000E-02    0.1085586547851562E-02
   54    0.4257812500000000E-02    0.8587646484375000E-03
   55    0.1718750000000000E-02    0.8490753173828125E-03
   56    0.1953125000000000E-02    0.9587860107421875E-03
   57    0.8007812499999999E-02    0.9838867187500001E-03
   58    0.4414062500000000E-02    0.7627105712890625E-03
   59    0.4121093750000000E-02    0.1010322570800781E-02
   60    0.3613281250000000E-02    0.1013832092285156E-02
   61   -0.8789062500000000E-03    0.1020851135253906E-02
   62    0.4218750000000000E-02    0.8696746826171875E-03
   63    0.1679687500000000E-02    0.9806060791015625E-03
   64    0.4902343750000000E-02    0.8337783813476562E-03
   65    0.4121093750000000E-02    0.8826828002929687E-03
   66    0.3730468750000000E-02    0.7632064819335937E-03
   67    0.2675781250000000E-02    0.8709335327148438E-03
   68    0.0000000000000000E+00    0.8196258544921876E-03
   69    0.2187500000000000E-02    0.1002807617187500E-02
   70   -0.2734375000000000E-03    0.1119155883789062E-02
   71    0.1621093750000000E-02    0.1102790832519531E-02
   72   -0.1132812500000000E-02    0.1264724731445313E-02
   73    0.4082031250000000E-02    0.1029930114746094E-02
   74    0.2226562500000000E-02    0.9446716308593749E-03
   75   -0.6835937500000000E-03    0.9012985229492188E-03
   76    0.1035156250000000E-02    0.8696365356445312E-03
   77    0.1367187500000000E-02    0.1011657714843750E-02
   78    0.4140625000000000E-02    0.1037597656250000E-02
   79    0.2753906250000000E-02    0.9959793090820312E-03
   80    0.3242187500000000E-02    0.9471893310546875E-03
   81    0.3359375000000000E-02    0.8898925781250000E-03
   82    0.7343750000000000E-02    0.8985900878906250E-03
   83    0.8945312500000000E-02    0.1056976318359375E-02
   84    0.5917968750000000E-02    0.1235923767089844E-02
   85    0.4082031250000000E-02    0.1238594055175781E-02
   86    0.4804687500000000E-02    0.1232833862304688E-02
   87    0.6464843750000000E-02    0.1230430603027344E-02
   88    0.3535156250000000E-02    0.1292610168457031E-02
   89    0.5820312500000000E-02    0.1296386718750000E-02
   90    0.4628906250000000E-02    0.1121788024902344E-02
   91    0.1027343750000000E-01    0.9938049316406249E-03
   92    0.9121093750000000E-02    0.1267662048339844E-02
   93    0.6914062500000000E-02    0.1008529663085937E-02
   94    0.7148437500000000E-02    0.9349822998046875E-03
   95    0.4707031250000000E-02    0.1131401062011719E-02
   96    0.7597656250000000E-02    0.1338386535644531E-02
   97    0.6738281250000000E-02    0.9143447875976562E-03
   98    0.5273437500000000E-02    0.1101074218750000E-02
   99    0.8339843749999999E-02    0.1006584167480469E-02
  100    0.4804687500000000E-02    0.1159057617187500E-02
