# time =    0.4104
    0    0.1000000000000000E+01    0.1000000000000000E+01
    1    0.4089648437500000E+00    0.1677988815307617E+00
    2    0.2597656250000000E+00    0.6830482482910157E-01
    3    0.1981250000000000E+00    0.4022193908691406E-01
    4    0.1644726562500000E+00    0.2792102813720703E-01
    5    0.1477734375000000E+00    0.2279418945312500E-01
    6    0.1357031250000000E+00    0.1927520751953125E-01
    7    0.1239843750000000E+00    0.1607009887695313E-01
    8    0.1149804687500000E+00    0.1404605865478516E-01
    9    0.1084765625000000E+00    0.1260673522949219E-01
   10    0.1032812500000000E+00    0.1155807495117188E-01
   11    0.9802734375000000E-01    0.1048755645751953E-01
   12    0.9488281250000000E-01    0.9877471923828126E-02
   13    0.9248046875000000E-01    0.9374732971191407E-02
   14    0.8853515625000000E-01    0.8518791198730469E-02
   15    0.8451171875000001E-01    0.7862434387207032E-02
   16    0.8281250000000000E-01    0.7552185058593750E-02
   17    0.8085937500000000E-01    0.7231826782226562E-02
   18    0.7792968750000000E-01    0.6752853393554688E-02
   19    0.7712890625000000E-01    0.6705818176269532E-02
   20    0.7287109375000000E-01    0.6030998229980469E-02
   21    0.7201171875000000E-01    0.5857200622558594E-02
   22    0.7000000000000001E-01    0.5627822875976562E-02
   23    0.6855468750000000E-01    0.5451583862304687E-02
   24    0.6673828125000000E-01    0.5220603942871094E-02
   25    0.6541015625000000E-01    0.5076255798339844E-02
   26    0.6419921875000000E-01    0.4905738830566406E-02
   27    0.6437500000000000E-01    0.4855957031250000E-02
   28    0.6291015625000000E-01    0.4747200012207031E-02
   29    0.6222656250000000E-01    0.4716873168945312E-02
   30    0.6023437500000000E-01    0.4474334716796875E-02
   31    0.6007812500000000E-01    0.4421997070312500E-02
   32    0.5837890625000000E-01    0.4208106994628907E-02
   33    0.5632812500000000E-01    0.3915557861328125E-02
   34    0.5617187500000000E-01    0.3922882080078125E-02
   35    0.5601562500000000E-01    0.3841400146484375E-02
   36    0.5486328125000000E-01    0.3760719299316406E-02
   37    0.5523437500000000E-01    0.3769378662109375E-02
   38    0.5503906250000000E-01    0.3765487670898438E-02
   39    0.5154296875000000E-01    0.3418998718261719E-02
   40    0.5218750000000000E-01    0.3466873168945313E-02
   41    0.5136718750000000E-01    0.3377227783203125E-02
   42    0.4955078125000000E-01    0.3193397521972656E-02
   43    0.4757812500000000E-01    0.2990341186523437E-02
   44    0.4767578125000000E-01    0.3051795959472656E-02
   45    0.4781250000000000E-01    0.3091430664062500E-02
   46    0.4671875000000000E-01    0.2959671020507813E-02
   47    0.4593750000000000E-01    0.2863159179687500E-02
   48    0.4429687500000000E-01    0.2664031982421875E-02
   49    0.4501953125000000E-01    0.2694511413574219E-02
   50    0.4525390625000000E-01    0.2735633850097656E-02
   51    0.4472656250000000E-01    0.2711563110351563E-02
   52    0.4359375000000000E-01    0.2681579589843750E-02
   53    0.4343750000000000E-01    0.2721176147460938E-02
   54    0.4318359375000000E-01    0.2715721130371094E-02
   55    0.4406250000000000E-01    0.2701492309570312E-02
   56    0.4205078125000000E-01    0.2550010681152344E-02
   57    0.4107421875000000E-01    0.2517204284667969E-02
   58    0.4017578125000000E-01    0.2441520690917969E-02
   59    0.3958984375000000E-01    0.2427177429199219E-02
   60    0.3988281250000000E-01    0.2462768554687500E-02
   61    0.4001953125000000E-01    0.2418479919433594E-02
   62    0.3978515625000000E-01    0.2408256530761719E-02
   63    0.4054687500000000E-01    0.2435226440429687E-02
   64    0.3994140625000000E-01    0.2440452575683594E-02
   65    0.4039062500000000E-01    0.2421569824218750E-02
   66    0.3916015625000000E-01    0.2271537780761719E-02
   67    0.3955078125000000E-01    0.2295494079589844E-02
   68    0.3984375000000000E-01    0.2333450317382813E-02
   69    0.3832031250000000E-01    0.2293243408203125E-02
   70    0.3792968750000000E-01    0.2239532470703125E-02
   71    0.3826171875000000E-01    0.2200584411621094E-02
   72    0.3783203125000000E-01    0.2167701721191406E-02
   73    0.3753906250000000E-01    0.2159957885742188E-02
   74    0.3748046875000000E-01    0.2206230163574219E-02
   75    0.3773437500000000E-01    0.2167968750000000E-02
   76    0.3865234375000000E-01    0.2312812805175781E-02
   77    0.3789062500000000E-01    0.2227706909179688E-02
   78    0.3617187500000000E-01    0.2047195434570312E-02
   79    0.3560546875000000E-01    0.2015266418457031E-02
   80    0.3621093750000000E-01    0.2055206298828125E-02
   81    0.3566406250000000E-01    0.1930084228515625E-02
   82    0.3486328125000000E-01    0.1936073303222656E-02
   83    0.3453125000000000E-01    0.1930694580078125E-02
   84    0.3406250000000000E-01    0.1916885375976562E-02
   85    0.3500000000000000E-01    0.1927413940429687E-02
   86    0.3433593750000000E-01    0.1910552978515625E-02
   87    0.3500000000000000E-01    0.1927871704101562E-02
   88    0.3505859375000000E-01    0.1929893493652344E-02
   89    0.3412109375000000E-01    0.1895408630371094E-02
   90    0.3431640625000000E-01    0.1931877136230469E-02
   91    0.3388671875000000E-01    0.1918830871582031E-02
   92    0.3312500000000000E-01    0.1882324218750000E-02
   93    0.3248046875000000E-01    0.1750297546386719E-02
   94    0.3068359375000000E-01    0.1651649475097656E-02
   95    0.3134765625000000E-01    0.1682014465332031E-02
   96    0.3152343750000000E-01    0.1678619384765625E-02
   97    0.3056640625000000E-01    0.1608390808105469E-02
   98    0.3113281250000000E-01    0.1630859375000000E-02
   99    0.3035156250000000E-01    0.1611022949218750E-02
  100    0.3044921875000000E-01    0.1630363464355469E-02
