# time =    0.4634
    0    0.1000000000000000E+01    0.1000000000000000E+01
    1    0.2477343750000000E+00    0.6201477050781250E-01
    2    0.6843750000000000E-01    0.5343170166015625E-02
    3    0.1384765625000000E-01    0.1097831726074219E-02
    4    0.7812500000000000E-02    0.8261871337890625E-03
    5    0.4472656250000000E-02    0.1121940612792969E-02
    6    0.9375000000000000E-03    0.1112518310546875E-02
    7    0.3886718750000000E-02    0.9541702270507812E-03
    8   -0.7441406250000000E-02    0.9591293334960938E-03
    9   -0.5175781250000000E-02    0.1069984436035156E-02
   10   -0.4453125000000000E-02    0.8270263671875000E-03
   11   -0.2148437500000000E-03    0.1021156311035156E-02
   12    0.2187500000000000E-02    0.7327270507812500E-03
   13   -0.1660156250000000E-02    0.1034889221191406E-02
   14   -0.2343750000000000E-03    0.1093139648437500E-02
   15    0.2500000000000000E-02    0.8494567871093750E-03
   16    0.1425781250000000E-02    0.7333755493164062E-03
   17   -0.8789062500000000E-03    0.1264228820800781E-02
   18    0.3906250000000000E-02    0.1025848388671875E-02
   19   -0.2109375000000000E-02    0.8352661132812500E-03
   20    0.1562500000000000E-03    0.1114501953125000E-02
   21   -0.6054687500000000E-03    0.1047630310058594E-02
   22   -0.4921875000000000E-02    0.1207733154296875E-02
   23   -0.3007812500000000E-02    0.1261520385742187E-02
   24    0.1191406250000000E-02    0.9697341918945313E-03
   25    0.7031250000000000E-03    0.9805297851562501E-03
   26    0.3125000000000000E-02    0.9749603271484375E-03
   27   -0.4687500000000000E-03    0.8747863769531250E-03
   28   -0.4941406250000000E-02    0.9115219116210937E-03
   29   -0.6250000000000000E-03    0.1014175415039063E-02
   30   -0.1074218750000000E-02    0.9846115112304688E-03
   31    0.2734375000000000E-03    0.1036605834960938E-02
   32   -0.3378906250000000E-02    0.8956527709960937E-03
   33   -0.4765625000000000E-02    0.7664489746093750E-03
   34    0.2167968750000000E-02    0.1105232238769531E-02
   35    0.3144531250000000E-02    0.1062507629394531E-02
   36    0.1601562500000000E-02    0.8674621582031250E-03
   37   -0.2578125000000000E-02    0.8937835693359375E-03
   38   -0.2363281250000000E-02    0.1052742004394531E-02
   39   -0.1230468750000000E-02    0.1206932067871094E-02
   40    0.5566406250000000E-02    0.8878707885742188E-03
   41    0.1269531250000000E-02    0.8819198608398437E-03
   42    0.2773437500000000E-02    0.8862304687500000E-03
   43   -0.3417968750000000E-02    0.1132698059082031E-02
   44   -0.6386718750000000E-02    0.1022682189941406E-02
   45    0.2929687500000000E-03    0.1180763244628906E-02
   46    0.3769531250000000E-02    0.8018112182617187E-03
   47    0.4082031250000000E-02    0.8954238891601562E-03
   48    0.2949218750000000E-02    0.6515121459960937E-03
   49    0.3359375000000000E-02    0.8831024169921875E-03
   50    0.1406250000000000E-02    0.8397674560546874E-03
   51   -0.3398437500000000E-02    0.1026382446289063E-02
   52    0.5800781250000000E-02    0.8595657348632813E-03
   53   -0.2851562500000000E-02    0.1034393310546875E-02
   54   -0.2246093750000000E-02    0.9743881225585938E-03
   55   -0.1816406250000000E-02    0.9946823120117188E-03
   56    0.3613281250000000E-02    0.1013221740722656E-02
   57   -0.1503906250000000E-02    0.8138656616210937E-03
   58   -0.2656250000000000E-02    0.9421539306640625E-03
   59    0.9570312500000000E-03    0.8445358276367187E-03
   60   -0.3691406250000000E-02    0.1085014343261719E-02
   61    0.2656250000000000E-02    0.7374572753906250E-03
   62    0.5820312500000000E-02    0.1030426025390625E-02
   63   -0.3710937500000000E-03    0.1135749816894531E-02
   64   -0.3320312500000000E-03    0.9698867797851562E-03
   65   -0.7968750000000000E-02    0.1138458251953125E-02
   66    0.2929687500000000E-03    0.9560012817382813E-03
   67    0.2460937500000000E-02    0.9260559082031250E-03
   68    0.3652343750000000E-02    0.1111869812011719E-02
   69   -0.1132812500000000E-02    0.1068191528320312E-02
   70   -0.2675781250000000E-02    0.1015205383300781E-02
   71    0.3906250000000000E-03    0.1039123535156250E-02
   72   -0.1699218750000000E-02    0.8967971801757813E-03
   73    0.1347656250000000E-02    0.9847640991210937E-03
   74    0.7929687499999999E-02    0.1012878417968750E-02
   75   -0.5859375000000000E-04    0.9573745727539062E-03
   76   -0.2324218750000000E-02    0.1218223571777344E-02
   77    0.5332031250000000E-02    0.1027107238769531E-02
   78    0.1250000000000000E-02    0.1029510498046875E-02
   79   -0.2167968750000000E-02    0.9875106811523438E-03
   80    0.3261718750000000E-02    0.1006660461425781E-02
   81    0.1835937500000000E-02    0.1287994384765625E-02
   82   -0.9570312500000000E-03    0.8672714233398437E-03
   83   -0.4414062500000000E-02    0.1008758544921875E-02
   84   -0.6640625000000000E-03    0.8333587646484375E-03
   85    0.1582031250000000E-02    0.7316970825195313E-03
   86   -0.2734375000000000E-03    0.9161376953125000E-03
   87   -0.3515625000000000E-03    0.9864807128906251E-03
   88   -0.5117187500000000E-02    0.9191131591796875E-03
   89   -0.6640625000000000E-03    0.8322906494140625E-03
   90    0.1210937500000000E-02    0.9472656250000000E-03
   91    0.3261718750000000E-02    0.1173744201660156E-02
   92    0.4648437500000000E-02    0.1043319702148438E-02
   93    0.1738281250000000E-02    0.8877182006835938E-03
   94    0.2949218750000000E-02    0.8787918090820313E-03
   95   -0.7617187500000000E-03    0.7819747924804688E-03
   96   -0.1953125000000000E-04    0.1148185729980469E-02
   97    0.3085937500000000E-02    0.8590698242187500E-03
   98    0.5468750000000001E-03    0.1067886352539062E-02
   99    0.3437500000000000E-02    0.9949493408203125E-03
  100    0.1523437500000000E-02    0.1124496459960937E-02
