# time =    0.4697
    0    0.1000000000000000E+01    0.1000000000000000E+01
    1    0.1829882812500000E+00    0.3436138153076172E-01
    2    0.3812500000000000E-01    0.2394714355468750E-02
    3    0.1933593750000000E-02    0.1092567443847656E-02
    4   -0.3691406250000000E-02    0.1116218566894531E-02
    5   -0.1386718750000000E-02    0.9160995483398438E-03
    6    0.1113281250000000E-02    0.1201286315917969E-02
    7   -0.1523437500000000E-02    0.8725738525390625E-03
    8    0.2812500000000000E-02    0.1001739501953125E-02
    9   -0.5859375000000000E-04    0.1230506896972656E-02
   10   -0.9570312500000000E-03    0.9314346313476562E-03
   11    0.1367187500000000E-02    0.9509277343750000E-03
   12    0.3789062500000000E-02    0.9626007080078125E-03
   13    0.1171875000000000E-03    0.1010360717773438E-02
   14   -0.1093750000000000E-02    0.8497619628906250E-03
   15    0.8203125000000000E-03    0.8099365234375000E-03
   16    0.6562500000000000E-02    0.9468841552734375E-03
   17    0.2734375000000000E-03    0.8933258056640625E-03
   18   -0.1464843750000000E-02    0.1033744812011719E-02
   19   -0.5449218750000000E-02    0.9482955932617188E-03
   20    0.3515625000000000E-03    0.9474182128906251E-03
   21    0.3476562500000000E-02    0.1056594848632813E-02
   22    0.1406250000000000E-02    0.1174926757812500E-02
   23    0.1171875000000000E-03    0.8878326416015625E-03
   24   -0.2441406250000000E-02    0.9955215454101564E-03
   25   -0.3125000000000000E-03    0.8823394775390625E-03
   26   -0.1718750000000000E-02    0.1053009033203125E-02
   27   -0.3515625000000000E-03    0.1233520507812500E-02
   28   -0.1484375000000000E-02    0.1111450195312500E-02
   29   -0.9765625000000001E-04    0.7890701293945312E-03
   30   -0.4296875000000000E-03    0.1208877563476562E-02
   31   -0.8984375000000000E-03    0.1078338623046875E-02
   32   -0.3710937500000000E-02    0.1127700805664063E-02
   33   -0.7929687499999999E-02    0.1024322509765625E-02
   34   -0.1072265625000000E-01    0.9156417846679688E-03
   35   -0.3242187500000000E-02    0.1209793090820312E-02
   36    0.1953125000000000E-03    0.1122436523437500E-02
   37   -0.1425781250000000E-02    0.9975814819335937E-03
   38   -0.8007812500000000E-03    0.8299636840820312E-03
   39    0.1445312500000000E-02    0.9050750732421875E-03
   40    0.7226562500000000E-02    0.1084594726562500E-02
   41   -0.6035156250000000E-02    0.9828567504882812E-03
   42    0.3730468750000000E-02    0.1077613830566406E-02
   43    0.2441406250000000E-02    0.1069679260253906E-02
   44   -0.4648437500000000E-02    0.1001358032226562E-02
   45   -0.1074218750000000E-02    0.9472274780273438E-03
   46    0.1621093750000000E-02    0.9776687622070313E-03
   47    0.3535156250000000E-02    0.1007194519042969E-02
   48    0.4960937500000000E-02    0.6864166259765625E-03
   49   -0.3906250000000000E-03    0.1042404174804687E-02
   50   -0.3847656250000000E-02    0.1008491516113281E-02
   51   -0.3300781250000000E-02    0.8834457397460938E-03
   52   -0.2929687500000000E-03    0.9847640991210937E-03
   53   -0.2148437500000000E-03    0.8611679077148438E-03
   54   -0.2421875000000000E-02    0.1144104003906250E-02
   55   -0.2148437500000000E-02    0.1196746826171875E-02
   56    0.1367187500000000E-02    0.1242370605468750E-02
   57    0.2695312500000000E-02    0.8849334716796875E-03
   58   -0.1562500000000000E-03    0.1021347045898438E-02
   59    0.5097656250000000E-02    0.1322669982910156E-02
   60    0.2539062500000000E-02    0.1277236938476562E-02
   61    0.1367187500000000E-03    0.9005355834960937E-03
   62   -0.2070312500000000E-02    0.9618377685546874E-03
   63    0.3027343750000000E-02    0.7860183715820313E-03
   64   -0.2246093750000000E-02    0.1278648376464844E-02
   65    0.3085937500000000E-02    0.1054763793945312E-02
   66    0.4375000000000000E-02    0.1049118041992187E-02
   67    0.3359375000000000E-02    0.7963562011718750E-03
   68    0.3320312500000000E-02    0.1120147705078125E-02
   69    0.5644531250000000E-02    0.1012916564941406E-02
   70    0.3281250000000000E-02    0.1005630493164063E-02
   71    0.2343750000000000E-03    0.1044006347656250E-02
   72    0.7031250000000000E-03    0.1002120971679687E-02
   73    0.2382812500000000E-02    0.8905792236328125E-03
   74   -0.5664062500000000E-03    0.9097671508789063E-03
   75   -0.6269531250000000E-02    0.7720565795898437E-03
   76   -0.7617187500000000E-03    0.1175346374511719E-02
   77   -0.3007812500000000E-02    0.9305572509765625E-03
   78    0.2480468750000000E-02    0.9718704223632813E-03
   79   -0.1445312500000000E-02    0.1111602783203125E-02
   80   -0.1601562500000000E-02    0.7846069335937500E-03
   81    0.3320312500000000E-03    0.1046333312988281E-02
   82    0.1074218750000000E-02    0.1156730651855469E-02
   83   -0.4355468750000000E-02    0.1047248840332031E-02
   84   -0.1503906250000000E-02    0.1211280822753906E-02
   85   -0.3398437500000000E-02    0.9074401855468750E-03
   86    0.1152343750000000E-02    0.9778976440429688E-03
   87    0.1562500000000000E-03    0.8999633789062500E-03
   88   -0.4296875000000000E-02    0.7574462890625000E-03
   89    0.3066406250000000E-02    0.8096694946289062E-03
   90    0.8203125000000000E-03    0.8766937255859375E-03
   91    0.1816406250000000E-02    0.8739852905273438E-03
   92   -0.1386718750000000E-02    0.9771347045898437E-03
   93   -0.4453125000000000E-02    0.1081314086914062E-02
   94   -0.1953125000000000E-03    0.1008453369140625E-02
   95    0.1308593750000000E-02    0.9353256225585937E-03
   96   -0.6835937500000000E-03    0.1192512512207031E-02
   97   -0.2929687500000000E-02    0.1111373901367187E-02
   98   -0.1777343750000000E-02    0.8662796020507813E-03
   99   -0.3144531250000000E-02    0.8870315551757813E-03
  100    0.1972656250000000E-02    0.1074256896972656E-02
