# time =    0.4756
    0    0.1000000000000000E+01    0.1000000000000000E+01
    1    0.2313671875000000E+00    0.5424362182617187E-01
    2    0.6304687500000000E-01    0.4817047119140625E-02
    3    0.1304687500000000E-01    0.1084213256835938E-02
    4    0.4414062500000000E-02    0.9730529785156250E-03
    5   -0.2285156250000000E-02    0.1065711975097656E-02
    6    0.3867187500000000E-02    0.1008911132812500E-02
    7   -0.1972656250000000E-02    0.9276962280273437E-03
    8   -0.1250000000000000E-02    0.8933258056640625E-03
    9    0.3007812500000000E-02    0.7071685791015625E-03
   10    0.3437500000000000E-02    0.9301757812500000E-03
   11   -0.4296875000000000E-03    0.9707641601562500E-03
   12   -0.5351562500000000E-02    0.8843994140625000E-03
   13   -0.2773437500000000E-02    0.9980010986328125E-03
   14    0.2226562500000000E-02    0.1184921264648438E-02
   15   -0.2851562500000000E-02    0.9326934814453125E-03
   16    0.1035156250000000E-02    0.5813980102539062E-03
   17   -0.5664062500000000E-03    0.7826614379882812E-03
   18   -0.3476562500000000E-02    0.7649230957031250E-03
   19    0.2871093750000000E-02    0.7629776000976562E-03
   20   -0.4687500000000000E-03    0.8948516845703125E-03
   21   -0.1210937500000000E-02    0.9501647949218750E-03
   22   -0.1035156250000000E-02    0.9260940551757813E-03
   23    0.1796875000000000E-02    0.9889984130859375E-03
   24    0.1347656250000000E-02    0.1125755310058594E-02
   25   -0.2636718750000000E-02    0.1034278869628906E-02
   26   -0.2558593750000000E-02    0.1130027770996094E-02
   27    0.8789062500000000E-03    0.8553695678710937E-03
   28   -0.4648437500000000E-02    0.1143569946289062E-02
   29   -0.1738281250000000E-02    0.9746170043945313E-03
   30    0.2519531250000000E-02    0.9979629516601563E-03
   31   -0.8906249999999999E-02    0.9919738769531251E-03
   32   -0.2480468750000000E-02    0.8540725708007812E-03
   33    0.1347656250000000E-02    0.8395767211914063E-03
   34    0.4218750000000000E-02    0.7211303710937500E-03
   35   -0.1054687500000000E-02    0.8388519287109375E-03
   36   -0.2343750000000000E-02    0.8496856689453125E-03
   37   -0.3320312500000000E-02    0.9372711181640625E-03
   38   -0.1367187500000000E-03    0.9804153442382812E-03
   39    0.4628906250000000E-02    0.8229446411132812E-03
   40    0.5546875000000000E-02    0.1007690429687500E-02
   41    0.2050781250000000E-02    0.9010696411132813E-03
   42    0.1191406250000000E-02    0.9536361694335938E-03
   43    0.1367187500000000E-03    0.9421157836914062E-03
   44   -0.1113281250000000E-02    0.8859634399414062E-03
   45   -0.7031250000000000E-03    0.7260131835937500E-03
   46   -0.1367187500000000E-02    0.8833312988281250E-03
   47   -0.3066406250000000E-02    0.8393478393554688E-03
   48    0.2343750000000000E-03    0.1041946411132812E-02
   49    0.2851562500000000E-02    0.9501647949218750E-03
   50    0.6796875000000000E-02    0.1021881103515625E-02
   51    0.2363281250000000E-02    0.1063652038574219E-02
   52    0.2558593750000000E-02    0.7745742797851563E-03
   53   -0.1992187500000000E-02    0.8420562744140625E-03
   54    0.1386718750000000E-02    0.1006126403808594E-02
   55    0.4804687500000000E-02    0.1067886352539062E-02
   56    0.1660156250000000E-02    0.1141624450683594E-02
   57   -0.2421875000000000E-02    0.8634948730468751E-03
   58   -0.5097656250000000E-02    0.1066474914550781E-02
   59   -0.2382812500000000E-02    0.8733367919921875E-03
   60   -0.2421875000000000E-02    0.1037216186523437E-02
   61   -0.4746093750000000E-02    0.7402420043945313E-03
   62   -0.8437500000000001E-02    0.1109161376953125E-02
   63    0.2128906250000000E-02    0.1407203674316406E-02
   64    0.7226562500000000E-03    0.9659194946289063E-03
   65    0.6445312500000000E-03    0.1059226989746094E-02
   66    0.5078125000000000E-03    0.8930969238281250E-03
   67    0.1347656250000000E-02    0.9785079956054687E-03
   68    0.1367187500000000E-02    0.8561706542968750E-03
   69    0.1796875000000000E-02    0.1212997436523438E-02
   70    0.3515625000000000E-03    0.1099853515625000E-02
   71    0.1191406250000000E-02    0.7593154907226563E-03
   72    0.4765625000000000E-02    0.1100006103515625E-02
   73    0.3964843750000000E-02    0.1067543029785156E-02
   74   -0.8007812500000000E-03    0.1270942687988281E-02
   75    0.1718750000000000E-02    0.8174133300781250E-03
   76    0.3906250000000000E-04    0.1167907714843750E-02
   77   -0.6835937500000000E-02    0.8583068847656250E-03
   78    0.7812500000000000E-04    0.8596801757812501E-03
   79   -0.2304687500000000E-02    0.1174926757812500E-02
   80   -0.2949218750000000E-02    0.1017875671386719E-02
   81   -0.9960937500000000E-03    0.9371566772460937E-03
   82    0.2421875000000000E-02    0.1109008789062500E-02
   83   -0.1933593750000000E-02    0.1203193664550781E-02
   84    0.8984375000000000E-03    0.8829498291015625E-03
   85   -0.5078125000000000E-03    0.7755279541015625E-03
   86   -0.1816406250000000E-02    0.8530044555664063E-03
   87    0.2675781250000000E-02    0.8731460571289062E-03
   88    0.1679687500000000E-02    0.1143798828125000E-02
   89    0.4589843750000000E-02    0.9581375122070312E-03
   90    0.4960937500000000E-02    0.8795166015625000E-03
   91   -0.1679687500000000E-02    0.9846496582031250E-03
   92   -0.5136718750000000E-02    0.1213264465332031E-02
   93    0.1035156250000000E-02    0.7618331909179688E-03
   94   -0.3378906250000000E-02    0.8195114135742188E-03
   95   -0.2031250000000000E-02    0.1028747558593750E-02
   96    0.3242187500000000E-02    0.1093673706054687E-02
   97    0.4101562500000000E-02    0.1067657470703125E-02
   98   -0.2968750000000000E-02    0.8702850341796874E-03
   99   -0.1816406250000000E-02    0.1084709167480469E-02
  100   -0.1757812500000000E-03    0.9776687622070313E-03
