# time =    0.4530
    0    0.1000000000000000E+01    0.1000000000000000E+01
    1    0.3180859375000000E+00    0.1018755340576172E+00
    2    0.1430664062500000E+00    0.2140209197998047E-01
    3    0.8810546875000000E-01    0.8698310852050781E-02
    4    0.6126953125000000E-01    0.4698905944824219E-02
    5    0.4480468750000000E-01    0.3115921020507813E-02
    6    0.3105468750000000E-01    0.1861190795898437E-02
    7    0.2574218750000000E-01    0.1560058593750000E-02
    8    0.1855468750000000E-01    0.1258850097656250E-02
    9    0.1494140625000000E-01    0.1081504821777344E-02
   10    0.1736328125000000E-01    0.1413917541503906E-02
   11    0.1611328125000000E-01    0.1216545104980469E-02
   12    0.1359375000000000E-01    0.1001815795898438E-02
   13    0.8691406250000000E-02    0.9797286987304687E-03
   14    0.9726562500000001E-02    0.9465789794921874E-03
   15    0.6972656250000000E-02    0.1268043518066406E-02
   16    0.8281250000000000E-02    0.1094894409179687E-02
   17    0.8398437500000000E-02    0.1182174682617187E-02
   18    0.4433593750000000E-02    0.1017036437988281E-02
   19    0.2792968750000000E-02    0.8601760864257813E-03
   20    0.3925781250000000E-02    0.8549118041992188E-03
   21    0.1386718750000000E-02    0.1061363220214844E-02
   22    0.7617187500000000E-03    0.9173965454101563E-03
   23    0.4687500000000000E-02    0.8680725097656250E-03
   24    0.3203125000000000E-02    0.7992553710937500E-03
   25    0.4746093750000000E-02    0.1061286926269531E-02
   26    0.1367187500000000E-03    0.8719253540039062E-03
   27    0.5117187500000000E-02    0.1067657470703125E-02
   28    0.4824218750000000E-02    0.9965896606445312E-03
   29    0.4238281250000000E-02    0.9804916381835936E-03
   30    0.6718750000000000E-02    0.1169357299804688E-02
   31    0.2949218750000000E-02    0.9227371215820312E-03
   32    0.2890625000000000E-02    0.9611511230468750E-03
   33    0.5097656250000000E-02    0.9858322143554688E-03
   34    0.1601562500000000E-02    0.1055984497070312E-02
   35    0.2070312500000000E-02    0.9065246582031249E-03
   36    0.4550781250000000E-02    0.8703994750976562E-03
   37    0.1464843750000000E-02    0.9659957885742187E-03
   38    0.9960937500000000E-03    0.1028480529785156E-02
   39    0.5156250000000000E-02    0.9667205810546875E-03
   40    0.3457031250000000E-02    0.1039772033691406E-02
   41    0.1718750000000000E-02    0.8592224121093750E-03
   42    0.1406250000000000E-02    0.1157226562500000E-02
   43    0.4609375000000000E-02    0.1241302490234375E-02
   44   -0.2734375000000000E-03    0.9791564941406250E-03
   45    0.1621093750000000E-02    0.1145515441894531E-02
   46   -0.5859375000000000E-03    0.1077423095703125E-02
   47   -0.3652343750000000E-02    0.9798812866210938E-03
   48   -0.3710937500000000E-03    0.8506393432617188E-03
   49   -0.8789062500000000E-03    0.9483718872070313E-03
   50    0.3925781250000000E-02    0.9251022338867187E-03
   51    0.2343750000000000E-03    0.9298706054687500E-03
   52    0.9179687499999999E-03    0.8477401733398437E-03
   53   -0.2031250000000000E-02    0.7996368408203125E-03
   54    0.1660156250000000E-02    0.9170150756835937E-03
   55    0.3300781250000000E-02    0.1034355163574219E-02
   56    0.1582031250000000E-02    0.1089897155761719E-02
   57   -0.2265625000000000E-02    0.7430267333984375E-03
   58    0.2148437500000000E-02    0.8232116699218750E-03
   59   -0.4218750000000000E-02    0.8719635009765625E-03
   60   -0.2656250000000000E-02    0.7621002197265625E-03
   61   -0.4316406250000000E-02    0.7822036743164063E-03
   62   -0.4062500000000000E-02    0.1065826416015625E-02
   63   -0.5859375000000000E-02    0.9756469726562500E-03
   64   -0.4179687500000000E-02    0.1099929809570312E-02
   65   -0.1406250000000000E-02    0.1024703979492188E-02
   66   -0.1796875000000000E-02    0.9201049804687500E-03
   67   -0.5859375000000000E-04    0.8678817749023437E-03
   68   -0.6054687500000000E-03    0.1028327941894531E-02
   69   -0.1621093750000000E-02    0.1116905212402344E-02
   70   -0.9960937500000000E-03    0.9270858764648438E-03
   71    0.3164062500000000E-02    0.7698059082031250E-03
   72    0.5664062500000000E-03    0.7732009887695312E-03
   73    0.1132812500000000E-02    0.9004211425781250E-03
   74   -0.1484375000000000E-02    0.8930969238281250E-03
   75   -0.2246093750000000E-02    0.1057777404785156E-02
   76    0.1699218750000000E-02    0.8608627319335937E-03
   77   -0.6835937500000000E-03    0.1054191589355469E-02
   78   -0.4101562500000000E-03    0.9174728393554687E-03
   79   -0.2187500000000000E-02    0.1114425659179687E-02
   80    0.7812500000000000E-04    0.7743072509765625E-03
   81    0.1601562500000000E-02    0.1143569946289062E-02
   82    0.2734375000000000E-02    0.1146087646484375E-02
   83    0.1953125000000000E-03    0.7315063476562500E-03
   84    0.4628906250000000E-02    0.8565902709960938E-03
   85    0.1308593750000000E-02    0.8492660522460937E-03
   86    0.1152343750000000E-02    0.7478713989257813E-03
   87    0.2187500000000000E-02    0.9639739990234375E-03
   88    0.0000000000000000E+00    0.8679199218750000E-03
   89    0.2148437500000000E-02    0.9420776367187500E-03
   90    0.8398437500000000E-03    0.7672500610351562E-03
   91    0.1289062500000000E-02    0.9027099609374999E-03
   92   -0.1660156250000000E-02    0.9398269653320313E-03
   93    0.5859375000000000E-03    0.7180786132812500E-03
   94    0.2011718750000000E-02    0.8833694458007812E-03
   95    0.5273437500000000E-03    0.1092338562011719E-02
   96   -0.3437500000000000E-02    0.1154022216796875E-02
   97   -0.9765625000000001E-04    0.1088294982910156E-02
   98   -0.8593750000000000E-03    0.1042785644531250E-02
   99   -0.3125000000000000E-03    0.5416107177734375E-03
  100   -0.1152343750000000E-02    0.8546066284179688E-03
