# time =    0.4601
    0    0.1000000000000000E+01    0.1000000000000000E+01
    1    0.1854882812500000E+00    0.3518138885498047E-01
    2    0.4783203125000000E-01    0.3396415710449219E-02
    3    0.1269531250000000E-01    0.1151275634765625E-02
    4    0.6171875000000000E-02    0.1018447875976563E-02
    5   -0.9765625000000001E-04    0.9753036499023437E-03
    6    0.2402343750000000E-02    0.7918167114257812E-03
    7    0.5429687500000000E-02    0.9629821777343750E-03
    8   -0.3027343750000000E-02    0.7960128784179687E-03
    9   -0.4199218750000000E-02    0.9308242797851562E-03
   10    0.2167968750000000E-02    0.1138267517089844E-02
   11    0.1367187500000000E-03    0.8525466918945313E-03
   12    0.5664062500000000E-03    0.8465194702148437E-03
   13    0.4667968750000000E-02    0.1261405944824219E-02
   14   -0.7656250000000000E-02    0.1091842651367188E-02
   15    0.1679687500000000E-02    0.1031799316406250E-02
   16   -0.4179687500000000E-02    0.8972930908203125E-03
   17    0.1445312500000000E-02    0.9844207763671875E-03
   18    0.8398437500000000E-02    0.1033859252929687E-02
   19   -0.8007812500000000E-03    0.8438491821289063E-03
   20    0.1601562500000000E-02    0.1166381835937500E-02
   21    0.2871093750000000E-02    0.7818984985351562E-03
   22    0.1328125000000000E-02    0.1109313964843750E-02
   23   -0.1562500000000000E-03    0.1169509887695312E-02
   24    0.1621093750000000E-02    0.9743118286132812E-03
   25    0.6835937500000000E-03    0.9193801879882812E-03
   26    0.4921875000000000E-02    0.1048202514648437E-02
   27   -0.5488281250000000E-02    0.1091499328613281E-02
   28    0.1484375000000000E-02    0.8598327636718750E-03
   29    0.6796875000000000E-02    0.8976745605468750E-03
   30    0.3710937500000000E-03    0.8510971069335938E-03
   31   -0.4824218750000000E-02    0.8208084106445312E-03
   32   -0.3125000000000000E-02    0.1017074584960938E-02
   33   -0.1054687500000000E-02    0.8897399902343750E-03
   34   -0.2343750000000000E-03    0.1136627197265625E-02
   35    0.2382812500000000E-02    0.1154708862304687E-02
   36    0.5585937500000000E-02    0.8135223388671875E-03
   37    0.3515625000000000E-03    0.9049987792968750E-03
   38    0.1757812500000000E-02    0.7911682128906250E-03
   39    0.1953125000000000E-02    0.1026687622070312E-02
   40   -0.4414062500000000E-02    0.1047897338867187E-02
   41   -0.4140625000000000E-02    0.9574890136718750E-03
   42    0.2050781250000000E-02    0.9658432006835937E-03
   43    0.1660156250000000E-02    0.1054496765136719E-02
   44   -0.6640625000000000E-03    0.8547210693359375E-03
   45   -0.3027343750000000E-02    0.1018028259277344E-02
   46   -0.1894531250000000E-02    0.9594345092773437E-03
   47    0.4003906250000000E-02    0.8604049682617188E-03
   48   -0.4843750000000000E-02    0.8536529541015625E-03
   49   -0.1757812500000000E-02    0.1166076660156250E-02
   50   -0.1816406250000000E-02    0.7152938842773437E-03
   51   -0.1738281250000000E-02    0.8190536499023438E-03
   52    0.1953125000000000E-03    0.8403015136718750E-03
   53    0.3906250000000000E-03    0.8493041992187499E-03
   54    0.3417968750000000E-02    0.1213645935058594E-02
   55   -0.8593750000000000E-03    0.1376495361328125E-02
   56   -0.2812500000000000E-02    0.9545135498046875E-03
   57    0.3125000000000000E-02    0.1249847412109375E-02
   58    0.1386718750000000E-02    0.8671951293945313E-03
   59    0.5195312500000000E-02    0.8428192138671875E-03
   60    0.4472656250000000E-02    0.9099960327148438E-03
   61    0.2226562500000000E-02    0.9713745117187499E-03
   62    0.3847656250000000E-02    0.7725143432617187E-03
   63   -0.2636718750000000E-02    0.8546066284179688E-03
   64   -0.2089843750000000E-02    0.1064720153808594E-02
   65   -0.3359375000000000E-02    0.9332275390624999E-03
   66    0.1992187500000000E-02    0.8061981201171875E-03
   67   -0.6113281250000000E-02    0.7929611206054688E-03
   68   -0.4433593750000000E-02    0.1031074523925781E-02
   69    0.4257812500000000E-02    0.1049041748046875E-02
   70   -0.1503906250000000E-02    0.1091804504394531E-02
   71    0.3730468750000000E-02    0.8919143676757813E-03
   72   -0.5273437500000000E-03    0.1009101867675781E-02
   73   -0.2636718750000000E-02    0.1229362487792969E-02
   74    0.1425781250000000E-02    0.9969711303710938E-03
   75    0.5136718750000000E-02    0.1062583923339844E-02
   76    0.5664062500000000E-03    0.8533096313476562E-03
   77    0.2675781250000000E-02    0.1083259582519531E-02
   78   -0.1464843750000000E-02    0.9263992309570312E-03
   79    0.5859375000000000E-03    0.7605743408203125E-03
   80   -0.3691406250000000E-02    0.9817886352539063E-03
   81    0.2539062500000000E-02    0.1212081909179688E-02
   82    0.5546875000000000E-02    0.1275558471679687E-02
   83    0.1562500000000000E-03    0.1036224365234375E-02
   84   -0.2695312500000000E-02    0.1166534423828125E-02
   85   -0.1503906250000000E-02    0.9900283813476561E-03
   86    0.5078125000000000E-03    0.7890319824218750E-03
   87   -0.1054687500000000E-02    0.8401489257812500E-03
   88    0.3027343750000000E-02    0.9485244750976563E-03
   89    0.4707031250000000E-02    0.9331130981445313E-03
   90   -0.3066406250000000E-02    0.8615493774414062E-03
   91   -0.8593750000000001E-02    0.9507751464843750E-03
   92   -0.2636718750000000E-02    0.1037940979003906E-02
   93   -0.2265625000000000E-02    0.7217407226562500E-03
   94   -0.8535156250000000E-02    0.8926010131835938E-03
   95   -0.3652343750000000E-02    0.1030845642089844E-02
   96   -0.1660156250000000E-02    0.1053657531738281E-02
   97   -0.3789062500000000E-02    0.9712219238281250E-03
   98   -0.7226562500000000E-03    0.9318161010742188E-03
   99   -0.6250000000000000E-03    0.1155166625976562E-02
  100    0.2929687500000000E-03    0.8610153198242188E-03
