# time =    0.4703
    0    0.1000000000000000E+01    0.1000000000000000E+01
    1    0.2217578125000000E+00    0.5008514404296875E-01
    2    0.5363281250000000E-01    0.3746566772460937E-02
    3    0.1660156250000000E-01    0.1346054077148438E-02
    4    0.5820312500000000E-02    0.8896636962890625E-03
    5    0.4804687500000000E-02    0.9190368652343750E-03
    6   -0.1621093750000000E-02    0.1047325134277344E-02
    7   -0.3417968750000000E-02    0.1008415222167969E-02
    8    0.1679687500000000E-02    0.1119689941406250E-02
    9   -0.3769531250000000E-02    0.8840560913085938E-03
   10    0.2753906250000000E-02    0.1033287048339844E-02
   11    0.8046875000000000E-02    0.1186065673828125E-02
   12   -0.2402343750000000E-02    0.1032295227050781E-02
   13    0.1425781250000000E-02    0.1038475036621094E-02
   14    0.4609375000000000E-02    0.9339141845703125E-03
   15    0.4082031250000000E-02    0.9177017211914062E-03
   16    0.1601562500000000E-02    0.9482574462890625E-03
   17    0.2167968750000000E-02    0.1081504821777344E-02
   18   -0.2382812500000000E-02    0.7863616943359374E-03
   19   -0.1953125000000000E-03    0.1047210693359375E-02
   20   -0.4550781250000000E-02    0.9921646118164062E-03
   21    0.5136718750000000E-02    0.1251640319824219E-02
   22   -0.2421875000000000E-02    0.1013107299804687E-02
   23   -0.3320312500000000E-03    0.9136581420898437E-03
   24    0.4492187500000000E-03    0.8980178833007812E-03
   25   -0.2675781250000000E-02    0.1002388000488281E-02
   26   -0.5273437500000000E-03    0.1054496765136719E-02
   27   -0.2910156250000000E-02    0.1017570495605469E-02
   28   -0.1562500000000000E-02    0.9730529785156250E-03
   29   -0.7500000000000000E-02    0.1161346435546875E-02
   30    0.5859375000000000E-03    0.9378051757812500E-03
   31    0.7070312500000000E-02    0.9771728515625001E-03
   32    0.5078125000000000E-02    0.1075134277343750E-02
   33    0.7031250000000000E-03    0.1084289550781250E-02
   34    0.2382812500000000E-02    0.9613037109375000E-03
   35    0.3183593750000000E-02    0.9302139282226562E-03
   36    0.4101562500000000E-03    0.9887313842773437E-03
   37    0.4882812500000000E-03    0.1107139587402344E-02
   38    0.1953125000000000E-03    0.1055068969726562E-02
   39   -0.2265625000000000E-02    0.1073532104492188E-02
   40    0.5859375000000000E-03    0.7601165771484375E-03
   41    0.1582031250000000E-02    0.8922958374023437E-03
   42    0.4355468750000000E-02    0.1042137145996094E-02
   43   -0.9960937500000000E-03    0.9064102172851563E-03
   44   -0.3398437500000000E-02    0.9786224365234376E-03
   45   -0.8320312500000000E-02    0.1124496459960937E-02
   46   -0.4414062500000000E-02    0.9667968750000000E-03
   47   -0.3378906250000000E-02    0.8224105834960938E-03
   48   -0.1562500000000000E-03    0.1239471435546875E-02
   49    0.3105468750000000E-02    0.1110267639160156E-02
   50    0.3007812500000000E-02    0.1131134033203125E-02
   51   -0.1113281250000000E-02    0.9502792358398438E-03
   52    0.1914062500000000E-02    0.9660339355468750E-03
   53   -0.8398437500000000E-03    0.7917404174804688E-03
   54   -0.1679687500000000E-02    0.1058807373046875E-02
   55   -0.5585937500000000E-02    0.7940673828125000E-03
   56   -0.3320312500000000E-03    0.1124382019042969E-02
   57    0.2578125000000000E-02    0.1164474487304687E-02
   58    0.1972656250000000E-02    0.1154823303222656E-02
   59   -0.2363281250000000E-02    0.9598922729492187E-03
   60   -0.5859375000000000E-02    0.9126281738281250E-03
   61    0.2910156250000000E-02    0.8852767944335937E-03
   62    0.8007812500000000E-03    0.1054191589355469E-02
   63   -0.5039062500000000E-02    0.1026458740234375E-02
   64    0.1152343750000000E-02    0.1177787780761719E-02
   65    0.9960937500000000E-03    0.1186637878417969E-02
   66    0.1386718750000000E-02    0.1157569885253906E-02
   67   -0.8007812500000000E-03    0.8362960815429687E-03
   68    0.3164062500000000E-02    0.1123580932617188E-02
   69   -0.2988281250000000E-02    0.8415603637695313E-03
   70   -0.9960937500000000E-03    0.8098220825195312E-03
   71   -0.5468750000000001E-03    0.1024856567382813E-02
   72   -0.1328125000000000E-02    0.9169006347656251E-03
   73   -0.1582031250000000E-02    0.8831405639648437E-03
   74   -0.8789062500000000E-03    0.8981704711914062E-03
   75   -0.1757812500000000E-03    0.1006431579589844E-02
   76    0.4492187500000000E-03    0.1023902893066406E-02
   77    0.2343750000000000E-02    0.9038543701171875E-03
   78    0.3867187500000000E-02    0.9611511230468750E-03
   79    0.7285156250000000E-02    0.9016799926757813E-03
   80   -0.3906250000000000E-04    0.9623718261718750E-03
   81   -0.1191406250000000E-02    0.9245681762695313E-03
   82    0.2832031250000000E-02    0.9620285034179687E-03
   83    0.4492187500000000E-03    0.8011245727539062E-03
   84    0.5429687500000000E-02    0.9869384765625001E-03
   85    0.3222656250000000E-02    0.8646011352539063E-03
   86    0.3632812500000000E-02    0.1021575927734375E-02
   87    0.2167968750000000E-02    0.1152992248535156E-02
   88   -0.2324218750000000E-02    0.1446571350097656E-02
   89   -0.1054687500000000E-02    0.8445739746093750E-03
   90   -0.3730468750000000E-02    0.1110496520996094E-02
   91   -0.4570312500000000E-02    0.9558868408203125E-03
   92   -0.3613281250000000E-02    0.8021926879882812E-03
   93   -0.7226562500000000E-03    0.9518051147460937E-03
   94   -0.1152343750000000E-02    0.1175041198730469E-02
   95   -0.2148437500000000E-03    0.8319473266601563E-03
   96    0.5859375000000000E-04    0.9578323364257813E-03
   97   -0.1542968750000000E-02    0.9337997436523437E-03
   98   -0.5468750000000000E-02    0.8836364746093749E-03
   99    0.2578125000000000E-02    0.9979248046875001E-03
  100   -0.5664062500000000E-03    0.8639144897460937E-03
