# time =    0.4626
    0    0.1000000000000000E+01    0.1000000000000000E+01
    1    0.1949023437500000E+00    0.3881999969482422E-01
    2    0.3898437500000000E-01    0.2429122924804687E-02
    3    0.1636718750000000E-01    0.1167907714843750E-02
    4    0.8437500000000001E-02    0.9056854248046875E-03
    5   -0.5136718750000000E-02    0.9811782836914062E-03
    6   -0.3750000000000000E-02    0.9223175048828125E-03
    7    0.4433593750000000E-02    0.1148185729980469E-02
    8    0.7421875000000000E-03    0.8614349365234375E-03
    9    0.6347656250000000E-02    0.1231956481933594E-02
   10    0.6250000000000000E-02    0.9262084960937500E-03
   11    0.1035156250000000E-02    0.8560562133789062E-03
   12   -0.4531250000000000E-02    0.8794403076171875E-03
   13    0.3320312500000000E-02    0.9369659423828125E-03
   14   -0.1953125000000000E-04    0.8304214477539062E-03
   15    0.1972656250000000E-02    0.9804916381835936E-03
   16    0.2089843750000000E-02    0.1138191223144531E-02
   17    0.3574218750000000E-02    0.1067619323730469E-02
   18   -0.8789062500000000E-03    0.8601760864257813E-03
   19    0.9765625000000001E-04    0.1166801452636719E-02
   20    0.4296875000000000E-02    0.9210205078125000E-03
   21   -0.5078125000000000E-03    0.9983062744140625E-03
   22    0.1074218750000000E-02    0.7051467895507812E-03
   23    0.1406250000000000E-02    0.8547973632812500E-03
   24    0.1933593750000000E-02    0.1123542785644531E-02
   25   -0.1894531250000000E-02    0.8573532104492188E-03
   26   -0.7421875000000000E-03    0.9157562255859375E-03
   27    0.2187500000000000E-02    0.8102416992187500E-03
   28   -0.2324218750000000E-02    0.1237907409667969E-02
   29    0.3632812500000000E-02    0.1079406738281250E-02
   30    0.1992187500000000E-02    0.9928131103515625E-03
   31   -0.8007812500000000E-03    0.9360122680664063E-03
   32    0.8398437500000000E-03    0.1247825622558594E-02
   33    0.1445312500000000E-02    0.9802246093749999E-03
   34   -0.2675781250000000E-02    0.1051826477050781E-02
   35   -0.2734375000000000E-03    0.1218261718750000E-02
   36    0.2968750000000000E-02    0.1188888549804688E-02
   37   -0.1074218750000000E-02    0.9988784790039063E-03
   38   -0.6250000000000000E-03    0.7498168945312500E-03
   39    0.3222656250000000E-02    0.9356307983398438E-03
   40   -0.1054687500000000E-02    0.9466552734375000E-03
   41    0.1347656250000000E-02    0.9471511840820312E-03
   42   -0.1464843750000000E-02    0.9325027465820312E-03
   43    0.4296875000000000E-02    0.8000946044921875E-03
   44    0.2949218750000000E-02    0.8003616333007813E-03
   45    0.5468750000000000E-02    0.9835815429687499E-03
   46    0.1660156250000000E-02    0.1015129089355469E-02
   47    0.1191406250000000E-02    0.9762191772460937E-03
   48    0.3515625000000000E-03    0.9503173828125000E-03
   49    0.7812500000000000E-04    0.9272003173828125E-03
   50   -0.1757812500000000E-02    0.7675933837890625E-03
   51   -0.4531250000000000E-02    0.9262847900390625E-03
   52    0.4179687500000000E-02    0.1317901611328125E-02
   53    0.3007812500000000E-02    0.1094131469726562E-02
   54    0.9765625000000000E-03    0.8111572265624999E-03
   55    0.4667968750000000E-02    0.8687210083007812E-03
   56    0.2539062500000000E-03    0.8570480346679687E-03
   57   -0.3652343750000000E-02    0.8495712280273438E-03
   58   -0.6054687500000000E-03    0.1065330505371094E-02
   59    0.1542968750000000E-02    0.1142463684082031E-02
   60    0.1425781250000000E-02    0.9128189086914062E-03
   61    0.2558593750000000E-02    0.1070594787597656E-02
   62   -0.5664062500000000E-03    0.1049842834472656E-02
   63   -0.2695312500000000E-02    0.9018707275390625E-03
   64   -0.2441406250000000E-02    0.9317398071289062E-03
   65   -0.1933593750000000E-02    0.1123085021972656E-02
   66    0.1660156250000000E-02    0.1159934997558594E-02
   67   -0.4296875000000000E-03    0.9667968750000000E-03
   68   -0.3515625000000000E-03    0.8969116210937500E-03
   69   -0.3320312500000000E-02    0.8661651611328125E-03
   70   -0.4296875000000000E-03    0.9891510009765625E-03
   71    0.5078125000000000E-03    0.1107482910156250E-02
   72   -0.3339843750000000E-02    0.9582901000976563E-03
   73   -0.4160156250000000E-02    0.1132469177246094E-02
   74    0.2812500000000000E-02    0.1001815795898438E-02
   75   -0.1171875000000000E-03    0.1072845458984375E-02
   76    0.1972656250000000E-02    0.9321975708007813E-03
   77    0.5156250000000000E-02    0.1096420288085938E-02
   78    0.1523437500000000E-02    0.1023712158203125E-02
   79    0.1113281250000000E-02    0.9540939331054688E-03
   80   -0.7812500000000000E-03    0.9043121337890625E-03
   81   -0.8789062500000000E-03    0.1081657409667969E-02
   82   -0.8984375000000000E-03    0.1034240722656250E-02
   83    0.5273437500000000E-03    0.1152687072753906E-02
   84   -0.7812500000000000E-04    0.9860992431640625E-03
   85    0.7812500000000000E-04    0.9032440185546875E-03
   86    0.1289062500000000E-02    0.1043701171875000E-02
   87   -0.3222656250000000E-02    0.1179389953613281E-02
   88   -0.3281250000000000E-02    0.7258605957031250E-03
   89    0.3242187500000000E-02    0.9494781494140625E-03
   90   -0.2929687500000000E-03    0.9048843383789063E-03
   91    0.4550781250000000E-02    0.1003532409667969E-02
   92    0.3378906250000000E-02    0.9016036987304687E-03
   93   -0.4082031250000000E-02    0.1060295104980469E-02
   94    0.1542968750000000E-02    0.9527206420898438E-03
   95    0.2109375000000000E-02    0.1035232543945312E-02
   96    0.7226562500000000E-03    0.9486770629882812E-03
   97    0.2441406250000000E-02    0.9432601928710938E-03
   98    0.8203125000000000E-03    0.1012573242187500E-02
   99   -0.3027343750000000E-02    0.1163139343261719E-02
  100   -0.3457031250000000E-02    0.9063339233398438E-03
