# time =    0.4795
    0    0.1000000000000000E+01    0.1000000000000000E+01
    1    0.2157617187500000E+00    0.4742404937744141E-01
    2    0.4605468750000000E-01    0.2991867065429687E-02
    3    0.1199218750000000E-01    0.1258392333984375E-02
    4    0.9140624999999999E-02    0.1029968261718750E-02
    5    0.3769531250000000E-02    0.9100723266601562E-03
    6   -0.2792968750000000E-02    0.8569717407226563E-03
    7    0.7031250000000000E-03    0.1077423095703125E-02
    8    0.1855468750000000E-02    0.1133689880371094E-02
    9   -0.6640625000000000E-03    0.8972930908203125E-03
   10    0.2871093750000000E-02    0.1141929626464844E-02
   11   -0.1542968750000000E-02    0.8227920532226562E-03
   12   -0.6054687500000000E-02    0.1044769287109375E-02
   13   -0.4003906250000000E-02    0.1026649475097656E-02
   14   -0.5390625000000000E-02    0.9166717529296875E-03
   15   -0.3320312500000000E-03    0.1169166564941406E-02
   16   -0.2265625000000000E-02    0.1063919067382812E-02
   17    0.9765625000000000E-03    0.9341430664062500E-03
   18    0.4687500000000000E-03    0.9951019287109376E-03
   19    0.5898437500000000E-02    0.7973480224609375E-03
   20    0.3261718750000000E-02    0.8373641967773437E-03
   21    0.1562500000000000E-02    0.9912872314453126E-03
   22    0.9179687499999999E-03    0.9509658813476562E-03
   23    0.1367187500000000E-03    0.8514022827148437E-03
   24    0.1582031250000000E-02    0.8734512329101562E-03
   25    0.7812500000000000E-03    0.1032791137695313E-02
   26   -0.1953125000000000E-04    0.1085166931152344E-02
   27   -0.5742187500000000E-02    0.7892608642578125E-03
   28   -0.5058593750000000E-02    0.8659744262695312E-03
   29    0.7421875000000000E-03    0.9172821044921875E-03
   30   -0.6445312500000000E-03    0.8668136596679687E-03
   31   -0.3378906250000000E-02    0.1049842834472656E-02
   32   -0.3203125000000000E-02    0.9032440185546875E-03
   33   -0.5761718750000000E-02    0.8404159545898438E-03
   34   -0.7285156250000000E-02    0.1321067810058594E-02
   35   -0.1542968750000000E-02    0.8163833618164062E-03
   36    0.8164062499999999E-02    0.1248855590820312E-02
   37    0.3632812500000000E-02    0.1050643920898438E-02
   38    0.5156250000000000E-02    0.9526062011718750E-03
   39    0.1171875000000000E-03    0.6615447998046875E-03
   40    0.0000000000000000E+00    0.9313201904296874E-03
   41    0.2773437500000000E-02    0.1071090698242187E-02
   42    0.1328125000000000E-02    0.8721923828124999E-03
   43   -0.3691406250000000E-02    0.8922195434570312E-03
   44    0.1367187500000000E-03    0.7433700561523438E-03
   45   -0.9765625000000001E-04    0.9798812866210938E-03
   46   -0.7636718750000000E-02    0.9666824340820312E-03
   47    0.3320312500000000E-03    0.8931350708007812E-03
   48   -0.1542968750000000E-02    0.8594131469726562E-03
   49    0.3515625000000000E-03    0.9381103515625000E-03
   50   -0.1230468750000000E-02    0.7153701782226563E-03
   51    0.8398437500000000E-03    0.1117362976074219E-02
   52    0.3691406250000000E-02    0.8774185180664062E-03
   53    0.3242187500000000E-02    0.1120071411132813E-02
   54    0.1171875000000000E-03    0.8651733398437500E-03
   55    0.1718750000000000E-02    0.7641601562500000E-03
   56   -0.2714843750000000E-02    0.9683609008789062E-03
   57    0.7089843750000000E-02    0.8407974243164062E-03
   58    0.3281250000000000E-02    0.8526611328125000E-03
   59    0.3125000000000000E-03    0.9707641601562500E-03
   60   -0.1406250000000000E-02    0.7169342041015625E-03
   61    0.3007812500000000E-02    0.1121063232421875E-02
   62   -0.2558593750000000E-02    0.1144294738769531E-02
   63    0.1914062500000000E-02    0.1085968017578125E-02
   64    0.4531250000000000E-02    0.1000671386718750E-02
   65    0.1035156250000000E-02    0.9437942504882812E-03
   66   -0.6835937500000000E-03    0.8195877075195312E-03
   67    0.4589843750000000E-02    0.7892227172851562E-03
   68   -0.4335937500000000E-02    0.9966278076171875E-03
   69    0.1054687500000000E-02    0.9419250488281250E-03
   70    0.1718750000000000E-02    0.1256027221679687E-02
   71    0.5722656250000000E-02    0.9642410278320313E-03
   72   -0.2050781250000000E-02    0.1204109191894531E-02
   73   -0.2167968750000000E-02    0.1127662658691406E-02
   74   -0.3691406250000000E-02    0.9656143188476562E-03
   75    0.1250000000000000E-02    0.8721160888671875E-03
   76    0.6054687500000000E-03    0.7770156860351562E-03
   77    0.7421875000000000E-03    0.7499694824218750E-03
   78   -0.3203125000000000E-02    0.8451080322265625E-03
   79    0.6835937500000000E-03    0.8467483520507812E-03
   80    0.4238281250000000E-02    0.8211135864257812E-03
   81   -0.2578125000000000E-02    0.1148223876953125E-02
   82    0.1308593750000000E-02    0.1159706115722656E-02
   83   -0.3574218750000000E-02    0.8295822143554687E-03
   84   -0.9960937500000000E-03    0.9010696411132813E-03
   85    0.3710937500000000E-03    0.1148414611816406E-02
   86   -0.5273437500000000E-03    0.1006584167480469E-02
   87   -0.3125000000000000E-03    0.1046371459960938E-02
   88   -0.7070312500000000E-02    0.8578491210937500E-03
   89    0.1386718750000000E-02    0.7994461059570312E-03
   90    0.3046875000000000E-02    0.7312011718750000E-03
   91   -0.1953125000000000E-03    0.9214019775390625E-03
   92   -0.4355468750000000E-02    0.1022224426269531E-02
   93    0.4179687500000000E-02    0.1074371337890625E-02
   94    0.2148437500000000E-02    0.1024093627929687E-02
   95   -0.1953125000000000E-02    0.9377288818359375E-03
   96    0.2871093750000000E-02    0.1176338195800781E-02
   97    0.2578125000000000E-02    0.8235931396484375E-03
   98    0.4941406250000000E-02    0.9387588500976563E-03
   99    0.2636718750000000E-02    0.1027412414550781E-02
  100   -0.1777343750000000E-02    0.1022224426269531E-02
