# time =    0.4730
    0    0.1000000000000000E+01    0.1000000000000000E+01
    1    0.2507031250000000E+00    0.6383483886718749E-01
    2    0.7351562500000000E-01    0.6402435302734375E-02
    3    0.2685546875000000E-01    0.1677513122558594E-02
    4    0.8964843750000000E-02    0.1345710754394531E-02
    5    0.7519531250000000E-02    0.9165573120117188E-03
    6    0.8867187500000000E-02    0.9290313720703125E-03
    7   -0.4101562500000000E-03    0.7721328735351562E-03
    8   -0.2285156250000000E-02    0.9284591674804687E-03
    9   -0.1093750000000000E-02    0.9826660156250001E-03
   10   -0.2285156250000000E-02    0.8613967895507813E-03
   11   -0.4648437500000000E-02    0.8830261230468750E-03
   12   -0.2285156250000000E-02    0.1240196228027344E-02
   13   -0.1875000000000000E-02    0.1065216064453125E-02
   14    0.1289062500000000E-02    0.9821319580078124E-03
   15    0.1757812500000000E-03    0.7907485961914062E-03
   16   -0.3964843750000000E-02    0.8974838256835938E-03
   17   -0.2128906250000000E-02    0.8156204223632813E-03
   18    0.1347656250000000E-02    0.9894943237304687E-03
   19    0.4023437500000000E-02    0.9455108642578126E-03
   20    0.2109375000000000E-02    0.1360626220703125E-02
   21   -0.6054687500000000E-03    0.1050300598144531E-02
   22   -0.6777343750000000E-02    0.1006507873535156E-02
   23    0.2773437500000000E-02    0.1603927612304687E-02
   24   -0.4355468750000000E-02    0.1141090393066406E-02
   25   -0.2929687500000000E-02    0.1178894042968750E-02
   26   -0.3437500000000000E-02    0.8674621582031250E-03
   27   -0.1328125000000000E-02    0.1050262451171875E-02
   28   -0.3496093750000000E-02    0.9091567993164063E-03
   29   -0.1171875000000000E-03    0.1143417358398438E-02
   30   -0.9179687499999999E-03    0.7006454467773437E-03
   31    0.7617187500000000E-03    0.1001930236816406E-02
   32    0.3515625000000000E-03    0.8417510986328125E-03
   33    0.3320312500000000E-02    0.7891082763671876E-03
   34    0.1250000000000000E-02    0.8687591552734375E-03
   35    0.1679687500000000E-02    0.1026077270507813E-02
   36    0.9628906249999999E-02    0.9730148315429687E-03
   37    0.5117187500000000E-02    0.1216659545898437E-02
   38   -0.1796875000000000E-02    0.1037750244140625E-02
   39   -0.5273437500000000E-03    0.8198165893554687E-03
   40    0.3164062500000000E-02    0.8284759521484375E-03
   41    0.2070312500000000E-02    0.9387207031250000E-03
   42    0.1210937500000000E-02    0.1007385253906250E-02
   43    0.3242187500000000E-02    0.1120300292968750E-02
   44    0.1542968750000000E-02    0.9589767456054687E-03
   45    0.4492187500000000E-03    0.9458541870117187E-03
   46    0.4316406250000000E-02    0.1056861877441406E-02
   47    0.3281250000000000E-02    0.1089553833007813E-02
   48   -0.2480468750000000E-02    0.6718826293945312E-03
   49    0.5664062500000000E-03    0.8679580688476563E-03
   50   -0.6640625000000000E-03    0.1155090332031250E-02
   51   -0.2441406250000000E-02    0.8488082885742187E-03
   52    0.5664062500000000E-02    0.8969879150390624E-03
   53    0.3574218750000000E-02    0.9359359741210937E-03
   54   -0.2597656250000000E-02    0.8636093139648437E-03
   55   -0.6367187500000000E-02    0.1220169067382813E-02
   56   -0.4140625000000000E-02    0.8377838134765625E-03
   57    0.2402343750000000E-02    0.9431838989257812E-03
   58   -0.1425781250000000E-02    0.7853317260742188E-03
   59    0.2636718750000000E-02    0.6489944458007812E-03
   60   -0.1953125000000000E-02    0.1168441772460938E-02
   61    0.4023437500000000E-02    0.8473968505859374E-03
   62    0.1582031250000000E-02    0.1007118225097656E-02
   63   -0.2187500000000000E-02    0.8982849121093750E-03
   64   -0.3359375000000000E-02    0.9857940673828126E-03
   65   -0.1855468750000000E-02    0.1064796447753906E-02
   66   -0.5644531250000000E-02    0.9553146362304688E-03
   67   -0.2011718750000000E-02    0.9583663940429687E-03
   68   -0.2929687500000000E-02    0.9984588623046875E-03
   69   -0.6445312500000000E-03    0.9552383422851562E-03
   70   -0.3378906250000000E-02    0.9181594848632812E-03
   71    0.1210937500000000E-02    0.8356475830078125E-03
   72    0.5917968750000000E-02    0.1024131774902344E-02
   73   -0.2695312500000000E-02    0.1159591674804688E-02
   74    0.7812500000000000E-04    0.8088684082031250E-03
   75    0.2167968750000000E-02    0.1332435607910156E-02
   76    0.2343750000000000E-02    0.1042098999023438E-02
   77    0.1445312500000000E-02    0.1026763916015625E-02
   78   -0.7226562500000000E-03    0.1017494201660156E-02
   79    0.1113281250000000E-02    0.1068611145019531E-02
   80    0.1582031250000000E-02    0.1024436950683594E-02
   81    0.1445312500000000E-02    0.9429168701171875E-03
   82   -0.3691406250000000E-02    0.1114540100097656E-02
   83    0.6660156250000000E-02    0.1098136901855469E-02
   84   -0.2832031250000000E-02    0.1458168029785156E-02
   85   -0.5664062500000000E-03    0.9785842895507811E-03
   86    0.7617187500000000E-03    0.1000556945800781E-02
   87   -0.2480468750000000E-02    0.1043968200683594E-02
   88    0.4531250000000000E-02    0.8569335937499999E-03
   89    0.3476562500000000E-02    0.9413909912109375E-03
   90    0.4160156250000000E-02    0.1002235412597656E-02
   91    0.1015625000000000E-02    0.1245727539062500E-02
   92   -0.1562500000000000E-03    0.1392745971679688E-02
   93    0.3242187500000000E-02    0.1116714477539063E-02
   94    0.3476562500000000E-02    0.9807586669921876E-03
   95    0.1171875000000000E-02    0.1023635864257812E-02
   96    0.4980468750000000E-02    0.1003150939941406E-02
   97    0.4726562500000000E-02    0.1004486083984375E-02
   98    0.3613281250000000E-02    0.1124763488769531E-02
   99    0.9179687499999999E-03    0.1146125793457031E-02
  100    0.3105468750000000E-02    0.1268577575683594E-02
