# time =    0.4822
    0    0.1000000000000000E+01    0.1000000000000000E+01
    1    0.2069726562500000E+00    0.4371364593505860E-01
    2    0.4650390625000000E-01    0.3051109313964844E-02
    3    0.8144531250000000E-02    0.9919357299804686E-03
    4    0.6855468750000000E-02    0.1189765930175781E-02
    5    0.1796875000000000E-02    0.1090774536132812E-02
    6   -0.9375000000000000E-03    0.8485412597656250E-03
    7   -0.1777343750000000E-02    0.9804916381835936E-03
    8    0.2343750000000000E-03    0.7900238037109375E-03
    9   -0.4082031250000000E-02    0.9862899780273438E-03
   10   -0.2382812500000000E-02    0.7524108886718750E-03
   11   -0.1523437500000000E-02    0.1038742065429688E-02
   12   -0.5468750000000001E-03    0.1029357910156250E-02
   13   -0.5312500000000000E-02    0.9239196777343750E-03
   14   -0.1074218750000000E-02    0.8002090454101563E-03
   15   -0.3125000000000000E-03    0.1025772094726562E-02
   16    0.3828125000000000E-02    0.8611297607421875E-03
   17   -0.1699218750000000E-02    0.1063957214355469E-02
   18   -0.5664062500000000E-03    0.9457015991210937E-03
   19   -0.3925781250000000E-02    0.1156578063964844E-02
   20    0.2324218750000000E-02    0.9698104858398437E-03
   21    0.3300781250000000E-02    0.1023139953613281E-02
   22    0.1171875000000000E-03    0.1011047363281250E-02
   23    0.1503906250000000E-02    0.1156578063964844E-02
   24    0.2441406250000000E-02    0.9302139282226562E-03
   25   -0.3906250000000000E-03    0.9366607666015625E-03
   26    0.3691406250000000E-02    0.1143455505371094E-02
   27   -0.1953125000000000E-03    0.8979797363281250E-03
   28    0.2421875000000000E-02    0.1094818115234375E-02
   29   -0.5019531250000000E-02    0.9375381469726563E-03
   30   -0.2500000000000000E-02    0.1030044555664062E-02
   31   -0.1074218750000000E-02    0.9202194213867187E-03
   32   -0.1386718750000000E-02    0.9968948364257812E-03
   33   -0.5078125000000000E-03    0.1028823852539062E-02
   34   -0.1308593750000000E-02    0.7706069946289062E-03
   35    0.1308593750000000E-02    0.1055259704589844E-02
   36   -0.6679687500000000E-02    0.1062393188476562E-02
   37   -0.3203125000000000E-02    0.1128463745117187E-02
   38    0.4433593750000000E-02    0.1314430236816406E-02
   39   -0.2519531250000000E-02    0.9004592895507813E-03
   40   -0.1093750000000000E-02    0.1185073852539063E-02
   41   -0.1113281250000000E-02    0.8697128295898438E-03
   42    0.1152343750000000E-02    0.8976364135742188E-03
   43   -0.5664062500000000E-02    0.9611511230468750E-03
   44   -0.2148437500000000E-02    0.9683227539062500E-03
   45    0.3808593750000000E-02    0.1094398498535156E-02
   46    0.9765625000000000E-03    0.8114624023437500E-03
   47    0.2578125000000000E-02    0.8412170410156250E-03
   48    0.3125000000000000E-03    0.1005935668945312E-02
   49    0.1074218750000000E-02    0.1009559631347656E-02
   50   -0.2792968750000000E-02    0.1029090881347656E-02
   51   -0.5273437500000000E-03    0.8828353881835938E-03
   52   -0.1191406250000000E-02    0.7085037231445312E-03
   53    0.3886718750000000E-02    0.1167106628417969E-02
   54   -0.1523437500000000E-02    0.8399963378906250E-03
   55   -0.1250000000000000E-02    0.8998870849609375E-03
   56    0.4707031250000000E-02    0.1120185852050781E-02
   57    0.9375000000000000E-03    0.9048461914062500E-03
   58    0.4960937500000000E-02    0.1124114990234375E-02
   59    0.1484375000000000E-02    0.8530426025390625E-03
   60    0.4726562500000000E-02    0.9973907470703124E-03
   61    0.5468750000000000E-02    0.1083297729492188E-02
   62   -0.2480468750000000E-02    0.8903121948242187E-03
   63   -0.4648437500000000E-02    0.1080245971679688E-02
   64   -0.3613281250000000E-02    0.1031455993652344E-02
   65    0.1269531250000000E-02    0.1030387878417969E-02
   66    0.2011718750000000E-02    0.8882522583007812E-03
   67    0.4687500000000000E-03    0.1037139892578125E-02
   68   -0.2753906250000000E-02    0.7801437377929687E-03
   69   -0.2402343750000000E-02    0.7479476928710937E-03
   70    0.6054687500000000E-03    0.6991958618164062E-03
   71   -0.1503906250000000E-02    0.8320999145507812E-03
   72   -0.2910156250000000E-02    0.1079826354980469E-02
   73   -0.1699218750000000E-02    0.8285140991210937E-03
   74   -0.4238281250000000E-02    0.1101493835449219E-02
   75   -0.1113281250000000E-02    0.8348464965820312E-03
   76   -0.3320312500000000E-02    0.9009552001953125E-03
   77   -0.3320312500000000E-03    0.1074790954589844E-02
   78   -0.1933593750000000E-02    0.1124458312988281E-02
   79   -0.3320312500000000E-02    0.8598327636718750E-03
   80   -0.2539062500000000E-03    0.9067153930664062E-03
   81   -0.3984375000000000E-02    0.1022872924804687E-02
   82   -0.2265625000000000E-02    0.8144378662109375E-03
   83   -0.5859375000000000E-04    0.8427047729492187E-03
   84   -0.2148437500000000E-02    0.1084213256835938E-02
   85   -0.9179687499999999E-03    0.8984756469726563E-03
   86   -0.2773437500000000E-02    0.1018676757812500E-02
   87   -0.1093750000000000E-02    0.1109085083007813E-02
   88   -0.3105468750000000E-02    0.8961868286132813E-03
   89   -0.2070312500000000E-02    0.9632873535156250E-03
   90    0.2167968750000000E-02    0.1065711975097656E-02
   91   -0.1425781250000000E-02    0.9678268432617188E-03
   92    0.5859375000000000E-03    0.1171112060546875E-02
   93    0.1835937500000000E-02    0.8618927001953125E-03
   94   -0.2949218750000000E-02    0.9852981567382813E-03
   95   -0.2753906250000000E-02    0.1217384338378906E-02
   96    0.3105468750000000E-02    0.8708572387695312E-03
   97   -0.1171875000000000E-03    0.8581542968750000E-03
   98    0.4296875000000000E-03    0.9040069580078125E-03
   99    0.3906250000000000E-03    0.1125869750976562E-02
  100   -0.1972656250000000E-02    0.8490371704101562E-03
