# time =    0.4752
    0    0.1000000000000000E+01    0.1000000000000000E+01
    1    0.2564062500000000E+00    0.6646736145019531E-01
    2    0.8628906250000000E-01    0.8639526367187501E-02
    3    0.4021484375000000E-01    0.2447166442871094E-02
    4    0.1539062500000000E-01    0.1289062500000000E-02
    5    0.7929687499999999E-02    0.9928131103515625E-03
    6    0.8164062499999999E-02    0.9616851806640625E-03
    7    0.1992187500000000E-02    0.9162139892578125E-03
    8   -0.1601562500000000E-02    0.8119201660156250E-03
    9    0.1894531250000000E-02    0.7873153686523437E-03
   10    0.8984375000000000E-03    0.8404541015625000E-03
   11    0.9960937500000000E-03    0.1036491394042969E-02
   12   -0.1367187500000000E-03    0.7773208618164063E-03
   13    0.2617187500000000E-02    0.9398651123046875E-03
   14    0.1152343750000000E-02    0.8520126342773437E-03
   15    0.4433593750000000E-02    0.1082115173339844E-02
   16    0.4941406250000000E-02    0.1061515808105469E-02
   17    0.5664062500000000E-02    0.1098480224609375E-02
   18    0.3476562500000000E-02    0.8973693847656250E-03
   19    0.5078125000000000E-03    0.9234619140625000E-03
   20    0.2753906250000000E-02    0.7214736938476562E-03
   21   -0.4003906250000000E-02    0.1033363342285156E-02
   22    0.3457031250000000E-02    0.1096305847167969E-02
   23   -0.1757812500000000E-02    0.9777069091796875E-03
   24   -0.3515625000000000E-03    0.1093368530273438E-02
   25   -0.2734375000000000E-03    0.9613037109375000E-03
   26    0.1757812500000000E-03    0.9629440307617188E-03
   27    0.2226562500000000E-02    0.8388519287109375E-03
   28   -0.5859375000000000E-04    0.1259193420410156E-02
   29    0.4550781250000000E-02    0.1090660095214844E-02
   30    0.4238281250000000E-02    0.9921646118164062E-03
   31    0.6835937500000000E-03    0.8501052856445312E-03
   32   -0.2851562500000000E-02    0.1164398193359375E-02
   33   -0.1210937500000000E-02    0.9732055664062500E-03
   34   -0.2363281250000000E-02    0.1007499694824219E-02
   35   -0.5078125000000000E-02    0.8490753173828125E-03
   36    0.1035156250000000E-02    0.1068458557128906E-02
   37   -0.3281250000000000E-02    0.9796142578125000E-03
   38   -0.4707031250000000E-02    0.8963394165039062E-03
   39    0.4062500000000000E-02    0.9941101074218751E-03
   40    0.3535156250000000E-02    0.1060981750488281E-02
   41    0.2753906250000000E-02    0.8881759643554688E-03
   42    0.1640625000000000E-02    0.1028976440429688E-02
   43    0.5195312500000000E-02    0.1023788452148437E-02
   44    0.8925781250000001E-02    0.1118736267089844E-02
   45    0.7031250000000000E-03    0.8286285400390625E-03
   46   -0.3339843750000000E-02    0.9517288208007813E-03
   47    0.2187500000000000E-02    0.1168518066406250E-02
   48    0.2714843750000000E-02    0.1114082336425781E-02
   49    0.5625000000000000E-02    0.1056442260742187E-02
   50    0.1093750000000000E-02    0.1066131591796875E-02
   51    0.6835937500000000E-02    0.1027221679687500E-02
   52    0.7890625000000000E-02    0.1155624389648437E-02
   53    0.6191406250000000E-02    0.7461166381835938E-03
   54   -0.2539062500000000E-03    0.1226463317871094E-02
   55    0.1484375000000000E-02    0.1046600341796875E-02
   56   -0.2285156250000000E-02    0.8505630493164062E-03
   57   -0.2363281250000000E-02    0.1005897521972656E-02
   58    0.6445312500000000E-03    0.1175193786621094E-02
   59   -0.6250000000000000E-03    0.8022308349609375E-03
   60    0.1562500000000000E-03    0.1182022094726563E-02
   61    0.1113281250000000E-02    0.1427192687988281E-02
   62    0.7617187500000000E-03    0.1025505065917969E-02
   63   -0.2929687500000000E-03    0.8520126342773437E-03
   64    0.2011718750000000E-02    0.7831192016601562E-03
   65    0.1177734375000000E-01    0.1242027282714844E-02
   66    0.4667968750000000E-02    0.8433151245117187E-03
   67    0.2148437500000000E-02    0.1027069091796875E-02
   68   -0.1757812500000000E-03    0.8947372436523438E-03
   69    0.3378906250000000E-02    0.1095161437988281E-02
   70   -0.5058593750000000E-02    0.9681320190429687E-03
   71   -0.1406250000000000E-02    0.9771728515625001E-03
   72   -0.7812500000000000E-03    0.9075927734375000E-03
   73   -0.1171875000000000E-02    0.1016387939453125E-02
   74   -0.1171875000000000E-02    0.1041336059570313E-02
   75    0.1660156250000000E-02    0.1106910705566406E-02
   76   -0.7617187500000000E-03    0.9727859497070312E-03
   77   -0.1953125000000000E-04    0.1043128967285156E-02
   78    0.2070312500000000E-02    0.9922790527343750E-03
   79   -0.1289062500000000E-02    0.1241302490234375E-02
   80    0.3125000000000000E-02    0.8328247070312500E-03
   81    0.1542968750000000E-02    0.1284980773925781E-02
   82    0.2265625000000000E-02    0.1101074218750000E-02
   83    0.1582031250000000E-02    0.9579086303710938E-03
   84    0.1406250000000000E-02    0.8413696289062500E-03
   85    0.4296875000000000E-02    0.9309387207031250E-03
   86   -0.2792968750000000E-02    0.8550643920898438E-03
   87   -0.6250000000000000E-03    0.7582855224609375E-03
   88   -0.5664062500000000E-03    0.8931350708007812E-03
   89   -0.3574218750000000E-02    0.9924697875976563E-03
   90   -0.3222656250000000E-02    0.8543777465820312E-03
   91   -0.5332031250000000E-02    0.1160850524902344E-02
   92    0.3320312500000000E-03    0.8544540405273438E-03
   93    0.6562500000000000E-02    0.9779357910156251E-03
   94   -0.7421875000000000E-03    0.1140975952148438E-02
   95   -0.1816406250000000E-02    0.1081199645996094E-02
   96   -0.3320312500000000E-02    0.8993530273437500E-03
   97   -0.3535156250000000E-02    0.8729171752929688E-03
   98    0.5527343750000000E-02    0.9998703002929688E-03
   99    0.7148437500000000E-02    0.1039047241210937E-02
  100   -0.1601562500000000E-02    0.9587860107421875E-03
