# time =    0.4662
    0    0.1000000000000000E+01    0.1000000000000000E+01
    1    0.2487109375000000E+00    0.6272872924804687E-01
    2    0.7230468750000001E-01    0.6117172241210937E-02
    3    0.2234375000000000E-01    0.1570129394531250E-02
    4    0.7304687500000000E-02    0.1357345581054687E-02
    5    0.8203125000000000E-03    0.9630584716796875E-03
    6    0.3007812500000000E-02    0.1050796508789062E-02
    7   -0.5468750000000001E-03    0.1159210205078125E-02
    8    0.3125000000000000E-03    0.1242752075195312E-02
    9    0.3105468750000000E-02    0.9725570678710937E-03
   10   -0.3945312500000000E-02    0.7353973388671875E-03
   11    0.1816406250000000E-02    0.9907150268554687E-03
   12    0.2441406250000000E-02    0.9714889526367187E-03
   13    0.2421875000000000E-02    0.1112823486328125E-02
   14   -0.3261718750000000E-02    0.9938430786132811E-03
   15    0.3378906250000000E-02    0.1064414978027344E-02
   16    0.1562500000000000E-03    0.8227539062500000E-03
   17    0.2558593750000000E-02    0.1113471984863281E-02
   18    0.1953125000000000E-04    0.8056259155273437E-03
   19    0.8398437500000000E-03    0.1044960021972656E-02
   20    0.2734375000000000E-02    0.1022109985351562E-02
   21    0.2988281250000000E-02    0.1024742126464844E-02
   22    0.1796875000000000E-02    0.8297729492187500E-03
   23    0.0000000000000000E+00    0.9474945068359375E-03
   24    0.5625000000000000E-02    0.1053085327148438E-02
   25    0.2226562500000000E-02    0.1085968017578125E-02
   26    0.2988281250000000E-02    0.1095466613769531E-02
   27    0.5312500000000000E-02    0.9844207763671875E-03
   28   -0.3222656250000000E-02    0.9337234497070313E-03
   29   -0.5253906250000000E-02    0.7943344116210937E-03
   30   -0.6054687500000000E-03    0.9819412231445313E-03
   31   -0.9765625000000000E-03    0.7620239257812500E-03
   32   -0.1015625000000000E-02    0.9557342529296875E-03
   33    0.2324218750000000E-02    0.9723281860351562E-03
   34    0.2207031250000000E-02    0.9331130981445313E-03
   35   -0.2812500000000000E-02    0.8621215820312500E-03
   36    0.7812500000000000E-03    0.1144866943359375E-02
   37    0.6093750000000000E-02    0.1024551391601562E-02
   38    0.2597656250000000E-02    0.1367530822753906E-02
   39    0.3476562500000000E-02    0.9398651123046875E-03
   40    0.1933593750000000E-02    0.9294509887695313E-03
   41    0.4277343750000000E-02    0.1104469299316406E-02
   42    0.3769531250000000E-02    0.1027259826660156E-02
   43    0.4648437500000000E-02    0.8403778076171875E-03
   44   -0.3574218750000000E-02    0.1069374084472656E-02
   45    0.1738281250000000E-02    0.9991073608398438E-03
   46   -0.8789062500000000E-03    0.1061744689941406E-02
   47    0.3320312500000000E-03    0.8551406860351562E-03
   48   -0.2109375000000000E-02    0.9918975830078124E-03
   49    0.1562500000000000E-02    0.7358551025390625E-03
   50   -0.4687500000000000E-02    0.1018142700195312E-02
   51   -0.4335937500000000E-02    0.8068084716796875E-03
   52    0.2187500000000000E-02    0.1073532104492188E-02
   53   -0.1347656250000000E-02    0.8672714233398437E-03
   54   -0.2480468750000000E-02    0.8662796020507813E-03
   55   -0.3378906250000000E-02    0.1109275817871094E-02
   56    0.1093750000000000E-02    0.9560394287109375E-03
   57   -0.2812500000000000E-02    0.1048660278320312E-02
   58    0.5859375000000000E-03    0.1025009155273437E-02
   59   -0.3085937500000000E-02    0.9498596191406250E-03
   60   -0.1484375000000000E-02    0.1102828979492188E-02
   61   -0.2207031250000000E-02    0.9238815307617187E-03
   62   -0.2109375000000000E-02    0.6497192382812500E-03
   63    0.6503906250000000E-02    0.8626174926757812E-03
   64    0.2792968750000000E-02    0.9379959106445312E-03
   65   -0.8398437500000000E-03    0.1109733581542969E-02
   66    0.1992187500000000E-02    0.1205749511718750E-02
   67    0.1054687500000000E-02    0.9186553955078125E-03
   68   -0.7226562500000000E-03    0.1030921936035156E-02
   69   -0.9570312500000000E-03    0.1057624816894531E-02
   70   -0.1445312500000000E-02    0.9576416015625000E-03
   71   -0.8007812500000000E-03    0.8819961547851563E-03
   72   -0.2343750000000000E-03    0.9543609619140625E-03
   73    0.2402343750000000E-02    0.9858322143554688E-03
   74   -0.1562500000000000E-02    0.9064483642578125E-03
   75    0.7285156250000000E-02    0.1186027526855469E-02
   76    0.5136718750000000E-02    0.1033439636230469E-02
   77    0.3515625000000000E-02    0.7845306396484375E-03
   78   -0.2988281250000000E-02    0.9898757934570313E-03
   79    0.1074218750000000E-02    0.9408187866210937E-03
   80   -0.2753906250000000E-02    0.8597946166992187E-03
   81   -0.7070312500000000E-02    0.1087341308593750E-02
   82   -0.4003906250000000E-02    0.1158103942871094E-02
   83   -0.1582031250000000E-02    0.1091804504394531E-02
   84   -0.1152343750000000E-02    0.8247756958007813E-03
   85   -0.3320312500000000E-03    0.9647750854492187E-03
   86   -0.2988281250000000E-02    0.1133995056152344E-02
   87   -0.3183593750000000E-02    0.8263778686523437E-03
   88    0.4492187500000000E-03    0.1126213073730469E-02
   89   -0.4355468750000000E-02    0.8999252319335937E-03
   90   -0.3847656250000000E-02    0.9304428100585937E-03
   91    0.4257812500000000E-02    0.1201629638671875E-02
   92    0.1386718750000000E-02    0.1067848205566406E-02
   93    0.2343750000000000E-03    0.8309936523437500E-03
   94   -0.1601562500000000E-02    0.1278533935546875E-02
   95    0.9375000000000000E-03    0.1064605712890625E-02
   96   -0.3710937500000000E-03    0.8698654174804688E-03
   97   -0.3710937500000000E-03    0.9119796752929687E-03
   98   -0.2773437500000000E-02    0.9188842773437500E-03
   99   -0.5468750000000001E-03    0.9496307373046875E-03
  100   -0.4667968750000000E-02    0.1084480285644531E-02
