# time =    0.4697
    0    0.1000000000000000E+01    0.1000000000000000E+01
    1    0.1889843750000000E+00    0.3658561706542969E-01
    2    0.3865234375000000E-01    0.2541465759277344E-02
    3    0.4160156250000000E-02    0.9727096557617188E-03
    4   -0.2402343750000000E-02    0.9963607788085937E-03
    5    0.7617187500000000E-03    0.1067390441894531E-02
    6   -0.2460937500000000E-02    0.8535766601562500E-03
    7   -0.6015625000000000E-02    0.1183700561523438E-02
    8    0.1875000000000000E-02    0.1046524047851562E-02
    9    0.5078125000000000E-02    0.1159896850585938E-02
   10    0.2148437500000000E-02    0.1277465820312500E-02
   11   -0.4609375000000000E-02    0.9366607666015625E-03
   12   -0.4082031250000000E-02    0.8156967163085938E-03
   13    0.2773437500000000E-02    0.6813812255859375E-03
   14   -0.2109375000000000E-02    0.7565307617187500E-03
   15    0.2539062500000000E-02    0.9435272216796875E-03
   16   -0.3710937500000000E-03    0.1086845397949219E-02
   17    0.1132812500000000E-02    0.8099365234375000E-03
   18    0.2597656250000000E-02    0.9735488891601563E-03
   19    0.6367187500000000E-02    0.1078262329101563E-02
   20   -0.5273437500000000E-03    0.8628463745117187E-03
   21    0.1171875000000000E-03    0.6531524658203125E-03
   22   -0.3281250000000000E-02    0.9924316406250001E-03
   23   -0.4257812500000000E-02    0.1083526611328125E-02
   24   -0.3457031250000000E-02    0.9560775756835937E-03
   25    0.1855468750000000E-02    0.1122093200683594E-02
   26    0.4960937500000000E-02    0.1220474243164062E-02
   27    0.4746093750000000E-02    0.1168708801269531E-02
   28   -0.5468750000000000E-02    0.9791564941406250E-03
   29   -0.8789062500000000E-03    0.1046257019042969E-02
   30    0.5664062500000000E-03    0.8274459838867187E-03
   31    0.2675781250000000E-02    0.9877395629882813E-03
   32   -0.3886718750000000E-02    0.1001167297363281E-02
   33   -0.8203125000000000E-03    0.1180877685546875E-02
   34   -0.1464843750000000E-02    0.1005210876464844E-02
   35   -0.3710937500000000E-02    0.9172058105468750E-03
   36    0.3027343750000000E-02    0.7545089721679687E-03
   37   -0.7421875000000000E-03    0.1028213500976563E-02
   38   -0.4960937500000000E-02    0.7892608642578125E-03
   39    0.2773437500000000E-02    0.1215209960937500E-02
   40    0.4492187500000000E-03    0.8041763305664063E-03
   41    0.7031250000000000E-03    0.8338165283203125E-03
   42    0.2070312500000000E-02    0.1040878295898438E-02
   43    0.1113281250000000E-02    0.1028480529785156E-02
   44    0.4960937500000000E-02    0.9331512451171875E-03
   45   -0.9003906250000001E-02    0.1115608215332031E-02
   46   -0.3515625000000000E-03    0.9862518310546876E-03
   47   -0.2363281250000000E-02    0.8667373657226563E-03
   48    0.3125000000000000E-03    0.9165191650390625E-03
   49    0.4101562500000000E-03    0.8059310913085938E-03
   50   -0.4726562500000000E-02    0.9452819824218750E-03
   51   -0.1289062500000000E-02    0.7902526855468750E-03
   52    0.4062500000000000E-02    0.8586883544921875E-03
   53    0.4492187500000000E-03    0.1285133361816406E-02
   54   -0.4296875000000000E-03    0.1058197021484375E-02
   55   -0.1445312500000000E-02    0.1128997802734375E-02
   56    0.3027343750000000E-02    0.8929061889648437E-03
   57   -0.6386718750000000E-02    0.9545516967773437E-03
   58    0.1289062500000000E-02    0.7769012451171875E-03
   59   -0.5664062500000000E-03    0.1123695373535156E-02
   60   -0.2285156250000000E-02    0.8018112182617187E-03
   61   -0.5957031250000000E-02    0.8261489868164062E-03
   62    0.2597656250000000E-02    0.9436416625976563E-03
   63    0.6074218750000000E-02    0.9757614135742187E-03
   64    0.2109375000000000E-02    0.1102676391601563E-02
   65    0.3632812500000000E-02    0.7920837402343749E-03
   66    0.1425781250000000E-02    0.9317398071289062E-03
   67   -0.6347656250000000E-02    0.9800338745117188E-03
   68    0.4140625000000000E-02    0.1073379516601562E-02
   69   -0.3554687500000000E-02    0.9798431396484376E-03
   70    0.3144531250000000E-02    0.7976150512695313E-03
   71    0.3085937500000000E-02    0.1046295166015625E-02
   72    0.4023437500000000E-02    0.1248703002929687E-02
   73    0.2929687500000000E-03    0.7832717895507813E-03
   74   -0.3378906250000000E-02    0.7648849487304687E-03
   75    0.1250000000000000E-02    0.1052474975585937E-02
   76   -0.8984375000000000E-03    0.9783935546875001E-03
   77    0.9765625000000000E-03    0.1294860839843750E-02
   78    0.1757812500000000E-03    0.9947586059570312E-03
   79    0.1953125000000000E-02    0.9800720214843751E-03
   80    0.7089843750000000E-02    0.8617782592773437E-03
   81   -0.2734375000000000E-02    0.6896209716796875E-03
   82   -0.9179687499999999E-03    0.1045951843261719E-02
   83    0.2285156250000000E-02    0.9962081909179687E-03
   84    0.1875000000000000E-02    0.1099319458007813E-02
   85    0.4257812500000000E-02    0.9837341308593750E-03
   86    0.4492187500000000E-03    0.1194343566894531E-02
   87   -0.6367187500000000E-02    0.1171798706054688E-02
   88   -0.1289062500000000E-02    0.1009674072265625E-02
   89   -0.8984375000000000E-03    0.8372497558593750E-03
   90   -0.2812500000000000E-02    0.1066665649414063E-02
   91    0.1152343750000000E-02    0.1085319519042969E-02
   92    0.6699218750000000E-02    0.9286117553710938E-03
   93    0.4042968750000000E-02    0.1210136413574219E-02
   94    0.2265625000000000E-02    0.8609008789062500E-03
   95    0.5468750000000001E-03    0.8329772949218751E-03
   96    0.4394531250000000E-02    0.1267433166503906E-02
   97    0.4101562500000000E-03    0.1249198913574219E-02
   98   -0.1796875000000000E-02    0.8893585205078124E-03
   99    0.4140625000000000E-02    0.9001159667968750E-03
  100    0.1074218750000000E-02    0.9241867065429688E-03
