# time =    0.4766
    0    0.1000000000000000E+01    0.1000000000000000E+01
    1    0.2189453125000000E+00    0.4870971679687500E-01
    2    0.5962890625000000E-01    0.4231605529785156E-02
    3    0.1822265625000000E-01    0.1359901428222656E-02
    4    0.3886718750000000E-02    0.9621047973632813E-03
    5    0.3105468750000000E-02    0.1200370788574219E-02
    6    0.2285156250000000E-02    0.8263015747070313E-03
    7   -0.1582031250000000E-02    0.7298660278320313E-03
    8   -0.6093750000000000E-02    0.9446716308593749E-03
    9   -0.3828125000000000E-02    0.9391021728515625E-03
   10    0.1210937500000000E-02    0.8982086181640625E-03
   11   -0.6640625000000000E-03    0.6753540039062500E-03
   12   -0.2734375000000000E-02    0.8948516845703125E-03
   13    0.3359375000000000E-02    0.8860015869140625E-03
   14   -0.2128906250000000E-02    0.9457015991210937E-03
   15   -0.2539062500000000E-03    0.1034278869628906E-02
   16   -0.1503906250000000E-02    0.1093864440917969E-02
   17   -0.8691406250000000E-02    0.9248733520507812E-03
   18    0.7421875000000000E-03    0.1058883666992187E-02
   19    0.1562500000000000E-03    0.1103210449218750E-02
   20   -0.6015625000000000E-02    0.9896850585937500E-03
   21    0.1562500000000000E-03    0.9052276611328125E-03
   22   -0.2460937500000000E-02    0.1063537597656250E-02
   23   -0.1113281250000000E-02    0.9136581420898437E-03
   24   -0.1855468750000000E-02    0.7915878295898437E-03
   25    0.9960937500000000E-03    0.8514022827148437E-03
   26   -0.4648437500000000E-02    0.9392547607421875E-03
   27    0.8007812500000000E-03    0.8559036254882813E-03
   28   -0.2929687500000000E-02    0.7924652099609375E-03
   29   -0.5195312500000000E-02    0.1128921508789062E-02
   30    0.1933593750000000E-02    0.8108901977539062E-03
   31    0.1269531250000000E-02    0.7126235961914063E-03
   32    0.2480468750000000E-02    0.9172439575195312E-03
   33    0.8652343749999999E-02    0.9734725952148437E-03
   34   -0.5429687500000000E-02    0.9426116943359375E-03
   35    0.6835937500000000E-03    0.1053504943847656E-02
   36    0.3808593750000000E-02    0.1069831848144531E-02
   37    0.9960937500000000E-03    0.7830429077148438E-03
   38    0.2871093750000000E-02    0.1055793762207031E-02
   39    0.4511718750000000E-02    0.1267509460449219E-02
   40    0.3105468750000000E-02    0.1146965026855469E-02
   41   -0.2324218750000000E-02    0.9989547729492188E-03
   42    0.1171875000000000E-03    0.7197570800781250E-03
   43   -0.3769531250000000E-02    0.1195640563964844E-02
   44    0.1425781250000000E-02    0.8019638061523437E-03
   45    0.3125000000000000E-02    0.7937622070312500E-03
   46    0.2128906250000000E-02    0.9225845336914062E-03
   47   -0.1289062500000000E-02    0.6850433349609375E-03
   48   -0.3730468750000000E-02    0.8848953247070312E-03
   49   -0.6132812500000000E-02    0.1379089355468750E-02
   50   -0.5937500000000000E-02    0.1109771728515625E-02
   51    0.1210937500000000E-02    0.7894897460937500E-03
   52   -0.5273437500000000E-03    0.1184654235839844E-02
   53    0.2402343750000000E-02    0.8784103393554688E-03
   54   -0.4433593750000000E-02    0.8092880249023438E-03
   55   -0.5039062500000000E-02    0.9018707275390625E-03
   56   -0.1191406250000000E-02    0.1095542907714844E-02
   57    0.1796875000000000E-02    0.9148406982421875E-03
   58   -0.7617187500000000E-03    0.8819961547851563E-03
   59   -0.4101562500000000E-02    0.9233856201171875E-03
   60   -0.1796875000000000E-02    0.8343505859375000E-03
   61   -0.4882812500000000E-03    0.8077621459960938E-03
   62    0.2734375000000000E-03    0.1234741210937500E-02
   63    0.3417968750000000E-02    0.1119346618652344E-02
   64    0.3203125000000000E-02    0.1074142456054687E-02
   65   -0.4785156250000000E-02    0.9843063354492186E-03
   66   -0.1933593750000000E-02    0.6670761108398438E-03
   67    0.2890625000000000E-02    0.1181564331054688E-02
   68    0.3515625000000000E-03    0.1189651489257813E-02
   69   -0.4804687500000000E-02    0.1063385009765625E-02
   70   -0.5566406250000000E-02    0.9716415405273438E-03
   71   -0.7812500000000000E-04    0.1162796020507812E-02
   72    0.9960937500000000E-03    0.9807205200195312E-03
   73   -0.3496093750000000E-02    0.9317398071289062E-03
   74    0.2343750000000000E-03    0.9300994873046875E-03
   75   -0.2695312500000000E-02    0.8963775634765625E-03
   76   -0.2070312500000000E-02    0.8343505859375000E-03
   77   -0.2343750000000000E-03    0.8601379394531250E-03
   78    0.1367187500000000E-02    0.1041030883789062E-02
   79    0.7421875000000000E-03    0.8743286132812500E-03
   80   -0.2734375000000000E-03    0.7738494873046876E-03
   81    0.1230468750000000E-02    0.1061820983886719E-02
   82    0.1367187500000000E-03    0.8315658569335938E-03
   83    0.2539062500000000E-02    0.1217803955078125E-02
   84   -0.3906250000000000E-03    0.8839416503906250E-03
   85   -0.2480468750000000E-02    0.9984207153320313E-03
   86   -0.4394531250000000E-02    0.8732986450195313E-03
   87   -0.5996093750000000E-02    0.1150016784667969E-02
   88   -0.5800781250000000E-02    0.9642410278320313E-03
   89   -0.4531250000000000E-02    0.6609344482421875E-03
   90    0.4863281250000000E-02    0.9535598754882812E-03
   91    0.1035156250000000E-02    0.1038627624511719E-02
   92    0.2187500000000000E-02    0.8216094970703125E-03
   93   -0.3906250000000000E-03    0.1111755371093750E-02
   94   -0.4023437500000000E-02    0.1062622070312500E-02
   95   -0.1210937500000000E-02    0.9994506835937500E-03
   96   -0.2578125000000000E-02    0.9185791015625000E-03
   97    0.1816406250000000E-02    0.9063339233398438E-03
   98    0.4941406250000000E-02    0.7502365112304687E-03
   99   -0.2617187500000000E-02    0.1234970092773438E-02
  100   -0.3320312500000000E-02    0.1139984130859375E-02
