# time =    0.4424
    0    0.1000000000000000E+01    0.1000000000000000E+01
    1    0.3196289062500000E+00    0.1029111862182617E+00
    2    0.1196289062500000E+00    0.1516452789306641E-01
    3    0.5298828125000000E-01    0.4040107727050781E-02
    4    0.2533203125000000E-01    0.1378211975097656E-02
    5    0.1548828125000000E-01    0.1044120788574219E-02
    6    0.7148437500000000E-02    0.6195831298828125E-03
    7    0.5351562500000000E-02    0.9217071533203125E-03
    8    0.9179687499999999E-03    0.8381271362304688E-03
    9    0.8906249999999999E-02    0.1025695800781250E-02
   10    0.1972656250000000E-02    0.8046340942382813E-03
   11    0.1542968750000000E-02    0.7142257690429687E-03
   12    0.1640625000000000E-02    0.8893585205078124E-03
   13   -0.4687500000000000E-03    0.8250427246093750E-03
   14    0.6054687500000000E-02    0.1019973754882812E-02
   15    0.2480468750000000E-02    0.9546279907226562E-03
   16    0.2128906250000000E-02    0.1220207214355469E-02
   17    0.1171875000000000E-02    0.9541320800781250E-03
   18   -0.4296875000000000E-02    0.1010818481445313E-02
   19    0.2148437500000000E-03    0.9497451782226562E-03
   20   -0.6132812500000000E-02    0.8393859863281250E-03
   21   -0.2304687500000000E-02    0.7290649414062500E-03
   22   -0.1699218750000000E-02    0.8167648315429688E-03
   23    0.7226562500000000E-03    0.9669113159179687E-03
   24   -0.5000000000000000E-02    0.1174926757812500E-02
   25   -0.2832031250000000E-02    0.1026420593261719E-02
   26   -0.1210937500000000E-02    0.1127471923828125E-02
   27   -0.4687500000000000E-02    0.8660125732421875E-03
   28   -0.1562500000000000E-03    0.8598327636718750E-03
   29    0.6640625000000000E-03    0.8605957031250000E-03
   30   -0.1582031250000000E-02    0.7844924926757813E-03
   31   -0.1074218750000000E-02    0.9141921997070313E-03
   32   -0.1035156250000000E-02    0.7282638549804687E-03
   33   -0.2324218750000000E-02    0.8400344848632813E-03
   34   -0.6640625000000000E-03    0.7907867431640625E-03
   35    0.8593750000000000E-03    0.1057205200195312E-02
   36   -0.4687500000000000E-03    0.9930419921875000E-03
   37   -0.3906250000000000E-03    0.9037017822265625E-03
   38   -0.2773437500000000E-02    0.8417510986328125E-03
   39   -0.3105468750000000E-02    0.8067703247070313E-03
   40   -0.2148437500000000E-02    0.1103439331054687E-02
   41   -0.9121093750000000E-02    0.1100578308105469E-02
   42   -0.5156250000000000E-02    0.9101867675781250E-03
   43   -0.2597656250000000E-02    0.9648513793945313E-03
   44   -0.2597656250000000E-02    0.9705734252929688E-03
   45    0.1191406250000000E-02    0.1007041931152344E-02
   46    0.2480468750000000E-02    0.9068679809570312E-03
   47    0.1992187500000000E-02    0.1214523315429687E-02
   48    0.7558593750000000E-02    0.1028099060058594E-02
   49    0.1152343750000000E-02    0.1264228820800781E-02
   50   -0.3398437500000000E-02    0.9757995605468750E-03
   51   -0.2148437500000000E-03    0.7962417602539062E-03
   52   -0.3183593750000000E-02    0.8227920532226562E-03
   53   -0.7812500000000000E-03    0.8879089355468750E-03
   54   -0.2539062500000000E-02    0.1048049926757813E-02
   55    0.2011718750000000E-02    0.1037101745605469E-02
   56    0.5937500000000000E-02    0.8966827392578125E-03
   57    0.8984375000000000E-03    0.8248901367187500E-03
   58    0.5058593750000000E-02    0.9803390502929688E-03
   59    0.1269531250000000E-02    0.1059608459472656E-02
   60    0.3066406250000000E-02    0.8043289184570312E-03
   61   -0.3613281250000000E-02    0.9133529663085938E-03
   62   -0.3574218750000000E-02    0.1067619323730469E-02
   63   -0.4414062500000000E-02    0.1029663085937500E-02
   64   -0.1699218750000000E-02    0.8955764770507813E-03
   65    0.1972656250000000E-02    0.9908676147460938E-03
   66   -0.7226562500000000E-03    0.1011085510253906E-02
   67    0.2421875000000000E-02    0.1003494262695313E-02
   68    0.4882812500000000E-02    0.9899902343749999E-03
   69    0.5605468750000000E-02    0.9671401977539063E-03
   70    0.2773437500000000E-02    0.1003723144531250E-02
   71    0.1230468750000000E-02    0.9021377563476563E-03
   72   -0.2441406250000000E-02    0.9167861938476563E-03
   73   -0.1757812500000000E-02    0.9815216064453125E-03
   74   -0.7226562500000000E-03    0.1056098937988281E-02
   75    0.1777343750000000E-02    0.9320449829101563E-03
   76   -0.2949218750000000E-02    0.1180915832519531E-02
   77    0.3964843750000000E-02    0.9244155883789063E-03
   78   -0.9179687499999999E-03    0.1026802062988281E-02
   79   -0.8398437500000000E-03    0.1161766052246094E-02
   80    0.5234375000000000E-02    0.1116333007812500E-02
   81    0.2421875000000000E-02    0.1005935668945312E-02
   82    0.3027343750000000E-02    0.1071128845214844E-02
   83    0.3671875000000000E-02    0.8405303955078125E-03
   84    0.5390625000000000E-02    0.1298370361328125E-02
   85    0.2578125000000000E-02    0.8836364746093749E-03
   86    0.6738281250000000E-02    0.9441757202148437E-03
   87    0.2480468750000000E-02    0.8018875122070313E-03
   88   -0.5468750000000001E-03    0.1221771240234375E-02
   89    0.4492187500000000E-02    0.9270477294921875E-03
   90    0.2441406250000000E-02    0.8898544311523438E-03
   91    0.2343750000000000E-03    0.8739471435546875E-03
   92   -0.5859375000000000E-03    0.1326980590820313E-02
   93    0.2324218750000000E-02    0.1032371520996094E-02
   94    0.2949218750000000E-02    0.7969284057617187E-03
   95    0.7421875000000000E-03    0.1106185913085938E-02
   96    0.1660156250000000E-02    0.1020011901855469E-02
   97   -0.1777343750000000E-02    0.9530258178710938E-03
   98   -0.1757812500000000E-03    0.1206092834472656E-02
   99   -0.1582031250000000E-02    0.9569168090820312E-03
  100   -0.1035156250000000E-02    0.1194572448730469E-02
