# time =    0.4671
    0    0.1000000000000000E+01    0.1000000000000000E+01
    1    0.2071289062500000E+00    0.4364505767822266E-01
    2    0.4539062500000000E-01    0.2778778076171875E-02
    3    0.1619140625000000E-01    0.1226768493652344E-02
    4    0.1972656250000000E-02    0.9292221069335938E-03
    5   -0.3242187500000000E-02    0.9384155273437500E-03
    6   -0.2441406250000000E-02    0.8810806274414062E-03
    7    0.3535156250000000E-02    0.1046791076660156E-02
    8   -0.9765625000000000E-03    0.1001205444335937E-02
    9    0.2070312500000000E-02    0.8419036865234375E-03
   10   -0.5234375000000000E-02    0.1131210327148438E-02
   11   -0.1562500000000000E-03    0.1042404174804687E-02
   12   -0.5664062500000000E-03    0.9937667846679687E-03
   13    0.2226562500000000E-02    0.1065826416015625E-02
   14   -0.2500000000000000E-02    0.8036804199218750E-03
   15   -0.1953125000000000E-02    0.7512664794921875E-03
   16    0.1660156250000000E-02    0.9141921997070313E-03
   17    0.2714843750000000E-02    0.7934188842773438E-03
   18   -0.2148437500000000E-02    0.8148193359375000E-03
   19   -0.3632812500000000E-02    0.1088562011718750E-02
   20   -0.1367187500000000E-03    0.9828567504882812E-03
   21    0.8242187500000000E-02    0.9683990478515626E-03
   22   -0.1132812500000000E-02    0.1047973632812500E-02
   23    0.3417968750000000E-02    0.9429550170898437E-03
   24    0.4218750000000000E-02    0.1008605957031250E-02
   25   -0.8007812500000000E-03    0.8242416381835937E-03
   26    0.4921875000000000E-02    0.8869934082031250E-03
   27   -0.1152343750000000E-02    0.1012992858886719E-02
   28    0.2226562500000000E-02    0.1229629516601562E-02
   29    0.5585937500000000E-02    0.8759307861328125E-03
   30    0.1035156250000000E-02    0.1032600402832031E-02
   31   -0.3710937500000000E-02    0.1086273193359375E-02
   32   -0.3066406250000000E-02    0.9232711791992188E-03
   33   -0.3105468750000000E-02    0.9141921997070313E-03
   34   -0.1171875000000000E-03    0.1082077026367188E-02
   35   -0.2636718750000000E-02    0.1137046813964844E-02
   36    0.1718750000000000E-02    0.8963775634765625E-03
   37    0.2539062500000000E-03    0.1053962707519531E-02
   38    0.8789062500000000E-03    0.8919906616210938E-03
   39   -0.4492187500000000E-03    0.9440231323242187E-03
   40    0.5664062500000000E-02    0.1094360351562500E-02
   41   -0.7812500000000000E-04    0.1087112426757813E-02
   42    0.1171875000000000E-03    0.1018753051757813E-02
   43    0.3613281250000000E-02    0.7947158813476563E-03
   44    0.3906250000000000E-03    0.8068084716796875E-03
   45   -0.5820312500000000E-02    0.8633422851562500E-03
   46   -0.8789062500000000E-03    0.1116371154785156E-02
   47   -0.3496093750000000E-02    0.9092330932617187E-03
   48    0.2285156250000000E-02    0.1182289123535156E-02
   49   -0.1503906250000000E-02    0.7120895385742187E-03
   50   -0.3613281250000000E-02    0.1134147644042969E-02
   51   -0.7851562499999999E-02    0.8634948730468751E-03
   52    0.5468750000000001E-03    0.6796264648437500E-03
   53   -0.6054687500000000E-03    0.9945297241210937E-03
   54   -0.2656250000000000E-02    0.1017684936523437E-02
   55   -0.7226562500000000E-03    0.1018486022949219E-02
   56   -0.3828125000000000E-02    0.9837341308593750E-03
   57   -0.5351562500000000E-02    0.8369445800781250E-03
   58    0.4687500000000000E-03    0.7788848876953125E-03
   59    0.3417968750000000E-02    0.1051139831542969E-02
   60   -0.2089843750000000E-02    0.9450149536132812E-03
   61    0.8984375000000000E-03    0.9628295898437500E-03
   62   -0.1464843750000000E-02    0.8270645141601563E-03
   63   -0.2265625000000000E-02    0.8725738525390625E-03
   64    0.2656250000000000E-02    0.9853363037109375E-03
   65   -0.2910156250000000E-02    0.1152153015136719E-02
   66    0.4316406250000000E-02    0.9386825561523437E-03
   67    0.7050781250000000E-02    0.1055946350097656E-02
   68   -0.1132812500000000E-02    0.8928680419921875E-03
   69    0.1894531250000000E-02    0.1002159118652344E-02
   70   -0.3164062500000000E-02    0.7724761962890625E-03
   71   -0.9765625000000001E-04    0.7546615600585938E-03
   72   -0.2148437500000000E-02    0.1180419921875000E-02
   73    0.3906250000000000E-02    0.7471466064453126E-03
   74    0.1386718750000000E-02    0.1076164245605469E-02
   75   -0.2441406250000000E-02    0.7146835327148437E-03
   76   -0.3906250000000000E-03    0.1016159057617187E-02
   77    0.4238281250000000E-02    0.1077690124511719E-02
   78   -0.1425781250000000E-02    0.1193885803222656E-02
   79   -0.1718750000000000E-02    0.7022857666015625E-03
   80   -0.4726562500000000E-02    0.1012420654296875E-02
   81   -0.1875000000000000E-02    0.1075897216796875E-02
   82    0.6250000000000000E-03    0.1065979003906250E-02
   83   -0.6210937500000000E-02    0.1063690185546875E-02
   84   -0.5781250000000000E-02    0.9252929687500000E-03
   85    0.7617187500000000E-03    0.9869003295898437E-03
   86   -0.7812500000000000E-03    0.8828735351562500E-03
   87    0.8984375000000000E-03    0.9369659423828125E-03
   88    0.2949218750000000E-02    0.8662796020507813E-03
   89    0.1367187500000000E-03    0.9524917602539062E-03
   90   -0.7421875000000000E-03    0.1015014648437500E-02
   91    0.2382812500000000E-02    0.8692169189453126E-03
   92    0.2187500000000000E-02    0.9229278564453125E-03
   93   -0.1289062500000000E-02    0.7215881347656250E-03
   94   -0.4082031250000000E-02    0.1187019348144531E-02
   95   -0.5390625000000000E-02    0.1179733276367187E-02
   96    0.3476562500000000E-02    0.1022949218750000E-02
   97   -0.4199218750000000E-02    0.8710861206054687E-03
   98   -0.6328125000000000E-02    0.1309204101562500E-02
   99   -0.2441406250000000E-02    0.7049179077148437E-03
  100    0.6523437500000000E-02    0.1030502319335937E-02
