# time =    0.4753
    0    0.1000000000000000E+01    0.1000000000000000E+01
    1    0.1960742187500000E+00    0.3931369781494141E-01
    2    0.4308593750000000E-01    0.2924728393554688E-02
    3    0.6679687500000000E-02    0.9333038330078125E-03
    4    0.6054687500000000E-03    0.1128425598144531E-02
    5   -0.8398437500000000E-03    0.1007499694824219E-02
    6    0.1191406250000000E-02    0.1132392883300781E-02
    7    0.3261718750000000E-02    0.1051826477050781E-02
    8    0.6718750000000000E-02    0.1052703857421875E-02
    9   -0.2460937500000000E-02    0.1156463623046875E-02
   10    0.2500000000000000E-02    0.1067504882812500E-02
   11    0.2714843750000000E-02    0.1107673645019531E-02
   12   -0.2753906250000000E-02    0.1078681945800781E-02
   13    0.2480468750000000E-02    0.9377670288085938E-03
   14    0.8378906250000000E-02    0.7935714721679688E-03
   15   -0.1464843750000000E-02    0.9509658813476562E-03
   16   -0.3535156250000000E-02    0.1091423034667969E-02
   17   -0.6699218750000000E-02    0.1035118103027344E-02
   18   -0.3632812500000000E-02    0.8079528808593750E-03
   19   -0.1757812500000000E-03    0.1075859069824219E-02
   20    0.7812500000000000E-03    0.1021347045898438E-02
   21   -0.1464843750000000E-02    0.1079978942871094E-02
   22    0.3378906250000000E-02    0.9569168090820312E-03
   23   -0.1035156250000000E-02    0.1103324890136719E-02
   24   -0.2128906250000000E-02    0.8906173706054687E-03
   25   -0.2421875000000000E-02    0.8751678466796875E-03
   26   -0.3476562500000000E-02    0.8269500732421875E-03
   27   -0.1132812500000000E-02    0.8113861083984375E-03
   28    0.3320312500000000E-03    0.9128952026367188E-03
   29    0.5507812500000000E-02    0.1148529052734375E-02
   30    0.2910156250000000E-02    0.8906173706054687E-03
   31    0.6250000000000000E-03    0.7552337646484375E-03
   32   -0.4492187500000000E-03    0.8354568481445312E-03
   33    0.2441406250000000E-02    0.1054801940917969E-02
   34   -0.7519531250000000E-02    0.1165962219238281E-02
   35   -0.1933593750000000E-02    0.9957504272460936E-03
   36   -0.3906250000000000E-03    0.7564544677734375E-03
   37   -0.4707031250000000E-02    0.1089363098144531E-02
   38   -0.5859375000000000E-03    0.8535766601562500E-03
   39    0.9960937500000000E-03    0.8643722534179688E-03
   40    0.1523437500000000E-02    0.1139144897460938E-02
   41   -0.9824218750000000E-02    0.1048164367675781E-02
   42    0.1425781250000000E-02    0.1139259338378906E-02
   43   -0.5351562500000000E-02    0.1152038574218750E-02
   44    0.2109375000000000E-02    0.1184921264648438E-02
   45    0.5234375000000000E-02    0.8282470703125000E-03
   46    0.3730468750000000E-02    0.1032066345214844E-02
   47   -0.3632812500000000E-02    0.1024093627929687E-02
   48   -0.3281250000000000E-02    0.1055297851562500E-02
   49   -0.9375000000000000E-03    0.1075973510742188E-02
   50    0.1425781250000000E-02    0.1000328063964844E-02
   51    0.5664062500000000E-03    0.1026191711425781E-02
   52    0.8984375000000000E-03    0.9618377685546874E-03
   53    0.9179687499999999E-03    0.7262039184570313E-03
   54    0.4609375000000000E-02    0.8625793457031250E-03
   55   -0.3242187500000000E-02    0.8432769775390625E-03
   56    0.3339843750000000E-02    0.8897781372070312E-03
   57    0.3203125000000000E-02    0.8654022216796876E-03
   58    0.6972656250000000E-02    0.9962081909179687E-03
   59    0.1855468750000000E-02    0.6731796264648437E-03
   60    0.4414062500000000E-02    0.1061401367187500E-02
   61    0.2148437500000000E-03    0.8913803100585937E-03
   62    0.1796875000000000E-02    0.1010131835937500E-02
   63    0.2558593750000000E-02    0.1132469177246094E-02
   64    0.3593750000000000E-02    0.9613037109375000E-03
   65    0.2285156250000000E-02    0.9757614135742187E-03
   66   -0.7812500000000000E-04    0.9618377685546874E-03
   67   -0.1464843750000000E-02    0.8911514282226563E-03
   68   -0.1210937500000000E-02    0.1158370971679688E-02
   69   -0.2441406250000000E-02    0.9475326538085937E-03
   70   -0.3710937500000000E-02    0.9326934814453125E-03
   71   -0.1152343750000000E-02    0.8519363403320313E-03
   72    0.6855468750000000E-02    0.8726882934570313E-03
   73   -0.7207031250000000E-02    0.9801101684570313E-03
   74   -0.1425781250000000E-02    0.8988571166992187E-03
   75   -0.1953125000000000E-02    0.1180496215820312E-02
   76   -0.1113281250000000E-02    0.1111869812011719E-02
   77    0.1953125000000000E-04    0.7661819458007812E-03
   78    0.1542968750000000E-02    0.1204338073730469E-02
   79   -0.2148437500000000E-02    0.9626770019531251E-03
   80   -0.7050781250000000E-02    0.1053886413574219E-02
   81   -0.4101562500000000E-02    0.1050643920898438E-02
   82   -0.4335937500000000E-02    0.1161804199218750E-02
   83    0.3261718750000000E-02    0.1001701354980469E-02
   84   -0.3769531250000000E-02    0.9057235717773438E-03
   85    0.4101562500000000E-03    0.9946823120117188E-03
   86    0.3203125000000000E-02    0.1083526611328125E-02
   87    0.1054687500000000E-02    0.8240509033203125E-03
   88    0.1152343750000000E-02    0.9163284301757813E-03
   89    0.6835937500000000E-03    0.9378433227539062E-03
   90   -0.6835937500000000E-03    0.8840560913085938E-03
   91    0.2246093750000000E-02    0.8672714233398437E-03
   92    0.1484375000000000E-02    0.8689880371093750E-03
   93    0.2539062500000000E-03    0.8036422729492187E-03
   94    0.9179687499999999E-03    0.1224327087402344E-02
   95    0.7949218750000001E-02    0.1058921813964844E-02
   96   -0.2324218750000000E-02    0.9138107299804688E-03
   97   -0.9375000000000000E-03    0.1088256835937500E-02
   98    0.1738281250000000E-02    0.1053276062011719E-02
   99    0.3847656250000000E-02    0.1158332824707031E-02
  100   -0.1132812500000000E-02    0.1009445190429688E-02
