# time =    0.4436
    0    0.1000000000000000E+01    0.1000000000000000E+01
    1    0.3580664062500000E+00    0.1290642929077148E+00
    2    0.2023632812500000E+00    0.4165805816650391E-01
    3    0.1392773437500000E+00    0.2023067474365235E-01
    4    0.1124414062500000E+00    0.1352146148681641E-01
    5    0.9044921875000000E-01    0.9007911682128906E-02
    6    0.8341796875000000E-01    0.7845878601074219E-02
    7    0.7234375000000000E-01    0.6267776489257812E-02
    8    0.6283203125000000E-01    0.4780998229980469E-02
    9    0.6119140625000000E-01    0.4580268859863281E-02
   10    0.5718750000000000E-01    0.4063796997070312E-02
   11    0.5130859375000000E-01    0.3470802307128906E-02
   12    0.4759765625000000E-01    0.3102455139160156E-02
   13    0.4388671875000000E-01    0.2723655700683594E-02
   14    0.4201171875000000E-01    0.2720985412597656E-02
   15    0.4220703125000000E-01    0.2731819152832031E-02
   16    0.3591796875000000E-01    0.2129249572753906E-02
   17    0.3681640625000000E-01    0.2288398742675781E-02
   18    0.3279296875000000E-01    0.2162208557128906E-02
   19    0.3615234375000000E-01    0.2209510803222656E-02
   20    0.3673828125000000E-01    0.2290916442871094E-02
   21    0.3416015625000000E-01    0.2128257751464844E-02
   22    0.3261718750000000E-01    0.1963577270507813E-02
   23    0.3318359375000000E-01    0.2063941955566406E-02
   24    0.3121093750000000E-01    0.1821899414062500E-02
   25    0.3322265625000000E-01    0.1973991394042969E-02
   26    0.3591796875000000E-01    0.2169837951660156E-02
   27    0.3214843750000000E-01    0.1975936889648438E-02
   28    0.3021484375000000E-01    0.1783561706542969E-02
   29    0.3042968750000000E-01    0.1760177612304688E-02
   30    0.2767578125000000E-01    0.1680030822753906E-02
   31    0.2822265625000000E-01    0.1665077209472656E-02
   32    0.2873046875000000E-01    0.1906852722167969E-02
   33    0.2814453125000000E-01    0.1903038024902344E-02
   34    0.2845703125000000E-01    0.1831855773925781E-02
   35    0.2500000000000000E-01    0.1625366210937500E-02
   36    0.2304687500000000E-01    0.1511154174804687E-02
   37    0.2572265625000000E-01    0.1742057800292969E-02
   38    0.2232421875000000E-01    0.1547355651855469E-02
   39    0.2419921875000000E-01    0.1788902282714844E-02
   40    0.1806640625000000E-01    0.1398582458496094E-02
   41    0.1617187500000000E-01    0.1361389160156250E-02
   42    0.1972656250000000E-01    0.1608734130859375E-02
   43    0.2054687500000000E-01    0.1460494995117188E-02
   44    0.1775390625000000E-01    0.1276893615722656E-02
   45    0.2087890625000000E-01    0.1411628723144531E-02
   46    0.2222656250000000E-01    0.1343917846679688E-02
   47    0.2257812500000000E-01    0.1399612426757812E-02
   48    0.2386718750000000E-01    0.1433792114257813E-02
   49    0.2271484375000000E-01    0.1423225402832031E-02
   50    0.2201171875000000E-01    0.1420478820800781E-02
   51    0.1951171875000000E-01    0.1386833190917969E-02
   52    0.1890625000000000E-01    0.1184692382812500E-02
   53    0.1677734375000000E-01    0.1167030334472656E-02
   54    0.1701171875000000E-01    0.1153068542480469E-02
   55    0.2072265625000000E-01    0.1269035339355469E-02
   56    0.2312500000000000E-01    0.1308135986328125E-02
   57    0.1791015625000000E-01    0.1120719909667969E-02
   58    0.1841796875000000E-01    0.1075630187988281E-02
   59    0.1726562500000000E-01    0.1048889160156250E-02
   60    0.1562500000000000E-01    0.1161727905273438E-02
   61    0.1843750000000000E-01    0.1165924072265625E-02
   62    0.2228515625000000E-01    0.1313667297363281E-02
   63    0.1882812500000000E-01    0.1224899291992188E-02
   64    0.1726562500000000E-01    0.1277694702148437E-02
   65    0.1912109375000000E-01    0.1147880554199219E-02
   66    0.1988281250000000E-01    0.1266174316406250E-02
   67    0.2044921875000000E-01    0.1243247985839844E-02
   68    0.1804687500000000E-01    0.1214447021484375E-02
   69    0.1681640625000000E-01    0.1254539489746094E-02
   70    0.1537109375000000E-01    0.1142082214355469E-02
   71    0.1677734375000000E-01    0.1273841857910156E-02
   72    0.1503906250000000E-01    0.1252517700195312E-02
   73    0.1324218750000000E-01    0.1049652099609375E-02
   74    0.1537109375000000E-01    0.1128730773925781E-02
   75    0.1439453125000000E-01    0.1149177551269531E-02
   76    0.1333984375000000E-01    0.9239578247070313E-03
   77    0.1462890625000000E-01    0.1022758483886719E-02
   78    0.1462890625000000E-01    0.1039085388183594E-02
   79    0.1291015625000000E-01    0.1110572814941406E-02
   80    0.1533203125000000E-01    0.1071815490722656E-02
   81    0.1236328125000000E-01    0.1039466857910156E-02
   82    0.1398437500000000E-01    0.9977722167968750E-03
   83    0.1255859375000000E-01    0.1054039001464844E-02
   84    0.1140625000000000E-01    0.1024627685546875E-02
   85    0.1271484375000000E-01    0.1077842712402344E-02
   86    0.1142578125000000E-01    0.1002998352050781E-02
   87    0.1308593750000000E-01    0.1166839599609375E-02
   88    0.1277343750000000E-01    0.1221694946289062E-02
   89    0.1376953125000000E-01    0.1229896545410156E-02
   90    0.1240234375000000E-01    0.1213417053222656E-02
   91    0.1232421875000000E-01    0.1228752136230469E-02
   92    0.1224609375000000E-01    0.1238059997558594E-02
   93    0.1275390625000000E-01    0.1062889099121094E-02
   94    0.1468750000000000E-01    0.1340026855468750E-02
   95    0.1261718750000000E-01    0.1207351684570312E-02
   96    0.1316406250000000E-01    0.1247329711914063E-02
   97    0.1300781250000000E-01    0.1101379394531250E-02
   98    0.1281250000000000E-01    0.1122207641601563E-02
   99    0.1406250000000000E-01    0.1078720092773437E-02
  100    0.1337890625000000E-01    0.1120414733886719E-02
