# time =    0.4361
    0    0.1000000000000000E+01    0.1000000000000000E+01
    1    0.3348046875000000E+00    0.1128263092041016E+00
    2    0.1241601562500000E+00    0.1624675750732422E-01
    3    0.5271484375000000E-01    0.3615074157714844E-02
    4    0.2509765625000000E-01    0.1625709533691406E-02
    5    0.1160156250000000E-01    0.1073226928710937E-02
    6    0.2929687500000000E-02    0.9759521484375000E-03
    7    0.5000000000000000E-02    0.1047286987304688E-02
    8    0.6503906250000000E-02    0.1054115295410156E-02
    9    0.3750000000000000E-02    0.6947326660156250E-03
   10    0.7070312500000000E-02    0.1000671386718750E-02
   11    0.1621093750000000E-02    0.8810043334960937E-03
   12   -0.1054687500000000E-02    0.8808898925781250E-03
   13   -0.3125000000000000E-03    0.8968353271484375E-03
   14    0.8593750000000000E-03    0.8561706542968750E-03
   15    0.1210937500000000E-02    0.8107757568359375E-03
   16    0.4843750000000000E-02    0.9293365478515625E-03
   17   -0.7226562500000000E-03    0.7663345336914062E-03
   18   -0.4238281250000000E-02    0.7178115844726562E-03
   19   -0.7714843750000000E-02    0.8590316772460937E-03
   20   -0.2167968750000000E-02    0.1029930114746094E-02
   21   -0.3847656250000000E-02    0.1129875183105469E-02
   22   -0.2832031250000000E-02    0.9166336059570312E-03
   23   -0.2031250000000000E-02    0.8334350585937500E-03
   24   -0.3183593750000000E-02    0.9782028198242188E-03
   25   -0.5917968750000000E-02    0.1002922058105469E-02
   26   -0.6328125000000000E-02    0.9211730957031250E-03
   27    0.3300781250000000E-02    0.9719467163085937E-03
   28    0.2109375000000000E-02    0.1208114624023437E-02
   29    0.6640625000000000E-03    0.9543609619140625E-03
   30   -0.2304687500000000E-02    0.8384704589843750E-03
   31    0.9277343750000000E-02    0.1217155456542969E-02
   32    0.1523437500000000E-02    0.1014175415039063E-02
   33    0.3710937500000000E-03    0.9924697875976563E-03
   34    0.1367187500000000E-02    0.9259796142578125E-03
   35    0.1679687500000000E-02    0.9920501708984375E-03
   36   -0.6054687500000000E-03    0.9699630737304688E-03
   37    0.2929687500000000E-02    0.1095352172851562E-02
   38    0.5078125000000000E-03    0.8158111572265626E-03
   39    0.2207031250000000E-02    0.9112930297851562E-03
   40    0.2402343750000000E-02    0.8819961547851563E-03
   41    0.1640625000000000E-02    0.1112289428710937E-02
   42   -0.1191406250000000E-02    0.1255378723144531E-02
   43   -0.5156250000000000E-02    0.1014709472656250E-02
   44   -0.2910156250000000E-02    0.1050605773925781E-02
   45   -0.2207031250000000E-02    0.1084022521972656E-02
   46   -0.4023437500000000E-02    0.8261108398437500E-03
   47   -0.1562500000000000E-02    0.9777832031250000E-03
   48   -0.9179687499999999E-03    0.9086227416992187E-03
   49    0.9765625000000000E-03    0.8960723876953125E-03
   50   -0.1015625000000000E-02    0.1307144165039063E-02
   51    0.3125000000000000E-03    0.1101379394531250E-02
   52   -0.2558593750000000E-02    0.6921768188476562E-03
   53   -0.4433593750000000E-02    0.8732986450195313E-03
   54   -0.5449218750000000E-02    0.1072502136230469E-02
   55   -0.1914062500000000E-02    0.1002044677734375E-02
   56   -0.3417968750000000E-02    0.1012382507324219E-02
   57    0.6640625000000000E-03    0.9380340576171875E-03
   58    0.1718750000000000E-02    0.9970855712890625E-03
   59    0.5664062500000000E-03    0.8420944213867188E-03
   60    0.4042968750000000E-02    0.9351730346679688E-03
   61    0.6992187500000000E-02    0.1070785522460937E-02
   62    0.5839843750000000E-02    0.1119117736816406E-02
   63    0.1757812500000000E-03    0.9123611450195312E-03
   64   -0.1796875000000000E-02    0.1141662597656250E-02
   65   -0.1171875000000000E-03    0.9617614746093750E-03
   66   -0.1757812500000000E-03    0.8724594116210938E-03
   67   -0.4824218750000000E-02    0.1015586853027344E-02
   68   -0.5292968750000000E-02    0.1026420593261719E-02
   69   -0.4199218750000000E-02    0.9291458129882812E-03
   70    0.3574218750000000E-02    0.8350753784179687E-03
   71   -0.4003906250000000E-02    0.9585952758789062E-03
   72    0.3593750000000000E-02    0.8731079101562500E-03
   73    0.3046875000000000E-02    0.9494018554687500E-03
   74   -0.2187500000000000E-02    0.8876800537109375E-03
   75    0.4941406250000000E-02    0.8486557006835937E-03
   76   -0.1699218750000000E-02    0.9907150268554687E-03
   77   -0.2382812500000000E-02    0.7342529296875000E-03
   78   -0.5605468750000000E-02    0.9013748168945312E-03
   79    0.1816406250000000E-02    0.1082496643066406E-02
   80    0.1152343750000000E-02    0.1060676574707031E-02
   81    0.1933593750000000E-02    0.1104850769042969E-02
   82    0.2246093750000000E-02    0.1209678649902344E-02
   83   -0.3710937500000000E-03    0.9572982788085937E-03
   84    0.3320312500000000E-03    0.9534835815429687E-03
   85   -0.1054687500000000E-02    0.1082916259765625E-02
   86    0.1582031250000000E-02    0.1161231994628906E-02
   87    0.3632812500000000E-02    0.1112365722656250E-02
   88   -0.5468750000000001E-03    0.8411407470703125E-03
   89   -0.3593750000000000E-02    0.9782409667968750E-03
   90   -0.2871093750000000E-02    0.1087532043457031E-02
   91    0.1191406250000000E-02    0.9164810180664062E-03
   92    0.2031250000000000E-02    0.1051788330078125E-02
   93    0.6835937500000000E-03    0.8806228637695312E-03
   94    0.1660156250000000E-02    0.9869003295898437E-03
   95   -0.4648437500000000E-02    0.9851074218750000E-03
   96   -0.1093750000000000E-02    0.9111022949218750E-03
   97    0.2363281250000000E-02    0.1055183410644531E-02
   98    0.1972656250000000E-02    0.1080436706542969E-02
   99    0.1269531250000000E-02    0.1165962219238281E-02
  100    0.6835937500000000E-03    0.1184349060058594E-02
