# time =    0.4751
    0    0.1000000000000000E+01    0.1000000000000000E+01
    1    0.2191210937500000E+00    0.4859409332275390E-01
    2    0.5583984375000000E-01    0.4046974182128907E-02
    3    0.1701171875000000E-01    0.1125679016113281E-02
    4    0.9785156250000000E-02    0.1051673889160156E-02
    5    0.5234375000000000E-02    0.9098815917968750E-03
    6    0.4101562500000000E-02    0.9484100341796875E-03
    7   -0.2792968750000000E-02    0.1096687316894531E-02
    8    0.2421875000000000E-02    0.1103668212890625E-02
    9   -0.1484375000000000E-02    0.1056671142578125E-02
   10    0.3320312500000000E-03    0.1066703796386719E-02
   11   -0.4492187500000000E-03    0.1035575866699219E-02
   12    0.8593750000000000E-03    0.9031677246093750E-03
   13    0.1347656250000000E-02    0.7963943481445313E-03
   14    0.5488281250000000E-02    0.1043968200683594E-02
   15    0.5878906250000000E-02    0.9932327270507813E-03
   16    0.2226562500000000E-02    0.1139831542968750E-02
   17    0.1093750000000000E-02    0.1131362915039062E-02
   18   -0.3183593750000000E-02    0.9022140502929687E-03
   19   -0.2773437500000000E-02    0.8428192138671875E-03
   20    0.4296875000000000E-03    0.1050949096679688E-02
   21   -0.5078125000000000E-03    0.7657623291015625E-03
   22   -0.1250000000000000E-02    0.7850646972656250E-03
   23   -0.1367187500000000E-02    0.7014465332031250E-03
   24    0.4296875000000000E-03    0.1067352294921875E-02
   25   -0.1875000000000000E-02    0.1278076171875000E-02
   26    0.2382812500000000E-02    0.9600067138671875E-03
   27    0.5468750000000001E-03    0.7721710205078125E-03
   28    0.1953125000000000E-03    0.7070922851562501E-03
   29   -0.1093750000000000E-02    0.9977722167968750E-03
   30   -0.5468750000000001E-03    0.1038436889648438E-02
   31    0.4257812500000000E-02    0.1203842163085937E-02
   32   -0.3359375000000000E-02    0.1001892089843750E-02
   33   -0.4570312500000000E-02    0.8396911621093750E-03
   34    0.6835937500000000E-03    0.7968521118164062E-03
   35   -0.5566406250000000E-02    0.9774398803710938E-03
   36   -0.4042968750000000E-02    0.8875656127929687E-03
   37   -0.2812500000000000E-02    0.9984588623046875E-03
   38   -0.2128906250000000E-02    0.1089515686035156E-02
   39   -0.4375000000000000E-02    0.1179428100585938E-02
   40   -0.2695312500000000E-02    0.1067581176757813E-02
   41   -0.4375000000000000E-02    0.1220474243164062E-02
   42   -0.2539062500000000E-02    0.1330032348632813E-02
   43    0.8984375000000000E-03    0.1414794921875000E-02
   44    0.3906250000000000E-04    0.9754943847656250E-03
   45   -0.3691406250000000E-02    0.9495925903320313E-03
   46   -0.1699218750000000E-02    0.9003067016601562E-03
   47    0.5078125000000000E-03    0.8335876464843750E-03
   48    0.3671875000000000E-02    0.1116104125976562E-02
   49    0.1757812500000000E-02    0.1072769165039063E-02
   50    0.4023437500000000E-02    0.9899902343749999E-03
   51   -0.2519531250000000E-02    0.8524703979492187E-03
   52   -0.5625000000000000E-02    0.1184234619140625E-02
   53    0.3906250000000000E-04    0.1104507446289063E-02
   54    0.3066406250000000E-02    0.1040077209472656E-02
   55   -0.1582031250000000E-02    0.9858322143554688E-03
   56    0.1328125000000000E-02    0.8335113525390625E-03
   57    0.6250000000000000E-03    0.1044006347656250E-02
   58   -0.2734375000000000E-03    0.1132278442382812E-02
   59   -0.2949218750000000E-02    0.9688186645507812E-03
   60   -0.1699218750000000E-02    0.8396530151367188E-03
   61    0.3125000000000000E-03    0.8386230468750000E-03
   62    0.3417968750000000E-02    0.1087303161621094E-02
   63    0.3808593750000000E-02    0.8520889282226563E-03
   64    0.1621093750000000E-02    0.1149635314941406E-02
   65    0.3203125000000000E-02    0.1157302856445312E-02
   66    0.2285156250000000E-02    0.8609390258789062E-03
   67    0.5625000000000000E-02    0.8992767333984375E-03
   68    0.1562500000000000E-03    0.8422088623046875E-03
   69   -0.4687500000000000E-03    0.1005325317382813E-02
   70    0.6445312500000000E-03    0.8836746215820313E-03
   71    0.3750000000000000E-02    0.9116363525390625E-03
   72   -0.3691406250000000E-02    0.9348678588867187E-03
   73    0.3125000000000000E-02    0.1302947998046875E-02
   74    0.1210937500000000E-02    0.8985137939453125E-03
   75    0.2871093750000000E-02    0.1118736267089844E-02
   76    0.5859375000000000E-04    0.9364700317382813E-03
   77    0.6074218750000000E-02    0.9378433227539062E-03
   78    0.5390625000000000E-02    0.1193161010742187E-02
   79    0.7343750000000000E-02    0.9768676757812499E-03
   80    0.4394531250000000E-02    0.1486701965332031E-02
   81    0.1953125000000000E-02    0.1008453369140625E-02
   82   -0.9375000000000000E-03    0.7844543457031249E-03
   83    0.2832031250000000E-02    0.1035804748535156E-02
   84    0.3457031250000000E-02    0.9125900268554687E-03
   85   -0.2929687500000000E-03    0.1229820251464844E-02
   86   -0.3867187500000000E-02    0.9864044189453124E-03
   87   -0.3984375000000000E-02    0.8209991455078125E-03
   88    0.2753906250000000E-02    0.8440780639648438E-03
   89    0.3125000000000000E-02    0.1081085205078125E-02
   90    0.1171875000000000E-02    0.9315490722656250E-03
   91   -0.3398437500000000E-02    0.1022796630859375E-02
   92    0.2734375000000000E-03    0.7793426513671875E-03
   93   -0.3632812500000000E-02    0.9529876708984375E-03
   94    0.1152343750000000E-02    0.8689498901367187E-03
   95   -0.4101562500000000E-03    0.9754562377929688E-03
   96   -0.2929687500000000E-03    0.8414840698242188E-03
   97    0.3671875000000000E-02    0.8422088623046875E-03
   98    0.2539062500000000E-03    0.1073112487792969E-02
   99   -0.5820312500000000E-02    0.1019134521484375E-02
  100    0.9765625000000001E-04    0.1277427673339844E-02
