# time =    0.4459
    0    0.1000000000000000E+01    0.1000000000000000E+01
    1    0.3098828125000000E+00    0.9666343688964844E-01
    2    0.1133789062500000E+00    0.1381572723388672E-01
    3    0.5556640625000000E-01    0.4213066101074219E-02
    4    0.2988281250000000E-01    0.2154846191406250E-02
    5    0.1642578125000000E-01    0.1309242248535156E-02
    6    0.1458984375000000E-01    0.1196479797363281E-02
    7    0.4042968750000000E-02    0.9421157836914062E-03
    8   -0.3417968750000000E-02    0.9216690063476563E-03
    9   -0.8398437500000000E-03    0.8798599243164063E-03
   10    0.2636718750000000E-02    0.1003761291503906E-02
   11    0.5390625000000000E-02    0.6337738037109374E-03
   12   -0.1542968750000000E-02    0.7400131225585938E-03
   13   -0.3496093750000000E-02    0.1059761047363281E-02
   14    0.3125000000000000E-03    0.1076736450195312E-02
   15   -0.7812500000000000E-03    0.1068115234375000E-02
   16   -0.3457031250000000E-02    0.9351730346679688E-03
   17   -0.2441406250000000E-02    0.6995773315429687E-03
   18    0.4726562500000000E-02    0.9204864501953125E-03
   19   -0.5195312500000000E-02    0.1200866699218750E-02
   20    0.1699218750000000E-02    0.9759140014648438E-03
   21    0.6269531250000000E-02    0.1123008728027344E-02
   22    0.5859375000000000E-03    0.9220886230468750E-03
   23    0.2148437500000000E-03    0.8449172973632813E-03
   24    0.1835937500000000E-02    0.9413146972656250E-03
   25    0.1757812500000000E-02    0.8294677734375000E-03
   26    0.9960937500000000E-03    0.8499526977539063E-03
   27   -0.5859375000000000E-04    0.1061973571777344E-02
   28    0.5273437500000000E-03    0.8967971801757813E-03
   29    0.2656250000000000E-02    0.1082763671875000E-02
   30   -0.5273437500000000E-03    0.8021926879882812E-03
   31    0.2539062500000000E-02    0.1004562377929687E-02
   32    0.2988281250000000E-02    0.8746719360351562E-03
   33    0.8984375000000000E-03    0.7255554199218750E-03
   34    0.8593750000000000E-03    0.8033752441406250E-03
   35   -0.1113281250000000E-02    0.7507705688476563E-03
   36   -0.4687500000000000E-03    0.1069946289062500E-02
   37    0.2636718750000000E-02    0.9213638305664063E-03
   38    0.8789062500000000E-03    0.9435653686523437E-03
   39   -0.5371093750000000E-02    0.1062812805175781E-02
   40   -0.4492187500000000E-03    0.8625411987304688E-03
   41   -0.1035156250000000E-02    0.9605026245117187E-03
   42    0.1562500000000000E-02    0.8309173583984375E-03
   43    0.1640625000000000E-02    0.1028823852539062E-02
   44   -0.8398437500000000E-03    0.8209609985351563E-03
   45   -0.1796875000000000E-02    0.1105041503906250E-02
   46   -0.8007812500000000E-03    0.9520339965820312E-03
   47   -0.4218750000000000E-02    0.8670806884765625E-03
   48   -0.3613281250000000E-02    0.8646774291992187E-03
   49   -0.6835937500000000E-03    0.1179847717285156E-02
   50    0.3066406250000000E-02    0.1059226989746094E-02
   51   -0.2207031250000000E-02    0.9407424926757813E-03
   52   -0.1992187500000000E-02    0.1045913696289063E-02
   53   -0.2187500000000000E-02    0.9680175781250000E-03
   54    0.1679687500000000E-02    0.9980010986328125E-03
   55    0.4140625000000000E-02    0.9557342529296875E-03
   56    0.8398437500000000E-03    0.1199455261230469E-02
   57    0.5078125000000000E-03    0.8605194091796875E-03
   58    0.9765625000000000E-03    0.9005737304687500E-03
   59    0.1269531250000000E-02    0.9928512573242187E-03
   60   -0.4296875000000000E-03    0.1086502075195312E-02
   61   -0.2597656250000000E-02    0.9973526000976562E-03
   62   -0.4960937500000000E-02    0.6529998779296875E-03
   63   -0.3730468750000000E-02    0.1222190856933594E-02
   64    0.4296875000000000E-02    0.9006500244140625E-03
   65    0.2890625000000000E-02    0.9585571289062500E-03
   66   -0.1601562500000000E-02    0.9821319580078124E-03
   67    0.5859375000000000E-04    0.7527542114257813E-03
   68   -0.7148437500000000E-02    0.1199188232421875E-02
   69    0.1816406250000000E-02    0.1010780334472656E-02
   70    0.2949218750000000E-02    0.8996200561523438E-03
   71    0.1621093750000000E-02    0.1156730651855469E-02
   72   -0.7226562500000000E-03    0.1256370544433594E-02
   73    0.2011718750000000E-02    0.1209144592285156E-02
   74   -0.1757812500000000E-02    0.8287811279296875E-03
   75   -0.9375000000000000E-03    0.1266326904296875E-02
   76    0.2363281250000000E-02    0.8655929565429687E-03
   77   -0.5800781250000000E-02    0.9281539916992188E-03
   78   -0.6015625000000000E-02    0.9311676025390625E-03
   79    0.1953125000000000E-03    0.1044769287109375E-02
   80    0.4609375000000000E-02    0.9761810302734375E-03
   81   -0.6835937500000000E-03    0.1052894592285156E-02
   82    0.1972656250000000E-02    0.9265518188476562E-03
   83   -0.4785156250000000E-02    0.1023216247558594E-02
   84   -0.3808593750000000E-02    0.9373855590820312E-03
   85   -0.3632812500000000E-02    0.9786987304687500E-03
   86   -0.3515625000000000E-03    0.8141326904296875E-03
   87    0.5175781250000000E-02    0.9666824340820312E-03
   88    0.1738281250000000E-02    0.1150398254394531E-02
   89    0.4453125000000000E-02    0.9380340576171875E-03
   90    0.3554687500000000E-02    0.9303283691406250E-03
   91    0.1054687500000000E-02    0.1202697753906250E-02
   92   -0.3593750000000000E-02    0.9341430664062500E-03
   93   -0.3203125000000000E-02    0.1184616088867188E-02
   94   -0.5273437500000000E-03    0.1281929016113281E-02
   95    0.5078125000000000E-03    0.1171493530273438E-02
   96   -0.1093750000000000E-02    0.9979248046875001E-03
   97   -0.5859375000000000E-03    0.1094589233398437E-02
   98    0.5078125000000000E-03    0.8405303955078125E-03
   99   -0.4687500000000000E-02    0.1175994873046875E-02
  100   -0.1367187500000000E-03    0.1015586853027344E-02
