# time =    0.4405
    0    0.1000000000000000E+01    0.1000000000000000E+01
    1    0.3410937500000000E+00    0.1169815063476562E+00
    2    0.1436718750000000E+00    0.2160202026367188E-01
    3    0.7517578125000000E-01    0.6678581237792969E-02
    4    0.5193359375000000E-01    0.3708534240722656E-02
    5    0.3593750000000000E-01    0.2321395874023437E-02
    6    0.2474609375000000E-01    0.1917991638183594E-02
    7    0.1484375000000000E-01    0.1259307861328125E-02
    8    0.5527343750000000E-02    0.7989120483398438E-03
    9    0.1601562500000000E-02    0.1149597167968750E-02
   10    0.1777343750000000E-02    0.1048393249511719E-02
   11    0.2089843750000000E-02    0.7999038696289062E-03
   12    0.2148437500000000E-02    0.9520721435546875E-03
   13    0.7812500000000000E-04    0.1204833984375000E-02
   14   -0.4472656250000000E-02    0.9483718872070313E-03
   15    0.1562500000000000E-03    0.8363342285156250E-03
   16    0.1093750000000000E-02    0.1022491455078125E-02
   17    0.1171875000000000E-02    0.1072463989257812E-02
   18   -0.1757812500000000E-03    0.9486770629882812E-03
   19   -0.8007812500000000E-03    0.9399032592773437E-03
   20   -0.1035156250000000E-02    0.1015815734863281E-02
   21    0.1210937500000000E-02    0.1063690185546875E-02
   22    0.1445312500000000E-02    0.7527923583984375E-03
   23    0.1191406250000000E-02    0.8641433715820313E-03
   24   -0.1621093750000000E-02    0.1019935607910156E-02
   25    0.2070312500000000E-02    0.9881591796875001E-03
   26   -0.5195312500000000E-02    0.9803009033203126E-03
   27   -0.1562500000000000E-02    0.9738922119140625E-03
   28   -0.4882812500000000E-03    0.1067848205566406E-02
   29    0.4003906250000000E-02    0.8823776245117188E-03
   30    0.4667968750000000E-02    0.1050834655761719E-02
   31    0.2812500000000000E-02    0.7494354248046875E-03
   32    0.7617187500000000E-03    0.1103324890136719E-02
   33    0.1367187500000000E-02    0.9896850585937500E-03
   34   -0.3652343750000000E-02    0.1035881042480469E-02
   35   -0.4980468750000000E-02    0.7709121704101563E-03
   36    0.2343750000000000E-02    0.8369445800781250E-03
   37   -0.3515625000000000E-02    0.1024856567382813E-02
   38   -0.2285156250000000E-02    0.9220504760742188E-03
   39   -0.6054687500000000E-03    0.9058761596679687E-03
   40    0.5859375000000000E-04    0.9741592407226563E-03
   41   -0.1210937500000000E-02    0.9748077392578125E-03
   42   -0.1953125000000000E-04    0.1011543273925781E-02
   43    0.5390625000000000E-02    0.1043090820312500E-02
   44    0.1269531250000000E-02    0.9700393676757812E-03
   45   -0.3027343750000000E-02    0.1174049377441406E-02
   46    0.9960937500000000E-03    0.9776687622070313E-03
   47   -0.1367187500000000E-02    0.1272964477539062E-02
   48    0.1718750000000000E-02    0.9228515625000000E-03
   49    0.4609375000000000E-02    0.8766174316406250E-03
   50    0.3593750000000000E-02    0.8084106445312500E-03
   51    0.1328125000000000E-02    0.9500122070312500E-03
   52    0.2792968750000000E-02    0.9424972534179687E-03
   53    0.2167968750000000E-02    0.1090354919433594E-02
   54    0.1679687500000000E-02    0.9796905517578125E-03
   55    0.1796875000000000E-02    0.1000747680664062E-02
   56    0.1347656250000000E-02    0.9320449829101563E-03
   57   -0.2656250000000000E-02    0.1040267944335937E-02
   58   -0.3417968750000000E-02    0.9816360473632812E-03
   59   -0.3515625000000000E-02    0.9397888183593751E-03
   60   -0.3613281250000000E-02    0.8049392700195312E-03
   61   -0.4335937500000000E-02    0.9899902343749999E-03
   62    0.7031250000000000E-03    0.8177947998046875E-03
   63    0.4042968750000000E-02    0.7432937622070312E-03
   64    0.1699218750000000E-02    0.9776687622070313E-03
   65    0.1796875000000000E-02    0.9387969970703125E-03
   66   -0.1171875000000000E-03    0.8193969726562500E-03
   67    0.7031250000000000E-03    0.1009521484375000E-02
   68    0.1425781250000000E-02    0.9915542602539063E-03
   69    0.2558593750000000E-02    0.9602737426757812E-03
   70    0.2265625000000000E-02    0.6818389892578125E-03
   71    0.7617187500000000E-03    0.1004219055175781E-02
   72    0.4414062500000000E-02    0.9751892089843749E-03
   73    0.7031250000000000E-03    0.8730316162109376E-03
   74   -0.2109375000000000E-02    0.8438873291015625E-03
   75   -0.2011718750000000E-02    0.8666610717773437E-03
   76    0.1582031250000000E-02    0.8675003051757812E-03
   77    0.2246093750000000E-02    0.9486770629882812E-03
   78    0.7226562500000000E-03    0.8772659301757812E-03
   79   -0.1054687500000000E-02    0.7997131347656249E-03
   80   -0.1113281250000000E-02    0.8304977416992188E-03
   81   -0.7226562500000000E-03    0.9907913208007813E-03
   82    0.3632812500000000E-02    0.1102523803710937E-02
   83    0.1523437500000000E-02    0.1029281616210937E-02
   84   -0.1113281250000000E-02    0.7876205444335937E-03
   85   -0.3652343750000000E-02    0.1037406921386719E-02
   86    0.1914062500000000E-02    0.9957122802734374E-03
   87   -0.1933593750000000E-02    0.1031074523925781E-02
   88   -0.2773437500000000E-02    0.1101837158203125E-02
   89   -0.4843750000000000E-02    0.8975982666015625E-03
   90   -0.3007812500000000E-02    0.6762695312500000E-03
   91   -0.1796875000000000E-02    0.7102966308593750E-03
   92   -0.4101562500000000E-03    0.1022453308105469E-02
   93   -0.1035156250000000E-02    0.9952163696289062E-03
   94    0.1269531250000000E-02    0.1024131774902344E-02
   95    0.4023437500000000E-02    0.9112548828125000E-03
   96    0.3886718750000000E-02    0.7692337036132813E-03
   97    0.7753906250000000E-02    0.7546615600585938E-03
   98    0.3359375000000000E-02    0.9149169921875000E-03
   99    0.2656250000000000E-02    0.8081054687500000E-03
  100    0.1953125000000000E-02    0.1136016845703125E-02
