# time =    0.4749
    0    0.1000000000000000E+01    0.1000000000000000E+01
    1    0.1913085937500000E+00    0.3764629364013672E-01
    2    0.4107421875000000E-01    0.2683525085449219E-02
    3    0.8964843750000000E-02    0.1214332580566406E-02
    4   -0.8984375000000000E-03    0.7471466064453126E-03
    5   -0.3320312500000000E-03    0.8636093139648437E-03
    6   -0.3574218750000000E-02    0.9324264526367188E-03
    7    0.1250000000000000E-02    0.8857727050781250E-03
    8    0.7031250000000000E-03    0.1050109863281250E-02
    9    0.2031250000000000E-02    0.1149673461914062E-02
   10    0.4492187500000000E-03    0.1246604919433594E-02
   11    0.3515625000000000E-03    0.9886932373046875E-03
   12    0.3203125000000000E-02    0.9932708740234375E-03
   13    0.2578125000000000E-02    0.1112747192382812E-02
   14    0.0000000000000000E+00    0.9805297851562501E-03
   15   -0.9941406250000000E-02    0.1126518249511719E-02
   16   -0.3281250000000000E-02    0.8808135986328125E-03
   17    0.6445312500000000E-03    0.8650588989257813E-03
   18   -0.3066406250000000E-02    0.7221603393554688E-03
   19   -0.3945312500000000E-02    0.1037979125976563E-02
   20    0.6640625000000000E-03    0.1201705932617187E-02
   21    0.3906250000000000E-03    0.1333084106445312E-02
   22    0.2324218750000000E-02    0.8607864379882813E-03
   23   -0.3515625000000000E-02    0.1029205322265625E-02
   24   -0.2402343750000000E-02    0.1090888977050781E-02
   25   -0.2871093750000000E-02    0.8967208862304687E-03
   26   -0.3164062500000000E-02    0.8333587646484375E-03
   27    0.1445312500000000E-02    0.9478759765625000E-03
   28   -0.1562500000000000E-03    0.9711456298828125E-03
   29    0.5761718750000000E-02    0.9920883178710937E-03
   30   -0.1054687500000000E-02    0.1342773437500000E-02
   31    0.3535156250000000E-02    0.1023292541503906E-02
   32   -0.1171875000000000E-02    0.1043777465820313E-02
   33    0.1699218750000000E-02    0.9069442749023438E-03
   34    0.3750000000000000E-02    0.8409118652343750E-03
   35    0.2304687500000000E-02    0.1079788208007813E-02
   36    0.5859375000000000E-03    0.9526824951171875E-03
   37   -0.1328125000000000E-02    0.1036071777343750E-02
   38   -0.2421875000000000E-02    0.1320877075195312E-02
   39   -0.1386718750000000E-02    0.9395980834960938E-03
   40    0.6367187500000000E-02    0.9136962890625000E-03
   41   -0.1171875000000000E-03    0.7875061035156250E-03
   42   -0.2324218750000000E-02    0.9091567993164063E-03
   43   -0.1152343750000000E-02    0.8438491821289063E-03
   44   -0.1406250000000000E-02    0.1193466186523438E-02
   45    0.2089843750000000E-02    0.1044425964355469E-02
   46   -0.4687500000000000E-03    0.9839630126953125E-03
   47    0.2207031250000000E-02    0.1013145446777344E-02
   48   -0.6972656250000000E-02    0.9519577026367188E-03
   49   -0.6816406250000000E-02    0.1065788269042969E-02
   50   -0.7851562499999999E-02    0.1138458251953125E-02
   51   -0.3769531250000000E-02    0.7360458374023437E-03
   52    0.2109375000000000E-02    0.1068878173828125E-02
   53   -0.2753906250000000E-02    0.1170310974121094E-02
   54    0.2519531250000000E-02    0.7593154907226563E-03
   55   -0.8007812500000000E-03    0.8681869506835938E-03
   56   -0.3847656250000000E-02    0.9657669067382812E-03
   57   -0.2011718750000000E-02    0.9952163696289062E-03
   58    0.4140625000000000E-02    0.9775543212890625E-03
   59    0.3593750000000000E-02    0.1224288940429687E-02
   60   -0.7812500000000000E-04    0.8908081054687500E-03
   61   -0.4082031250000000E-02    0.1061592102050781E-02
   62   -0.7382812500000000E-02    0.1012115478515625E-02
   63    0.5273437500000000E-03    0.1009712219238281E-02
   64    0.3847656250000000E-02    0.1108436584472656E-02
   65    0.3515625000000000E-03    0.9968566894531250E-03
   66    0.4687500000000000E-03    0.9868621826171875E-03
   67   -0.2968750000000000E-02    0.7930755615234375E-03
   68    0.9765625000000001E-04    0.1009254455566406E-02
   69   -0.9179687499999999E-03    0.9326553344726563E-03
   70   -0.3046875000000000E-02    0.9594726562500000E-03
   71   -0.5859375000000000E-03    0.9429931640625000E-03
   72   -0.1367187500000000E-03    0.8388900756835937E-03
   73    0.4824218750000000E-02    0.1029396057128906E-02
   74    0.3574218750000000E-02    0.9666824340820312E-03
   75    0.1953125000000000E-02    0.8419799804687500E-03
   76   -0.2382812500000000E-02    0.8602142333984375E-03
   77    0.1933593750000000E-02    0.9095382690429688E-03
   78    0.1250000000000000E-02    0.6960296630859375E-03
   79    0.1777343750000000E-02    0.9740066528320313E-03
   80    0.1054687500000000E-02    0.9819793701171876E-03
   81   -0.1171875000000000E-03    0.9423065185546875E-03
   82   -0.8984375000000000E-03    0.1009521484375000E-02
   83   -0.3750000000000000E-02    0.8137512207031250E-03
   84    0.5859375000000000E-03    0.9281921386718750E-03
   85    0.1542968750000000E-02    0.1000480651855469E-02
   86    0.3535156250000000E-02    0.9543228149414062E-03
   87    0.8789062500000000E-03    0.8376693725585938E-03
   88    0.1425781250000000E-02    0.9935379028320312E-03
   89    0.2539062500000000E-02    0.9552001953125000E-03
   90   -0.2167968750000000E-02    0.9482192993164062E-03
   91    0.3261718750000000E-02    0.9926986694335938E-03
   92    0.5156250000000000E-02    0.8706665039062500E-03
   93   -0.2109375000000000E-02    0.9491729736328125E-03
   94    0.2343750000000000E-02    0.7162475585937500E-03
   95   -0.3300781250000000E-02    0.1054725646972656E-02
   96    0.2929687500000000E-02    0.7836914062500000E-03
   97    0.8593750000000001E-02    0.9103393554687499E-03
   98    0.3027343750000000E-02    0.9557723999023438E-03
   99   -0.4609375000000000E-02    0.9152221679687500E-03
  100   -0.2519531250000000E-02    0.1029472351074219E-02
