# time =    0.4567
    0    0.1000000000000000E+01    0.1000000000000000E+01
    1    0.2629296875000000E+00    0.6995117187500000E-01
    2    0.7466796874999999E-01    0.6423454284667968E-02
    3    0.2076171875000000E-01    0.1493644714355469E-02
    4    0.1253906250000000E-01    0.1204299926757812E-02
    5    0.2890625000000000E-02    0.9684753417968750E-03
    6   -0.1699218750000000E-02    0.1010932922363281E-02
    7    0.2265625000000000E-02    0.8515930175781250E-03
    8    0.2187500000000000E-02    0.8189392089843750E-03
    9    0.5527343750000000E-02    0.9471511840820312E-03
   10   -0.9765625000000001E-04    0.1100502014160156E-02
   11   -0.1503906250000000E-02    0.9621047973632813E-03
   12   -0.3867187500000000E-02    0.9396362304687500E-03
   13   -0.6367187500000000E-02    0.8596038818359375E-03
   14   -0.3808593750000000E-02    0.7709884643554688E-03
   15   -0.6816406250000000E-02    0.1009559631347656E-02
   16    0.2246093750000000E-02    0.1079978942871094E-02
   17   -0.6093750000000000E-02    0.1105728149414063E-02
   18   -0.1386718750000000E-02    0.9764480590820312E-03
   19   -0.1347656250000000E-02    0.1201820373535156E-02
   20    0.9765625000000001E-04    0.9454727172851562E-03
   21   -0.2753906250000000E-02    0.8419418334960938E-03
   22   -0.3105468750000000E-02    0.1163825988769531E-02
   23    0.1074218750000000E-02    0.7918930053710938E-03
   24   -0.3339843750000000E-02    0.1066017150878906E-02
   25   -0.3320312500000000E-02    0.8622741699218750E-03
   26    0.4863281250000000E-02    0.1150321960449219E-02
   27    0.2773437500000000E-02    0.1004791259765625E-02
   28   -0.2968750000000000E-02    0.9452819824218750E-03
   29    0.3066406250000000E-02    0.1026268005371094E-02
   30   -0.2167968750000000E-02    0.1184501647949219E-02
   31   -0.4531250000000000E-02    0.1041870117187500E-02
   32   -0.3886718750000000E-02    0.9471511840820312E-03
   33   -0.2539062500000000E-03    0.1108512878417969E-02
   34    0.3515625000000000E-03    0.7008361816406250E-03
   35    0.1152343750000000E-02    0.8876419067382812E-03
   36   -0.1621093750000000E-02    0.1140174865722656E-02
   37    0.2539062500000000E-03    0.1112632751464844E-02
   38    0.1054687500000000E-02    0.9919738769531251E-03
   39   -0.1953125000000000E-03    0.9783935546875001E-03
   40    0.7070312500000000E-02    0.1304321289062500E-02
   41    0.4707031250000000E-02    0.1116065979003906E-02
   42   -0.2539062500000000E-02    0.8736419677734375E-03
   43   -0.1660156250000000E-02    0.9048080444335937E-03
   44   -0.1757812500000000E-03    0.9393692016601562E-03
   45    0.5332031250000000E-02    0.1061668395996094E-02
   46   -0.9765625000000001E-04    0.9506607055664063E-03
   47    0.5371093750000000E-02    0.1041908264160156E-02
   48   -0.8593750000000000E-03    0.1124877929687500E-02
   49    0.3906250000000000E-04    0.1053695678710938E-02
   50    0.3925781250000000E-02    0.1029930114746094E-02
   51    0.6054687500000000E-03    0.8817672729492188E-03
   52   -0.3320312500000000E-03    0.9967422485351563E-03
   53    0.2714843750000000E-02    0.8216476440429687E-03
   54    0.1113281250000000E-02    0.7631301879882813E-03
   55    0.1308593750000000E-02    0.1010017395019531E-02
   56    0.2128906250000000E-02    0.7928085327148438E-03
   57    0.9765625000000001E-04    0.9997177124023437E-03
   58    0.3125000000000000E-02    0.1226730346679687E-02
   59   -0.5332031250000000E-02    0.9985733032226562E-03
   60   -0.1718750000000000E-02    0.1140594482421875E-02
   61   -0.5273437500000000E-03    0.8269882202148437E-03
   62    0.8203125000000000E-03    0.9576416015625000E-03
   63    0.9960937500000000E-03    0.7405471801757812E-03
   64   -0.1191406250000000E-02    0.9980392456054687E-03
   65   -0.2871093750000000E-02    0.9377670288085938E-03
   66   -0.3105468750000000E-02    0.9903335571289063E-03
   67   -0.2734375000000000E-03    0.1335144042968750E-02
   68    0.1464843750000000E-02    0.1019172668457031E-02
   69   -0.4589843750000000E-02    0.1075477600097656E-02
   70   -0.5273437500000000E-02    0.9424591064453125E-03
   71   -0.5683593750000000E-02    0.1214332580566406E-02
   72   -0.1171875000000000E-02    0.8964538574218750E-03
   73   -0.5214843750000000E-02    0.9763717651367187E-03
   74   -0.5625000000000000E-02    0.1119308471679688E-02
   75    0.2949218750000000E-02    0.9724044799804687E-03
   76    0.1289062500000000E-02    0.8467102050781250E-03
   77    0.3378906250000000E-02    0.7820510864257812E-03
   78   -0.5273437500000000E-03    0.9581375122070312E-03
   79   -0.1171875000000000E-02    0.9749603271484375E-03
   80   -0.1718750000000000E-02    0.9944152832031250E-03
   81   -0.1621093750000000E-02    0.9317398071289062E-03
   82   -0.1835937500000000E-02    0.9098052978515625E-03
   83   -0.1093750000000000E-02    0.8877563476562500E-03
   84    0.1738281250000000E-02    0.9597396850585938E-03
   85   -0.2714843750000000E-02    0.8850479125976562E-03
   86    0.3046875000000000E-02    0.9397888183593751E-03
   87   -0.4687500000000000E-03    0.1184616088867188E-02
   88   -0.5878906250000000E-02    0.9158706665039063E-03
   89   -0.1875000000000000E-02    0.1096343994140625E-02
   90   -0.1210937500000000E-02    0.8917236328125000E-03
   91   -0.6738281250000000E-02    0.1059379577636719E-02
   92   -0.2148437500000000E-03    0.1002616882324219E-02
   93   -0.2636718750000000E-02    0.9658432006835937E-03
   94   -0.5859375000000000E-03    0.8842468261718750E-03
   95   -0.1171875000000000E-03    0.1136627197265625E-02
   96   -0.4433593750000000E-02    0.9856033325195313E-03
   97    0.3105468750000000E-02    0.8611679077148438E-03
   98    0.6054687500000000E-03    0.1230583190917969E-02
   99    0.3496093750000000E-02    0.9001541137695312E-03
  100    0.2148437500000000E-02    0.9184265136718750E-03
