# time =    0.4701
    0    0.1000000000000000E+01    0.1000000000000000E+01
    1    0.2619531250000000E+00    0.6965667724609376E-01
    2    0.9771484375000000E-01    0.1042789459228516E-01
    3    0.4162109375000000E-01    0.2775535583496094E-02
    4    0.2101562500000000E-01    0.1371307373046875E-02
    5    0.9062499999999999E-02    0.1024932861328125E-02
    6    0.9394531249999999E-02    0.1183204650878906E-02
    7    0.1601562500000000E-02    0.8904266357421875E-03
    8   -0.1542968750000000E-02    0.1015739440917969E-02
    9   -0.3398437500000000E-02    0.8795928955078125E-03
   10   -0.6054687500000000E-03    0.9281539916992188E-03
   11    0.1367187500000000E-02    0.8794403076171875E-03
   12    0.2265625000000000E-02    0.8858489990234375E-03
   13   -0.5722656250000000E-02    0.9485244750976563E-03
   14   -0.1777343750000000E-02    0.1068382263183594E-02
   15    0.1601562500000000E-02    0.9867095947265626E-03
   16    0.1074218750000000E-02    0.1022758483886719E-02
   17   -0.1484375000000000E-02    0.8084869384765625E-03
   18    0.1757812500000000E-03    0.8640670776367187E-03
   19   -0.2382812500000000E-02    0.7556152343750000E-03
   20   -0.5292968750000000E-02    0.9197616577148438E-03
   21   -0.2128906250000000E-02    0.7041549682617188E-03
   22   -0.2226562500000000E-02    0.9835815429687499E-03
   23   -0.5000000000000000E-02    0.1068572998046875E-02
   24   -0.2226562500000000E-02    0.1089172363281250E-02
   25   -0.1328125000000000E-02    0.9972381591796876E-03
   26   -0.6015625000000000E-02    0.8272552490234376E-03
   27   -0.8339843749999999E-02    0.1064720153808594E-02
   28   -0.1738281250000000E-02    0.9403610229492187E-03
   29   -0.1386718750000000E-02    0.1065101623535156E-02
   30   -0.3515625000000000E-02    0.7534027099609375E-03
   31   -0.1367187500000000E-02    0.8205413818359375E-03
   32   -0.1269531250000000E-02    0.7526779174804688E-03
   33    0.6699218750000000E-02    0.1241188049316406E-02
   34    0.6015625000000000E-02    0.1164779663085937E-02
   35   -0.6445312500000000E-03    0.9621810913085937E-03
   36    0.4882812500000000E-03    0.1231575012207031E-02
   37    0.7421875000000000E-03    0.1057052612304688E-02
   38   -0.2617187500000000E-02    0.9203338623046875E-03
   39   -0.1992187500000000E-02    0.1085433959960938E-02
   40   -0.3808593750000000E-02    0.1022682189941406E-02
   41   -0.3710937500000000E-02    0.1108703613281250E-02
   42   -0.1562500000000000E-03    0.1055221557617188E-02
   43   -0.1933593750000000E-02    0.1029014587402344E-02
   44   -0.1289062500000000E-02    0.8347320556640625E-03
   45   -0.1464843750000000E-02    0.9102249145507813E-03
   46   -0.1171875000000000E-03    0.1062469482421875E-02
   47    0.4003906250000000E-02    0.8894729614257812E-03
   48    0.7382812500000000E-02    0.1299514770507813E-02
   49    0.3964843750000000E-02    0.9262466430664063E-03
   50    0.9492187500000001E-02    0.9701538085937500E-03
   51    0.8613281250000000E-02    0.9650802612304688E-03
   52   -0.1542968750000000E-02    0.8285140991210937E-03
   53    0.2285156250000000E-02    0.8914566040039062E-03
   54   -0.4550781250000000E-02    0.8851242065429688E-03
   55   -0.1582031250000000E-02    0.1125907897949219E-02
   56    0.4062500000000000E-02    0.9434509277343750E-03
   57    0.1113281250000000E-02    0.9034347534179688E-03
   58    0.2753906250000000E-02    0.8946609497070313E-03
   59   -0.1269531250000000E-02    0.1167869567871094E-02
   60   -0.8203125000000000E-03    0.8898162841796875E-03
   61   -0.1152343750000000E-02    0.1048851013183594E-02
   62    0.3300781250000000E-02    0.1114921569824219E-02
   63   -0.9179687499999999E-03    0.1127052307128906E-02
   64   -0.4257812500000000E-02    0.1007843017578125E-02
   65   -0.2304687500000000E-02    0.1048583984375000E-02
   66   -0.2656250000000000E-02    0.9840393066406249E-03
   67    0.8398437500000000E-03    0.9503555297851562E-03
   68    0.2246093750000000E-02    0.8919143676757813E-03
   69    0.1835937500000000E-02    0.9895324707031249E-03
   70   -0.2246093750000000E-02    0.1240119934082031E-02
   71   -0.2421875000000000E-02    0.1108398437500000E-02
   72    0.4062500000000000E-02    0.1045150756835938E-02
   73    0.6445312500000000E-03    0.8695602416992187E-03
   74   -0.4492187500000000E-03    0.9524154663085937E-03
   75    0.8203125000000000E-03    0.9587860107421875E-03
   76    0.7871093750000000E-02    0.9445571899414063E-03
   77    0.6738281250000000E-02    0.1149253845214844E-02
   78    0.4101562500000000E-03    0.8004379272460938E-03
   79   -0.5859375000000000E-04    0.1139640808105469E-02
   80   -0.2910156250000000E-02    0.9641647338867188E-03
   81    0.3085937500000000E-02    0.9030151367187500E-03
   82    0.8789062500000000E-03    0.9818649291992187E-03
   83    0.3691406250000000E-02    0.8548355102539063E-03
   84    0.2578125000000000E-02    0.7474517822265625E-03
   85   -0.3671875000000000E-02    0.1119613647460938E-02
   86    0.1660156250000000E-02    0.8503341674804687E-03
   87    0.2421875000000000E-02    0.8595275878906250E-03
   88   -0.1933593750000000E-02    0.1004219055175781E-02
   89   -0.9960937500000000E-03    0.8521652221679687E-03
   90    0.1367187500000000E-03    0.9954452514648437E-03
   91   -0.1660156250000000E-02    0.1105003356933594E-02
   92   -0.1757812500000000E-03    0.1128654479980469E-02
   93    0.1386718750000000E-02    0.9761428833007812E-03
   94    0.3125000000000000E-02    0.9184265136718750E-03
   95   -0.5664062500000000E-03    0.9424972534179687E-03
   96    0.1171875000000000E-03    0.1094589233398437E-02
   97   -0.1054687500000000E-02    0.7127380371093750E-03
   98   -0.3125000000000000E-02    0.1025314331054687E-02
   99    0.1445312500000000E-02    0.9004974365234375E-03
  100   -0.8613281250000000E-02    0.8774948120117188E-03
