# time =    0.4364
    0    0.1000000000000000E+01    0.1000000000000000E+01
    1    0.3481640625000000E+00    0.1220270538330078E+00
    2    0.1501171875000000E+00    0.2382118225097656E-01
    3    0.7962890625000001E-01    0.7451820373535156E-02
    4    0.4375000000000000E-01    0.3181076049804687E-02
    5    0.2232421875000000E-01    0.1437416076660156E-02
    6    0.1511718750000000E-01    0.1076660156250000E-02
    7    0.1220703125000000E-01    0.1014213562011719E-02
    8    0.1150390625000000E-01    0.1035346984863281E-02
    9    0.9921875000000000E-02    0.1304550170898438E-02
   10    0.6347656250000000E-02    0.1151618957519531E-02
   11    0.2910156250000000E-02    0.8594131469726562E-03
   12   -0.1796875000000000E-02    0.9829711914062500E-03
   13   -0.1328125000000000E-02    0.9059906005859375E-03
   14    0.2382812500000000E-02    0.1035003662109375E-02
   15    0.3125000000000000E-02    0.1353836059570312E-02
   16    0.2988281250000000E-02    0.9570693969726562E-03
   17    0.6738281250000000E-02    0.9609603881835937E-03
   18    0.2617187500000000E-02    0.1038055419921875E-02
   19    0.1484375000000000E-02    0.1038208007812500E-02
   20   -0.2382812500000000E-02    0.8744812011718750E-03
   21   -0.3261718750000000E-02    0.1208000183105469E-02
   22   -0.1777343750000000E-02    0.1079978942871094E-02
   23   -0.2187500000000000E-02    0.1065444946289063E-02
   24   -0.3789062500000000E-02    0.1008224487304688E-02
   25   -0.4140625000000000E-02    0.1324615478515625E-02
   26    0.1542968750000000E-02    0.1032218933105469E-02
   27   -0.1640625000000000E-02    0.8697509765625000E-03
   28    0.1132812500000000E-02    0.9672546386718750E-03
   29   -0.1367187500000000E-03    0.8971786499023437E-03
   30   -0.1386718750000000E-02    0.9817123413085938E-03
   31   -0.2148437500000000E-03    0.9111404418945312E-03
   32   -0.2109375000000000E-02    0.8060455322265625E-03
   33    0.4121093750000000E-02    0.1025581359863281E-02
   34    0.1015625000000000E-02    0.1059265136718750E-02
   35    0.7207031250000000E-02    0.1273918151855469E-02
   36    0.1933593750000000E-02    0.9275436401367188E-03
   37   -0.3828125000000000E-02    0.8763885498046875E-03
   38   -0.3183593750000000E-02    0.1049003601074219E-02
   39   -0.4472656250000000E-02    0.8575820922851563E-03
   40   -0.3613281250000000E-02    0.8679580688476563E-03
   41   -0.2480468750000000E-02    0.1116065979003906E-02
   42    0.5273437500000000E-03    0.8652877807617188E-03
   43    0.8789062500000000E-03    0.1034584045410156E-02
   44    0.4218750000000000E-02    0.9412384033203125E-03
   45    0.4882812500000000E-02    0.9959411621093749E-03
   46   -0.1972656250000000E-02    0.9293746948242187E-03
   47   -0.1757812500000000E-02    0.9948730468750000E-03
   48    0.1699218750000000E-02    0.6983566284179687E-03
   49    0.2968750000000000E-02    0.8818817138671875E-03
   50   -0.1484375000000000E-02    0.8521270751953125E-03
   51    0.1679687500000000E-02    0.6850433349609375E-03
   52    0.3945312500000000E-02    0.7867431640625000E-03
   53   -0.7031250000000000E-03    0.7245635986328125E-03
   54    0.5859375000000000E-04    0.6615829467773438E-03
   55    0.2792968750000000E-02    0.9627914428710937E-03
   56    0.3203125000000000E-02    0.1012954711914063E-02
   57    0.2617187500000000E-02    0.7769012451171875E-03
   58   -0.2695312500000000E-02    0.1005935668945312E-02
   59    0.4492187500000000E-03    0.8964157104492188E-03
   60    0.6074218750000000E-02    0.1042137145996094E-02
   61    0.4023437500000000E-02    0.1297912597656250E-02
   62    0.4257812500000000E-02    0.8777618408203125E-03
   63    0.4121093750000000E-02    0.8555221557617188E-03
   64    0.7812500000000000E-04    0.8490753173828125E-03
   65   -0.4843750000000000E-02    0.9217071533203125E-03
   66   -0.1582031250000000E-02    0.1049461364746094E-02
   67   -0.4589843750000000E-02    0.9437179565429687E-03
   68   -0.6269531250000000E-02    0.1168022155761719E-02
   69   -0.2734375000000000E-03    0.9930419921875000E-03
   70    0.1250000000000000E-02    0.1036148071289063E-02
   71    0.9375000000000000E-03    0.9856414794921875E-03
   72    0.8398437500000000E-03    0.7494735717773437E-03
   73    0.5273437500000000E-02    0.8562469482421875E-03
   74    0.9765625000000001E-04    0.1160621643066406E-02
   75    0.2226562500000000E-02    0.9772491455078125E-03
   76    0.4589843750000000E-02    0.6998825073242187E-03
   77   -0.2441406250000000E-02    0.1048927307128906E-02
   78   -0.1992187500000000E-02    0.9365844726562500E-03
   79   -0.7226562500000000E-03    0.1076316833496094E-02
   80   -0.3105468750000000E-02    0.9793472290039063E-03
   81   -0.2050781250000000E-02    0.1150856018066406E-02
   82   -0.2421875000000000E-02    0.8316040039062500E-03
   83   -0.3847656250000000E-02    0.1022605895996094E-02
   84   -0.3613281250000000E-02    0.9327316284179687E-03
   85   -0.1074218750000000E-02    0.8411026000976563E-03
   86    0.9179687499999999E-03    0.1053657531738281E-02
   87    0.7226562500000000E-03    0.7779312133789063E-03
   88    0.3593750000000000E-02    0.9990692138671874E-03
   89    0.1347656250000000E-02    0.9579086303710938E-03
   90    0.8398437500000000E-03    0.8623886108398437E-03
   91    0.1777343750000000E-02    0.1010169982910156E-02
   92   -0.1289062500000000E-02    0.8968353271484375E-03
   93   -0.8593750000000000E-03    0.9536743164062500E-03
   94    0.1738281250000000E-02    0.9361648559570312E-03
   95    0.1171875000000000E-03    0.8217620849609375E-03
   96    0.1875000000000000E-02    0.8550262451171874E-03
   97    0.1230468750000000E-02    0.8976364135742188E-03
   98    0.4824218750000000E-02    0.1001167297363281E-02
   99    0.5976562500000000E-02    0.8477020263671875E-03
  100    0.1933593750000000E-02    0.8239364624023438E-03
