# time =    0.4698
    0    0.1000000000000000E+01    0.1000000000000000E+01
    1    0.2206445312500000E+00    0.4936756134033203E-01
    2    0.5093750000000000E-01    0.3413848876953125E-02
    3    0.1009765625000000E-01    0.1216773986816406E-02
    4   -0.6445312500000000E-03    0.8372879028320313E-03
    5    0.1132812500000000E-02    0.1007919311523438E-02
    6   -0.7617187500000000E-03    0.7414627075195313E-03
    7    0.1171875000000000E-02    0.1171798706054688E-02
    8    0.2421875000000000E-02    0.7590484619140625E-03
    9   -0.5859375000000000E-04    0.1174430847167969E-02
   10   -0.4882812500000000E-03    0.8066940307617187E-03
   11   -0.2148437500000000E-03    0.1189079284667969E-02
   12   -0.7421875000000000E-03    0.1109390258789062E-02
   13   -0.2441406250000000E-02    0.9661483764648438E-03
   14   -0.6347656250000000E-02    0.7972335815429688E-03
   15   -0.5664062500000000E-03    0.8600234985351562E-03
   16    0.1542968750000000E-02    0.8787155151367187E-03
   17    0.4765625000000000E-02    0.8259582519531250E-03
   18    0.1972656250000000E-02    0.8751296997070312E-03
   19    0.1152343750000000E-02    0.8994674682617187E-03
   20    0.5078125000000000E-03    0.8883666992187500E-03
   21   -0.1972656250000000E-02    0.9961318969726562E-03
   22   -0.4726562500000000E-02    0.9154510498046875E-03
   23    0.7812500000000000E-04    0.9653472900390625E-03
   24    0.1992187500000000E-02    0.1115188598632812E-02
   25    0.3320312500000000E-02    0.9122467041015624E-03
   26    0.2324218750000000E-02    0.8916854858398438E-03
   27    0.2460937500000000E-02    0.9275817871093750E-03
   28   -0.3320312500000000E-03    0.1078224182128906E-02
   29   -0.8320312500000000E-02    0.8933258056640625E-03
   30   -0.1992187500000000E-02    0.8127593994140625E-03
   31    0.6250000000000000E-03    0.9494018554687500E-03
   32   -0.6582031250000000E-02    0.1045570373535156E-02
   33    0.1035156250000000E-02    0.1021461486816406E-02
   34    0.4843750000000000E-02    0.1004714965820312E-02
   35   -0.3964843750000000E-02    0.6910324096679688E-03
   36    0.3515625000000000E-03    0.1098022460937500E-02
   37   -0.3125000000000000E-03    0.9918975830078124E-03
   38    0.7421875000000000E-03    0.8526611328125000E-03
   39    0.4375000000000000E-02    0.9510803222656250E-03
   40   -0.1250000000000000E-02    0.8776855468750000E-03
   41   -0.4687500000000000E-02    0.8722686767578125E-03
   42   -0.4296875000000000E-03    0.9643554687500000E-03
   43   -0.2675781250000000E-02    0.9901809692382812E-03
   44   -0.3320312500000000E-03    0.1086997985839844E-02
   45    0.1679687500000000E-02    0.1002731323242188E-02
   46    0.1562500000000000E-03    0.9770202636718750E-03
   47    0.2949218750000000E-02    0.9948348999023438E-03
   48    0.6425781250000000E-02    0.1041221618652344E-02
   49   -0.5078125000000000E-03    0.9042358398437500E-03
   50    0.1210937500000000E-02    0.9274291992187500E-03
   51   -0.1835937500000000E-02    0.8023071289062500E-03
   52   -0.2597656250000000E-02    0.8700942993164063E-03
   53   -0.5097656250000000E-02    0.1115303039550781E-02
   54    0.3828125000000000E-02    0.8297729492187500E-03
   55   -0.6972656250000000E-02    0.1077690124511719E-02
   56    0.3515625000000000E-03    0.1009979248046875E-02
   57    0.3769531250000000E-02    0.1050529479980469E-02
   58    0.2441406250000000E-02    0.1310081481933594E-02
   59   -0.2539062500000000E-03    0.1063804626464844E-02
   60   -0.8203125000000000E-03    0.9907531738281251E-03
   61   -0.2285156250000000E-02    0.1003608703613281E-02
   62    0.1796875000000000E-02    0.1227722167968750E-02
   63   -0.5039062500000000E-02    0.1028289794921875E-02
   64    0.1015625000000000E-02    0.1166381835937500E-02
   65    0.1445312500000000E-02    0.8062744140625001E-03
   66    0.2285156250000000E-02    0.1258277893066406E-02
   67    0.3417968750000000E-02    0.1169319152832031E-02
   68   -0.4687500000000000E-03    0.1129531860351563E-02
   69    0.3125000000000000E-03    0.1187515258789063E-02
   70   -0.7031250000000000E-03    0.8089447021484375E-03
   71    0.3906250000000000E-04    0.6703186035156250E-03
   72   -0.1425781250000000E-02    0.8737564086914063E-03
   73    0.3242187500000000E-02    0.1304397583007812E-02
   74   -0.2109375000000000E-02    0.8492279052734375E-03
   75   -0.4179687500000000E-02    0.8692169189453126E-03
   76    0.3574218750000000E-02    0.9107589721679688E-03
   77    0.1464843750000000E-02    0.1187095642089844E-02
   78   -0.9765625000000001E-04    0.9906387329101562E-03
   79    0.4882812500000000E-03    0.7550430297851563E-03
   80   -0.2343750000000000E-02    0.9099578857421875E-03
   81   -0.5976562500000000E-02    0.1059951782226563E-02
   82   -0.1191406250000000E-02    0.9650802612304688E-03
   83    0.2070312500000000E-02    0.1018600463867187E-02
   84    0.3027343750000000E-02    0.7706832885742188E-03
   85    0.3125000000000000E-02    0.9082031250000000E-03
   86    0.5566406250000000E-02    0.1016273498535156E-02
   87   -0.1132812500000000E-02    0.9111022949218750E-03
   88   -0.4394531250000000E-02    0.8903121948242187E-03
   89   -0.3515625000000000E-02    0.1014175415039063E-02
   90   -0.6054687500000000E-03    0.7339859008789062E-03
   91   -0.3085937500000000E-02    0.1056289672851562E-02
   92    0.4296875000000000E-03    0.8966827392578125E-03
   93    0.1367187500000000E-02    0.1124191284179687E-02
   94   -0.3593750000000000E-02    0.9717559814453125E-03
   95    0.4941406250000000E-02    0.1025657653808594E-02
   96    0.2695312500000000E-02    0.1167984008789063E-02
   97   -0.2714843750000000E-02    0.7829666137695312E-03
   98   -0.2343750000000000E-02    0.1102828979492188E-02
   99   -0.1289062500000000E-02    0.8419036865234375E-03
  100    0.5078125000000000E-02    0.7726287841796875E-03
