# time =    0.4561
    0    0.1000000000000000E+01    0.1000000000000000E+01
    1    0.1847851562500000E+00    0.3500209808349609E-01
    2    0.4357421875000000E-01    0.3039054870605469E-02
    3    0.5839843750000000E-02    0.8689498901367187E-03
    4   -0.9960937500000000E-03    0.9915542602539063E-03
    5   -0.1386718750000000E-02    0.8032608032226562E-03
    6    0.1308593750000000E-02    0.8817672729492188E-03
    7   -0.2031250000000000E-02    0.9416961669921876E-03
    8    0.1308593750000000E-02    0.8441543579101562E-03
    9   -0.3574218750000000E-02    0.9749221801757812E-03
   10   -0.4687500000000000E-03    0.9107971191406250E-03
   11    0.2675781250000000E-02    0.9953689575195313E-03
   12    0.1425781250000000E-02    0.9018325805664062E-03
   13    0.2460937500000000E-02    0.7197570800781250E-03
   14    0.2714843750000000E-02    0.9034347534179688E-03
   15   -0.3808593750000000E-02    0.1022987365722656E-02
   16   -0.1035156250000000E-02    0.9165573120117188E-03
   17    0.8984375000000000E-03    0.9976196289062499E-03
   18    0.4453125000000000E-02    0.8631896972656250E-03
   19    0.5664062500000000E-03    0.1003837585449219E-02
   20    0.8398437500000000E-03    0.1007728576660156E-02
   21    0.2128906250000000E-02    0.1084327697753906E-02
   22   -0.2089843750000000E-02    0.1003456115722656E-02
   23   -0.3906250000000000E-03    0.1167602539062500E-02
   24    0.2832031250000000E-02    0.9164810180664062E-03
   25    0.3046875000000000E-02    0.9907531738281251E-03
   26    0.4550781250000000E-02    0.1003761291503906E-02
   27    0.3515625000000000E-03    0.7653808593749999E-03
   28   -0.3886718750000000E-02    0.1406440734863281E-02
   29   -0.3222656250000000E-02    0.8306503295898438E-03
   30   -0.1679687500000000E-02    0.9499359130859375E-03
   31    0.1503906250000000E-02    0.8790206909179688E-03
   32   -0.5859375000000000E-03    0.8686065673828125E-03
   33   -0.1757812500000000E-02    0.8907318115234375E-03
   34   -0.4316406250000000E-02    0.1111793518066406E-02
   35   -0.7617187500000000E-03    0.9643936157226563E-03
   36   -0.9765625000000000E-03    0.9990692138671874E-03
   37    0.4863281250000000E-02    0.8927536010742188E-03
   38   -0.1250000000000000E-02    0.1022567749023438E-02
   39   -0.3417968750000000E-02    0.1215019226074219E-02
   40   -0.3906250000000000E-04    0.8419799804687500E-03
   41   -0.5664062500000000E-03    0.1072425842285156E-02
   42   -0.2871093750000000E-02    0.9231948852539062E-03
   43   -0.1523437500000000E-02    0.1068725585937500E-02
   44   -0.3691406250000000E-02    0.9209060668945312E-03
   45   -0.2050781250000000E-02    0.1319389343261719E-02
   46   -0.4511718750000000E-02    0.1047172546386719E-02
   47   -0.2910156250000000E-02    0.1114540100097656E-02
   48   -0.4179687500000000E-02    0.1037902832031250E-02
   49   -0.2539062500000000E-02    0.9838104248046874E-03
   50   -0.3437500000000000E-02    0.1164474487304687E-02
   51    0.5078125000000000E-03    0.1126327514648437E-02
   52    0.5234375000000000E-02    0.9426879882812500E-03
   53   -0.1093750000000000E-02    0.1292266845703125E-02
   54   -0.8203125000000000E-03    0.8734893798828125E-03
   55   -0.2578125000000000E-02    0.9288787841796875E-03
   56   -0.5390625000000000E-02    0.1231994628906250E-02
   57   -0.1367187500000000E-03    0.8515548706054687E-03
   58   -0.2714843750000000E-02    0.9264755249023438E-03
   59   -0.2792968750000000E-02    0.7628250122070312E-03
   60    0.2949218750000000E-02    0.1088447570800781E-02
   61    0.1621093750000000E-02    0.9538650512695313E-03
   62    0.5859375000000000E-03    0.8434295654296875E-03
   63   -0.6640625000000000E-03    0.9328460693359375E-03
   64   -0.5078125000000000E-03    0.7073211669921875E-03
   65   -0.9570312500000000E-03    0.8816146850585938E-03
   66   -0.8203125000000000E-03    0.9570312500000000E-03
   67   -0.4492187500000000E-03    0.8304977416992188E-03
   68   -0.1093750000000000E-02    0.1071243286132812E-02
   69    0.1953125000000000E-03    0.9062194824218750E-03
   70   -0.7226562500000000E-03    0.9505081176757812E-03
   71   -0.9101562500000000E-02    0.1172637939453125E-02
   72   -0.9960937500000000E-03    0.1035270690917969E-02
   73   -0.1992187500000000E-02    0.1101913452148438E-02
   74   -0.1953125000000000E-03    0.9352874755859375E-03
   75    0.7812500000000000E-04    0.1267318725585938E-02
   76   -0.2343750000000000E-02    0.1162567138671875E-02
   77   -0.2304687500000000E-02    0.9796905517578125E-03
   78   -0.3574218750000000E-02    0.1289253234863281E-02
   79   -0.1894531250000000E-02    0.1038246154785156E-02
   80   -0.2656250000000000E-02    0.1163558959960937E-02
   81    0.1308593750000000E-02    0.1157341003417969E-02
   82   -0.3730468750000000E-02    0.9705734252929688E-03
   83    0.7226562500000000E-03    0.1069679260253906E-02
   84    0.4375000000000000E-02    0.8754730224609375E-03
   85    0.7812500000000000E-04    0.1118545532226563E-02
   86    0.4667968750000000E-02    0.8974838256835938E-03
   87    0.7226562500000000E-03    0.9363174438476562E-03
   88    0.2050781250000000E-02    0.1007270812988281E-02
   89   -0.6250000000000000E-03    0.1275329589843750E-02
   90   -0.2539062500000000E-02    0.9576416015625000E-03
   91    0.5449218750000000E-02    0.9216690063476563E-03
   92    0.6875000000000000E-02    0.9376525878906250E-03
   93   -0.9960937500000000E-03    0.1134910583496094E-02
   94    0.4101562500000000E-03    0.1092414855957031E-02
   95    0.2597656250000000E-02    0.1037101745605469E-02
   96    0.2578125000000000E-02    0.8013153076171875E-03
   97    0.2265625000000000E-02    0.1212310791015625E-02
   98    0.5585937500000000E-02    0.6642913818359374E-03
   99    0.7109375000000000E-02    0.1031417846679687E-02
  100    0.2031250000000000E-02    0.9233093261718750E-03
