# time =    0.4668
    0    0.1000000000000000E+01    0.1000000000000000E+01
    1    0.2091992187500000E+00    0.4446582794189453E-01
    2    0.4742187500000000E-01    0.3285446166992187E-02
    3    0.1220703125000000E-01    0.1074562072753906E-02
    4   -0.2539062500000000E-03    0.9766769409179686E-03
    5   -0.5292968750000000E-02    0.9645462036132812E-03
    6   -0.1699218750000000E-02    0.1157569885253906E-02
    7    0.2285156250000000E-02    0.9341812133789062E-03
    8   -0.3242187500000000E-02    0.7209777832031250E-03
    9   -0.1347656250000000E-02    0.8555221557617188E-03
   10   -0.8984375000000000E-03    0.8520507812500001E-03
   11    0.2031250000000000E-02    0.1135330200195313E-02
   12    0.1191406250000000E-02    0.9259414672851562E-03
   13    0.7539062500000000E-02    0.1271820068359375E-02
   14    0.2089843750000000E-02    0.9121322631835938E-03
   15   -0.3945312500000000E-02    0.9381866455078125E-03
   16    0.1953125000000000E-03    0.9484100341796875E-03
   17    0.3964843750000000E-02    0.9804153442382812E-03
   18   -0.6406250000000000E-02    0.1028823852539062E-02
   19    0.1269531250000000E-02    0.9917831420898438E-03
   20    0.4140625000000000E-02    0.1035995483398437E-02
   21    0.2304687500000000E-02    0.1019897460937500E-02
   22   -0.1289062500000000E-02    0.9674072265625000E-03
   23   -0.1953125000000000E-03    0.7664489746093750E-03
   24    0.2460937500000000E-02    0.1027526855468750E-02
   25    0.7617187500000000E-02    0.1044921875000000E-02
   26   -0.4882812500000000E-02    0.9497070312500000E-03
   27    0.3945312500000000E-02    0.1106643676757813E-02
   28    0.2832031250000000E-02    0.9926223754882812E-03
   29   -0.1230468750000000E-02    0.9271621704101563E-03
   30    0.4296875000000000E-02    0.9344482421875000E-03
   31    0.4140625000000000E-02    0.1140823364257813E-02
   32    0.4335937500000000E-02    0.9377288818359375E-03
   33   -0.4609375000000000E-02    0.1098327636718750E-02
   34    0.4882812500000000E-03    0.1037788391113281E-02
   35    0.5859375000000000E-04    0.9397506713867187E-03
   36    0.1933593750000000E-02    0.8738327026367187E-03
   37    0.9960937500000000E-03    0.8437728881835937E-03
   38    0.2480468750000000E-02    0.9779739379882813E-03
   39   -0.6835937500000000E-03    0.1010551452636719E-02
   40    0.2421875000000000E-02    0.1043243408203125E-02
   41   -0.3339843750000000E-02    0.8228683471679688E-03
   42   -0.3183593750000000E-02    0.9799575805664062E-03
   43   -0.5644531250000000E-02    0.1105690002441406E-02
   44   -0.5664062500000000E-03    0.1118202209472656E-02
   45    0.4316406250000000E-02    0.8804702758789063E-03
   46    0.1250000000000000E-02    0.8551025390625000E-03
   47   -0.3300781250000000E-02    0.7222366333007813E-03
   48   -0.3632812500000000E-02    0.1025314331054687E-02
   49    0.4062500000000000E-02    0.1097030639648437E-02
   50    0.6953125000000000E-02    0.1017379760742187E-02
   51    0.1464843750000000E-02    0.9946823120117188E-03
   52    0.9960937500000000E-03    0.1199378967285156E-02
   53    0.5859375000000000E-04    0.1134147644042969E-02
   54    0.4492187500000000E-03    0.1128120422363281E-02
   55    0.2929687500000000E-02    0.1167373657226562E-02
   56    0.3320312500000000E-03    0.1288032531738281E-02
   57   -0.5468750000000001E-03    0.8670043945312500E-03
   58    0.5898437500000000E-02    0.9236907958984374E-03
   59   -0.1953125000000000E-03    0.9162139892578125E-03
   60   -0.2929687500000000E-03    0.9028244018554687E-03
   61    0.1933593750000000E-02    0.1004600524902344E-02
   62    0.1796875000000000E-02    0.1255569458007812E-02
   63    0.6074218750000000E-02    0.1098213195800781E-02
   64    0.6171875000000000E-02    0.1015625000000000E-02
   65   -0.3984375000000000E-02    0.8800506591796875E-03
   66    0.1230468750000000E-02    0.8417892456054687E-03
   67   -0.3906250000000000E-02    0.9482574462890625E-03
   68   -0.3769531250000000E-02    0.1060829162597656E-02
   69    0.5917968750000000E-02    0.1114234924316406E-02
   70    0.2343750000000000E-03    0.1054992675781250E-02
   71    0.1308593750000000E-02    0.1087303161621094E-02
   72   -0.1875000000000000E-02    0.8289337158203125E-03
   73    0.5429687500000000E-02    0.8884429931640625E-03
   74   -0.5117187500000000E-02    0.8313751220703125E-03
   75    0.1347656250000000E-02    0.7249069213867188E-03
   76    0.2734375000000000E-02    0.9844207763671875E-03
   77    0.1542968750000000E-02    0.9263992309570312E-03
   78    0.3281250000000000E-02    0.8825683593750001E-03
   79    0.2460937500000000E-02    0.9319305419921875E-03
   80    0.4843750000000000E-02    0.1168441772460938E-02
   81    0.7109375000000000E-02    0.8642578125000000E-03
   82   -0.4453125000000000E-02    0.1032180786132812E-02
   83   -0.8046875000000000E-02    0.9274291992187500E-03
   84    0.2500000000000000E-02    0.7050323486328125E-03
   85   -0.3437500000000000E-02    0.9526062011718750E-03
   86   -0.6445312500000000E-03    0.1130561828613281E-02
   87    0.3359375000000000E-02    0.1005401611328125E-02
   88    0.2011718750000000E-02    0.8291244506835937E-03
   89    0.1484375000000000E-02    0.8277130126953125E-03
   90    0.3984375000000000E-02    0.1016464233398437E-02
   91   -0.4375000000000000E-02    0.1059188842773438E-02
   92   -0.2343750000000000E-02    0.8753967285156250E-03
   93    0.1855468750000000E-02    0.7622909545898438E-03
   94    0.4335937500000000E-02    0.9640502929687500E-03
   95    0.1738281250000000E-02    0.8498001098632813E-03
   96   -0.7421875000000000E-03    0.1051864624023438E-02
   97    0.1171875000000000E-03    0.9634399414062500E-03
   98   -0.3183593750000000E-02    0.1005744934082031E-02
   99    0.8984375000000000E-03    0.8606719970703125E-03
  100   -0.4277343750000000E-02    0.1158103942871094E-02
