# time =    0.4115
    0    0.1000000000000000E+01    0.1000000000000000E+01
    1    0.3603125000000000E+00    0.1306342315673828E+00
    2    0.2021484375000000E+00    0.4188667297363281E-01
    3    0.1488281250000000E+00    0.2304542541503906E-01
    4    0.1210937500000000E+00    0.1544326782226563E-01
    5    0.1081640625000000E+00    0.1232627868652344E-01
    6    0.9408203125000000E-01    0.9562339782714844E-02
    7    0.8824218750000000E-01    0.8598632812500000E-02
    8    0.8142578125000000E-01    0.7437095642089843E-02
    9    0.8009765625000000E-01    0.7305564880371093E-02
   10    0.7656250000000001E-01    0.6947860717773437E-02
   11    0.7150390625000000E-01    0.6267280578613281E-02
   12    0.6972656250000001E-01    0.5925827026367188E-02
   13    0.6500000000000000E-01    0.5251998901367187E-02
   14    0.6392578124999999E-01    0.5007591247558594E-02
   15    0.6056640625000000E-01    0.4687767028808593E-02
   16    0.5779296875000000E-01    0.4401817321777344E-02
   17    0.5470703125000000E-01    0.4173164367675781E-02
   18    0.5277343750000000E-01    0.3928985595703125E-02
   19    0.5105468750000000E-01    0.3799362182617188E-02
   20    0.5027343750000000E-01    0.3684844970703125E-02
   21    0.4998046875000000E-01    0.3727989196777344E-02
   22    0.4939453125000000E-01    0.3709831237792969E-02
   23    0.4779296875000000E-01    0.3306541442871094E-02
   24    0.4585937500000000E-01    0.3303375244140625E-02
   25    0.4578125000000000E-01    0.3129577636718750E-02
   26    0.4494140625000000E-01    0.3043861389160156E-02
   27    0.4607421875000000E-01    0.3364677429199219E-02
   28    0.4537109375000000E-01    0.3138923645019531E-02
   29    0.4416015625000000E-01    0.2973213195800781E-02
   30    0.4177734375000000E-01    0.2697715759277344E-02
   31    0.4082031250000000E-01    0.2617721557617188E-02
   32    0.4138671875000000E-01    0.2736625671386719E-02
   33    0.3976562500000000E-01    0.2602310180664062E-02
   34    0.4191406250000000E-01    0.2708053588867187E-02
   35    0.3988281250000000E-01    0.2756729125976562E-02
   36    0.3638671875000000E-01    0.2534446716308594E-02
   37    0.3748046875000000E-01    0.2593803405761719E-02
   38    0.3865234375000000E-01    0.2689399719238281E-02
   39    0.3628906250000000E-01    0.2433395385742187E-02
   40    0.3818359375000000E-01    0.2525901794433594E-02
   41    0.3808593750000000E-01    0.2498016357421875E-02
   42    0.3751953125000000E-01    0.2344627380371094E-02
   43    0.3582031250000000E-01    0.2275085449218750E-02
   44    0.3617187500000000E-01    0.2369308471679688E-02
   45    0.3474609375000000E-01    0.2324867248535156E-02
   46    0.3501953125000000E-01    0.2291374206542969E-02
   47    0.3462890625000000E-01    0.2190208435058594E-02
   48    0.3294921875000000E-01    0.2116661071777344E-02
   49    0.3224609375000000E-01    0.1962394714355469E-02
   50    0.3185546875000000E-01    0.2040061950683594E-02
   51    0.3177734375000000E-01    0.1918220520019531E-02
   52    0.3080078125000000E-01    0.1820335388183594E-02
   53    0.3117187500000000E-01    0.1883544921875000E-02
   54    0.3187500000000000E-01    0.1980209350585938E-02
   55    0.3218750000000000E-01    0.2054290771484375E-02
   56    0.3107421875000000E-01    0.1919364929199219E-02
   57    0.2982421875000000E-01    0.1919898986816406E-02
   58    0.2900390625000000E-01    0.1793479919433594E-02
   59    0.2822265625000000E-01    0.1829032897949219E-02
   60    0.2658203125000000E-01    0.1769752502441406E-02
   61    0.2705078125000000E-01    0.1787681579589844E-02
   62    0.2597656250000000E-01    0.1838302612304687E-02
   63    0.2603515625000000E-01    0.1856346130371094E-02
   64    0.2736328125000000E-01    0.1894569396972656E-02
   65    0.2632812500000000E-01    0.1774139404296875E-02
   66    0.2632812500000000E-01    0.1796569824218750E-02
   67    0.2599609375000000E-01    0.1781578063964844E-02
   68    0.2740234375000000E-01    0.1873817443847656E-02
   69    0.2396484375000000E-01    0.1631355285644531E-02
   70    0.2531250000000000E-01    0.1718139648437500E-02
   71    0.2597656250000000E-01    0.1780776977539062E-02
   72    0.2675781250000000E-01    0.1835632324218750E-02
   73    0.2554687500000000E-01    0.1707839965820312E-02
   74    0.2693359375000000E-01    0.1834831237792969E-02
   75    0.2500000000000000E-01    0.1731948852539062E-02
   76    0.2585937500000000E-01    0.1790008544921875E-02
   77    0.2777343750000000E-01    0.1809463500976562E-02
   78    0.2748046875000000E-01    0.1821479797363281E-02
   79    0.2558593750000000E-01    0.1756668090820312E-02
   80    0.2650390625000000E-01    0.1758766174316406E-02
   81    0.2666015625000000E-01    0.1764945983886719E-02
   82    0.2576171875000000E-01    0.1779899597167969E-02
   83    0.2634765625000000E-01    0.1824455261230469E-02
   84    0.2669921875000000E-01    0.1813621520996094E-02
   85    0.2601562500000000E-01    0.1861801147460938E-02
   86    0.2580078125000000E-01    0.1923713684082031E-02
   87    0.2408203125000000E-01    0.1812629699707031E-02
   88    0.2447265625000000E-01    0.1622657775878906E-02
   89    0.2423828125000000E-01    0.1624717712402344E-02
   90    0.2316406250000000E-01    0.1500244140625000E-02
   91    0.2220703125000000E-01    0.1483421325683594E-02
   92    0.2207031250000000E-01    0.1541061401367188E-02
   93    0.2367187500000000E-01    0.1573104858398437E-02
   94    0.2333984375000000E-01    0.1422233581542969E-02
   95    0.2402343750000000E-01    0.1551666259765625E-02
   96    0.2414062500000000E-01    0.1543502807617188E-02
   97    0.2318359375000000E-01    0.1604881286621094E-02
   98    0.2460937500000000E-01    0.1554336547851562E-02
   99    0.2425781250000000E-01    0.1511230468750000E-02
  100    0.2478515625000000E-01    0.1498298645019531E-02
