# time =    0.4485
    0    0.1000000000000000E+01    0.1000000000000000E+01
    1    0.3105664062500000E+00    0.9756404876708985E-01
    2    0.1234765625000000E+00    0.1631950378417969E-01
    3    0.6019531250000000E-01    0.4482040405273438E-02
    4    0.3865234375000000E-01    0.2591514587402344E-02
    5    0.2380859375000000E-01    0.1453590393066406E-02
    6    0.1789062500000000E-01    0.1427993774414062E-02
    7    0.1226562500000000E-01    0.1035308837890625E-02
    8    0.5761718750000000E-02    0.9021377563476563E-03
    9    0.4238281250000000E-02    0.1112480163574219E-02
   10    0.3164062500000000E-02    0.8577728271484376E-03
   11    0.6562500000000000E-02    0.1172943115234375E-02
   12    0.4257812500000000E-02    0.9442138671875000E-03
   13   -0.1132812500000000E-02    0.7788848876953125E-03
   14    0.3359375000000000E-02    0.7851409912109375E-03
   15   -0.1718750000000000E-02    0.8042144775390625E-03
   16    0.1191406250000000E-02    0.1085472106933594E-02
   17    0.1503906250000000E-02    0.9373855590820312E-03
   18    0.4511718750000000E-02    0.1121559143066406E-02
   19    0.3339843750000000E-02    0.1080207824707031E-02
   20    0.2539062500000000E-02    0.1277694702148437E-02
   21   -0.4101562500000000E-03    0.9685897827148437E-03
   22    0.3906250000000000E-04    0.9934997558593750E-03
   23   -0.4882812500000000E-02    0.1044769287109375E-02
   24   -0.5429687500000000E-02    0.1332550048828125E-02
   25   -0.5546875000000000E-02    0.1005477905273437E-02
   26   -0.4589843750000000E-02    0.1153602600097656E-02
   27   -0.2226562500000000E-02    0.1171264648437500E-02
   28   -0.2207031250000000E-02    0.1102790832519531E-02
   29   -0.3437500000000000E-02    0.1148376464843750E-02
   30   -0.8046875000000000E-02    0.9694671630859374E-03
   31   -0.5820312500000000E-02    0.1198196411132813E-02
   32   -0.1425781250000000E-02    0.1020698547363281E-02
   33   -0.3515625000000000E-02    0.1123809814453125E-02
   34   -0.2539062500000000E-02    0.9918975830078124E-03
   35   -0.2734375000000000E-03    0.9182739257812500E-03
   36    0.5859375000000000E-03    0.9808349609375000E-03
   37    0.1074218750000000E-02    0.1094398498535156E-02
   38   -0.7031250000000000E-03    0.8982086181640625E-03
   39   -0.2734375000000000E-03    0.8600616455078125E-03
   40   -0.9570312500000000E-03    0.9326553344726563E-03
   41   -0.1230468750000000E-02    0.8903121948242187E-03
   42   -0.3515625000000000E-02    0.1127929687500000E-02
   43   -0.6738281250000000E-02    0.8819961547851563E-03
   44   -0.1152343750000000E-02    0.1135292053222656E-02
   45   -0.2382812500000000E-02    0.9571838378906250E-03
   46   -0.8339843749999999E-02    0.1050376892089844E-02
   47   -0.1132812500000000E-02    0.1017990112304688E-02
   48    0.2656250000000000E-02    0.8193969726562500E-03
   49   -0.2695312500000000E-02    0.8432769775390625E-03
   50    0.6582031250000000E-02    0.1077919006347656E-02
   51   -0.1562500000000000E-03    0.9819793701171876E-03
   52   -0.5214843750000000E-02    0.1180381774902344E-02
   53    0.2734375000000000E-03    0.6976318359375000E-03
   54    0.4941406250000000E-02    0.1010246276855469E-02
   55   -0.2011718750000000E-02    0.8983993530273437E-03
   56    0.3847656250000000E-02    0.1020774841308594E-02
   57   -0.3789062500000000E-02    0.9552001953125000E-03
   58   -0.3652343750000000E-02    0.9939193725585938E-03
   59   -0.5253906250000000E-02    0.9559249877929688E-03
   60   -0.1289062500000000E-02    0.1003570556640625E-02
   61    0.9570312500000000E-03    0.1064338684082031E-02
   62   -0.2324218750000000E-02    0.8588790893554688E-03
   63   -0.2597656250000000E-02    0.9830856323242187E-03
   64    0.7031250000000000E-03    0.1140899658203125E-02
   65    0.3554687500000000E-02    0.1205215454101562E-02
   66   -0.1933593750000000E-02    0.1212806701660156E-02
   67   -0.1425781250000000E-02    0.1107215881347656E-02
   68    0.3027343750000000E-02    0.8769607543945312E-03
   69    0.3164062500000000E-02    0.8997344970703126E-03
   70    0.8984375000000000E-03    0.6259918212890625E-03
   71    0.4121093750000000E-02    0.1075401306152344E-02
   72    0.2773437500000000E-02    0.1050720214843750E-02
   73    0.3281250000000000E-02    0.1112365722656250E-02
   74    0.1718750000000000E-02    0.1210937500000000E-02
   75    0.3632812500000000E-02    0.1102905273437500E-02
   76    0.5175781250000000E-02    0.9988784790039063E-03
   77   -0.1171875000000000E-03    0.9534454345703125E-03
   78    0.1933593750000000E-02    0.7854843139648437E-03
   79   -0.6835937500000000E-03    0.7802963256835938E-03
   80    0.1953125000000000E-03    0.8736419677734375E-03
   81   -0.5468750000000001E-03    0.8633422851562500E-03
   82    0.6425781250000000E-02    0.1088523864746094E-02
   83    0.3769531250000000E-02    0.8549118041992188E-03
   84    0.4511718750000000E-02    0.9832382202148438E-03
   85   -0.8593750000000000E-03    0.1137542724609375E-02
   86    0.1562500000000000E-03    0.1007156372070312E-02
   87   -0.4765625000000000E-02    0.1022262573242188E-02
   88   -0.3574218750000000E-02    0.7310104370117187E-03
   89   -0.3300781250000000E-02    0.9445571899414063E-03
   90   -0.1816406250000000E-02    0.9365463256835937E-03
   91    0.1093750000000000E-02    0.9200286865234375E-03
   92    0.1660156250000000E-02    0.9482955932617188E-03
   93    0.1484375000000000E-02    0.7409667968750000E-03
   94   -0.2402343750000000E-02    0.1119041442871094E-02
   95   -0.2363281250000000E-02    0.9809494018554687E-03
   96    0.1308593750000000E-02    0.1019554138183594E-02
   97   -0.3554687500000000E-02    0.8953857421875000E-03
   98    0.6328125000000000E-02    0.1047439575195312E-02
   99    0.2421875000000000E-02    0.1039276123046875E-02
  100   -0.2304687500000000E-02    0.1044692993164063E-02
