# time =    0.4626
    0    0.1000000000000000E+01    0.1000000000000000E+01
    1    0.2900585937500000E+00    0.8476673126220703E-01
    2    0.1201562500000000E+00    0.1549583435058594E-01
    3    0.6265625000000000E-01    0.4807510375976562E-02
    4    0.4068359375000000E-01    0.2455940246582031E-02
    5    0.2781250000000000E-01    0.1795959472656250E-02
    6    0.1796875000000000E-01    0.1629028320312500E-02
    7    0.1011718750000000E-01    0.1205596923828125E-02
    8    0.1160156250000000E-01    0.1044769287109375E-02
    9    0.9804687499999999E-02    0.1187667846679687E-02
   10    0.7832031250000000E-02    0.1021080017089844E-02
   11    0.6054687500000000E-02    0.1378097534179687E-02
   12    0.3046875000000000E-02    0.1066207885742188E-02
   13    0.3613281250000000E-02    0.8875656127929687E-03
   14   -0.3906250000000000E-02    0.7270812988281250E-03
   15   -0.5859375000000000E-02    0.1179122924804688E-02
   16   -0.4726562500000000E-02    0.1334304809570312E-02
   17   -0.5039062500000000E-02    0.1051940917968750E-02
   18   -0.2890625000000000E-02    0.9352111816406250E-03
   19   -0.3847656250000000E-02    0.9342575073242187E-03
   20    0.1328125000000000E-02    0.8944702148437500E-03
   21    0.2363281250000000E-02    0.1226234436035156E-02
   22    0.4238281250000000E-02    0.8921432495117188E-03
   23    0.1621093750000000E-02    0.8741378784179688E-03
   24    0.6289062500000000E-02    0.7657623291015625E-03
   25    0.5136718750000000E-02    0.8149337768554687E-03
   26    0.2949218750000000E-02    0.8139419555664063E-03
   27    0.1640625000000000E-02    0.1029434204101563E-02
   28   -0.7695312500000000E-02    0.1006088256835938E-02
   29   -0.8789062500000000E-03    0.9458541870117187E-03
   30   -0.7656250000000000E-02    0.9918212890625000E-03
   31   -0.3496093750000000E-02    0.9891128540039063E-03
   32    0.9570312500000000E-03    0.1020011901855469E-02
   33    0.1093750000000000E-02    0.9262847900390625E-03
   34    0.3339843750000000E-02    0.1079673767089844E-02
   35    0.3457031250000000E-02    0.1256141662597656E-02
   36   -0.2929687500000000E-02    0.8576202392578125E-03
   37    0.1875000000000000E-02    0.1114959716796875E-02
   38   -0.2324218750000000E-02    0.9495925903320313E-03
   39   -0.9765625000000000E-03    0.1009216308593750E-02
   40    0.8984375000000000E-03    0.1053085327148438E-02
   41    0.2675781250000000E-02    0.9292221069335938E-03
   42   -0.4882812500000000E-03    0.8207321166992188E-03
   43    0.4882812500000000E-03    0.1088905334472656E-02
   44   -0.3496093750000000E-02    0.1174049377441406E-02
   45    0.2714843750000000E-02    0.9086227416992187E-03
   46    0.9960937500000000E-03    0.1036643981933594E-02
   47    0.8203125000000000E-03    0.9848022460937501E-03
   48    0.2636718750000000E-02    0.1022605895996094E-02
   49    0.4335937500000000E-02    0.8660125732421875E-03
   50    0.5117187500000000E-02    0.9714508056640625E-03
   51    0.6367187500000000E-02    0.9620666503906250E-03
   52   -0.2246093750000000E-02    0.8967208862304687E-03
   53   -0.3300781250000000E-02    0.7896041870117188E-03
   54   -0.1093750000000000E-02    0.8667755126953125E-03
   55   -0.1679687500000000E-02    0.9261322021484375E-03
   56   -0.3437500000000000E-02    0.7839965820312500E-03
   57   -0.4960937500000000E-02    0.9365081787109375E-03
   58   -0.5078125000000000E-03    0.9934234619140626E-03
   59   -0.1171875000000000E-03    0.7971954345703125E-03
   60   -0.1718750000000000E-02    0.8732604980468750E-03
   61   -0.1132812500000000E-02    0.9343719482421875E-03
   62    0.1523437500000000E-02    0.9378051757812500E-03
   63    0.3281250000000000E-02    0.1067352294921875E-02
   64   -0.3515625000000000E-03    0.8891296386718750E-03
   65    0.8984375000000000E-03    0.9355926513671875E-03
   66   -0.3652343750000000E-02    0.1116752624511719E-02
   67   -0.4160156250000000E-02    0.9396743774414063E-03
   68    0.2675781250000000E-02    0.9614181518554688E-03
   69    0.2675781250000000E-02    0.9292984008789063E-03
   70    0.3613281250000000E-02    0.9922409057617188E-03
   71   -0.1015625000000000E-02    0.9844970703124999E-03
   72   -0.8398437500000000E-03    0.9629440307617188E-03
   73    0.1816406250000000E-02    0.8135604858398438E-03
   74   -0.3457031250000000E-02    0.7473373413085937E-03
   75   -0.2343750000000000E-02    0.9251403808593750E-03
   76   -0.1757812500000000E-03    0.9490585327148437E-03
   77    0.3164062500000000E-02    0.9974670410156251E-03
   78    0.1191406250000000E-02    0.9926986694335938E-03
   79    0.1367187500000000E-02    0.1003952026367188E-02
   80   -0.3730468750000000E-02    0.9904098510742187E-03
   81   -0.2617187500000000E-02    0.1151123046875000E-02
   82    0.1875000000000000E-02    0.8277893066406250E-03
   83   -0.3125000000000000E-03    0.9281921386718750E-03
   84   -0.1250000000000000E-02    0.1182174682617187E-02
   85    0.2109375000000000E-02    0.1044311523437500E-02
   86   -0.2441406250000000E-02    0.9158706665039063E-03
   87    0.4472656250000000E-02    0.8754348754882813E-03
   88    0.8203125000000000E-03    0.9305572509765625E-03
   89   -0.7812500000000000E-03    0.7895660400390625E-03
   90    0.4238281250000000E-02    0.9536361694335938E-03
   91   -0.2089843750000000E-02    0.1144523620605469E-02
   92    0.1171875000000000E-03    0.1011199951171875E-02
   93   -0.3320312500000000E-03    0.1175422668457031E-02
   94    0.4101562500000000E-03    0.1063652038574219E-02
   95   -0.1074218750000000E-02    0.1059226989746094E-02
   96   -0.8398437500000000E-03    0.8255386352539062E-03
   97   -0.3300781250000000E-02    0.9073257446289062E-03
   98   -0.4160156250000000E-02    0.1071052551269531E-02
   99   -0.7226562500000000E-03    0.1222648620605469E-02
  100   -0.7812500000000000E-04    0.1242294311523438E-02
