# time =    0.4198
    0    0.1000000000000000E+01    0.1000000000000000E+01
    1    0.3994531250000000E+00    0.1602949523925781E+00
    2    0.2007226562500000E+00    0.4114871978759765E-01
    3    0.1238476562500000E+00    0.1635395050048828E-01
    4    0.8771484374999999E-01    0.8713264465332032E-02
    5    0.5974609375000000E-01    0.4568138122558594E-02
    6    0.4378906250000000E-01    0.2815704345703125E-02
    7    0.3720703125000000E-01    0.2091941833496094E-02
    8    0.3521484375000000E-01    0.2124214172363281E-02
    9    0.2199218750000000E-01    0.1427917480468750E-02
   10    0.2218750000000000E-01    0.1367340087890625E-02
   11    0.1759765625000000E-01    0.1213951110839844E-02
   12    0.1404296875000000E-01    0.1044502258300781E-02
   13    0.1810546875000000E-01    0.1009941101074219E-02
   14    0.1089843750000000E-01    0.8674621582031250E-03
   15    0.1193359375000000E-01    0.8583450317382812E-03
   16    0.1128906250000000E-01    0.8756256103515625E-03
   17    0.1058593750000000E-01    0.8763122558593750E-03
   18    0.1111328125000000E-01    0.9668350219726562E-03
   19    0.7363281250000000E-02    0.1231575012207031E-02
   20    0.1162109375000000E-01    0.1136436462402344E-02
   21    0.6484375000000000E-02    0.9957122802734374E-03
   22    0.9609375000000000E-02    0.8780670166015625E-03
   23    0.6894531250000000E-02    0.8649826049804688E-03
   24    0.8339843749999999E-02    0.1144142150878906E-02
   25    0.9160156250000001E-02    0.9024429321289062E-03
   26    0.7382812500000000E-02    0.9380340576171875E-03
   27    0.4179687500000000E-02    0.8838653564453125E-03
   28    0.9824218750000000E-02    0.1097679138183594E-02
   29    0.7089843750000000E-02    0.8141708374023438E-03
   30    0.5371093750000000E-02    0.6998062133789062E-03
   31    0.4824218750000000E-02    0.9794998168945312E-03
   32    0.5507812500000000E-02    0.8963775634765625E-03
   33    0.5644531250000000E-02    0.9463119506835937E-03
   34    0.2929687500000000E-02    0.8596038818359375E-03
   35    0.1601562500000000E-02    0.1031875610351562E-02
   36    0.1953125000000000E-04    0.9383010864257812E-03
   37    0.7421875000000000E-03    0.9297943115234375E-03
   38   -0.1347656250000000E-02    0.1223411560058594E-02
   39    0.2382812500000000E-02    0.1077194213867187E-02
   40    0.1171875000000000E-02    0.9719848632812500E-03
   41    0.1425781250000000E-02    0.9331130981445313E-03
   42   -0.3339843750000000E-02    0.1057319641113281E-02
   43   -0.3710937500000000E-03    0.7891464233398438E-03
   44    0.2500000000000000E-02    0.8144378662109375E-03
   45    0.1816406250000000E-02    0.9625625610351563E-03
   46    0.2890625000000000E-02    0.8422851562500000E-03
   47    0.1503906250000000E-02    0.7174301147460937E-03
   48    0.2890625000000000E-02    0.7428741455078125E-03
   49    0.2578125000000000E-02    0.8576202392578125E-03
   50    0.6796875000000000E-02    0.1169357299804688E-02
   51    0.4453125000000000E-02    0.1108703613281250E-02
   52   -0.5468750000000001E-03    0.9738159179687500E-03
   53    0.1308593750000000E-02    0.8826065063476563E-03
   54    0.5468750000000001E-03    0.9069061279296875E-03
   55   -0.9765625000000001E-04    0.1029930114746094E-02
   56    0.1699218750000000E-02    0.8079147338867187E-03
   57    0.7031250000000000E-03    0.7878875732421875E-03
   58   -0.3183593750000000E-02    0.9315872192382813E-03
   59   -0.3632812500000000E-02    0.1017684936523437E-02
   60    0.1035156250000000E-02    0.9409713745117187E-03
   61    0.2832031250000000E-02    0.8543777465820312E-03
   62    0.4101562500000000E-03    0.8179092407226562E-03
   63    0.3730468750000000E-02    0.1141319274902344E-02
   64    0.3164062500000000E-02    0.1067428588867187E-02
   65    0.3789062500000000E-02    0.1098403930664062E-02
   66    0.4121093750000000E-02    0.1010704040527344E-02
   67    0.1953125000000000E-03    0.1072998046875000E-02
   68   -0.3515625000000000E-03    0.9001922607421875E-03
   69   -0.2207031250000000E-02    0.9455490112304688E-03
   70   -0.3945312500000000E-02    0.1053237915039063E-02
   71   -0.3320312500000000E-03    0.8205795288085938E-03
   72    0.2167968750000000E-02    0.9623336791992188E-03
   73    0.4882812500000000E-03    0.1004066467285156E-02
   74   -0.4492187500000000E-03    0.9701156616210938E-03
   75    0.7812500000000000E-04    0.7067871093750000E-03
   76    0.4101562500000000E-03    0.8156204223632813E-03
   77   -0.1484375000000000E-02    0.8670043945312500E-03
   78    0.2597656250000000E-02    0.8218002319335938E-03
   79   -0.8007812500000000E-03    0.9672927856445312E-03
   80    0.2109375000000000E-02    0.8803558349609375E-03
   81   -0.3730468750000000E-02    0.9233474731445313E-03
   82   -0.4179687500000000E-02    0.1121978759765625E-02
   83   -0.4316406250000000E-02    0.1245994567871094E-02
   84   -0.2675781250000000E-02    0.8179092407226562E-03
   85   -0.5429687500000000E-02    0.1011657714843750E-02
   86   -0.5273437500000000E-02    0.7813262939453125E-03
   87   -0.3984375000000000E-02    0.9906768798828125E-03
   88   -0.1386718750000000E-02    0.8381271362304688E-03
   89   -0.4667968750000000E-02    0.9646987915039062E-03
   90   -0.2246093750000000E-02    0.1123313903808594E-02
   91   -0.1660156250000000E-02    0.9994125366210938E-03
   92   -0.8984375000000000E-03    0.1205215454101562E-02
   93   -0.2089843750000000E-02    0.1083183288574219E-02
   94   -0.1933593750000000E-02    0.8209609985351563E-03
   95    0.5859375000000000E-04    0.1004142761230469E-02
   96   -0.5878906250000000E-02    0.1271018981933594E-02
   97    0.1953125000000000E-02    0.1221466064453125E-02
   98   -0.3710937500000000E-03    0.8852767944335937E-03
   99   -0.4472656250000000E-02    0.1007957458496094E-02
  100   -0.3574218750000000E-02    0.7598495483398437E-03
