# time =    0.4393
    0    0.1000000000000000E+01    0.1000000000000000E+01
    1    0.3248046875000000E+00    0.1064417266845703E+00
    2    0.1241796875000000E+00    0.1643562316894531E-01
    3    0.5058593750000000E-01    0.3663406372070313E-02
    4    0.2681640625000000E-01    0.1915397644042969E-02
    5    0.1134765625000000E-01    0.1030311584472656E-02
    6    0.6757812500000000E-02    0.7805633544921875E-03
    7    0.6152343750000000E-02    0.9463119506835937E-03
    8    0.6054687500000000E-03    0.8404159545898438E-03
    9    0.3183593750000000E-02    0.9994888305664062E-03
   10    0.6484375000000000E-02    0.1218109130859375E-02
   11   -0.1757812500000000E-03    0.1022148132324219E-02
   12   -0.4882812500000000E-02    0.9015655517578125E-03
   13   -0.5898437500000000E-02    0.6862640380859375E-03
   14   -0.4335937500000000E-02    0.1063919067382812E-02
   15   -0.2402343750000000E-02    0.9548568725585938E-03
   16   -0.1601562500000000E-02    0.9356689453125000E-03
   17    0.3691406250000000E-02    0.1175651550292969E-02
   18   -0.1347656250000000E-02    0.1125984191894531E-02
   19    0.7617187500000000E-03    0.1074638366699219E-02
   20    0.2265625000000000E-02    0.9515380859375000E-03
   21    0.1289062500000000E-02    0.1002578735351562E-02
   22    0.2792968750000000E-02    0.8641433715820313E-03
   23   -0.9179687499999999E-03    0.9132003784179687E-03
   24   -0.3730468750000000E-02    0.1103401184082031E-02
   25    0.1894531250000000E-02    0.9183883666992188E-03
   26   -0.8398437500000000E-03    0.8611679077148438E-03
   27    0.8925781250000001E-02    0.1042823791503906E-02
   28    0.2343750000000000E-03    0.8743286132812500E-03
   29    0.3359375000000000E-02    0.6983947753906250E-03
   30    0.9179687499999999E-03    0.1264686584472656E-02
   31    0.3671875000000000E-02    0.1088409423828125E-02
   32    0.8300781250000000E-02    0.1117668151855469E-02
   33    0.6835937500000000E-03    0.8359146118164062E-03
   34   -0.1601562500000000E-02    0.8794403076171875E-03
   35   -0.7226562500000000E-03    0.1082496643066406E-02
   36    0.4882812500000000E-02    0.9726715087890625E-03
   37    0.1914062500000000E-02    0.1172943115234375E-02
   38    0.5527343750000000E-02    0.8056259155273437E-03
   39    0.6328125000000000E-02    0.8238220214843750E-03
   40    0.2578125000000000E-02    0.8441162109375000E-03
   41    0.3710937500000000E-02    0.9730529785156250E-03
   42   -0.1542968750000000E-02    0.7658004760742188E-03
   43   -0.3359375000000000E-02    0.1093215942382812E-02
   44   -0.2832031250000000E-02    0.1035118103027344E-02
   45    0.9765625000000001E-04    0.9140396118164063E-03
   46    0.3574218750000000E-02    0.9513473510742187E-03
   47   -0.2207031250000000E-02    0.8278274536132812E-03
   48   -0.7617187500000000E-02    0.8203887939453125E-03
   49   -0.2031250000000000E-02    0.1401519775390625E-02
   50    0.3144531250000000E-02    0.1214332580566406E-02
   51    0.1640625000000000E-02    0.9864044189453124E-03
   52    0.5078125000000000E-03    0.9595489501953125E-03
   53    0.1269531250000000E-02    0.9411239624023438E-03
   54    0.6054687500000000E-03    0.1307258605957031E-02
   55    0.7421875000000000E-03    0.1050415039062500E-02
   56    0.2500000000000000E-02    0.9425354003906250E-03
   57    0.6484375000000000E-02    0.1081771850585937E-02
   58    0.7695312500000000E-02    0.1023635864257812E-02
   59    0.7031250000000000E-03    0.7491302490234375E-03
   60    0.1542968750000000E-02    0.1138648986816406E-02
   61    0.2226562500000000E-02    0.9970855712890625E-03
   62    0.4257812500000000E-02    0.9903717041015625E-03
   63   -0.1660156250000000E-02    0.7841110229492188E-03
   64    0.1132812500000000E-02    0.8874511718749999E-03
   65   -0.7812500000000000E-03    0.1214294433593750E-02
   66    0.7812500000000000E-04    0.8721923828124999E-03
   67    0.2851562500000000E-02    0.1195297241210937E-02
   68    0.5859375000000000E-04    0.1124839782714844E-02
   69   -0.3613281250000000E-02    0.9083175659179688E-03
   70   -0.7031250000000000E-03    0.1084594726562500E-02
   71   -0.1308593750000000E-02    0.7172775268554688E-03
   72    0.3867187500000000E-02    0.9279632568359375E-03
   73   -0.2949218750000000E-02    0.9634017944335938E-03
   74   -0.2734375000000000E-03    0.1022872924804687E-02
   75   -0.9277343750000000E-02    0.1074943542480469E-02
   76    0.5078125000000000E-03    0.1020355224609375E-02
   77    0.2460937500000000E-02    0.1007080078125000E-02
   78    0.3242187500000000E-02    0.1151657104492187E-02
   79    0.1660156250000000E-02    0.9706497192382812E-03
   80   -0.2265625000000000E-02    0.1029891967773438E-02
   81    0.2460937500000000E-02    0.8164215087890625E-03
   82   -0.4511718750000000E-02    0.8637619018554688E-03
   83   -0.3613281250000000E-02    0.1004447937011719E-02
   84   -0.7968750000000000E-02    0.1157836914062500E-02
   85   -0.3085937500000000E-02    0.1057357788085938E-02
   86   -0.5917968750000000E-02    0.1085395812988281E-02
   87    0.1640625000000000E-02    0.9732818603515624E-03
   88   -0.4296875000000000E-03    0.9120941162109375E-03
   89    0.2382812500000000E-02    0.9685516357421875E-03
   90    0.3085937500000000E-02    0.8910369873046875E-03
   91   -0.1562500000000000E-03    0.8562469482421875E-03
   92    0.2187500000000000E-02    0.1104660034179687E-02
   93    0.1269531250000000E-02    0.1039466857910156E-02
   94   -0.3339843750000000E-02    0.9057235717773438E-03
   95    0.8593750000000000E-03    0.1035537719726562E-02
   96    0.2382812500000000E-02    0.1082687377929687E-02
   97   -0.3847656250000000E-02    0.1196250915527344E-02
   98   -0.8847656250000000E-02    0.1082344055175781E-02
   99   -0.6738281250000000E-02    0.1024360656738281E-02
  100   -0.6835937500000000E-03    0.9795761108398438E-03
