# time =    0.4529
    0    0.1000000000000000E+01    0.1000000000000000E+01
    1    0.2715234375000000E+00    0.7441642761230469E-01
    2    0.8644531250000000E-01    0.8231277465820313E-02
    3    0.2513671875000000E-01    0.1685066223144531E-02
    4    0.8671875000000001E-02    0.1052780151367188E-02
    5    0.5000000000000000E-02    0.9704589843750000E-03
    6    0.2617187500000000E-02    0.1106033325195312E-02
    7   -0.5468750000000001E-03    0.9798431396484376E-03
    8   -0.5332031250000000E-02    0.1022911071777344E-02
    9   -0.2011718750000000E-02    0.9325027465820312E-03
   10   -0.2363281250000000E-02    0.9457015991210937E-03
   11   -0.6621093750000000E-02    0.9656906127929688E-03
   12    0.1679687500000000E-02    0.9140777587890625E-03
   13    0.4023437500000000E-02    0.1015625000000000E-02
   14    0.1132812500000000E-02    0.9783172607421874E-03
   15    0.1953125000000000E-02    0.1037979125976563E-02
   16   -0.2851562500000000E-02    0.1029739379882812E-02
   17   -0.1562500000000000E-02    0.1108551025390625E-02
   18   -0.2578125000000000E-02    0.7616424560546875E-03
   19    0.7421875000000000E-03    0.8003997802734375E-03
   20   -0.1289062500000000E-02    0.8132171630859375E-03
   21    0.3789062500000000E-02    0.8847045898437500E-03
   22    0.5351562500000000E-02    0.9188079833984376E-03
   23    0.6640625000000000E-03    0.1011734008789063E-02
   24    0.2343750000000000E-03    0.7422637939453125E-03
   25   -0.7617187500000000E-03    0.9856796264648437E-03
   26    0.1132812500000000E-02    0.1145629882812500E-02
   27    0.3144531250000000E-02    0.6992721557617188E-03
   28   -0.1757812500000000E-03    0.9225082397460938E-03
   29    0.3457031250000000E-02    0.7124710083007813E-03
   30    0.3007812500000000E-02    0.1286239624023438E-02
   31   -0.2617187500000000E-02    0.9244537353515625E-03
   32   -0.4121093750000000E-02    0.1058769226074219E-02
   33    0.8203125000000000E-03    0.8825683593750001E-03
   34   -0.7226562500000000E-03    0.8195877075195312E-03
   35   -0.2031250000000000E-02    0.8042144775390625E-03
   36   -0.6503906250000000E-02    0.8981704711914062E-03
   37   -0.3378906250000000E-02    0.1223793029785156E-02
   38   -0.2187500000000000E-02    0.9309387207031250E-03
   39   -0.3710937500000000E-03    0.1006278991699219E-02
   40    0.7031250000000000E-03    0.1022338867187500E-02
   41   -0.2832031250000000E-02    0.9407424926757813E-03
   42    0.6250000000000000E-03    0.9915161132812501E-03
   43   -0.2949218750000000E-02    0.1258811950683594E-02
   44   -0.2167968750000000E-02    0.1103935241699219E-02
   45   -0.1992187500000000E-02    0.1105957031250000E-02
   46    0.1621093750000000E-02    0.9867477416992188E-03
   47   -0.2011718750000000E-02    0.1045875549316406E-02
   48   -0.5273437500000000E-02    0.1004028320312500E-02
   49   -0.1562500000000000E-02    0.9097290039062500E-03
   50   -0.1640625000000000E-02    0.1009140014648438E-02
   51    0.2578125000000000E-02    0.9917449951171876E-03
   52   -0.2480468750000000E-02    0.9016036987304687E-03
   53    0.1796875000000000E-02    0.9145355224609375E-03
   54    0.6250000000000000E-03    0.7501983642578125E-03
   55    0.2812500000000000E-02    0.9487152099609375E-03
   56    0.6074218750000000E-02    0.1279029846191406E-02
   57   -0.1777343750000000E-02    0.1064949035644531E-02
   58   -0.2597656250000000E-02    0.1064872741699219E-02
   59    0.1074218750000000E-02    0.1038093566894531E-02
   60    0.3476562500000000E-02    0.1037979125976563E-02
   61   -0.9179687499999999E-03    0.8787155151367187E-03
   62   -0.2441406250000000E-02    0.7831192016601562E-03
   63    0.2617187500000000E-02    0.8363342285156250E-03
   64    0.4921875000000000E-02    0.9198760986328124E-03
   65   -0.2285156250000000E-02    0.8207321166992188E-03
   66    0.2148437500000000E-03    0.6946182250976563E-03
   67   -0.2402343750000000E-02    0.1130104064941406E-02
   68    0.1562500000000000E-02    0.7355499267578125E-03
   69   -0.2148437500000000E-03    0.9639358520507812E-03
   70   -0.1445312500000000E-02    0.1086959838867187E-02
   71    0.2128906250000000E-02    0.9061050415039063E-03
   72   -0.1699218750000000E-02    0.8473587036132812E-03
   73    0.1230468750000000E-02    0.1115989685058594E-02
   74    0.2226562500000000E-02    0.9777832031250000E-03
   75   -0.3125000000000000E-02    0.1087722778320312E-02
   76    0.2441406250000000E-02    0.8941268920898437E-03
   77    0.6542968750000000E-02    0.9107589721679688E-03
   78    0.6640625000000000E-02    0.9783935546875001E-03
   79    0.1074218750000000E-02    0.1116981506347656E-02
   80    0.2128906250000000E-02    0.1045036315917969E-02
   81    0.1328125000000000E-02    0.1199188232421875E-02
   82   -0.9375000000000000E-03    0.7880401611328125E-03
   83    0.4492187500000000E-02    0.9630584716796875E-03
   84   -0.3164062500000000E-02    0.1112213134765625E-02
   85   -0.3437500000000000E-02    0.9789276123046875E-03
   86   -0.3476562500000000E-02    0.1097488403320312E-02
   87   -0.1953125000000000E-03    0.1082000732421875E-02
   88    0.6054687500000000E-03    0.1119728088378906E-02
   89   -0.4296875000000000E-02    0.9041595458984375E-03
   90   -0.1679687500000000E-02    0.1041259765625000E-02
   91    0.7226562500000000E-03    0.9360885620117187E-03
   92   -0.1171875000000000E-03    0.8061981201171875E-03
   93   -0.9960937500000000E-03    0.9939956665039062E-03
   94   -0.5488281250000000E-02    0.8222579956054688E-03
   95   -0.1289062500000000E-02    0.9772491455078125E-03
   96   -0.9121093750000000E-02    0.9440994262695313E-03
   97    0.1855468750000000E-02    0.8118820190429688E-03
   98   -0.5019531250000000E-02    0.1144752502441406E-02
   99   -0.6992187500000000E-02    0.1100845336914062E-02
  100   -0.4882812500000000E-02    0.8361053466796875E-03
