# time =    0.4522
    0    0.1000000000000000E+01    0.1000000000000000E+01
    1    0.2741406250000000E+00    0.7577102661132812E-01
    2    0.8185546874999999E-01    0.7854499816894532E-02
    3    0.3205078125000000E-01    0.2066841125488281E-02
    4    0.1083984375000000E-01    0.8739852905273438E-03
    5    0.6230468750000000E-02    0.1074485778808594E-02
    6   -0.4394531250000000E-02    0.9067916870117188E-03
    7   -0.1718750000000000E-02    0.1013717651367188E-02
    8   -0.2773437500000000E-02    0.8756256103515625E-03
    9   -0.7031250000000000E-03    0.1086044311523437E-02
   10   -0.4589843750000000E-02    0.1000785827636719E-02
   11   -0.3652343750000000E-02    0.1225624084472656E-02
   12    0.1269531250000000E-02    0.1162910461425781E-02
   13   -0.1367187500000000E-02    0.9099578857421875E-03
   14    0.5859375000000000E-03    0.8087158203125000E-03
   15    0.1992187500000000E-02    0.8704376220703125E-03
   16    0.3457031250000000E-02    0.8143997192382813E-03
   17    0.1718750000000000E-02    0.9506225585937500E-03
   18   -0.5664062500000000E-03    0.9547042846679688E-03
   19   -0.3281250000000000E-02    0.9790039062499999E-03
   20   -0.1796875000000000E-02    0.1047363281250000E-02
   21    0.3906250000000000E-03    0.1071701049804687E-02
   22    0.4492187500000000E-03    0.8800888061523438E-03
   23    0.2011718750000000E-02    0.1158943176269531E-02
   24    0.1347656250000000E-02    0.8907699584960937E-03
   25    0.7812500000000000E-03    0.1025619506835938E-02
   26    0.4746093750000000E-02    0.9918594360351562E-03
   27   -0.4296875000000000E-03    0.9796142578125000E-03
   28   -0.1894531250000000E-02    0.9397506713867187E-03
   29   -0.1953125000000000E-03    0.1324386596679688E-02
   30   -0.5859375000000000E-03    0.9017944335937500E-03
   31    0.6250000000000000E-03    0.1221313476562500E-02
   32    0.2539062500000000E-03    0.9447860717773437E-03
   33   -0.2578125000000000E-02    0.9963226318359375E-03
   34   -0.4121093750000000E-02    0.1106300354003906E-02
   35   -0.3535156250000000E-02    0.9811782836914062E-03
   36   -0.5136718750000000E-02    0.1067543029785156E-02
   37    0.2617187500000000E-02    0.1095504760742188E-02
   38    0.1132812500000000E-02    0.9279632568359375E-03
   39    0.4550781250000000E-02    0.9943008422851562E-03
   40   -0.1269531250000000E-02    0.8311843872070312E-03
   41   -0.4570312500000000E-02    0.1322402954101563E-02
   42   -0.4062500000000000E-02    0.1038742065429688E-02
   43   -0.5742187500000000E-02    0.1157836914062500E-02
   44   -0.6523437500000000E-02    0.1317367553710937E-02
   45   -0.2363281250000000E-02    0.1157417297363281E-02
   46   -0.3710937500000000E-03    0.1114311218261719E-02
   47    0.5859375000000000E-03    0.9011840820312500E-03
   48    0.8789062500000000E-03    0.9771347045898437E-03
   49   -0.1406250000000000E-02    0.1239318847656250E-02
   50   -0.1484375000000000E-02    0.8367919921875001E-03
   51   -0.1738281250000000E-02    0.8522415161132812E-03
   52   -0.9765625000000000E-03    0.1187744140625000E-02
   53   -0.1953125000000000E-02    0.8900451660156250E-03
   54   -0.2343750000000000E-02    0.1125183105468750E-02
   55    0.1621093750000000E-02    0.8193588256835937E-03
   56   -0.1621093750000000E-02    0.8535385131835938E-03
   57    0.1367187500000000E-02    0.1061096191406250E-02
   58   -0.8281250000000000E-02    0.1214294433593750E-02
   59    0.2343750000000000E-02    0.9582519531250000E-03
   60   -0.1894531250000000E-02    0.9608840942382812E-03
   61   -0.2246093750000000E-02    0.9199142456054688E-03
   62    0.1152343750000000E-02    0.1025352478027344E-02
   63    0.4316406250000000E-02    0.1289710998535156E-02
   64   -0.5468750000000001E-03    0.1106109619140625E-02
   65   -0.3085937500000000E-02    0.9741210937500001E-03
   66   -0.2167968750000000E-02    0.1011238098144531E-02
   67   -0.1562500000000000E-02    0.9572601318359375E-03
   68    0.2285156250000000E-02    0.7016372680664063E-03
   69    0.4609375000000000E-02    0.9539031982421875E-03
   70    0.3496093750000000E-02    0.9679794311523438E-03
   71    0.7421875000000000E-03    0.1101455688476563E-02
   72   -0.2500000000000000E-02    0.9158325195312500E-03
   73    0.5078125000000000E-02    0.7507324218750000E-03
   74    0.3437500000000000E-02    0.8592987060546875E-03
   75    0.6445312500000000E-03    0.1237983703613281E-02
   76    0.2031250000000000E-02    0.1046218872070312E-02
   77    0.7714843750000000E-02    0.8881759643554688E-03
   78   -0.2343750000000000E-02    0.1060791015625000E-02
   79    0.2285156250000000E-02    0.1043357849121094E-02
   80   -0.7031250000000000E-03    0.7385253906250000E-03
   81    0.8281250000000000E-02    0.9770965576171874E-03
   82    0.2265625000000000E-02    0.1091232299804688E-02
   83    0.1562500000000000E-02    0.9616851806640625E-03
   84    0.1679687500000000E-02    0.1276245117187500E-02
   85    0.2988281250000000E-02    0.1008262634277344E-02
   86    0.1503906250000000E-02    0.1053810119628906E-02
   87   -0.2382812500000000E-02    0.1071777343750000E-02
   88   -0.1738281250000000E-02    0.8472824096679688E-03
   89   -0.1210937500000000E-02    0.1009445190429688E-02
   90   -0.4375000000000000E-02    0.9483337402343750E-03
   91   -0.7226562500000000E-03    0.9826278686523437E-03
   92   -0.8398437500000000E-03    0.8715438842773437E-03
   93   -0.1328125000000000E-02    0.9185028076171875E-03
   94    0.2851562500000000E-02    0.8067321777343750E-03
   95   -0.4062500000000000E-02    0.1008758544921875E-02
   96    0.2285156250000000E-02    0.9599685668945313E-03
   97    0.6738281250000000E-02    0.1097679138183594E-02
   98    0.5898437500000000E-02    0.1199188232421875E-02
   99    0.1230468750000000E-02    0.8669662475585938E-03
  100    0.1562500000000000E-02    0.9172058105468750E-03
