# time =    0.4658
    0    0.1000000000000000E+01    0.1000000000000000E+01
    1    0.2042187500000000E+00    0.4266387939453125E-01
    2    0.4484375000000000E-01    0.3049240112304688E-02
    3    0.1412109375000000E-01    0.1041603088378906E-02
    4    0.2812500000000000E-02    0.8744812011718750E-03
    5   -0.1015625000000000E-02    0.1037292480468750E-02
    6   -0.3242187500000000E-02    0.6405639648437500E-03
    7    0.2050781250000000E-02    0.1049156188964844E-02
    8    0.2304687500000000E-02    0.1176452636718750E-02
    9    0.1308593750000000E-02    0.1098823547363281E-02
   10    0.3300781250000000E-02    0.1060218811035156E-02
   11   -0.1230468750000000E-02    0.1091651916503906E-02
   12    0.5195312500000000E-02    0.9664154052734375E-03
   13    0.7128906250000000E-02    0.1273689270019531E-02
   14    0.5039062500000000E-02    0.1109466552734375E-02
   15   -0.1171875000000000E-02    0.1206054687500000E-02
   16    0.2714843750000000E-02    0.8906173706054687E-03
   17   -0.4101562500000000E-02    0.8872222900390625E-03
   18   -0.1894531250000000E-02    0.7296371459960938E-03
   19   -0.3085937500000000E-02    0.1061172485351563E-02
   20    0.2832031250000000E-02    0.1034736633300781E-02
   21    0.6816406250000000E-02    0.7056045532226562E-03
   22    0.3085937500000000E-02    0.8703613281250000E-03
   23   -0.2500000000000000E-02    0.1021957397460937E-02
   24   -0.4589843750000000E-02    0.1016960144042969E-02
   25   -0.2968750000000000E-02    0.1002120971679687E-02
   26   -0.6601562500000000E-02    0.9437561035156250E-03
   27   -0.4980468750000000E-02    0.9445571899414063E-03
   28    0.2363281250000000E-02    0.8537673950195313E-03
   29   -0.2382812500000000E-02    0.1277160644531250E-02
   30   -0.4082031250000000E-02    0.1123161315917969E-02
   31    0.4062500000000000E-02    0.8543395996093750E-03
   32   -0.3359375000000000E-02    0.1434783935546875E-02
   33    0.3222656250000000E-02    0.1104011535644531E-02
   34    0.3125000000000000E-02    0.9445190429687500E-03
   35   -0.3027343750000000E-02    0.9522628784179687E-03
   36   -0.7500000000000000E-02    0.9798431396484376E-03
   37   -0.6054687500000000E-03    0.7102584838867187E-03
   38    0.2187500000000000E-02    0.9511566162109375E-03
   39   -0.5664062500000000E-03    0.8977890014648437E-03
   40    0.6171875000000000E-02    0.1027145385742187E-02
   41    0.5292968750000000E-02    0.9465408325195312E-03
   42    0.1289062500000000E-02    0.9460449218750000E-03
   43    0.2714843750000000E-02    0.1117591857910156E-02
   44    0.2207031250000000E-02    0.8323287963867187E-03
   45    0.2324218750000000E-02    0.1023368835449219E-02
   46   -0.3320312500000000E-03    0.9780502319335937E-03
   47   -0.1464843750000000E-02    0.8255386352539062E-03
   48   -0.1132812500000000E-02    0.8540344238281250E-03
   49   -0.9765625000000001E-04    0.1120109558105469E-02
   50   -0.5273437500000000E-03    0.8314132690429687E-03
   51    0.3476562500000000E-02    0.1065902709960938E-02
   52    0.2031250000000000E-02    0.7014465332031250E-03
   53    0.1738281250000000E-02    0.8726882934570313E-03
   54   -0.1972656250000000E-02    0.9479141235351563E-03
   55    0.9296875000000000E-02    0.9758758544921875E-03
   56    0.2128906250000000E-02    0.1257362365722656E-02
   57    0.1660156250000000E-02    0.9408950805664063E-03
   58    0.1503906250000000E-02    0.8001327514648438E-03
   59    0.4003906250000000E-02    0.1027717590332031E-02
   60   -0.2304687500000000E-02    0.8784484863281250E-03
   61   -0.6191406250000000E-02    0.1129341125488281E-02
   62    0.8203125000000000E-03    0.9904479980468749E-03
   63    0.1640625000000000E-02    0.6847381591796875E-03
   64   -0.2929687500000000E-03    0.1039848327636719E-02
   65   -0.1562500000000000E-03    0.1124954223632812E-02
   66   -0.4687500000000000E-03    0.8243560791015625E-03
   67   -0.4414062500000000E-02    0.8890533447265625E-03
   68   -0.2675781250000000E-02    0.8552169799804687E-03
   69    0.3828125000000000E-02    0.1278686523437500E-02
   70    0.5468750000000001E-03    0.1100463867187500E-02
   71    0.1953125000000000E-04    0.1008491516113281E-02
   72   -0.1171875000000000E-02    0.9590148925781250E-03
   73   -0.5039062500000000E-02    0.1150894165039062E-02
   74   -0.3242187500000000E-02    0.9636688232421875E-03
   75   -0.1054687500000000E-02    0.9153747558593750E-03
   76   -0.3906250000000000E-03    0.1054763793945312E-02
   77   -0.2070312500000000E-02    0.9809875488281251E-03
   78   -0.4003906250000000E-02    0.8806991577148438E-03
   79   -0.6542968750000000E-02    0.8338546752929688E-03
   80   -0.1289062500000000E-02    0.1121520996093750E-02
   81    0.4687500000000000E-03    0.8110809326171875E-03
   82   -0.2324218750000000E-02    0.1057701110839844E-02
   83   -0.7968750000000000E-02    0.8471679687500000E-03
   84   -0.2656250000000000E-02    0.1044692993164063E-02
   85   -0.4375000000000000E-02    0.1006622314453125E-02
   86   -0.1542968750000000E-02    0.9630966186523437E-03
   87   -0.5214843750000000E-02    0.9257888793945312E-03
   88   -0.3632812500000000E-02    0.9481811523437500E-03
   89   -0.1933593750000000E-02    0.1055717468261719E-02
   90    0.1347656250000000E-02    0.8027267456054688E-03
   91   -0.8203125000000000E-03    0.8438873291015625E-03
   92    0.1425781250000000E-02    0.1239204406738281E-02
   93    0.5644531250000000E-02    0.1219444274902344E-02
   94   -0.1875000000000000E-02    0.1099243164062500E-02
   95   -0.3886718750000000E-02    0.1043434143066406E-02
   96   -0.4296875000000000E-03    0.8172607421875000E-03
   97   -0.4121093750000000E-02    0.1040229797363281E-02
   98   -0.2363281250000000E-02    0.9187698364257812E-03
   99    0.8398437500000000E-02    0.9078216552734375E-03
  100    0.9765625000000000E-03    0.9782409667968750E-03
