# time =    0.4828
    0    0.1000000000000000E+01    0.1000000000000000E+01
    1    0.2178320312500000E+00    0.4840885162353516E-01
    2    0.4777343750000000E-01    0.3202514648437500E-02
    3    0.1833984375000000E-01    0.1543769836425781E-02
    4    0.6582031250000000E-02    0.1128044128417969E-02
    5    0.2968750000000000E-02    0.9562683105468750E-03
    6   -0.2480468750000000E-02    0.8739852905273438E-03
    7    0.1855468750000000E-02    0.1170921325683594E-02
    8   -0.5468750000000001E-03    0.1097946166992187E-02
    9    0.1269531250000000E-02    0.8739089965820313E-03
   10    0.3066406250000000E-02    0.9804916381835936E-03
   11    0.5664062500000000E-03    0.5849838256835937E-03
   12   -0.2597656250000000E-02    0.1062889099121094E-02
   13   -0.6523437500000000E-02    0.1144790649414063E-02
   14   -0.1230468750000000E-02    0.1033058166503906E-02
   15   -0.1425781250000000E-02    0.8506393432617188E-03
   16   -0.1132812500000000E-02    0.1295700073242188E-02
   17   -0.2500000000000000E-02    0.1001968383789063E-02
   18   -0.2265625000000000E-02    0.1115417480468750E-02
   19   -0.9179687499999999E-03    0.9012985229492188E-03
   20   -0.1796875000000000E-02    0.8258056640625000E-03
   21   -0.2265625000000000E-02    0.1067810058593750E-02
   22   -0.1015625000000000E-02    0.9262847900390625E-03
   23    0.4101562500000000E-03    0.1176490783691406E-02
   24    0.2890625000000000E-02    0.9031677246093750E-03
   25    0.2226562500000000E-02    0.7646942138671875E-03
   26   -0.2148437500000000E-02    0.9193420410156250E-03
   27   -0.3476562500000000E-02    0.8655548095703125E-03
   28   -0.2714843750000000E-02    0.8317947387695313E-03
   29   -0.8593750000000000E-03    0.1128463745117187E-02
   30   -0.3437500000000000E-02    0.9491729736328125E-03
   31    0.7812500000000000E-04    0.9797668457031249E-03
   32    0.5937500000000000E-02    0.7442474365234375E-03
   33    0.3046875000000000E-02    0.9404754638671875E-03
   34    0.2617187500000000E-02    0.1174011230468750E-02
   35   -0.1503906250000000E-02    0.9830093383789062E-03
   36   -0.3769531250000000E-02    0.1087455749511719E-02
   37    0.6914062500000000E-02    0.1189041137695312E-02
   38    0.5000000000000000E-02    0.9962463378906251E-03
   39    0.1953125000000000E-03    0.9054565429687501E-03
   40   -0.1386718750000000E-02    0.1098899841308594E-02
   41   -0.8281250000000000E-02    0.1034469604492188E-02
   42    0.1425781250000000E-02    0.8101272583007813E-03
   43    0.4296875000000000E-03    0.8094024658203125E-03
   44    0.1113281250000000E-02    0.1158561706542969E-02
   45   -0.1230468750000000E-02    0.8911514282226563E-03
   46   -0.1328125000000000E-02    0.8773803710937500E-03
   47   -0.2519531250000000E-02    0.1151390075683594E-02
   48   -0.2851562500000000E-02    0.1007766723632813E-02
   49   -0.3750000000000000E-02    0.9468078613281250E-03
   50    0.4687500000000000E-03    0.1088790893554688E-02
   51   -0.7421875000000000E-03    0.1079254150390625E-02
   52    0.7812500000000000E-03    0.9379577636718750E-03
   53   -0.3320312500000000E-03    0.8412551879882813E-03
   54    0.3906250000000000E-04    0.9400939941406250E-03
   55   -0.2929687500000000E-03    0.9615707397460937E-03
   56    0.8984375000000000E-03    0.9867095947265626E-03
   57   -0.2460937500000000E-02    0.8588409423828124E-03
   58    0.1484375000000000E-02    0.1013793945312500E-02
   59    0.5546875000000000E-02    0.1063613891601562E-02
   60    0.3320312500000000E-03    0.1056709289550781E-02
   61    0.2460937500000000E-02    0.8945465087890625E-03
   62    0.4101562500000000E-03    0.9206771850585937E-03
   63    0.1132812500000000E-02    0.1140823364257813E-02
   64   -0.2636718750000000E-02    0.9399795532226562E-03
   65   -0.5410156250000000E-02    0.9735488891601563E-03
   66   -0.2402343750000000E-02    0.1059379577636719E-02
   67    0.6230468750000000E-02    0.1061286926269531E-02
   68   -0.1367187500000000E-02    0.1011428833007812E-02
   69   -0.6640625000000000E-02    0.8243560791015625E-03
   70   -0.1464843750000000E-02    0.7886123657226562E-03
   71   -0.2519531250000000E-02    0.7031631469726563E-03
   72    0.1777343750000000E-02    0.8349990844726562E-03
   73   -0.4414062500000000E-02    0.7173156738281250E-03
   74   -0.7031250000000000E-02    0.8714294433593750E-03
   75    0.1367187500000000E-02    0.1113662719726562E-02
   76    0.6074218750000000E-02    0.9211349487304687E-03
   77    0.3105468750000000E-02    0.6766128540039063E-03
   78   -0.3574218750000000E-02    0.9777450561523438E-03
   79   -0.2304687500000000E-02    0.1189575195312500E-02
   80    0.4257812500000000E-02    0.8168792724609374E-03
   81    0.2812500000000000E-02    0.9855651855468751E-03
   82    0.4687500000000000E-03    0.1027450561523437E-02
   83    0.2031250000000000E-02    0.7997131347656249E-03
   84   -0.3632812500000000E-02    0.9419250488281250E-03
   85    0.1068359375000000E-01    0.1122016906738281E-02
   86    0.9765625000000000E-03    0.8332824707031250E-03
   87   -0.1894531250000000E-02    0.1090965270996094E-02
   88    0.4921875000000000E-02    0.9956359863281250E-03
   89   -0.7421875000000000E-03    0.1073379516601562E-02
   90   -0.2246093750000000E-02    0.8969497680664062E-03
   91   -0.9179687499999999E-03    0.8414077758789062E-03
   92   -0.1757812500000000E-03    0.9972000122070313E-03
   93    0.2167968750000000E-02    0.1063194274902344E-02
   94   -0.1386718750000000E-02    0.9035110473632812E-03
   95   -0.6250000000000000E-02    0.1361999511718750E-02
   96   -0.1953125000000000E-03    0.1064758300781250E-02
   97    0.1054687500000000E-02    0.8581542968750000E-03
   98   -0.1640625000000000E-02    0.7702636718750000E-03
   99    0.5859375000000000E-04    0.1007804870605469E-02
  100   -0.6835937500000000E-03    0.8098983764648438E-03
