# time =    0.4719
    0    0.1000000000000000E+01    0.1000000000000000E+01
    1    0.2159570312500000E+00    0.4728961944580078E-01
    2    0.4636718750000000E-01    0.3250045776367188E-02
    3    0.1035156250000000E-01    0.1017837524414062E-02
    4   -0.2675781250000000E-02    0.9654617309570313E-03
    5   -0.1777343750000000E-02    0.9133529663085938E-03
    6   -0.1660156250000000E-02    0.8409500122070312E-03
    7   -0.6054687500000000E-03    0.8082962036132812E-03
    8    0.1757812500000000E-02    0.8372497558593750E-03
    9    0.7031250000000000E-03    0.8421325683593750E-03
   10    0.2187500000000000E-02    0.1013031005859375E-02
   11   -0.4824218750000000E-02    0.8566665649414062E-03
   12    0.2285156250000000E-02    0.9623336791992188E-03
   13   -0.1796875000000000E-02    0.1089324951171875E-02
   14    0.4687500000000000E-03    0.8956909179687500E-03
   15    0.2500000000000000E-02    0.7411956787109375E-03
   16    0.5117187500000000E-02    0.8786773681640625E-03
   17   -0.7656250000000000E-02    0.1036148071289063E-02
   18   -0.9375000000000000E-03    0.8386230468750000E-03
   19   -0.3515625000000000E-02    0.9852600097656249E-03
   20   -0.1031250000000000E-01    0.1099243164062500E-02
   21   -0.5371093750000000E-02    0.8864212036132813E-03
   22   -0.3261718750000000E-02    0.1023445129394531E-02
   23   -0.4824218750000000E-02    0.9027481079101563E-03
   24   -0.1152343750000000E-02    0.7840347290039063E-03
   25   -0.2656250000000000E-02    0.9651947021484375E-03
   26   -0.1484375000000000E-02    0.7830810546875000E-03
   27    0.3750000000000000E-02    0.9538269042968750E-03
   28    0.6894531250000000E-02    0.1104011535644531E-02
   29   -0.5078125000000000E-03    0.9252166748046875E-03
   30   -0.2031250000000000E-02    0.1096343994140625E-02
   31   -0.5800781250000000E-02    0.8803176879882813E-03
   32   -0.3535156250000000E-02    0.1191825866699219E-02
   33   -0.4531250000000000E-02    0.9566497802734375E-03
   34   -0.1230468750000000E-02    0.1155204772949219E-02
   35   -0.3378906250000000E-02    0.7429885864257813E-03
   36   -0.1699218750000000E-02    0.7859420776367188E-03
   37   -0.4277343750000000E-02    0.1032524108886719E-02
   38   -0.1367187500000000E-03    0.9048080444335937E-03
   39    0.5703125000000000E-02    0.8872985839843750E-03
   40    0.5859375000000000E-04    0.9978866577148437E-03
   41   -0.6250000000000000E-03    0.1057891845703125E-02
   42    0.9570312500000000E-03    0.8115005493164062E-03
   43    0.1562500000000000E-03    0.8917236328125000E-03
   44   -0.1796875000000000E-02    0.1000213623046875E-02
   45    0.8554687500000000E-02    0.1258544921875000E-02
   46    0.2285156250000000E-02    0.9734725952148437E-03
   47   -0.1367187500000000E-02    0.8415985107421875E-03
   48   -0.1191406250000000E-02    0.9643173217773437E-03
   49    0.6640625000000000E-03    0.1032638549804687E-02
   50   -0.8203125000000000E-03    0.1049957275390625E-02
   51    0.0000000000000000E+00    0.9562683105468750E-03
   52   -0.1054687500000000E-02    0.1000061035156250E-02
   53    0.2421875000000000E-02    0.9872436523437500E-03
   54    0.5019531250000000E-02    0.9901046752929688E-03
   55    0.1367187500000000E-02    0.8236694335937500E-03
   56   -0.5664062500000000E-03    0.9411239624023438E-03
   57   -0.3417968750000000E-02    0.1025199890136719E-02
   58    0.1953125000000000E-04    0.8407974243164062E-03
   59   -0.2480468750000000E-02    0.9003067016601562E-03
   60   -0.8203125000000000E-03    0.8831024169921875E-03
   61   -0.5859375000000000E-04    0.1200294494628906E-02
   62    0.7226562500000000E-03    0.9849166870117187E-03
   63    0.1718750000000000E-02    0.9610748291015625E-03
   64    0.5957031250000000E-02    0.1030616760253906E-02
   65   -0.2402343750000000E-02    0.1036567687988281E-02
   66    0.2675781250000000E-02    0.1003837585449219E-02
   67    0.3515625000000000E-02    0.1145095825195313E-02
   68    0.4882812500000000E-03    0.9846878051757812E-03
   69   -0.2500000000000000E-02    0.1247329711914063E-02
   70    0.2402343750000000E-02    0.1249198913574219E-02
   71   -0.1386718750000000E-02    0.9341049194335938E-03
   72    0.1582031250000000E-02    0.1060523986816406E-02
   73    0.4785156250000000E-02    0.1013298034667969E-02
   74    0.1816406250000000E-02    0.1246986389160156E-02
   75   -0.2539062500000000E-03    0.9557723999023438E-03
   76    0.4296875000000000E-02    0.8068847656250000E-03
   77    0.1738281250000000E-02    0.1031150817871094E-02
   78    0.9765625000000001E-04    0.9800338745117188E-03
   79    0.2089843750000000E-02    0.1038093566894531E-02
   80   -0.3535156250000000E-02    0.1063194274902344E-02
   81   -0.5312500000000000E-02    0.1088256835937500E-02
   82    0.4472656250000000E-02    0.9434127807617188E-03
   83    0.2812500000000000E-02    0.1194915771484375E-02
   84    0.2441406250000000E-02    0.9713363647460937E-03
   85    0.3476562500000000E-02    0.9429931640625000E-03
   86    0.6074218750000000E-02    0.9414291381835937E-03
   87    0.5585937500000000E-02    0.7801818847656250E-03
   88    0.4785156250000000E-02    0.9392929077148437E-03
   89    0.8203125000000000E-03    0.1067886352539062E-02
   90    0.5234375000000000E-02    0.9807586669921876E-03
   91   -0.1386718750000000E-02    0.7112503051757812E-03
   92    0.1171875000000000E-03    0.1174240112304687E-02
   93   -0.2695312500000000E-02    0.1104507446289063E-02
   94    0.1074218750000000E-02    0.9158706665039063E-03
   95   -0.3320312500000000E-03    0.8717727661132813E-03
   96    0.4179687500000000E-02    0.1103286743164063E-02
   97   -0.4296875000000000E-03    0.1128463745117187E-02
   98    0.4785156250000000E-02    0.1030311584472656E-02
   99    0.3828125000000000E-02    0.9642028808593750E-03
  100   -0.1171875000000000E-03    0.9466552734375000E-03
