# time =    0.4325
    0    0.1000000000000000E+01    0.1000000000000000E+01
    1    0.3548437500000000E+00    0.1266436004638672E+00
    2    0.1463671875000000E+00    0.2206611633300781E-01
    3    0.7128906250000000E-01    0.5836715698242187E-02
    4    0.3978515625000000E-01    0.2529869079589844E-02
    5    0.1878906250000000E-01    0.1226043701171875E-02
    6    0.1300781250000000E-01    0.1164855957031250E-02
    7    0.5976562500000000E-02    0.9001159667968750E-03
    8    0.4277343750000000E-02    0.1110496520996094E-02
    9    0.6152343750000000E-02    0.1204414367675781E-02
   10    0.1953125000000000E-02    0.8322143554687500E-03
   11   -0.1679687500000000E-02    0.8049774169921875E-03
   12    0.1738281250000000E-02    0.9334182739257812E-03
   13    0.2187500000000000E-02    0.1155624389648437E-02
   14   -0.2050781250000000E-02    0.9170913696289062E-03
   15   -0.2011718750000000E-02    0.9437942504882812E-03
   16    0.2851562500000000E-02    0.9009552001953125E-03
   17   -0.7812500000000000E-03    0.9752655029296875E-03
   18   -0.4980468750000000E-02    0.1044197082519531E-02
   19   -0.4804687500000000E-02    0.1017532348632813E-02
   20   -0.3242187500000000E-02    0.1026077270507813E-02
   21   -0.4296875000000000E-03    0.7032775878906251E-03
   22   -0.2734375000000000E-03    0.9710693359375000E-03
   23    0.2148437500000000E-02    0.8743286132812500E-03
   24    0.6640625000000000E-03    0.9123992919921875E-03
   25    0.2656250000000000E-02    0.8702087402343750E-03
   26   -0.1953125000000000E-03    0.6575012207031251E-03
   27    0.2929687500000000E-03    0.1129646301269531E-02
   28    0.7421875000000000E-03    0.8165740966796875E-03
   29    0.0000000000000000E+00    0.9529876708984375E-03
   30   -0.4062500000000000E-02    0.9210968017578125E-03
   31    0.1464843750000000E-02    0.1143226623535156E-02
   32   -0.4570312500000000E-02    0.1195526123046875E-02
   33   -0.1171875000000000E-02    0.9244537353515625E-03
   34    0.4492187500000000E-03    0.1048469543457031E-02
   35    0.1953125000000000E-02    0.9991455078125001E-03
   36    0.2832031250000000E-02    0.8626937866210938E-03
   37    0.2792968750000000E-02    0.9048843383789063E-03
   38    0.4960937500000000E-02    0.9073638916015626E-03
   39    0.2890625000000000E-02    0.8197021484375000E-03
   40   -0.1386718750000000E-02    0.1008796691894531E-02
   41    0.2187500000000000E-02    0.9625244140625000E-03
   42   -0.4296875000000000E-03    0.9651947021484375E-03
   43   -0.4042968750000000E-02    0.8046340942382813E-03
   44   -0.4296875000000000E-03    0.9797668457031249E-03
   45    0.0000000000000000E+00    0.8379364013671875E-03
   46    0.2578125000000000E-02    0.9187316894531250E-03
   47    0.5820312500000000E-02    0.1162261962890625E-02
   48   -0.1503906250000000E-02    0.1222114562988281E-02
   49   -0.4511718750000000E-02    0.8512496948242188E-03
   50   -0.2929687500000000E-02    0.1078414916992187E-02
   51   -0.4433593750000000E-02    0.1027717590332031E-02
   52   -0.3925781250000000E-02    0.8613204956054687E-03
   53   -0.1367187500000000E-03    0.1010856628417969E-02
   54    0.2695312500000000E-02    0.9845733642578126E-03
   55    0.2167968750000000E-02    0.8133316040039063E-03
   56    0.4707031250000000E-02    0.9790420532226562E-03
   57    0.4941406250000000E-02    0.1001014709472656E-02
   58    0.1992187500000000E-02    0.9676361083984375E-03
   59    0.2519531250000000E-02    0.1071815490722656E-02
   60   -0.1445312500000000E-02    0.1095886230468750E-02
   61    0.3925781250000000E-02    0.1164970397949219E-02
   62   -0.2148437500000000E-03    0.1041374206542969E-02
   63    0.1250000000000000E-02    0.9326934814453125E-03
   64   -0.2265625000000000E-02    0.1017456054687500E-02
   65   -0.1582031250000000E-02    0.1188774108886719E-02
   66    0.7617187500000000E-03    0.1224479675292969E-02
   67    0.2285156250000000E-02    0.1070365905761719E-02
   68   -0.3437500000000000E-02    0.9435272216796875E-03
   69    0.1953125000000000E-03    0.8949279785156250E-03
   70   -0.2089843750000000E-02    0.9698867797851562E-03
   71   -0.3203125000000000E-02    0.9014129638671875E-03
   72   -0.2343750000000000E-02    0.1014175415039063E-02
   73   -0.5273437500000000E-03    0.8332443237304688E-03
   74    0.6113281250000000E-02    0.1087913513183594E-02
   75    0.3906250000000000E-02    0.1125640869140625E-02
   76    0.6738281250000000E-02    0.6712722778320312E-03
   77    0.2441406250000000E-02    0.1015281677246094E-02
   78   -0.2558593750000000E-02    0.8913040161132813E-03
   79   -0.1738281250000000E-02    0.1020011901855469E-02
   80   -0.1660156250000000E-02    0.9389114379882812E-03
   81    0.5273437500000000E-03    0.1151618957519531E-02
   82   -0.2382812500000000E-02    0.1070785522460937E-02
   83   -0.1894531250000000E-02    0.1213417053222656E-02
   84   -0.2246093750000000E-02    0.8502578735351562E-03
   85   -0.8437500000000001E-02    0.1015014648437500E-02
   86   -0.2441406250000000E-02    0.1052207946777344E-02
   87    0.3437500000000000E-02    0.7961273193359375E-03
   88   -0.1757812500000000E-02    0.1218261718750000E-02
   89    0.1523437500000000E-02    0.1107864379882813E-02
   90    0.8203125000000000E-03    0.1103897094726562E-02
   91    0.3125000000000000E-02    0.8967590332031250E-03
   92   -0.2343750000000000E-02    0.1168594360351562E-02
   93    0.2265625000000000E-02    0.1271438598632813E-02
   94   -0.1855468750000000E-02    0.1272239685058594E-02
   95    0.8789062500000000E-03    0.9749221801757812E-03
   96    0.6035156250000000E-02    0.8643722534179688E-03
   97    0.4082031250000000E-02    0.1059226989746094E-02
   98    0.4257812500000000E-02    0.9120941162109375E-03
   99   -0.1445312500000000E-02    0.1063461303710937E-02
  100   -0.1386718750000000E-02    0.1133995056152344E-02
