# time =    0.4660
    0    0.1000000000000000E+01    0.1000000000000000E+01
    1    0.2366796875000000E+00    0.5692253112792969E-01
    2    0.6660156250000000E-01    0.5631484985351562E-02
    3    0.1712890625000000E-01    0.1455955505371094E-02
    4    0.6933593750000000E-02    0.1070289611816406E-02
    5    0.5429687500000000E-02    0.1105651855468750E-02
    6    0.6816406250000000E-02    0.1099662780761719E-02
    7    0.7421875000000000E-03    0.8489227294921875E-03
    8    0.1015625000000000E-02    0.9155273437500000E-03
    9   -0.2539062500000000E-02    0.9647369384765625E-03
   10   -0.1035156250000000E-02    0.9230422973632812E-03
   11    0.4238281250000000E-02    0.9149551391601562E-03
   12    0.1191406250000000E-02    0.1264305114746094E-02
   13    0.4062500000000000E-02    0.9698486328125000E-03
   14   -0.3710937500000000E-03    0.1003837585449219E-02
   15   -0.2714843750000000E-02    0.8511734008789062E-03
   16   -0.4023437500000000E-02    0.9236907958984374E-03
   17   -0.8984375000000000E-03    0.9693145751953125E-03
   18   -0.2929687500000000E-03    0.1033363342285156E-02
   19    0.2871093750000000E-02    0.9656906127929688E-03
   20    0.1367187500000000E-02    0.7514953613281250E-03
   21    0.2832031250000000E-02    0.8272933959960938E-03
   22    0.8652343749999999E-02    0.9280014038085938E-03
   23    0.4316406250000000E-02    0.1179008483886719E-02
   24   -0.5058593750000000E-02    0.9466171264648438E-03
   25   -0.2167968750000000E-02    0.8747482299804688E-03
   26    0.1406250000000000E-02    0.9031677246093750E-03
   27   -0.2792968750000000E-02    0.1051750183105469E-02
   28    0.2773437500000000E-02    0.8043670654296876E-03
   29   -0.1953125000000000E-04    0.1057929992675781E-02
   30    0.8984375000000000E-03    0.1025161743164063E-02
   31   -0.2285156250000000E-02    0.7180404663085937E-03
   32   -0.1269531250000000E-02    0.8864212036132813E-03
   33    0.1953125000000000E-04    0.8593368530273438E-03
   34    0.1757812500000000E-02    0.1034240722656250E-02
   35    0.2070312500000000E-02    0.1022109985351562E-02
   36    0.1855468750000000E-02    0.1063346862792969E-02
   37   -0.4003906250000000E-02    0.7982254028320312E-03
   38   -0.1757812500000000E-02    0.9121704101562500E-03
   39    0.4277343750000000E-02    0.9206771850585937E-03
   40   -0.5195312500000000E-02    0.1108245849609375E-02
   41   -0.5234375000000000E-02    0.1071701049804687E-02
   42    0.1425781250000000E-02    0.9602737426757812E-03
   43   -0.8203125000000000E-03    0.1194305419921875E-02
   44   -0.6484375000000000E-02    0.9691619873046875E-03
   45   -0.9375000000000000E-03    0.1086273193359375E-02
   46    0.1445312500000000E-02    0.9393310546875000E-03
   47   -0.2089843750000000E-02    0.1026725769042969E-02
   48   -0.3125000000000000E-03    0.8579254150390625E-03
   49   -0.2363281250000000E-02    0.8426284790039062E-03
   50   -0.8007812500000000E-03    0.8631515502929688E-03
   51   -0.4101562500000000E-03    0.1099662780761719E-02
   52    0.5253906250000000E-02    0.1082801818847656E-02
   53    0.4941406250000000E-02    0.9334945678710938E-03
   54   -0.2929687500000000E-03    0.8971786499023437E-03
   55   -0.8007812500000000E-03    0.9611892700195312E-03
   56    0.1074218750000000E-02    0.9353256225585937E-03
   57   -0.2343750000000000E-03    0.1049499511718750E-02
   58   -0.2246093750000000E-02    0.7891464233398438E-03
   59   -0.3457031250000000E-02    0.7751846313476563E-03
   60   -0.1562500000000000E-03    0.1074676513671875E-02
   61   -0.2890625000000000E-02    0.9330749511718750E-03
   62    0.2578125000000000E-02    0.8360290527343750E-03
   63    0.1308593750000000E-02    0.8746719360351562E-03
   64   -0.1523437500000000E-02    0.9062194824218750E-03
   65    0.3906250000000000E-04    0.1051940917968750E-02
   66   -0.1621093750000000E-02    0.7850265502929687E-03
   67    0.3085937500000000E-02    0.1098556518554688E-02
   68    0.0000000000000000E+00    0.7986450195312501E-03
   69    0.2109375000000000E-02    0.1125793457031250E-02
   70   -0.4140625000000000E-02    0.1051712036132812E-02
   71   -0.1445312500000000E-02    0.1046295166015625E-02
   72    0.9375000000000000E-03    0.9992980957031249E-03
   73    0.1113281250000000E-02    0.9841537475585938E-03
   74   -0.1972656250000000E-02    0.1150169372558594E-02
   75   -0.2363281250000000E-02    0.8784103393554688E-03
   76    0.1562500000000000E-03    0.8700561523437500E-03
   77   -0.8789062500000000E-02    0.1131134033203125E-02
   78   -0.3164062500000000E-02    0.9507751464843750E-03
   79   -0.7421875000000000E-02    0.8327484130859375E-03
   80    0.1953125000000000E-02    0.8351135253906250E-03
   81   -0.2109375000000000E-02    0.7421875000000000E-03
   82   -0.8398437500000000E-03    0.1181068420410156E-02
   83   -0.6738281250000000E-02    0.1085319519042969E-02
   84   -0.1386718750000000E-02    0.9544754028320313E-03
   85    0.1621093750000000E-02    0.7645797729492188E-03
   86    0.2773437500000000E-02    0.8262634277343750E-03
   87    0.4687500000000000E-03    0.9827423095703125E-03
   88    0.1367187500000000E-03    0.9012985229492188E-03
   89    0.1562500000000000E-02    0.8083343505859375E-03
   90    0.2714843750000000E-02    0.1026649475097656E-02
   91   -0.3574218750000000E-02    0.9617996215820312E-03
   92   -0.2304687500000000E-02    0.8320617675781250E-03
   93    0.2402343750000000E-02    0.1172447204589844E-02
   94    0.1582031250000000E-02    0.1024436950683594E-02
   95    0.4023437500000000E-02    0.1114425659179687E-02
   96   -0.4101562500000000E-03    0.9454727172851562E-03
   97    0.3164062500000000E-02    0.1087188720703125E-02
   98    0.1054687500000000E-02    0.1030578613281250E-02
   99    0.8007812500000000E-03    0.8763504028320312E-03
  100   -0.7031250000000000E-03    0.1076049804687500E-02
