# time =    0.4283
    0    0.1000000000000000E+01    0.1000000000000000E+01
    1    0.3734179687500000E+00    0.1401969528198242E+00
    2    0.1773632812500000E+00    0.3229618072509766E-01
    3    0.1041406250000000E+00    0.1176193237304688E-01
    4    0.6509765625000000E-01    0.5229835510253906E-02
    5    0.4306640625000000E-01    0.2921943664550781E-02
    6    0.3179687500000000E-01    0.1789627075195312E-02
    7    0.2841796875000000E-01    0.1678199768066406E-02
    8    0.2382812500000000E-01    0.1670989990234375E-02
    9    0.1732421875000000E-01    0.1181831359863281E-02
   10    0.1083984375000000E-01    0.1099739074707031E-02
   11    0.1039062500000000E-01    0.1187210083007813E-02
   12    0.7851562499999999E-02    0.1041641235351563E-02
   13    0.9160156250000001E-02    0.1061286926269531E-02
   14    0.6328125000000000E-02    0.9408569335937499E-03
   15    0.3808593750000000E-02    0.1087532043457031E-02
   16    0.3339843750000000E-02    0.6917190551757813E-03
   17   -0.3320312500000000E-03    0.8651351928710937E-03
   18    0.3085937500000000E-02    0.1091995239257812E-02
   19    0.5800781250000000E-02    0.1378288269042969E-02
   20    0.4082031250000000E-02    0.1339988708496094E-02
   21    0.4296875000000000E-02    0.1134872436523438E-02
   22    0.7617187500000000E-02    0.7319641113281250E-03
   23    0.2695312500000000E-02    0.7442474365234375E-03
   24    0.9062499999999999E-02    0.9714508056640625E-03
   25    0.4316406250000000E-02    0.1097526550292969E-02
   26    0.5664062500000000E-03    0.9164810180664062E-03
   27    0.4824218750000000E-02    0.9898757934570313E-03
   28    0.3105468750000000E-02    0.1057548522949219E-02
   29    0.2617187500000000E-02    0.1055755615234375E-02
   30    0.3066406250000000E-02    0.9107589721679688E-03
   31    0.2363281250000000E-02    0.9412765502929688E-03
   32    0.2031250000000000E-02    0.1042709350585937E-02
   33   -0.1113281250000000E-02    0.9601974487304688E-03
   34   -0.5468750000000001E-03    0.1427536010742188E-02
   35    0.3007812500000000E-02    0.1080551147460937E-02
   36   -0.2871093750000000E-02    0.1080741882324219E-02
   37    0.1113281250000000E-02    0.1102714538574219E-02
   38    0.3476562500000000E-02    0.9783935546875001E-03
   39    0.7812500000000000E-03    0.1211853027343750E-02
   40    0.1914062500000000E-02    0.1082916259765625E-02
   41    0.5390625000000000E-02    0.1157226562500000E-02
   42   -0.2929687500000000E-02    0.1071929931640625E-02
   43   -0.1093750000000000E-02    0.9780883789062499E-03
   44   -0.2656250000000000E-02    0.1212844848632812E-02
   45    0.3710937500000000E-03    0.9083175659179688E-03
   46    0.4765625000000000E-02    0.9288787841796875E-03
   47    0.5664062500000000E-03    0.1007957458496094E-02
   48   -0.1542968750000000E-02    0.1034202575683594E-02
   49    0.8398437500000000E-03    0.9155654907226562E-03
   50    0.2226562500000000E-02    0.7607269287109375E-03
   51    0.4492187500000000E-03    0.8226394653320313E-03
   52    0.6523437500000000E-02    0.9904479980468749E-03
   53    0.1289062500000000E-02    0.7734680175781250E-03
   54    0.5253906250000000E-02    0.7916641235351563E-03
   55    0.1250000000000000E-02    0.8867645263671875E-03
   56   -0.4746093750000000E-02    0.9758377075195313E-03
   57   -0.4687500000000000E-02    0.8172607421875000E-03
   58    0.7812500000000000E-03    0.9578704833984375E-03
   59   -0.1210937500000000E-02    0.1087112426757813E-02
   60    0.9765625000000000E-03    0.8932495117187500E-03
   61   -0.1367187500000000E-02    0.8219146728515625E-03
   62   -0.3007812500000000E-02    0.8251190185546875E-03
   63   -0.4882812500000000E-03    0.8444595336914063E-03
   64    0.1542968750000000E-02    0.8941268920898437E-03
   65   -0.1015625000000000E-02    0.1005554199218750E-02
   66    0.3320312500000000E-03    0.1091575622558594E-02
   67   -0.3828125000000000E-02    0.1141510009765625E-02
   68   -0.4531250000000000E-02    0.8196258544921876E-03
   69   -0.2343750000000000E-03    0.8956909179687500E-03
   70    0.2089843750000000E-02    0.1228370666503906E-02
   71    0.4042968750000000E-02    0.1075477600097656E-02
   72    0.1660156250000000E-02    0.1151466369628906E-02
   73    0.3125000000000000E-02    0.8172607421875000E-03
   74    0.2949218750000000E-02    0.7565689086914063E-03
   75   -0.2714843750000000E-02    0.9975051879882813E-03
   76    0.9765625000000000E-03    0.9552764892578125E-03
   77    0.1523437500000000E-02    0.7840728759765625E-03
   78    0.3554687500000000E-02    0.9959411621093749E-03
   79    0.2089843750000000E-02    0.1080589294433594E-02
   80    0.2832031250000000E-02    0.9547042846679688E-03
   81    0.3339843750000000E-02    0.8965682983398438E-03
   82    0.5761718750000000E-02    0.1148033142089844E-02
   83    0.4160156250000000E-02    0.1049308776855469E-02
   84    0.7812500000000000E-03    0.8387756347656250E-03
   85    0.8984375000000000E-03    0.1066436767578125E-02
   86    0.4687500000000000E-03    0.1271133422851563E-02
   87    0.7617187500000000E-03    0.8384323120117187E-03
   88   -0.8457031250000000E-02    0.8784103393554688E-03
   89   -0.9570312500000000E-03    0.1006507873535156E-02
   90    0.2734375000000000E-03    0.1005630493164063E-02
   91    0.3222656250000000E-02    0.1051368713378906E-02
   92    0.2539062500000000E-02    0.1199722290039062E-02
   93    0.3457031250000000E-02    0.8066940307617187E-03
   94    0.8007812500000000E-03    0.1022911071777344E-02
   95    0.7187500000000000E-02    0.1285476684570313E-02
   96    0.6152343750000000E-02    0.1163902282714844E-02
   97    0.3906250000000000E-04    0.8436584472656250E-03
   98    0.1503906250000000E-02    0.7902145385742188E-03
   99    0.2500000000000000E-02    0.9851837158203125E-03
  100    0.3691406250000000E-02    0.9016799926757813E-03
