# time =    0.4593
    0    0.1000000000000000E+01    0.1000000000000000E+01
    1    0.1858398437500000E+00    0.3539653778076172E-01
    2    0.3650390625000000E-01    0.2502174377441406E-02
    3    0.1308593750000000E-02    0.9598922729492187E-03
    4    0.4492187500000000E-03    0.8473587036132812E-03
    5   -0.4082031250000000E-02    0.1102104187011719E-02
    6   -0.1718750000000000E-02    0.8439636230468750E-03
    7    0.4042968750000000E-02    0.1144294738769531E-02
    8    0.1445312500000000E-02    0.8821868896484375E-03
    9   -0.4804687500000000E-02    0.9780883789062499E-03
   10    0.3964843750000000E-02    0.9855270385742188E-03
   11    0.4160156250000000E-02    0.8095932006835937E-03
   12    0.3496093750000000E-02    0.9929275512695313E-03
   13    0.1953125000000000E-03    0.1063690185546875E-02
   14    0.1953125000000000E-04    0.7400894165039062E-03
   15   -0.3203125000000000E-02    0.1099700927734375E-02
   16    0.2929687500000000E-03    0.6517410278320312E-03
   17    0.1953125000000000E-02    0.9079742431640625E-03
   18   -0.3710937500000000E-03    0.9690475463867188E-03
   19   -0.1484375000000000E-02    0.7305908203125000E-03
   20   -0.2968750000000000E-02    0.9253692626953125E-03
   21   -0.3261718750000000E-02    0.1017494201660156E-02
   22    0.5859375000000000E-03    0.9445190429687500E-03
   23   -0.2285156250000000E-02    0.1061820983886719E-02
   24   -0.1406250000000000E-02    0.8306884765625000E-03
   25   -0.5039062500000000E-02    0.8734130859375000E-03
   26   -0.3593750000000000E-02    0.8143615722656250E-03
   27   -0.4062500000000000E-02    0.8361816406250000E-03
   28   -0.1289062500000000E-02    0.9473419189453125E-03
   29    0.7812500000000000E-03    0.1120758056640625E-02
   30    0.8398437500000000E-03    0.1006355285644531E-02
   31   -0.5078125000000000E-03    0.9149169921875000E-03
   32   -0.3144531250000000E-02    0.8794021606445313E-03
   33   -0.2792968750000000E-02    0.1153144836425781E-02
   34    0.3281250000000000E-02    0.1032104492187500E-02
   35   -0.6445312500000000E-03    0.9452438354492187E-03
   36    0.1035156250000000E-02    0.1015815734863281E-02
   37    0.4335937500000000E-02    0.1112823486328125E-02
   38    0.3183593750000000E-02    0.8497238159179688E-03
   39   -0.5859375000000000E-03    0.8182525634765625E-03
   40   -0.3867187500000000E-02    0.9256744384765625E-03
   41   -0.2597656250000000E-02    0.1254463195800781E-02
   42    0.1992187500000000E-02    0.9729003906250000E-03
   43   -0.5507812500000000E-02    0.1099395751953125E-02
   44    0.6835937500000000E-03    0.8051681518554687E-03
   45    0.4707031250000000E-02    0.1122474670410156E-02
   46    0.2656250000000000E-02    0.9207916259765625E-03
   47    0.3867187500000000E-02    0.1096343994140625E-02
   48    0.1328125000000000E-02    0.8382415771484375E-03
   49    0.1132812500000000E-02    0.8335876464843750E-03
   50   -0.5976562500000000E-02    0.1001434326171875E-02
   51   -0.3105468750000000E-02    0.1018638610839844E-02
   52   -0.4335937500000000E-02    0.9265136718750000E-03
   53   -0.1953125000000000E-02    0.9140014648437500E-03
   54    0.4394531250000000E-02    0.9859848022460939E-03
   55    0.1875000000000000E-02    0.9902191162109374E-03
   56   -0.2324218750000000E-02    0.9359359741210937E-03
   57   -0.9570312500000000E-03    0.1109580993652344E-02
   58   -0.1113281250000000E-02    0.1061363220214844E-02
   59    0.9765625000000001E-04    0.9658432006835937E-03
   60    0.2363281250000000E-02    0.1106681823730469E-02
   61    0.4199218750000000E-02    0.9407424926757813E-03
   62   -0.1640625000000000E-02    0.9841918945312500E-03
   63   -0.7246093750000000E-02    0.8765029907226563E-03
   64    0.1816406250000000E-02    0.9932327270507813E-03
   65    0.1406250000000000E-02    0.9316253662109375E-03
   66   -0.7812500000000000E-03    0.1198959350585938E-02
   67    0.3945312500000000E-02    0.7958221435546875E-03
   68    0.4140625000000000E-02    0.1110534667968750E-02
   69    0.6445312500000000E-03    0.8979415893554687E-03
   70    0.6835937500000000E-03    0.9297561645507812E-03
   71   -0.1230468750000000E-02    0.1087684631347656E-02
   72   -0.4609375000000000E-02    0.8660125732421875E-03
   73   -0.5917968750000000E-02    0.8896255493164063E-03
   74   -0.1953125000000000E-04    0.8932113647460938E-03
   75   -0.2265625000000000E-02    0.9741973876953125E-03
   76   -0.1992187500000000E-02    0.1157302856445312E-02
   77    0.1542968750000000E-02    0.1021156311035156E-02
   78    0.2070312500000000E-02    0.1248550415039063E-02
   79   -0.7226562500000000E-03    0.9525680541992188E-03
   80    0.1152343750000000E-02    0.9324264526367188E-03
   81    0.1835937500000000E-02    0.1028213500976563E-02
   82    0.2109375000000000E-02    0.1173934936523438E-02
   83   -0.9570312500000000E-03    0.7186508178710937E-03
   84   -0.7714843750000000E-02    0.9080123901367188E-03
   85    0.9765625000000001E-04    0.1150169372558594E-02
   86    0.3613281250000000E-02    0.8269119262695313E-03
   87   -0.1289062500000000E-02    0.9757232666015625E-03
   88    0.2089843750000000E-02    0.9160232543945312E-03
   89    0.2382812500000000E-02    0.8985137939453125E-03
   90   -0.5859375000000000E-04    0.9536361694335938E-03
   91    0.1640625000000000E-02    0.9885406494140624E-03
   92   -0.1191406250000000E-02    0.8395004272460937E-03
   93    0.3007812500000000E-02    0.1090393066406250E-02
   94    0.8906249999999999E-02    0.9487152099609375E-03
   95    0.8046875000000000E-02    0.1174240112304687E-02
   96   -0.2421875000000000E-02    0.1290435791015625E-02
   97   -0.1542968750000000E-02    0.9966659545898437E-03
   98    0.4765625000000000E-02    0.1140899658203125E-02
   99    0.3808593750000000E-02    0.1043434143066406E-02
  100   -0.1152343750000000E-02    0.8276748657226562E-03
