# time =    0.4440
    0    0.1000000000000000E+01    0.1000000000000000E+01
    1    0.3182421875000000E+00    0.1019811248779297E+00
    2    0.1234179687500000E+00    0.1625713348388672E-01
    3    0.5410156250000000E-01    0.3780364990234375E-02
    4    0.3105468750000000E-01    0.1936340332031250E-02
    5    0.1730468750000000E-01    0.1232223510742187E-02
    6    0.9667968750000000E-02    0.1251258850097656E-02
    7    0.8046875000000000E-02    0.9720611572265625E-03
    8    0.8671875000000001E-02    0.8446502685546875E-03
    9    0.2929687500000000E-02    0.8045959472656250E-03
   10    0.4042968750000000E-02    0.8795547485351562E-03
   11    0.2187500000000000E-02    0.9352111816406250E-03
   12   -0.1406250000000000E-02    0.1182250976562500E-02
   13   -0.2167968750000000E-02    0.1278495788574219E-02
   14    0.3515625000000000E-03    0.1078567504882813E-02
   15    0.5976562500000000E-02    0.9605407714843750E-03
   16    0.4667968750000000E-02    0.7628250122070312E-03
   17    0.9257812500000000E-02    0.9943389892578126E-03
   18    0.5468750000000000E-02    0.1085739135742188E-02
   19    0.1210937500000000E-02    0.9265899658203125E-03
   20   -0.1347656250000000E-02    0.8931350708007812E-03
   21   -0.4609375000000000E-02    0.8601379394531250E-03
   22   -0.1933593750000000E-02    0.7559585571289062E-03
   23   -0.2070312500000000E-02    0.1318511962890625E-02
   24   -0.4648437500000000E-02    0.1076431274414063E-02
   25   -0.1972656250000000E-02    0.8589553833007812E-03
   26   -0.5273437500000000E-03    0.1227684020996094E-02
   27   -0.5292968750000000E-02    0.1332435607910156E-02
   28   -0.6523437500000000E-02    0.1118469238281250E-02
   29    0.1445312500000000E-02    0.1193008422851563E-02
   30    0.4667968750000000E-02    0.8613204956054687E-03
   31    0.4160156250000000E-02    0.1171607971191406E-02
   32   -0.3515625000000000E-03    0.9281158447265625E-03
   33   -0.3769531250000000E-02    0.9795761108398438E-03
   34    0.4960937500000000E-02    0.1213150024414062E-02
   35    0.6445312500000000E-03    0.9896469116210938E-03
   36    0.3613281250000000E-02    0.1138114929199219E-02
   37    0.2812500000000000E-02    0.1004486083984375E-02
   38    0.3496093750000000E-02    0.9422683715820312E-03
   39    0.3125000000000000E-02    0.7808685302734375E-03
   40    0.3886718750000000E-02    0.7646560668945312E-03
   41   -0.1308593750000000E-02    0.1097984313964844E-02
   42   -0.9375000000000000E-03    0.6793212890625000E-03
   43    0.7421875000000000E-03    0.9767913818359375E-03
   44    0.2656250000000000E-02    0.1270523071289063E-02
   45    0.7597656250000000E-02    0.1226234436035156E-02
   46    0.2460937500000000E-02    0.7533264160156250E-03
   47    0.1523437500000000E-02    0.7906341552734375E-03
   48    0.1562500000000000E-02    0.8899688720703125E-03
   49    0.2968750000000000E-02    0.6657409667968750E-03
   50   -0.4589843750000000E-02    0.8205032348632813E-03
   51   -0.1503906250000000E-02    0.8585739135742187E-03
   52    0.2265625000000000E-02    0.1063919067382812E-02
   53    0.3886718750000000E-02    0.7480239868164063E-03
   54    0.2128906250000000E-02    0.9724807739257813E-03
   55   -0.3378906250000000E-02    0.9071731567382813E-03
   56   -0.6640625000000000E-03    0.9091949462890625E-03
   57    0.1621093750000000E-02    0.8557510375976563E-03
   58   -0.5488281250000000E-02    0.1018180847167969E-02
   59   -0.4062500000000000E-02    0.8856201171875000E-03
   60   -0.7441406250000000E-02    0.9232711791992188E-03
   61   -0.6855468750000000E-02    0.8433914184570313E-03
   62   -0.4023437500000000E-02    0.9992218017578125E-03
   63   -0.6191406250000000E-02    0.8755874633789063E-03
   64   -0.6035156250000000E-02    0.1008415222167969E-02
   65   -0.1269531250000000E-02    0.1186866760253906E-02
   66    0.5273437500000000E-03    0.6749343872070313E-03
   67    0.4238281250000000E-02    0.8438491821289063E-03
   68   -0.1914062500000000E-02    0.1087112426757813E-02
   69   -0.1757812500000000E-02    0.9010314941406250E-03
   70   -0.3085937500000000E-02    0.9566497802734375E-03
   71    0.6835937500000000E-03    0.9568405151367188E-03
   72    0.3789062500000000E-02    0.8761596679687500E-03
   73   -0.3906250000000000E-04    0.9092712402343751E-03
   74    0.5175781250000000E-02    0.1044578552246094E-02
   75   -0.7617187500000000E-03    0.1099052429199219E-02
   76    0.1738281250000000E-02    0.1084709167480469E-02
   77    0.2441406250000000E-02    0.1307029724121094E-02
   78    0.4414062500000000E-02    0.1028671264648438E-02
   79    0.3925781250000000E-02    0.9033584594726563E-03
   80    0.3417968750000000E-02    0.9844589233398437E-03
   81    0.2089843750000000E-02    0.8537673950195313E-03
   82   -0.1953125000000000E-04    0.8922195434570312E-03
   83    0.7148437500000000E-02    0.1107330322265625E-02
   84    0.7187500000000000E-02    0.1158370971679688E-02
   85   -0.2500000000000000E-02    0.9030914306640625E-03
   86    0.3515625000000000E-02    0.1038284301757813E-02
   87    0.3925781250000000E-02    0.8821487426757812E-03
   88    0.1777343750000000E-02    0.9151840209960937E-03
   89    0.2441406250000000E-02    0.8909988403320312E-03
   90    0.3925781250000000E-02    0.7836532592773438E-03
   91   -0.7812500000000000E-04    0.9568023681640625E-03
   92    0.1660156250000000E-02    0.8150863647460937E-03
   93   -0.1972656250000000E-02    0.8523178100585938E-03
   94    0.9179687499999999E-03    0.9430313110351563E-03
   95    0.9960937500000000E-03    0.8362197875976563E-03
   96    0.8125000000000000E-02    0.9030151367187500E-03
   97   -0.7812500000000000E-04    0.1030273437500000E-02
   98    0.5468750000000001E-03    0.8685302734375000E-03
   99   -0.3613281250000000E-02    0.9897994995117189E-03
  100    0.8789062500000000E-03    0.7902908325195312E-03
