# time =    0.4672
    0    0.1000000000000000E+01    0.1000000000000000E+01
    1    0.1878515625000000E+00    0.3630065917968750E-01
    2    0.3835937500000000E-01    0.2611770629882812E-02
    3    0.1453125000000000E-01    0.1212463378906250E-02
    4    0.3027343750000000E-02    0.1034355163574219E-02
    5    0.3984375000000000E-02    0.9413909912109375E-03
    6    0.2773437500000000E-02    0.9774017333984376E-03
    7   -0.6445312500000000E-03    0.6818008422851562E-03
    8    0.3164062500000000E-02    0.9685516357421875E-03
    9    0.8789062500000000E-03    0.6258010864257813E-03
   10   -0.1093750000000000E-02    0.7463073730468749E-03
   11    0.5976562500000000E-02    0.1124114990234375E-02
   12    0.8984375000000000E-03    0.9090423583984375E-03
   13   -0.5859375000000000E-03    0.8207702636718750E-03
   14   -0.1582031250000000E-02    0.1059837341308594E-02
   15   -0.2656250000000000E-02    0.7930755615234375E-03
   16   -0.4121093750000000E-02    0.8926010131835938E-03
   17   -0.4238281250000000E-02    0.1367912292480469E-02
   18   -0.2675781250000000E-02    0.9894943237304687E-03
   19   -0.3535156250000000E-02    0.8241653442382813E-03
   20    0.7617187500000000E-03    0.1011772155761719E-02
   21   -0.1425781250000000E-02    0.7563400268554688E-03
   22   -0.3027343750000000E-02    0.1055870056152344E-02
   23    0.1562500000000000E-03    0.8833312988281250E-03
   24    0.1054687500000000E-02    0.8054351806640624E-03
   25   -0.4765625000000000E-02    0.1214523315429687E-02
   26   -0.4726562500000000E-02    0.8915710449218750E-03
   27   -0.1132812500000000E-02    0.1077270507812500E-02
   28    0.7421875000000000E-03    0.9786987304687500E-03
   29    0.1562500000000000E-03    0.9814453124999999E-03
   30    0.9375000000000000E-03    0.1051177978515625E-02
   31   -0.1269531250000000E-02    0.1114311218261719E-02
   32    0.3925781250000000E-02    0.8972549438476563E-03
   33   -0.1953125000000000E-02    0.6058502197265625E-03
   34   -0.1953125000000000E-03    0.9570312500000000E-03
   35    0.1992187500000000E-02    0.9820556640625000E-03
   36   -0.1367187500000000E-03    0.9948348999023438E-03
   37    0.6796875000000000E-02    0.1010894775390625E-02
   38   -0.2402343750000000E-02    0.1287803649902344E-02
   39   -0.3847656250000000E-02    0.9649276733398437E-03
   40   -0.3125000000000000E-03    0.7662200927734376E-03
   41   -0.1582031250000000E-02    0.1376686096191406E-02
   42    0.7421875000000000E-03    0.9392547607421875E-03
   43   -0.1054687500000000E-02    0.1260833740234375E-02
   44    0.2539062500000000E-03    0.1024894714355469E-02
   45   -0.1601562500000000E-02    0.8287811279296875E-03
   46    0.5664062500000000E-03    0.1006431579589844E-02
   47   -0.1445312500000000E-02    0.9489440917968750E-03
   48   -0.9238281250000001E-02    0.1176338195800781E-02
   49   -0.4843750000000000E-02    0.9117889404296875E-03
   50   -0.5214843750000000E-02    0.8922958374023437E-03
   51    0.9960937500000000E-03    0.1071205139160156E-02
   52   -0.1875000000000000E-02    0.9592437744140625E-03
   53    0.1914062500000000E-02    0.1379852294921875E-02
   54   -0.2617187500000000E-02    0.7503509521484375E-03
   55    0.3105468750000000E-02    0.8800888061523438E-03
   56   -0.5078125000000000E-02    0.6829071044921875E-03
   57   -0.3671875000000000E-02    0.9631347656250000E-03
   58    0.1738281250000000E-02    0.1017951965332031E-02
   59    0.1406250000000000E-02    0.8496856689453125E-03
   60   -0.5664062500000000E-02    0.7987976074218750E-03
   61   -0.1152343750000000E-02    0.1032752990722656E-02
   62   -0.6191406250000000E-02    0.1023139953613281E-02
   63   -0.3281250000000000E-02    0.9471130371093750E-03
   64    0.3574218750000000E-02    0.1095008850097656E-02
   65   -0.2050781250000000E-02    0.1012077331542969E-02
   66    0.1347656250000000E-02    0.9708786010742187E-03
   67   -0.6601562500000000E-02    0.9562683105468750E-03
   68   -0.5859375000000000E-04    0.1126060485839844E-02
   69   -0.3906250000000000E-03    0.1042785644531250E-02
   70   -0.3359375000000000E-02    0.1007843017578125E-02
   71   -0.4257812500000000E-02    0.1218261718750000E-02
   72    0.9765625000000001E-04    0.8968734741210938E-03
   73   -0.4023437500000000E-02    0.1022186279296875E-02
   74    0.2363281250000000E-02    0.9463119506835937E-03
   75   -0.1953125000000000E-02    0.1055755615234375E-02
   76    0.1816406250000000E-02    0.1038322448730469E-02
   77    0.3144531250000000E-02    0.8080673217773438E-03
   78    0.9550781249999999E-02    0.1239509582519531E-02
   79    0.2031250000000000E-02    0.9320068359375000E-03
   80    0.2343750000000000E-03    0.8592987060546875E-03
   81    0.6835937500000000E-03    0.1061210632324219E-02
   82   -0.3027343750000000E-02    0.1151161193847656E-02
   83    0.4062500000000000E-02    0.1116333007812500E-02
   84   -0.4687500000000000E-03    0.1055068969726562E-02
   85   -0.3847656250000000E-02    0.7069778442382813E-03
   86   -0.1796875000000000E-02    0.1150894165039062E-02
   87   -0.3027343750000000E-02    0.1008033752441406E-02
   88   -0.3964843750000000E-02    0.1022682189941406E-02
   89    0.2851562500000000E-02    0.1098327636718750E-02
   90   -0.5859375000000000E-04    0.9630203247070312E-03
   91   -0.1855468750000000E-02    0.1134452819824219E-02
   92    0.4687500000000000E-03    0.9362792968750000E-03
   93   -0.6445312500000000E-03    0.9737777709960938E-03
   94   -0.1464843750000000E-02    0.9482192993164062E-03
   95   -0.8007812500000000E-03    0.1249046325683594E-02
   96    0.6445312500000000E-03    0.8926773071289062E-03
   97    0.3066406250000000E-02    0.7974624633789063E-03
   98   -0.1757812500000000E-02    0.8262634277343750E-03
   99   -0.3789062500000000E-02    0.9355163574218750E-03
  100   -0.1445312500000000E-02    0.8448791503906250E-03
