# time =    0.4720
    0    0.1000000000000000E+01    0.1000000000000000E+01
    1    0.2122265625000000E+00    0.4593269348144531E-01
    2    0.5376953125000000E-01    0.3807106018066406E-02
    3    0.1875000000000000E-01    0.1332092285156250E-02
    4    0.3652343750000000E-02    0.9359359741210937E-03
    5    0.4296875000000000E-02    0.9114074707031250E-03
    6    0.7109375000000000E-02    0.8529663085937500E-03
    7   -0.6250000000000000E-03    0.9317779541015625E-03
    8   -0.1250000000000000E-02    0.1361236572265625E-02
    9    0.3125000000000000E-03    0.1095352172851562E-02
   10   -0.7421875000000000E-03    0.1018524169921875E-02
   11    0.4492187500000000E-03    0.9115982055664062E-03
   12    0.1367187500000000E-03    0.9131240844726563E-03
   13    0.1679687500000000E-02    0.9403991699218750E-03
   14    0.2343750000000000E-02    0.9605407714843750E-03
   15    0.1367187500000000E-02    0.8858489990234375E-03
   16   -0.4101562500000000E-03    0.9115982055664062E-03
   17   -0.7226562500000000E-03    0.1002540588378906E-02
   18   -0.1347656250000000E-02    0.9411239624023438E-03
   19   -0.5839843750000000E-02    0.9112167358398438E-03
   20   -0.3125000000000000E-03    0.1106872558593750E-02
   21   -0.2617187500000000E-02    0.1007461547851563E-02
   22    0.3359375000000000E-02    0.7867431640625000E-03
   23    0.7031250000000000E-03    0.9573364257812500E-03
   24   -0.9179687499999999E-03    0.1087532043457031E-02
   25   -0.2617187500000000E-02    0.9356689453125000E-03
   26   -0.4453125000000000E-02    0.1084671020507812E-02
   27   -0.5273437500000000E-02    0.9229278564453125E-03
   28   -0.1367187500000000E-03    0.1107063293457031E-02
   29   -0.6406250000000000E-02    0.1035079956054687E-02
   30    0.1250000000000000E-02    0.7862091064453125E-03
   31    0.4121093750000000E-02    0.1057548522949219E-02
   32    0.3906250000000000E-04    0.1009521484375000E-02
   33    0.2421875000000000E-02    0.9066009521484375E-03
   34    0.3320312500000000E-02    0.1298217773437500E-02
   35    0.2929687500000000E-02    0.8692932128906250E-03
   36    0.7421875000000000E-03    0.8421325683593750E-03
   37    0.8789062500000000E-03    0.9713363647460937E-03
   38   -0.3515625000000000E-03    0.1019210815429688E-02
   39   -0.4492187500000000E-03    0.9714126586914063E-03
   40   -0.2187500000000000E-02    0.8451080322265625E-03
   41   -0.1445312500000000E-02    0.9016418457031251E-03
   42    0.1699218750000000E-02    0.8344650268554688E-03
   43    0.1953125000000000E-04    0.9846878051757812E-03
   44    0.2421875000000000E-02    0.9321594238281251E-03
   45    0.8007812499999999E-02    0.1050338745117187E-02
   46    0.3105468750000000E-02    0.1124382019042969E-02
   47    0.1894531250000000E-02    0.9955978393554688E-03
   48    0.4707031250000000E-02    0.1064949035644531E-02
   49    0.3320312500000000E-03    0.7660293579101563E-03
   50   -0.1699218750000000E-02    0.1322517395019531E-02
   51   -0.8789062500000000E-03    0.9332656860351563E-03
   52    0.9960937500000000E-03    0.1105766296386719E-02
   53    0.1992187500000000E-02    0.1041717529296875E-02
   54    0.3515625000000000E-03    0.1049118041992187E-02
   55   -0.1367187500000000E-03    0.1051902770996094E-02
   56    0.5175781250000000E-02    0.1080207824707031E-02
   57   -0.5859375000000000E-03    0.8930969238281250E-03
   58   -0.3906250000000000E-03    0.1152725219726563E-02
   59    0.6835937500000000E-02    0.1265335083007812E-02
   60    0.3046875000000000E-02    0.8911895751953125E-03
   61    0.3750000000000000E-02    0.1042785644531250E-02
   62    0.5136718750000000E-02    0.1055030822753906E-02
   63   -0.3867187500000000E-02    0.9555053710937500E-03
   64    0.3515625000000000E-03    0.1209259033203125E-02
   65   -0.1757812500000000E-03    0.8724594116210938E-03
   66   -0.5273437500000000E-02    0.9031677246093750E-03
   67   -0.2148437500000000E-03    0.8197402954101562E-03
   68   -0.4882812500000000E-03    0.1050453186035156E-02
   69   -0.6640625000000000E-02    0.1101684570312500E-02
   70   -0.4453125000000000E-02    0.1259002685546875E-02
   71   -0.4042968750000000E-02    0.1039466857910156E-02
   72   -0.4101562500000000E-03    0.9775161743164062E-03
   73   -0.2402343750000000E-02    0.8218765258789062E-03
   74   -0.3359375000000000E-02    0.9925079345703125E-03
   75    0.5859375000000000E-03    0.8790588378906250E-03
   76    0.3808593750000000E-02    0.1065025329589844E-02
   77    0.2011718750000000E-02    0.8756637573242188E-03
   78   -0.8144531250000000E-02    0.8041763305664063E-03
   79   -0.8984375000000000E-03    0.9424591064453125E-03
   80   -0.1484375000000000E-02    0.1068191528320312E-02
   81   -0.2031250000000000E-02    0.9537506103515625E-03
   82    0.5566406250000000E-02    0.9879684448242188E-03
   83    0.1621093750000000E-02    0.9201431274414063E-03
   84    0.2714843750000000E-02    0.1026268005371094E-02
   85    0.3183593750000000E-02    0.9230422973632812E-03
   86    0.6777343750000000E-02    0.9968948364257812E-03
   87    0.1757812500000000E-02    0.1060028076171875E-02
   88   -0.8007812500000000E-03    0.9730148315429687E-03
   89   -0.2382812500000000E-02    0.7430267333984375E-03
   90    0.3281250000000000E-02    0.1047668457031250E-02
   91   -0.2968750000000000E-02    0.1310501098632813E-02
   92   -0.2636718750000000E-02    0.8864212036132813E-03
   93   -0.2265625000000000E-02    0.7302093505859375E-03
   94   -0.3300781250000000E-02    0.1034126281738281E-02
   95   -0.4882812500000000E-02    0.9546661376953125E-03
   96   -0.4726562500000000E-02    0.1065444946289063E-02
   97   -0.3750000000000000E-02    0.8149719238281249E-03
   98    0.1367187500000000E-03    0.1187705993652344E-02
   99   -0.6230468750000000E-02    0.1111412048339844E-02
  100    0.1191406250000000E-02    0.8365249633789062E-03
