# time =    0.4662
    0    0.1000000000000000E+01    0.1000000000000000E+01
    1    0.2165234375000000E+00    0.4799095153808594E-01
    2    0.5337890625000000E-01    0.3658943176269531E-02
    3    0.1408203125000000E-01    0.1013298034667969E-02
    4    0.8300781250000000E-02    0.9491348266601563E-03
    5    0.3964843750000000E-02    0.1091194152832031E-02
    6    0.5078125000000000E-03    0.8289337158203125E-03
    7   -0.2382812500000000E-02    0.9123992919921875E-03
    8   -0.5781250000000000E-02    0.1115722656250000E-02
    9   -0.9765625000000000E-03    0.8243560791015625E-03
   10   -0.5722656250000000E-02    0.1241645812988281E-02
   11    0.1796875000000000E-02    0.1199340820312500E-02
   12   -0.5722656250000000E-02    0.1147422790527344E-02
   13   -0.9960937500000000E-03    0.9552383422851562E-03
   14   -0.1328125000000000E-02    0.6492614746093750E-03
   15   -0.2617187500000000E-02    0.8152008056640625E-03
   16   -0.1054687500000000E-02    0.9397125244140625E-03
   17   -0.4492187500000000E-03    0.1052894592285156E-02
   18    0.3515625000000000E-02    0.8941650390625000E-03
   19    0.5273437500000000E-02    0.1184158325195313E-02
   20    0.2773437500000000E-02    0.9896850585937500E-03
   21   -0.3320312500000000E-02    0.9133911132812500E-03
   22    0.4140625000000000E-02    0.9400177001953125E-03
   23   -0.3437500000000000E-02    0.8404541015625000E-03
   24    0.2988281250000000E-02    0.9647750854492187E-03
   25    0.2714843750000000E-02    0.1230201721191406E-02
   26   -0.3007812500000000E-02    0.8468627929687500E-03
   27    0.2050781250000000E-02    0.1133079528808594E-02
   28    0.7675781250000000E-02    0.9799575805664062E-03
   29    0.2871093750000000E-02    0.7866287231445313E-03
   30    0.9179687499999999E-03    0.9787368774414062E-03
   31    0.7421875000000000E-03    0.1172866821289062E-02
   32   -0.2714843750000000E-02    0.1184501647949219E-02
   33    0.3261718750000000E-02    0.9608078002929688E-03
   34    0.3027343750000000E-02    0.1140785217285156E-02
   35   -0.7617187500000000E-03    0.9526443481445312E-03
   36   -0.1816406250000000E-02    0.1003837585449219E-02
   37   -0.5000000000000000E-02    0.9471893310546875E-03
   38    0.3925781250000000E-02    0.1035575866699219E-02
   39    0.4746093750000000E-02    0.1169624328613281E-02
   40   -0.5585937500000000E-02    0.1175231933593750E-02
   41    0.2109375000000000E-02    0.1057052612304688E-02
   42    0.3417968750000000E-02    0.1097373962402344E-02
   43    0.8984375000000000E-03    0.7656860351562500E-03
   44    0.1601562500000000E-02    0.8677673339843750E-03
   45    0.1367187500000000E-02    0.1110992431640625E-02
   46    0.2656250000000000E-02    0.1028289794921875E-02
   47    0.4199218750000000E-02    0.1166496276855469E-02
   48    0.1171875000000000E-03    0.8704376220703125E-03
   49    0.4218750000000000E-02    0.1046676635742187E-02
   50    0.3496093750000000E-02    0.7032394409179687E-03
   51    0.5664062500000000E-02    0.9423065185546875E-03
   52    0.1933593750000000E-02    0.9119033813476563E-03
   53    0.5546875000000000E-02    0.8157348632812500E-03
   54    0.4824218750000000E-02    0.8804702758789063E-03
   55    0.1171875000000000E-03    0.1083450317382812E-02
   56   -0.4296875000000000E-02    0.7838439941406250E-03
   57    0.8203125000000000E-03    0.8624267578125000E-03
   58    0.4238281250000000E-02    0.7748031616210938E-03
   59    0.2792968750000000E-02    0.1024589538574219E-02
   60   -0.2324218750000000E-02    0.1072273254394531E-02
   61   -0.3730468750000000E-02    0.8674240112304687E-03
   62    0.1367187500000000E-02    0.8081054687500000E-03
   63   -0.2734375000000000E-02    0.1097717285156250E-02
   64    0.4296875000000000E-03    0.8702850341796874E-03
   65    0.1269531250000000E-02    0.7939529418945312E-03
   66   -0.4394531250000000E-02    0.9523391723632813E-03
   67   -0.2265625000000000E-02    0.1034088134765625E-02
   68   -0.2792968750000000E-02    0.9859085083007812E-03
   69   -0.1503906250000000E-02    0.9057998657226562E-03
   70    0.8398437500000000E-03    0.8900833129882813E-03
   71    0.2148437500000000E-02    0.1203842163085937E-02
   72   -0.2363281250000000E-02    0.8358383178710938E-03
   73    0.4921875000000000E-02    0.9587860107421875E-03
   74    0.1562500000000000E-02    0.1155853271484375E-02
   75   -0.2734375000000000E-03    0.9854888916015624E-03
   76    0.3691406250000000E-02    0.1047401428222656E-02
   77    0.2421875000000000E-02    0.1052703857421875E-02
   78   -0.2031250000000000E-02    0.1016006469726562E-02
   79   -0.2207031250000000E-02    0.1100654602050781E-02
   80    0.1367187500000000E-03    0.9778976440429688E-03
   81    0.9179687499999999E-03    0.8855819702148438E-03
   82    0.4062500000000000E-02    0.1030426025390625E-02
   83    0.4960937500000000E-02    0.9214782714843750E-03
   84    0.4648437500000000E-02    0.1186065673828125E-02
   85   -0.3203125000000000E-02    0.9948730468750000E-03
   86    0.1328125000000000E-02    0.1168594360351562E-02
   87   -0.9960937500000000E-03    0.1031303405761719E-02
   88    0.2500000000000000E-02    0.6073760986328125E-03
   89   -0.3398437500000000E-02    0.1083526611328125E-02
   90   -0.3261718750000000E-02    0.9574508666992188E-03
   91   -0.3671875000000000E-02    0.9214019775390625E-03
   92   -0.2734375000000000E-03    0.9779357910156251E-03
   93    0.3906250000000000E-03    0.8357238769531250E-03
   94    0.5078125000000000E-03    0.9035491943359376E-03
   95    0.2226562500000000E-02    0.8774566650390625E-03
   96   -0.5078125000000000E-03    0.8322906494140625E-03
   97    0.2089843750000000E-02    0.1161155700683594E-02
   98   -0.3574218750000000E-02    0.1206245422363281E-02
   99    0.2636718750000000E-02    0.8150863647460937E-03
  100   -0.3554687500000000E-02    0.9085845947265625E-03
