# time =    0.4474
    0    0.1000000000000000E+01    0.1000000000000000E+01
    1    0.3137109375000000E+00    0.9918762207031250E-01
    2    0.1360937500000000E+00    0.1939689636230469E-01
    3    0.7054687500000000E-01    0.5976791381835937E-02
    4    0.4595703125000000E-01    0.3296012878417969E-02
    5    0.2763671875000000E-01    0.1859169006347656E-02
    6    0.1705078125000000E-01    0.1089973449707031E-02
    7    0.1808593750000000E-01    0.1212387084960937E-02
    8    0.8027343750000001E-02    0.1159324645996094E-02
    9    0.2617187500000000E-02    0.9370422363281249E-03
   10    0.8144531250000000E-02    0.9051895141601562E-03
   11    0.4042968750000000E-02    0.8525466918945313E-03
   12   -0.4101562500000000E-03    0.1082038879394531E-02
   13    0.7031250000000000E-03    0.7331085205078125E-03
   14    0.7617187500000000E-02    0.1218872070312500E-02
   15    0.1601562500000000E-02    0.1061935424804687E-02
   16    0.6894531250000000E-02    0.1027183532714844E-02
   17    0.2246093750000000E-02    0.1041984558105469E-02
   18    0.6054687500000000E-03    0.9090805053710938E-03
   19    0.3027343750000000E-02    0.1132240295410156E-02
   20    0.1269531250000000E-02    0.8530044555664063E-03
   21    0.2343750000000000E-02    0.9819030761718749E-03
   22    0.1875000000000000E-02    0.9748077392578125E-03
   23    0.4101562500000000E-03    0.9636306762695313E-03
   24   -0.2304687500000000E-02    0.1047058105468750E-02
   25   -0.9570312500000000E-03    0.1028022766113281E-02
   26    0.2929687500000000E-02    0.1184234619140625E-02
   27    0.1210937500000000E-02    0.1076965332031250E-02
   28   -0.5468750000000001E-03    0.7241821289062500E-03
   29   -0.3867187500000000E-02    0.1101150512695313E-02
   30   -0.5644531250000000E-02    0.1066246032714844E-02
   31    0.0000000000000000E+00    0.1055297851562500E-02
   32    0.5136718750000000E-02    0.1066398620605469E-02
   33   -0.7421875000000000E-03    0.1020202636718750E-02
   34   -0.5859375000000000E-03    0.7341766357421875E-03
   35   -0.3222656250000000E-02    0.1050834655761719E-02
   36    0.3710937500000000E-03    0.8691787719726562E-03
   37    0.1796875000000000E-02    0.6405639648437500E-03
   38    0.0000000000000000E+00    0.1031112670898438E-02
   39   -0.3964843750000000E-02    0.9598159790039063E-03
   40   -0.5078125000000000E-03    0.8771514892578125E-03
   41   -0.3242187500000000E-02    0.8545684814453125E-03
   42   -0.2246093750000000E-02    0.8798599243164063E-03
   43    0.0000000000000000E+00    0.9898376464843751E-03
   44   -0.2226562500000000E-02    0.8843994140625000E-03
   45    0.1875000000000000E-02    0.1024551391601562E-02
   46    0.1425781250000000E-02    0.8777999877929688E-03
   47    0.3769531250000000E-02    0.1154060363769531E-02
   48    0.3320312500000000E-03    0.1248588562011719E-02
   49   -0.2285156250000000E-02    0.9090805053710938E-03
   50   -0.3574218750000000E-02    0.1033287048339844E-02
   51   -0.3261718750000000E-02    0.9597396850585938E-03
   52    0.1386718750000000E-02    0.9831619262695313E-03
   53   -0.2207031250000000E-02    0.1146202087402344E-02
   54    0.5605468750000000E-02    0.1009025573730469E-02
   55    0.3378906250000000E-02    0.1022605895996094E-02
   56   -0.5859375000000000E-04    0.7297897338867188E-03
   57    0.2304687500000000E-02    0.6824493408203125E-03
   58   -0.1953125000000000E-03    0.9865570068359375E-03
   59   -0.2285156250000000E-02    0.9516525268554687E-03
   60    0.3242187500000000E-02    0.1098556518554688E-02
   61    0.5234375000000000E-02    0.8928680419921875E-03
   62    0.2968750000000000E-02    0.1087722778320312E-02
   63    0.2675781250000000E-02    0.1020927429199219E-02
   64    0.4101562500000000E-03    0.9830093383789062E-03
   65   -0.7187500000000000E-02    0.1082687377929687E-02
   66   -0.8242187500000000E-02    0.8937072753906250E-03
   67   -0.1679687500000000E-02    0.9091186523437500E-03
   68    0.2148437500000000E-03    0.8797836303710937E-03
   69   -0.1953125000000000E-04    0.1217689514160156E-02
   70    0.4902343750000000E-02    0.9935379028320312E-03
   71   -0.2148437500000000E-03    0.1110038757324219E-02
   72   -0.3710937500000000E-03    0.8286666870117187E-03
   73   -0.4785156250000000E-02    0.1124687194824219E-02
   74    0.5468750000000001E-03    0.7497406005859375E-03
   75   -0.2500000000000000E-02    0.7695770263671875E-03
   76   -0.1406250000000000E-02    0.1006774902343750E-02
   77   -0.9765625000000001E-04    0.8455276489257813E-03
   78   -0.3339843750000000E-02    0.8126449584960938E-03
   79   -0.7812500000000000E-03    0.9959411621093749E-03
   80    0.6855468750000000E-02    0.1295127868652344E-02
   81   -0.2792968750000000E-02    0.1135368347167969E-02
   82    0.3535156250000000E-02    0.1224327087402344E-02
   83    0.1269531250000000E-02    0.1199684143066406E-02
   84    0.1289062500000000E-02    0.9024810791015625E-03
   85    0.5273437500000000E-03    0.7202529907226563E-03
   86    0.3300781250000000E-02    0.9775924682617187E-03
   87    0.8593750000000000E-03    0.1102371215820313E-02
   88   -0.9765625000000001E-04    0.9126663208007812E-03
   89    0.1562500000000000E-03    0.8984375000000000E-03
   90   -0.1718750000000000E-02    0.1123046875000000E-02
   91    0.5273437500000000E-03    0.8665847778320312E-03
   92   -0.2011718750000000E-02    0.9318923950195312E-03
   93   -0.8984375000000000E-03    0.9433746337890625E-03
   94   -0.1757812500000000E-02    0.6314849853515625E-03
   95    0.1855468750000000E-02    0.1027030944824219E-02
   96    0.1679687500000000E-02    0.8575439453125000E-03
   97   -0.5664062500000000E-03    0.9507369995117187E-03
   98   -0.2011718750000000E-02    0.8998489379882812E-03
   99   -0.1210937500000000E-02    0.1017074584960938E-02
  100    0.5468750000000001E-03    0.9519195556640625E-03
