# time =    0.4719
    0    0.1000000000000000E+01    0.1000000000000000E+01
    1    0.2244140625000000E+00    0.5119155883789062E-01
    2    0.5404296875000000E-01    0.3874473571777344E-02
    3    0.1558593750000000E-01    0.1208953857421875E-02
    4    0.2734375000000000E-03    0.1408081054687500E-02
    5   -0.2519531250000000E-02    0.7746505737304687E-03
    6   -0.5859375000000000E-03    0.6579589843750000E-03
    7    0.6210937500000000E-02    0.1028976440429688E-02
    8    0.1171875000000000E-02    0.1167144775390625E-02
    9    0.3691406250000000E-02    0.1000022888183594E-02
   10   -0.6640625000000000E-03    0.8931732177734374E-03
   11    0.3125000000000000E-03    0.1026916503906250E-02
   12    0.1933593750000000E-02    0.1446876525878906E-02
   13    0.4687500000000000E-03    0.8966064453125000E-03
   14    0.5664062500000000E-03    0.8792495727539063E-03
   15    0.2343750000000000E-03    0.1059951782226563E-02
   16    0.1347656250000000E-02    0.8169937133789062E-03
   17    0.2500000000000000E-02    0.1186904907226562E-02
   18   -0.2539062500000000E-02    0.9062957763671875E-03
   19   -0.3906250000000000E-04    0.9618377685546874E-03
   20   -0.4296875000000000E-03    0.9469604492187500E-03
   21   -0.5410156250000000E-02    0.1240653991699219E-02
   22   -0.3320312500000000E-03    0.8989334106445313E-03
   23    0.2226562500000000E-02    0.9817504882812501E-03
   24    0.2539062500000000E-03    0.8879470825195313E-03
   25    0.1953125000000000E-04    0.1025657653808594E-02
   26    0.3125000000000000E-02    0.9385681152343750E-03
   27    0.1582031250000000E-02    0.1124687194824219E-02
   28   -0.1015625000000000E-02    0.9313201904296874E-03
   29    0.1464843750000000E-02    0.1368904113769531E-02
   30   -0.1914062500000000E-02    0.9654998779296875E-03
   31    0.1425781250000000E-02    0.8257675170898437E-03
   32   -0.6835937500000000E-03    0.8470535278320313E-03
   33   -0.1621093750000000E-02    0.1184577941894531E-02
   34    0.1035156250000000E-02    0.1014442443847656E-02
   35    0.3906250000000000E-02    0.8443450927734375E-03
   36    0.2871093750000000E-02    0.1072120666503906E-02
   37    0.1113281250000000E-02    0.9076309204101563E-03
   38    0.2480468750000000E-02    0.1261405944824219E-02
   39    0.2343750000000000E-02    0.7440185546875000E-03
   40   -0.1562500000000000E-03    0.9974670410156251E-03
   41   -0.2519531250000000E-02    0.9231185913085938E-03
   42   -0.4804687500000000E-02    0.9940338134765624E-03
   43   -0.6386718750000000E-02    0.1021385192871094E-02
   44   -0.6210937500000000E-02    0.1176223754882812E-02
   45    0.2539062500000000E-03    0.9419631958007813E-03
   46    0.2753906250000000E-02    0.1003303527832031E-02
   47    0.2890625000000000E-02    0.9087371826171875E-03
   48   -0.4316406250000000E-02    0.1166725158691406E-02
   49   -0.3320312500000000E-02    0.1162414550781250E-02
   50    0.4941406250000000E-02    0.1004524230957031E-02
   51    0.1152343750000000E-02    0.9885025024414062E-03
   52    0.3808593750000000E-02    0.8294296264648438E-03
   53    0.1171875000000000E-03    0.8546447753906250E-03
   54   -0.2812500000000000E-02    0.1093139648437500E-02
   55   -0.8984375000000000E-03    0.1196136474609375E-02
   56   -0.7812500000000000E-02    0.1302337646484375E-02
   57   -0.9765625000000000E-03    0.9508514404296875E-03
   58    0.7031250000000000E-03    0.8941650390625000E-03
   59   -0.2148437500000000E-03    0.1089210510253906E-02
   60   -0.1660156250000000E-02    0.9827804565429687E-03
   61   -0.2871093750000000E-02    0.8345413208007813E-03
   62   -0.1679687500000000E-02    0.1026992797851563E-02
   63   -0.1171875000000000E-03    0.1307067871093750E-02
   64   -0.1972656250000000E-02    0.7696151733398438E-03
   65    0.2734375000000000E-02    0.7480621337890625E-03
   66    0.1601562500000000E-02    0.9281921386718750E-03
   67   -0.3847656250000000E-02    0.1121482849121094E-02
   68    0.1269531250000000E-02    0.1004066467285156E-02
   69    0.2636718750000000E-02    0.7444381713867188E-03
   70   -0.7812500000000000E-03    0.8437347412109375E-03
   71   -0.1445312500000000E-02    0.1057739257812500E-02
   72    0.3691406250000000E-02    0.9166336059570312E-03
   73    0.1992187500000000E-02    0.1102294921875000E-02
   74   -0.7324218750000000E-02    0.9173965454101563E-03
   75   -0.7441406250000000E-02    0.7431411743164063E-03
   76   -0.5332031250000000E-02    0.9981918334960938E-03
   77   -0.1250000000000000E-02    0.9535217285156250E-03
   78    0.2988281250000000E-02    0.1188163757324219E-02
   79   -0.2148437500000000E-03    0.1008872985839844E-02
   80    0.8203125000000000E-03    0.1120147705078125E-02
   81    0.5839843750000000E-02    0.8472061157226563E-03
   82    0.2988281250000000E-02    0.7194137573242188E-03
   83   -0.5351562500000000E-02    0.9459686279296875E-03
   84    0.6992187500000000E-02    0.1032028198242188E-02
   85    0.5429687500000000E-02    0.8312988281250000E-03
   86    0.1113281250000000E-02    0.9803390502929688E-03
   87   -0.5019531250000000E-02    0.9073257446289062E-03
   88    0.3710937500000000E-03    0.7712173461914062E-03
   89    0.3007812500000000E-02    0.9924316406250001E-03
   90   -0.1953125000000000E-03    0.8598327636718750E-03
   91   -0.5273437500000000E-03    0.9038162231445313E-03
   92    0.2285156250000000E-02    0.9288406372070313E-03
   93    0.4296875000000000E-03    0.8499908447265625E-03
   94    0.3183593750000000E-02    0.1072959899902344E-02
   95    0.8984375000000000E-03    0.1153945922851562E-02
   96    0.2265625000000000E-02    0.1165237426757812E-02
   97   -0.4101562500000000E-03    0.9514236450195312E-03
   98    0.2734375000000000E-03    0.9332275390624999E-03
   99    0.9765625000000001E-04    0.1071052551269531E-02
  100    0.2050781250000000E-02    0.1149024963378906E-02
