# time =    0.4712
    0    0.1000000000000000E+01    0.1000000000000000E+01
    1    0.2591992187500000E+00    0.6807880401611328E-01
    2    0.8503906250000000E-01    0.7927932739257813E-02
    3    0.3292968750000000E-01    0.1962127685546875E-02
    4    0.1339843750000000E-01    0.9899902343749999E-03
    5    0.5878906250000000E-02    0.9803390502929688E-03
    6    0.2558593750000000E-02    0.8527755737304688E-03
    7   -0.6445312500000000E-03    0.8716201782226563E-03
    8    0.2500000000000000E-02    0.1397476196289062E-02
    9   -0.7812500000000000E-03    0.9320831298828125E-03
   10   -0.2792968750000000E-02    0.9932327270507813E-03
   11   -0.6054687500000000E-03    0.1065254211425781E-02
   12    0.3730468750000000E-02    0.7860183715820313E-03
   13   -0.1074218750000000E-02    0.8620071411132812E-03
   14   -0.1699218750000000E-02    0.1107292175292969E-02
   15    0.1445312500000000E-02    0.8595275878906250E-03
   16   -0.4726562500000000E-02    0.1263732910156250E-02
   17    0.1894531250000000E-02    0.9231185913085938E-03
   18    0.2148437500000000E-03    0.9464645385742188E-03
   19    0.1875000000000000E-02    0.8613586425781250E-03
   20   -0.1601562500000000E-02    0.8385467529296875E-03
   21    0.2402343750000000E-02    0.8710861206054687E-03
   22    0.2734375000000000E-03    0.1070938110351563E-02
   23    0.2500000000000000E-02    0.7987976074218750E-03
   24    0.2050781250000000E-02    0.9698104858398437E-03
   25    0.2539062500000000E-03    0.1145973205566406E-02
   26   -0.2949218750000000E-02    0.1039161682128906E-02
   27   -0.1542968750000000E-02    0.8250808715820312E-03
   28   -0.1152343750000000E-02    0.9342575073242187E-03
   29   -0.5859375000000000E-04    0.9778976440429688E-03
   30    0.3457031250000000E-02    0.1161079406738281E-02
   31    0.6640625000000000E-03    0.1008148193359375E-02
   32   -0.5898437500000000E-02    0.1105804443359375E-02
   33   -0.2753906250000000E-02    0.1083030700683594E-02
   34   -0.6835937500000000E-03    0.7850265502929687E-03
   35    0.3652343750000000E-02    0.1038932800292969E-02
   36   -0.1250000000000000E-02    0.9521484375000000E-03
   37    0.8789062500000000E-03    0.9663772583007813E-03
   38   -0.1386718750000000E-02    0.7091140747070312E-03
   39   -0.9765625000000000E-03    0.8336639404296875E-03
   40   -0.3339843750000000E-02    0.9383773803710938E-03
   41   -0.2539062500000000E-03    0.8173751831054688E-03
   42   -0.2675781250000000E-02    0.1147117614746094E-02
   43    0.0000000000000000E+00    0.9963226318359375E-03
   44   -0.3964843750000000E-02    0.9834671020507813E-03
   45   -0.7812500000000000E-03    0.8198547363281250E-03
   46    0.5878906250000000E-02    0.1177406311035156E-02
   47    0.9765625000000001E-04    0.7358932495117187E-03
   48   -0.9765625000000000E-03    0.9059906005859375E-03
   49   -0.2011718750000000E-02    0.8996963500976562E-03
   50   -0.3964843750000000E-02    0.8996963500976562E-03
   51   -0.7304687500000000E-02    0.1051101684570313E-02
   52    0.4101562500000000E-03    0.1039161682128906E-02
   53    0.4335937500000000E-02    0.1006240844726562E-02
   54   -0.2343750000000000E-02    0.8533477783203125E-03
   55   -0.3164062500000000E-02    0.1381759643554688E-02
   56    0.7421875000000000E-03    0.7922363281250000E-03
   57    0.3906250000000000E-04    0.9226226806640626E-03
   58    0.4902343750000000E-02    0.9869766235351563E-03
   59   -0.1074218750000000E-02    0.9698104858398437E-03
   60    0.4960937500000000E-02    0.6543731689453125E-03
   61    0.4941406250000000E-02    0.7757949829101563E-03
   62    0.3730468750000000E-02    0.8761215209960937E-03
   63    0.8984375000000000E-03    0.1061096191406250E-02
   64    0.3554687500000000E-02    0.1050949096679688E-02
   65   -0.2851562500000000E-02    0.9852600097656249E-03
   66    0.3808593750000000E-02    0.1008796691894531E-02
   67    0.3515625000000000E-03    0.1008148193359375E-02
   68    0.1738281250000000E-02    0.8887100219726562E-03
   69   -0.4062500000000000E-02    0.1130142211914062E-02
   70   -0.3554687500000000E-02    0.1014633178710938E-02
   71    0.8046875000000000E-02    0.1069488525390625E-02
   72    0.3535156250000000E-02    0.9437942504882812E-03
   73    0.4101562500000000E-02    0.1187591552734375E-02
   74    0.1250000000000000E-02    0.1079940795898438E-02
   75   -0.1621093750000000E-02    0.1023750305175781E-02
   76   -0.2929687500000000E-02    0.1154251098632812E-02
   77   -0.3730468750000000E-02    0.1096305847167969E-02
   78   -0.1796875000000000E-02    0.1007385253906250E-02
   79    0.7812500000000000E-03    0.1207885742187500E-02
   80   -0.3906250000000000E-03    0.8299255371093750E-03
   81    0.2128906250000000E-02    0.1099586486816406E-02
   82    0.1171875000000000E-02    0.9080505371093750E-03
   83   -0.4687500000000000E-03    0.1077423095703125E-02
   84   -0.3476562500000000E-02    0.9718322753906250E-03
   85   -0.5195312500000000E-02    0.8823394775390625E-03
   86   -0.2539062500000000E-02    0.1038284301757813E-02
   87    0.8398437500000000E-03    0.8372879028320313E-03
   88    0.2382812500000000E-02    0.1110076904296875E-02
   89    0.3906250000000000E-04    0.9543609619140625E-03
   90    0.2773437500000000E-02    0.9049987792968750E-03
   91    0.1210937500000000E-02    0.1060867309570313E-02
   92    0.2011718750000000E-02    0.8113479614257812E-03
   93    0.1777343750000000E-02    0.9084701538085938E-03
   94    0.2031250000000000E-02    0.1091918945312500E-02
   95   -0.2519531250000000E-02    0.8902359008789063E-03
   96   -0.3535156250000000E-02    0.9788894653320313E-03
   97   -0.1054687500000000E-02    0.8117675781250000E-03
   98    0.1445312500000000E-02    0.9507751464843750E-03
   99    0.1542968750000000E-02    0.7506942749023437E-03
  100    0.4140625000000000E-02    0.1029891967773438E-02
