# time =    0.4071
    0    0.1000000000000000E+01    0.1000000000000000E+01
    1    0.4069140625000000E+00    0.1664154052734375E+00
    2    0.2535742187500000E+00    0.6505764007568360E-01
    3    0.1942968750000000E+00    0.3829200744628906E-01
    4    0.1635742187500000E+00    0.2734920501708984E-01
    5    0.1443554687500000E+00    0.2144390106201172E-01
    6    0.1306250000000000E+00    0.1774505615234375E-01
    7    0.1215039062500000E+00    0.1538211822509766E-01
    8    0.1128710937500000E+00    0.1342647552490234E-01
    9    0.1091015625000000E+00    0.1255157470703125E-01
   10    0.1010351562500000E+00    0.1092113494873047E-01
   11    0.9720703125000001E-01    0.1010158538818359E-01
   12    0.9373046875000000E-01    0.9570579528808593E-02
   13    0.8953125000000001E-01    0.8783721923828125E-02
   14    0.8560546875000000E-01    0.8074455261230469E-02
   15    0.8121093750000000E-01    0.7302246093750000E-02
   16    0.7890625000000000E-01    0.7059860229492188E-02
   17    0.7656250000000001E-01    0.6611557006835938E-02
   18    0.7515624999999999E-01    0.6449203491210937E-02
   19    0.7238281250000000E-01    0.6063766479492187E-02
   20    0.7138671874999999E-01    0.5895042419433593E-02
   21    0.6890625000000000E-01    0.5583343505859375E-02
   22    0.6738281250000000E-01    0.5390472412109375E-02
   23    0.6673828125000000E-01    0.5283927917480469E-02
   24    0.6539062499999999E-01    0.5110244750976562E-02
   25    0.6550781250000000E-01    0.5112304687500000E-02
   26    0.6457031250000000E-01    0.4936294555664062E-02
   27    0.6269531250000000E-01    0.4811019897460938E-02
   28    0.6324218750000000E-01    0.4822387695312500E-02
   29    0.6099609375000000E-01    0.4604606628417969E-02
   30    0.6058593750000000E-01    0.4519882202148437E-02
   31    0.5843750000000000E-01    0.4217376708984375E-02
   32    0.5755859375000000E-01    0.4089851379394532E-02
   33    0.5687500000000000E-01    0.4085845947265625E-02
   34    0.5525390625000000E-01    0.3900413513183594E-02
   35    0.5398437500000000E-01    0.3812332153320312E-02
   36    0.5367187500000000E-01    0.3750305175781250E-02
   37    0.5224609375000000E-01    0.3611106872558594E-02
   38    0.5136718750000000E-01    0.3453826904296875E-02
   39    0.5355468750000000E-01    0.3650512695312500E-02
   40    0.5117187500000000E-01    0.3330154418945313E-02
   41    0.5189453125000000E-01    0.3337593078613281E-02
   42    0.5085937500000000E-01    0.3284149169921875E-02
   43    0.4921875000000000E-01    0.3119125366210937E-02
   44    0.4966796875000000E-01    0.3158988952636719E-02
   45    0.4921875000000000E-01    0.3092575073242188E-02
   46    0.4953125000000000E-01    0.3177871704101562E-02
   47    0.4865234375000000E-01    0.3109550476074219E-02
   48    0.4716796875000000E-01    0.2944221496582031E-02
   49    0.4777343750000000E-01    0.2982864379882813E-02
   50    0.4652343750000000E-01    0.2922210693359375E-02
   51    0.4775390625000000E-01    0.3056068420410156E-02
   52    0.4652343750000000E-01    0.2883148193359375E-02
   53    0.4492187500000000E-01    0.2721786499023438E-02
   54    0.4503906250000000E-01    0.2704238891601562E-02
   55    0.4453125000000000E-01    0.2682342529296875E-02
   56    0.4326171875000000E-01    0.2548332214355469E-02
   57    0.4236328125000000E-01    0.2490043640136719E-02
   58    0.4201171875000000E-01    0.2467689514160156E-02
   59    0.4191406250000000E-01    0.2421417236328125E-02
   60    0.4091796875000000E-01    0.2398719787597656E-02
   61    0.4041015625000000E-01    0.2373008728027344E-02
   62    0.4068359375000000E-01    0.2375144958496094E-02
   63    0.4009765625000000E-01    0.2273902893066406E-02
   64    0.3949218750000000E-01    0.2316131591796875E-02
   65    0.4029296875000000E-01    0.2390403747558594E-02
   66    0.4015625000000000E-01    0.2364273071289062E-02
   67    0.4072265625000000E-01    0.2415809631347656E-02
   68    0.4035156250000000E-01    0.2376937866210938E-02
   69    0.4005859375000000E-01    0.2301902770996094E-02
   70    0.4021484375000000E-01    0.2327461242675781E-02
   71    0.3916015625000000E-01    0.2195854187011719E-02
   72    0.4015625000000000E-01    0.2273559570312500E-02
   73    0.3980468750000000E-01    0.2225112915039062E-02
   74    0.3863281250000000E-01    0.2163162231445312E-02
   75    0.3810546875000000E-01    0.2111625671386719E-02
   76    0.3722656250000000E-01    0.2061691284179688E-02
   77    0.3681640625000000E-01    0.2038230895996094E-02
   78    0.3609375000000000E-01    0.1970596313476563E-02
   79    0.3656250000000000E-01    0.2073974609375000E-02
   80    0.3570312500000000E-01    0.2025833129882812E-02
   81    0.3578125000000000E-01    0.1982040405273438E-02
   82    0.3542968750000000E-01    0.1940460205078125E-02
   83    0.3429687500000000E-01    0.1779251098632813E-02
   84    0.3458984375000000E-01    0.1897315979003906E-02
   85    0.3517578125000000E-01    0.1857261657714844E-02
   86    0.3570312500000000E-01    0.1866683959960937E-02
   87    0.3546875000000000E-01    0.1911773681640625E-02
   88    0.3484375000000000E-01    0.1887130737304687E-02
   89    0.3363281250000000E-01    0.1828689575195312E-02
   90    0.3314453125000000E-01    0.1790809631347656E-02
   91    0.3232421875000000E-01    0.1721305847167969E-02
   92    0.3310546875000000E-01    0.1794395446777344E-02
   93    0.3339843750000000E-01    0.1833419799804688E-02
   94    0.3224609375000000E-01    0.1757621765136719E-02
   95    0.3250000000000000E-01    0.1762390136718750E-02
   96    0.3277343750000000E-01    0.1759262084960938E-02
   97    0.3292968750000000E-01    0.1801605224609375E-02
   98    0.3197265625000000E-01    0.1737098693847656E-02
   99    0.3181640625000000E-01    0.1774864196777344E-02
  100    0.3101562500000000E-01    0.1684951782226562E-02
