# time =    0.4704
    0    0.1000000000000000E+01    0.1000000000000000E+01
    1    0.2113867187500000E+00    0.4573551177978516E-01
    2    0.5251953125000000E-01    0.3589591979980469E-02
    3    0.1681640625000000E-01    0.1176872253417969E-02
    4    0.3378906250000000E-02    0.9785079956054687E-03
    5    0.8261718750000001E-02    0.1158866882324219E-02
    6    0.7871093750000000E-02    0.1002159118652344E-02
    7    0.1816406250000000E-02    0.1067543029785156E-02
    8    0.4882812500000000E-02    0.1135330200195313E-02
    9   -0.1562500000000000E-03    0.1012573242187500E-02
   10    0.1250000000000000E-02    0.1265411376953125E-02
   11    0.1777343750000000E-02    0.7870864868164063E-03
   12    0.2363281250000000E-02    0.1155281066894531E-02
   13    0.1953125000000000E-02    0.1118698120117187E-02
   14    0.3125000000000000E-03    0.8563232421875000E-03
   15    0.1054687500000000E-02    0.9759521484375000E-03
   16    0.1035156250000000E-02    0.8916854858398438E-03
   17    0.1562500000000000E-02    0.7075500488281250E-03
   18   -0.4941406250000000E-02    0.9102249145507813E-03
   19    0.4531250000000000E-02    0.1040802001953125E-02
   20   -0.2734375000000000E-03    0.1021957397460937E-02
   21    0.1640625000000000E-02    0.1000289916992188E-02
   22    0.1230468750000000E-02    0.1006965637207031E-02
   23   -0.1855468750000000E-02    0.8143234252929687E-03
   24   -0.1132812500000000E-02    0.9640502929687500E-03
   25   -0.2500000000000000E-02    0.9630584716796875E-03
   26    0.3125000000000000E-03    0.1030273437500000E-02
   27    0.1445312500000000E-02    0.8709716796875000E-03
   28    0.3476562500000000E-02    0.7582092285156250E-03
   29    0.2226562500000000E-02    0.9822082519531251E-03
   30   -0.4394531250000000E-02    0.1267433166503906E-02
   31   -0.2343750000000000E-02    0.1163406372070313E-02
   32   -0.6074218750000000E-02    0.9703445434570313E-03
   33   -0.7226562500000000E-03    0.8356094360351563E-03
   34    0.2343750000000000E-03    0.9658813476562500E-03
   35    0.1406250000000000E-02    0.1085052490234375E-02
   36    0.8789062500000000E-03    0.8756637573242188E-03
   37    0.7617187500000000E-03    0.8629226684570313E-03
   38   -0.2265625000000000E-02    0.1121139526367187E-02
   39   -0.8457031250000000E-02    0.1116676330566406E-02
   40   -0.1171875000000000E-03    0.8055114746093750E-03
   41    0.7812500000000000E-03    0.8897399902343750E-03
   42    0.1953125000000000E-03    0.1174316406250000E-02
   43    0.3437500000000000E-02    0.1108093261718750E-02
   44    0.2187500000000000E-02    0.1069869995117187E-02
   45    0.3144531250000000E-02    0.9920120239257813E-03
   46   -0.7812500000000000E-03    0.1017608642578125E-02
   47    0.2265625000000000E-02    0.9987640380859375E-03
   48    0.3320312500000000E-02    0.8472442626953125E-03
   49    0.0000000000000000E+00    0.8135223388671875E-03
   50   -0.6640625000000000E-03    0.7964324951171875E-03
   51   -0.3125000000000000E-02    0.9919738769531251E-03
   52   -0.5820312500000000E-02    0.8438110351562500E-03
   53   -0.6406250000000000E-02    0.7849121093750000E-03
   54    0.3437500000000000E-02    0.8038330078125000E-03
   55   -0.2050781250000000E-02    0.9573745727539062E-03
   56   -0.3671875000000000E-02    0.9004974365234375E-03
   57   -0.9765625000000000E-03    0.9964752197265626E-03
   58   -0.3183593750000000E-02    0.8491897583007813E-03
   59   -0.6640625000000000E-03    0.8371734619140625E-03
   60   -0.3691406250000000E-02    0.1197242736816406E-02
   61   -0.6308593750000000E-02    0.9778213500976562E-03
   62    0.1542968750000000E-02    0.8378219604492187E-03
   63   -0.1152343750000000E-02    0.9305191040039063E-03
   64    0.2734375000000000E-03    0.8613586425781250E-03
   65    0.4863281250000000E-02    0.9071731567382813E-03
   66   -0.1367187500000000E-03    0.1148109436035156E-02
   67    0.1406250000000000E-02    0.1066513061523437E-02
   68   -0.2734375000000000E-03    0.1062011718750000E-02
   69    0.3515625000000000E-03    0.8409118652343750E-03
   70   -0.2929687500000000E-02    0.1017608642578125E-02
   71   -0.1289062500000000E-02    0.9300231933593750E-03
   72    0.2167968750000000E-02    0.8097457885742188E-03
   73   -0.5097656250000000E-02    0.1313514709472656E-02
   74   -0.1933593750000000E-02    0.1319770812988281E-02
   75    0.1367187500000000E-03    0.1050376892089844E-02
   76    0.1718750000000000E-02    0.8709716796875000E-03
   77   -0.3906250000000000E-04    0.9484100341796875E-03
   78   -0.2539062500000000E-02    0.1227416992187500E-02
   79   -0.1074218750000000E-02    0.1175346374511719E-02
   80   -0.4726562500000000E-02    0.9349822998046875E-03
   81    0.2207031250000000E-02    0.1067085266113281E-02
   82    0.3691406250000000E-02    0.1007499694824219E-02
   83    0.2558593750000000E-02    0.8707809448242188E-03
   84   -0.1074218750000000E-02    0.9307479858398438E-03
   85    0.4199218750000000E-02    0.1115150451660156E-02
   86    0.2871093750000000E-02    0.1250953674316406E-02
   87    0.2070312500000000E-02    0.8293914794921875E-03
   88   -0.3457031250000000E-02    0.9428787231445312E-03
   89    0.2617187500000000E-02    0.8148193359375000E-03
   90   -0.2089843750000000E-02    0.9582138061523437E-03
   91   -0.3906250000000000E-02    0.8628845214843750E-03
   92   -0.2500000000000000E-02    0.9104156494140625E-03
   93   -0.6777343750000000E-02    0.9497451782226562E-03
   94   -0.1679687500000000E-02    0.9564971923828125E-03
   95   -0.2734375000000000E-03    0.9164428710937500E-03
   96    0.1250000000000000E-02    0.1019439697265625E-02
   97    0.3906250000000000E-03    0.1095809936523437E-02
   98    0.1582031250000000E-02    0.8913040161132813E-03
   99    0.4980468750000000E-02    0.1134223937988281E-02
  100    0.2949218750000000E-02    0.1136207580566406E-02
