# time =    0.4726
    0    0.1000000000000000E+01    0.1000000000000000E+01
    1    0.1977734375000000E+00    0.4012138366699219E-01
    2    0.4273437500000000E-01    0.2790603637695312E-02
    3    0.1505859375000000E-01    0.1204566955566406E-02
    4    0.8164062499999999E-02    0.1231155395507813E-02
    5    0.3378906250000000E-02    0.9547042846679688E-03
    6   -0.2773437500000000E-02    0.8884429931640625E-03
    7   -0.2089843750000000E-02    0.9910202026367188E-03
    8    0.1230468750000000E-02    0.7946395874023438E-03
    9    0.4492187500000000E-03    0.1253089904785156E-02
   10   -0.3886718750000000E-02    0.8557510375976563E-03
   11   -0.4335937500000000E-02    0.1100997924804688E-02
   12   -0.1777343750000000E-02    0.1076316833496094E-02
   13   -0.3808593750000000E-02    0.8654403686523438E-03
   14    0.2968750000000000E-02    0.8572387695312500E-03
   15    0.3925781250000000E-02    0.8448410034179687E-03
   16    0.6640625000000000E-03    0.7360076904296875E-03
   17    0.5859375000000000E-03    0.6320953369140625E-03
   18   -0.4003906250000000E-02    0.1056861877441406E-02
   19   -0.3828125000000000E-02    0.9726715087890625E-03
   20   -0.4980468750000000E-02    0.1009559631347656E-02
   21   -0.8984375000000000E-03    0.9621429443359375E-03
   22   -0.8203125000000000E-03    0.8727264404296875E-03
   23    0.8984375000000000E-03    0.1209564208984375E-02
   24    0.5664062500000000E-03    0.8404922485351563E-03
   25   -0.5937500000000000E-02    0.1035690307617188E-02
   26   -0.2226562500000000E-02    0.8668518066406250E-03
   27   -0.7070312500000000E-02    0.8037567138671875E-03
   28    0.7812500000000000E-04    0.9604644775390625E-03
   29    0.2617187500000000E-02    0.9761047363281250E-03
   30    0.3554687500000000E-02    0.7965850830078125E-03
   31   -0.3906250000000000E-04    0.1124877929687500E-02
   32    0.8789062500000000E-03    0.1082649230957031E-02
   33    0.2890625000000000E-02    0.1020278930664062E-02
   34    0.1640625000000000E-02    0.1177978515625000E-02
   35   -0.6054687500000000E-03    0.9201431274414063E-03
   36    0.1347656250000000E-02    0.8441543579101562E-03
   37    0.5781250000000000E-02    0.1113052368164062E-02
   38    0.4257812500000000E-02    0.8963012695312500E-03
   39    0.4277343750000000E-02    0.9038925170898437E-03
   40   -0.1953125000000000E-04    0.1032371520996094E-02
   41    0.2929687500000000E-02    0.9471130371093750E-03
   42   -0.3632812500000000E-02    0.1311264038085938E-02
   43    0.7812500000000000E-03    0.7330322265625000E-03
   44    0.1601562500000000E-02    0.1010131835937500E-02
   45    0.2714843750000000E-02    0.8678817749023437E-03
   46    0.3125000000000000E-02    0.8913421630859375E-03
   47   -0.6289062500000000E-02    0.7861328125000000E-03
   48   -0.7421875000000000E-02    0.1072235107421875E-02
   49   -0.2851562500000000E-02    0.1210327148437500E-02
   50   -0.2675781250000000E-02    0.9328079223632813E-03
   51    0.4218750000000000E-02    0.1062774658203125E-02
   52   -0.1367187500000000E-03    0.9074020385742188E-03
   53   -0.1132812500000000E-01    0.1017303466796875E-02
   54   -0.7031250000000000E-03    0.9586334228515625E-03
   55   -0.9960937500000000E-03    0.9028244018554687E-03
   56    0.4296875000000000E-02    0.1169586181640625E-02
   57    0.2109375000000000E-02    0.1055068969726562E-02
   58   -0.5078125000000000E-03    0.1229782104492187E-02
   59    0.3378906250000000E-02    0.1096763610839844E-02
   60   -0.1953125000000000E-02    0.7851409912109375E-03
   61    0.2558593750000000E-02    0.1352424621582031E-02
   62    0.2910156250000000E-02    0.8410263061523437E-03
   63   -0.3808593750000000E-02    0.1071662902832031E-02
   64   -0.5214843750000000E-02    0.1072502136230469E-02
   65   -0.2890625000000000E-02    0.9153747558593750E-03
   66    0.4218750000000000E-02    0.7818603515625000E-03
   67    0.3242187500000000E-02    0.8873748779296875E-03
   68    0.2519531250000000E-02    0.9624862670898438E-03
   69    0.1171875000000000E-03    0.9307098388671875E-03
   70   -0.3339843750000000E-02    0.8918380737304687E-03
   71   -0.9121093750000000E-02    0.1229515075683594E-02
   72    0.2617187500000000E-02    0.1103897094726562E-02
   73    0.6386718750000000E-02    0.6492996215820313E-03
   74   -0.3183593750000000E-02    0.9844589233398437E-03
   75    0.1875000000000000E-02    0.9453582763671875E-03
   76   -0.4375000000000000E-02    0.8543395996093750E-03
   77   -0.4550781250000000E-02    0.1047172546386719E-02
   78    0.1640625000000000E-02    0.1061248779296875E-02
   79    0.1367187500000000E-03    0.8121871948242187E-03
   80    0.5820312500000000E-02    0.8440399169921875E-03
   81    0.3281250000000000E-02    0.9564971923828125E-03
   82    0.1113281250000000E-02    0.1065254211425781E-02
   83    0.4882812500000000E-03    0.6648635864257812E-03
   84    0.7812500000000000E-03    0.1177825927734375E-02
   85   -0.3437500000000000E-02    0.8599853515625000E-03
   86   -0.3789062500000000E-02    0.1023254394531250E-02
   87    0.8203125000000000E-03    0.8570098876953125E-03
   88   -0.1347656250000000E-02    0.1030540466308594E-02
   89    0.5078125000000000E-02    0.1082839965820313E-02
   90    0.2324218750000000E-02    0.1029930114746094E-02
   91   -0.5273437500000000E-02    0.9006500244140625E-03
   92    0.1328125000000000E-02    0.9725952148437500E-03
   93    0.9960937500000000E-03    0.8634567260742187E-03
   94   -0.4570312500000000E-02    0.1129150390625000E-02
   95   -0.2617187500000000E-02    0.8367156982421875E-03
   96   -0.1855468750000000E-02    0.1071205139160156E-02
   97   -0.4355468750000000E-02    0.1121711730957031E-02
   98   -0.9765625000000000E-03    0.9579467773437500E-03
   99    0.1406250000000000E-02    0.8276367187500000E-03
  100   -0.4589843750000000E-02    0.1017799377441406E-02
