# time =    0.4708
    0    0.1000000000000000E+01    0.1000000000000000E+01
    1    0.2122460937500000E+00    0.4569591522216797E-01
    2    0.5898437500000000E-01    0.4277420043945312E-02
    3    0.1447265625000000E-01    0.1282234191894531E-02
    4    0.5214843750000000E-02    0.9333419799804687E-03
    5    0.7988281250000000E-02    0.9661483764648438E-03
    6   -0.1503906250000000E-02    0.1189231872558594E-02
    7   -0.6054687500000000E-03    0.8416366577148437E-03
    8   -0.1660156250000000E-02    0.8470535278320313E-03
    9    0.4570312500000000E-02    0.9304809570312500E-03
   10   -0.3125000000000000E-03    0.1110153198242187E-02
   11    0.4863281250000000E-02    0.8868026733398437E-03
   12   -0.3125000000000000E-03    0.9780120849609375E-03
   13    0.3906250000000000E-04    0.9395599365234375E-03
   14   -0.1250000000000000E-02    0.1111221313476563E-02
   15   -0.1894531250000000E-02    0.1197013854980469E-02
   16    0.1250000000000000E-02    0.9120178222656250E-03
   17   -0.1074218750000000E-02    0.1080055236816406E-02
   18   -0.2070312500000000E-02    0.8803558349609375E-03
   19    0.1308593750000000E-02    0.1049613952636719E-02
   20    0.1132812500000000E-02    0.1193084716796875E-02
   21   -0.5097656250000000E-02    0.9081649780273437E-03
   22   -0.8593750000000000E-03    0.1093826293945313E-02
   23    0.4902343750000000E-02    0.1009254455566406E-02
   24   -0.9082031250000001E-02    0.1047401428222656E-02
   25   -0.1757812500000000E-02    0.1083908081054687E-02
   26    0.9765625000000000E-03    0.1123886108398438E-02
   27   -0.3710937500000000E-03    0.1137886047363281E-02
   28    0.9375000000000000E-03    0.1080093383789062E-02
   29   -0.1093750000000000E-02    0.1274414062500000E-02
   30   -0.4394531250000000E-02    0.7670974731445313E-03
   31   -0.1484375000000000E-02    0.8679199218750000E-03
   32   -0.7812500000000000E-03    0.9257507324218750E-03
   33    0.1621093750000000E-02    0.1144218444824219E-02
   34    0.3828125000000000E-02    0.1178665161132813E-02
   35    0.1347656250000000E-02    0.7538223266601563E-03
   36    0.2675781250000000E-02    0.8874893188476563E-03
   37    0.4707031250000000E-02    0.8755111694335937E-03
   38    0.1093750000000000E-02    0.9001922607421875E-03
   39   -0.4277343750000000E-02    0.1036643981933594E-02
   40   -0.1816406250000000E-02    0.9290695190429688E-03
   41   -0.2578125000000000E-02    0.1061325073242188E-02
   42    0.2148437500000000E-03    0.1194190979003906E-02
   43   -0.1757812500000000E-02    0.1211700439453125E-02
   44   -0.2382812500000000E-02    0.9937286376953125E-03
   45   -0.1953125000000000E-02    0.1226425170898438E-02
   46    0.2695312500000000E-02    0.8661651611328125E-03
   47   -0.1425781250000000E-02    0.1036033630371094E-02
   48   -0.1621093750000000E-02    0.1095466613769531E-02
   49   -0.5898437500000000E-02    0.1120376586914062E-02
   50   -0.2929687500000000E-02    0.8389282226562500E-03
   51   -0.3906250000000000E-02    0.1099472045898438E-02
   52    0.1582031250000000E-02    0.1083564758300781E-02
   53   -0.1640625000000000E-02    0.9821319580078124E-03
   54    0.2089843750000000E-02    0.7659530639648437E-03
   55   -0.1406250000000000E-02    0.9378051757812500E-03
   56   -0.1425781250000000E-02    0.9875869750976562E-03
   57    0.1152343750000000E-02    0.8536148071289063E-03
   58   -0.2343750000000000E-03    0.1284179687500000E-02
   59    0.3925781250000000E-02    0.1376457214355469E-02
   60   -0.4882812500000000E-03    0.1044502258300781E-02
   61   -0.1230468750000000E-02    0.9943008422851562E-03
   62    0.2304687500000000E-02    0.7773590087890625E-03
   63    0.1347656250000000E-02    0.9669876098632813E-03
   64    0.5859375000000000E-03    0.7300567626953125E-03
   65   -0.2167968750000000E-02    0.1194572448730469E-02
   66   -0.1054687500000000E-02    0.8937072753906250E-03
   67   -0.2343750000000000E-02    0.1011962890625000E-02
   68    0.1503906250000000E-02    0.1304893493652344E-02
   69    0.1699218750000000E-02    0.1000480651855469E-02
   70   -0.1855468750000000E-02    0.1055793762207031E-02
   71   -0.4003906250000000E-02    0.1099891662597656E-02
   72    0.3046875000000000E-02    0.1008758544921875E-02
   73    0.2109375000000000E-02    0.1342849731445312E-02
   74   -0.1992187500000000E-02    0.1023101806640625E-02
   75    0.2968750000000000E-02    0.9591674804687500E-03
   76    0.2617187500000000E-02    0.9709930419921875E-03
   77    0.3691406250000000E-02    0.8624649047851563E-03
   78   -0.2382812500000000E-02    0.1142044067382812E-02
   79   -0.1914062500000000E-02    0.8859252929687500E-03
   80   -0.8789062500000000E-03    0.7867813110351562E-03
   81    0.1816406250000000E-02    0.7723617553710937E-03
   82    0.2519531250000000E-02    0.8639144897460937E-03
   83    0.2792968750000000E-02    0.1091041564941406E-02
   84   -0.9765625000000000E-03    0.9959411621093749E-03
   85   -0.2207031250000000E-02    0.6891250610351563E-03
   86    0.9765625000000001E-04    0.9763717651367187E-03
   87    0.3183593750000000E-02    0.9727859497070312E-03
   88    0.5234375000000000E-02    0.1070175170898438E-02
   89    0.2597656250000000E-02    0.1118659973144531E-02
   90   -0.3632812500000000E-02    0.8263397216796875E-03
   91   -0.6679687500000000E-02    0.6702423095703125E-03
   92    0.1953125000000000E-02    0.9455871582031250E-03
   93    0.5039062500000000E-02    0.9140777587890625E-03
   94   -0.1757812500000000E-02    0.1083679199218750E-02
   95    0.1953125000000000E-03    0.7455444335937500E-03
   96    0.2636718750000000E-02    0.9590530395507812E-03
   97    0.5351562500000000E-02    0.1002120971679687E-02
   98    0.7226562500000000E-03    0.7551193237304687E-03
   99   -0.4277343750000000E-02    0.1285591125488281E-02
  100   -0.3046875000000000E-02    0.1060714721679688E-02
