# time =    0.4604
    0    0.1000000000000000E+01    0.1000000000000000E+01
    1    0.1836132812500000E+00    0.3454845428466797E-01
    2    0.3281250000000000E-01    0.2020721435546875E-02
    3    0.2812500000000000E-02    0.9210968017578125E-03
    4    0.4277343750000000E-02    0.1122474670410156E-02
    5    0.6738281250000000E-02    0.1212501525878906E-02
    6   -0.1015625000000000E-02    0.8296203613281250E-03
    7    0.2734375000000000E-03    0.9347534179687500E-03
    8    0.9570312500000000E-03    0.1071434020996094E-02
    9    0.8789062500000000E-03    0.9095382690429688E-03
   10   -0.2207031250000000E-02    0.1245918273925781E-02
   11   -0.4687500000000000E-03    0.1104125976562500E-02
   12    0.6035156250000000E-02    0.9701919555664063E-03
   13    0.1601562500000000E-02    0.9216308593750000E-03
   14    0.2382812500000000E-02    0.1037521362304688E-02
   15    0.1718750000000000E-02    0.1077575683593750E-02
   16   -0.1015625000000000E-02    0.8634948730468751E-03
   17   -0.5175781250000000E-02    0.1065330505371094E-02
   18   -0.1113281250000000E-02    0.9972763061523438E-03
   19   -0.2382812500000000E-02    0.8573913574218750E-03
   20    0.1113281250000000E-02    0.1108055114746094E-02
   21    0.1171875000000000E-02    0.1097335815429688E-02
   22   -0.8007812500000000E-03    0.1062736511230469E-02
   23    0.4042968750000000E-02    0.9526443481445312E-03
   24   -0.2148437500000000E-03    0.8759689331054687E-03
   25   -0.2148437500000000E-03    0.7580184936523438E-03
   26   -0.1660156250000000E-02    0.8249282836914062E-03
   27    0.2929687500000000E-03    0.1069297790527344E-02
   28   -0.2617187500000000E-02    0.8204650878906250E-03
   29   -0.5195312500000000E-02    0.1046676635742187E-02
   30   -0.4980468750000000E-02    0.1108665466308594E-02
   31   -0.2031250000000000E-02    0.9679412841796875E-03
   32    0.2812500000000000E-02    0.8766937255859375E-03
   33   -0.3515625000000000E-03    0.8580780029296875E-03
   34    0.2929687500000000E-03    0.1118049621582031E-02
   35   -0.1542968750000000E-02    0.1290321350097656E-02
   36    0.2324218750000000E-02    0.1542778015136719E-02
   37   -0.1191406250000000E-02    0.7854843139648437E-03
   38    0.3710937500000000E-03    0.9437179565429687E-03
   39    0.4687500000000000E-03    0.7855224609375000E-03
   40    0.1718750000000000E-02    0.9510803222656250E-03
   41    0.1914062500000000E-02    0.1011734008789063E-02
   42   -0.3945312500000000E-02    0.1053237915039063E-02
   43   -0.3144531250000000E-02    0.9385299682617188E-03
   44   -0.4296875000000000E-03    0.8138275146484375E-03
   45   -0.1367187500000000E-03    0.8387374877929688E-03
   46   -0.1035156250000000E-02    0.9621047973632813E-03
   47    0.2285156250000000E-02    0.1099205017089844E-02
   48    0.2734375000000000E-03    0.1359558105468750E-02
   49    0.1328125000000000E-02    0.9922027587890626E-03
   50   -0.4042968750000000E-02    0.9625625610351563E-03
   51   -0.3320312500000000E-03    0.8157730102539062E-03
   52    0.1738281250000000E-02    0.1173057556152344E-02
   53    0.7421875000000000E-03    0.8358764648437500E-03
   54   -0.1562500000000000E-02    0.9872436523437500E-03
   55    0.1894531250000000E-02    0.7899856567382813E-03
   56    0.5429687500000000E-02    0.7592010498046875E-03
   57   -0.9570312500000000E-03    0.1069450378417969E-02
   58   -0.2480468750000000E-02    0.9519577026367188E-03
   59   -0.2050781250000000E-02    0.9513473510742187E-03
   60   -0.3242187500000000E-02    0.1032409667968750E-02
   61   -0.7343750000000000E-02    0.1299667358398437E-02
   62   -0.2304687500000000E-02    0.1024093627929687E-02
   63   -0.8984375000000000E-03    0.8720397949218750E-03
   64   -0.5859375000000000E-03    0.8698272705078125E-03
   65    0.4121093750000000E-02    0.1140785217285156E-02
   66   -0.2441406250000000E-02    0.9943008422851562E-03
   67   -0.3125000000000000E-03    0.8863830566406251E-03
   68    0.4121093750000000E-02    0.1083259582519531E-02
   69    0.8593750000000000E-03    0.7740783691406250E-03
   70    0.3125000000000000E-03    0.9243774414062500E-03
   71   -0.3925781250000000E-02    0.8511734008789062E-03
   72    0.2519531250000000E-02    0.1159629821777344E-02
   73    0.2031250000000000E-02    0.7682800292968750E-03
   74    0.4101562500000000E-02    0.1036071777343750E-02
   75    0.6250000000000000E-03    0.7981109619140625E-03
   76    0.1835937500000000E-02    0.1069183349609375E-02
   77   -0.6250000000000000E-03    0.9683990478515626E-03
   78    0.1894531250000000E-02    0.8304214477539062E-03
   79   -0.2304687500000000E-02    0.9922790527343750E-03
   80   -0.1386718750000000E-02    0.9489822387695313E-03
   81    0.7812500000000000E-04    0.1191406250000000E-02
   82    0.2324218750000000E-02    0.8924484252929687E-03
   83    0.2988281250000000E-02    0.7369613647460937E-03
   84   -0.3710937500000000E-03    0.1056098937988281E-02
   85   -0.1757812500000000E-03    0.9211349487304687E-03
   86   -0.9179687499999999E-03    0.1017112731933594E-02
   87   -0.3906250000000000E-03    0.9102630615234375E-03
   88   -0.2636718750000000E-02    0.1020622253417969E-02
   89    0.3398437500000000E-02    0.1089477539062500E-02
   90    0.1992187500000000E-02    0.9619903564453125E-03
   91    0.5859375000000000E-04    0.1143226623535156E-02
   92   -0.1582031250000000E-02    0.9753036499023437E-03
   93   -0.2597656250000000E-02    0.9574508666992188E-03
   94    0.3398437500000000E-02    0.1267700195312500E-02
   95    0.3183593750000000E-02    0.8932113647460938E-03
   96    0.1093750000000000E-02    0.8854675292968750E-03
   97    0.2753906250000000E-02    0.9451675415039063E-03
   98    0.5468750000000001E-03    0.9582519531250000E-03
   99   -0.2792968750000000E-02    0.8533096313476562E-03
  100    0.3867187500000000E-02    0.9642028808593750E-03
