# time =    0.4542
    0    0.1000000000000000E+01    0.1000000000000000E+01
    1    0.1812109375000000E+00    0.3353507995605469E-01
    2    0.3527343750000000E-01    0.2052917480468750E-02
    3   -0.2148437500000000E-03    0.1032829284667969E-02
    4    0.9179687499999999E-03    0.9936904907226563E-03
    5    0.2988281250000000E-02    0.1126441955566406E-02
    6    0.9765625000000001E-04    0.1020088195800781E-02
    7   -0.5703125000000000E-02    0.1288146972656250E-02
    8    0.1972656250000000E-02    0.9594345092773437E-03
    9    0.4316406250000000E-02    0.1119117736816406E-02
   10    0.1250000000000000E-02    0.9151458740234375E-03
   11    0.1699218750000000E-02    0.1053428649902344E-02
   12   -0.1953125000000000E-03    0.1177749633789063E-02
   13    0.1074218750000000E-02    0.9747695922851563E-03
   14    0.1562500000000000E-03    0.1281433105468750E-02
   15   -0.6718750000000000E-02    0.1026611328125000E-02
   16   -0.1757812500000000E-02    0.1037521362304688E-02
   17   -0.2343750000000000E-03    0.1313934326171875E-02
   18   -0.2050781250000000E-02    0.1115989685058594E-02
   19    0.4882812500000000E-02    0.1186981201171875E-02
   20    0.4023437500000000E-02    0.9723663330078125E-03
   21    0.7031250000000000E-03    0.7808685302734375E-03
   22   -0.2031250000000000E-02    0.1056060791015625E-02
   23   -0.1386718750000000E-02    0.9218978881835937E-03
   24    0.1269531250000000E-02    0.1110496520996094E-02
   25   -0.2558593750000000E-02    0.1258201599121094E-02
   26   -0.1250000000000000E-02    0.8565521240234375E-03
   27    0.3652343750000000E-02    0.9141921997070313E-03
   28    0.8769531250000000E-02    0.1038627624511719E-02
   29    0.2167968750000000E-02    0.6146621704101562E-03
   30    0.6835937500000000E-02    0.9489440917968750E-03
   31    0.2734375000000000E-02    0.1067962646484375E-02
   32    0.9960937500000000E-03    0.1301689147949219E-02
   33    0.1562500000000000E-03    0.1096496582031250E-02
   34   -0.1562500000000000E-03    0.9334564208984375E-03
   35   -0.6132812500000000E-02    0.7712554931640625E-03
   36   -0.1953125000000000E-02    0.9256744384765625E-03
   37   -0.7421875000000000E-03    0.5708312988281249E-03
   38    0.3691406250000000E-02    0.1301231384277344E-02
   39    0.1582031250000000E-02    0.9139633178710938E-03
   40   -0.5859375000000000E-04    0.1033134460449219E-02
   41   -0.9570312500000000E-03    0.8502578735351562E-03
   42   -0.8417968749999999E-02    0.9670639038085937E-03
   43   -0.4882812500000000E-02    0.8409118652343750E-03
   44   -0.2578125000000000E-02    0.9130096435546875E-03
   45    0.1093750000000000E-02    0.6208801269531250E-03
   46    0.2304687500000000E-02    0.1037139892578125E-02
   47    0.1210937500000000E-02    0.9619903564453125E-03
   48    0.1660156250000000E-02    0.1071052551269531E-02
   49    0.3867187500000000E-02    0.8595275878906250E-03
   50   -0.7421875000000000E-03    0.9075927734375000E-03
   51    0.2304687500000000E-02    0.7789611816406250E-03
   52    0.1367187500000000E-03    0.7384109497070312E-03
   53    0.1953125000000000E-02    0.8474731445312500E-03
   54    0.5468750000000000E-02    0.6906127929687500E-03
   55    0.5859375000000000E-03    0.1354370117187500E-02
   56   -0.5195312500000000E-02    0.9397125244140625E-03
   57   -0.1523437500000000E-02    0.9287261962890625E-03
   58   -0.8398437500000000E-03    0.1062583923339844E-02
   59   -0.1503906250000000E-02    0.1044197082519531E-02
   60   -0.1757812500000000E-03    0.9106063842773438E-03
   61    0.2109375000000000E-02    0.9568023681640625E-03
   62    0.3945312500000000E-02    0.1172637939453125E-02
   63    0.2246093750000000E-02    0.8449172973632813E-03
   64   -0.5566406250000000E-02    0.9326553344726563E-03
   65   -0.4238281250000000E-02    0.8964920043945312E-03
   66   -0.1093750000000000E-02    0.8921051025390626E-03
   67    0.1054687500000000E-02    0.9284210205078125E-03
   68   -0.1269531250000000E-02    0.8554458618164062E-03
   69    0.2539062500000000E-03    0.8727645874023437E-03
   70   -0.1347656250000000E-02    0.8321762084960938E-03
   71   -0.1562500000000000E-02    0.7790374755859375E-03
   72   -0.1132812500000000E-02    0.1164245605468750E-02
   73    0.2734375000000000E-03    0.1216354370117188E-02
   74    0.7031250000000000E-03    0.1064605712890625E-02
   75    0.3320312500000000E-02    0.1091690063476563E-02
   76   -0.8574218749999999E-02    0.1382789611816406E-02
   77   -0.3593750000000000E-02    0.8358001708984375E-03
   78   -0.4843750000000000E-02    0.8679962158203125E-03
   79    0.2363281250000000E-02    0.1032371520996094E-02
   80    0.3886718750000000E-02    0.9688949584960938E-03
   81    0.7812500000000000E-04    0.9310150146484375E-03
   82   -0.9570312500000000E-03    0.8892440795898438E-03
   83    0.4531250000000000E-02    0.1033782958984375E-02
   84    0.2089843750000000E-02    0.1036491394042969E-02
   85   -0.2988281250000000E-02    0.7754135131835938E-03
   86   -0.1250000000000000E-02    0.1053161621093750E-02
   87    0.1035156250000000E-02    0.1374549865722656E-02
   88    0.2148437500000000E-02    0.8318328857421875E-03
   89    0.9765625000000001E-04    0.7235336303710937E-03
   90   -0.2500000000000000E-02    0.1043395996093750E-02
   91    0.5468750000000001E-03    0.5991363525390625E-03
   92   -0.6035156250000000E-02    0.9814834594726563E-03
   93   -0.5703125000000000E-02    0.1357879638671875E-02
   94   -0.4335937500000000E-02    0.1139831542968750E-02
   95   -0.3496093750000000E-02    0.1011619567871094E-02
   96   -0.2519531250000000E-02    0.1120796203613281E-02
   97    0.3632812500000000E-02    0.1106643676757813E-02
   98   -0.1015625000000000E-02    0.1203994750976563E-02
   99    0.6035156250000000E-02    0.8871078491210938E-03
  100    0.1035156250000000E-02    0.7703018188476563E-03
