# time =    0.4571
    0    0.1000000000000000E+01    0.1000000000000000E+01
    1    0.1733984375000000E+00    0.3100135803222656E-01
    2    0.3486328125000000E-01    0.2263755798339844E-02
    3    0.1332031250000000E-01    0.1392745971679688E-02
    4   -0.7773437500000000E-02    0.1039810180664062E-02
    5   -0.2343750000000000E-02    0.8715820312500000E-03
    6   -0.9570312500000000E-03    0.1116523742675781E-02
    7    0.1347656250000000E-02    0.8662033081054687E-03
    8    0.2402343750000000E-02    0.1190147399902344E-02
    9    0.1855468750000000E-02    0.1050071716308594E-02
   10   -0.9960937500000000E-03    0.7024002075195312E-03
   11   -0.7031250000000000E-03    0.1117019653320312E-02
   12    0.1015625000000000E-02    0.7312774658203125E-03
   13   -0.2207031250000000E-02    0.7967758178710938E-03
   14   -0.4531250000000000E-02    0.1231918334960937E-02
   15    0.6640625000000000E-03    0.1053390502929687E-02
   16    0.2968750000000000E-02    0.9766387939453124E-03
   17    0.4687500000000000E-03    0.1057891845703125E-02
   18   -0.2031250000000000E-02    0.1077804565429688E-02
   19    0.7792968750000000E-02    0.1117439270019531E-02
   20    0.4238281250000000E-02    0.6846237182617187E-03
   21    0.5078125000000000E-03    0.1290740966796875E-02
   22    0.1269531250000000E-02    0.1030769348144531E-02
   23    0.4570312500000000E-02    0.7937622070312500E-03
   24   -0.1367187500000000E-03    0.9755325317382812E-03
   25   -0.2285156250000000E-02    0.1088752746582031E-02
   26    0.3710937500000000E-03    0.8953475952148438E-03
   27   -0.1562500000000000E-03    0.1161575317382812E-02
   28    0.3046875000000000E-02    0.1116256713867188E-02
   29    0.8593750000000000E-03    0.1177520751953125E-02
   30   -0.1289062500000000E-02    0.1037521362304688E-02
   31   -0.4707031250000000E-02    0.1060600280761719E-02
   32    0.4472656250000000E-02    0.8971023559570312E-03
   33    0.6269531250000000E-02    0.1180839538574219E-02
   34   -0.1621093750000000E-02    0.1187019348144531E-02
   35   -0.2890625000000000E-02    0.1106719970703125E-02
   36    0.4863281250000000E-02    0.9550094604492187E-03
   37    0.4882812500000000E-03    0.1097145080566406E-02
   38   -0.1445312500000000E-02    0.1200485229492187E-02
   39    0.1289062500000000E-02    0.1033477783203125E-02
   40    0.2890625000000000E-02    0.1038055419921875E-02
   41    0.7812500000000000E-04    0.1173095703125000E-02
   42    0.4648437500000000E-02    0.7220458984375000E-03
   43   -0.2578125000000000E-02    0.8363342285156250E-03
   44   -0.3515625000000000E-03    0.9297180175781250E-03
   45    0.3496093750000000E-02    0.8678054809570313E-03
   46   -0.2558593750000000E-02    0.9908676147460938E-03
   47   -0.6445312500000000E-03    0.9378433227539062E-03
   48   -0.1113281250000000E-02    0.9982681274414062E-03
   49   -0.1972656250000000E-02    0.9469985961914062E-03
   50    0.9765625000000001E-04    0.8041000366210937E-03
   51    0.1757812500000000E-03    0.7573318481445313E-03
   52    0.3105468750000000E-02    0.9306716918945312E-03
   53    0.4902343750000000E-02    0.9534072875976563E-03
   54   -0.5859375000000000E-04    0.1032981872558594E-02
   55    0.2070312500000000E-02    0.9383392333984375E-03
   56    0.3476562500000000E-02    0.1145858764648437E-02
   57   -0.5253906250000000E-02    0.1107063293457031E-02
   58    0.1484375000000000E-02    0.9609985351562500E-03
   59    0.5312500000000000E-02    0.1132888793945313E-02
   60   -0.2519531250000000E-02    0.8801651000976562E-03
   61    0.2402343750000000E-02    0.9960556030273438E-03
   62   -0.8007812500000000E-03    0.9656906127929688E-03
   63    0.1621093750000000E-02    0.9260177612304688E-03
   64   -0.2460937500000000E-02    0.7938385009765625E-03
   65   -0.2402343750000000E-02    0.9484481811523437E-03
   66    0.1406250000000000E-02    0.9854125976562500E-03
   67   -0.9179687499999999E-03    0.1106605529785156E-02
   68    0.2871093750000000E-02    0.1184730529785156E-02
   69    0.4550781250000000E-02    0.1083717346191406E-02
   70    0.2226562500000000E-02    0.7786560058593750E-03
   71    0.5468750000000001E-03    0.1205825805664063E-02
   72   -0.8789062500000000E-03    0.8781814575195313E-03
   73   -0.3398437500000000E-02    0.1200561523437500E-02
   74   -0.1738281250000000E-02    0.9930801391601562E-03
   75   -0.4765625000000000E-02    0.1107940673828125E-02
   76    0.3867187500000000E-02    0.9004211425781250E-03
   77   -0.3984375000000000E-02    0.8853912353515625E-03
   78   -0.7265625000000000E-02    0.1038589477539062E-02
   79    0.2167968750000000E-02    0.1000251770019531E-02
   80    0.1738281250000000E-02    0.9038162231445313E-03
   81    0.3613281250000000E-02    0.9903335571289063E-03
   82    0.1250000000000000E-02    0.9848785400390625E-03
   83    0.3437500000000000E-02    0.9209442138671875E-03
   84    0.9179687499999999E-03    0.6724929809570312E-03
   85    0.2910156250000000E-02    0.7548904418945312E-03
   86    0.3515625000000000E-03    0.9371185302734375E-03
   87    0.7753906250000000E-02    0.8747482299804688E-03
   88   -0.2246093750000000E-02    0.9212875366210937E-03
   89    0.4160156250000000E-02    0.7075881958007813E-03
   90   -0.3847656250000000E-02    0.1098060607910156E-02
   91    0.8593750000000000E-03    0.1157302856445312E-02
   92   -0.9765625000000000E-03    0.7947540283203125E-03
   93   -0.6445312500000000E-03    0.8760452270507813E-03
   94   -0.1328125000000000E-02    0.9290313720703125E-03
   95   -0.8593750000000000E-03    0.7524108886718750E-03
   96   -0.5429687500000000E-02    0.1025314331054687E-02
   97   -0.9179687499999999E-03    0.1286354064941406E-02
   98    0.4609375000000000E-02    0.1017761230468750E-02
   99    0.4492187500000000E-03    0.9405899047851562E-03
  100    0.2421875000000000E-02    0.1061935424804687E-02
