# time =    0.4805
    0    0.1000000000000000E+01    0.1000000000000000E+01
    1    0.1928320312500000E+00    0.3814716339111328E-01
    2    0.3708984375000000E-01    0.2258186340332031E-02
    3    0.1019531250000000E-01    0.9996032714843751E-03
    4   -0.4804687500000000E-02    0.8710479736328125E-03
    5   -0.2812500000000000E-02    0.1148834228515625E-02
    6   -0.2011718750000000E-02    0.9196090698242187E-03
    7    0.1171875000000000E-03    0.1154403686523438E-02
    8   -0.4101562500000000E-03    0.1020240783691406E-02
    9   -0.1992187500000000E-02    0.9381103515625000E-03
   10    0.2773437500000000E-02    0.1133422851562500E-02
   11    0.2753906250000000E-02    0.1032371520996094E-02
   12    0.8789062500000000E-03    0.7197189331054687E-03
   13    0.1523437500000000E-02    0.1203460693359375E-02
   14    0.2050781250000000E-02    0.1178550720214844E-02
   15    0.3125000000000000E-03    0.1165618896484375E-02
   16   -0.1406250000000000E-02    0.1042175292968750E-02
   17    0.1367187500000000E-02    0.9684753417968750E-03
   18   -0.3125000000000000E-02    0.8608245849609375E-03
   19   -0.1074218750000000E-02    0.8758163452148438E-03
   20   -0.3164062500000000E-02    0.9665679931640625E-03
   21    0.9765625000000000E-03    0.1037445068359375E-02
   22   -0.2324218750000000E-02    0.8102035522460937E-03
   23    0.6601562500000000E-02    0.9564208984375000E-03
   24    0.5468750000000000E-02    0.9504699707031250E-03
   25    0.1347656250000000E-02    0.1015129089355469E-02
   26   -0.3906250000000000E-03    0.9265136718750000E-03
   27    0.7031250000000000E-03    0.9601593017578125E-03
   28    0.3007812500000000E-02    0.9746551513671875E-03
   29   -0.6640625000000000E-03    0.1323471069335937E-02
   30    0.7324218750000000E-02    0.1030082702636719E-02
   31    0.2578125000000000E-02    0.8737182617187500E-03
   32    0.3613281250000000E-02    0.1079521179199219E-02
   33   -0.1933593750000000E-02    0.7374191284179688E-03
   34   -0.3730468750000000E-02    0.1067543029785156E-02
   35    0.2246093750000000E-02    0.7690811157226563E-03
   36   -0.4921875000000000E-02    0.8256530761718750E-03
   37    0.1445312500000000E-02    0.1072540283203125E-02
   38    0.1171875000000000E-03    0.1092529296875000E-02
   39   -0.5312500000000000E-02    0.9774780273437500E-03
   40   -0.6445312500000000E-02    0.9189605712890625E-03
   41   -0.3046875000000000E-02    0.1121444702148438E-02
   42    0.2402343750000000E-02    0.9994125366210938E-03
   43    0.5859375000000000E-04    0.8194351196289063E-03
   44   -0.1542968750000000E-02    0.8611679077148438E-03
   45   -0.6796875000000000E-02    0.9893035888671874E-03
   46    0.3027343750000000E-02    0.1102409362792969E-02
   47   -0.3906250000000000E-03    0.8013153076171875E-03
   48   -0.7812500000000000E-03    0.7976531982421875E-03
   49   -0.2910156250000000E-02    0.1116065979003906E-02
   50   -0.4296875000000000E-03    0.1015014648437500E-02
   51    0.1132812500000000E-02    0.9311676025390625E-03
   52   -0.7617187500000000E-03    0.1109275817871094E-02
   53   -0.4589843750000000E-02    0.8675003051757812E-03
   54    0.4589843750000000E-02    0.8615493774414062E-03
   55   -0.1562500000000000E-03    0.9324645996093750E-03
   56   -0.2539062500000000E-02    0.1167602539062500E-02
   57    0.2343750000000000E-03    0.8458709716796875E-03
   58   -0.2441406250000000E-02    0.9003829956054688E-03
   59    0.6445312500000000E-03    0.7779312133789063E-03
   60    0.2968750000000000E-02    0.1132583618164062E-02
   61   -0.7421875000000000E-03    0.1064300537109375E-02
   62    0.7421875000000000E-03    0.1084671020507812E-02
   63   -0.3554687500000000E-02    0.7618713378906250E-03
   64    0.1953125000000000E-04    0.1111106872558594E-02
   65   -0.7031250000000000E-03    0.7370758056640625E-03
   66   -0.1875000000000000E-02    0.9662628173828125E-03
   67   -0.1406250000000000E-02    0.7983398437500000E-03
   68    0.4199218750000000E-02    0.9486007690429687E-03
   69   -0.1953125000000000E-04    0.7870864868164063E-03
   70    0.1367187500000000E-03    0.7088088989257813E-03
   71    0.3906250000000000E-03    0.1064910888671875E-02
   72   -0.4433593750000000E-02    0.1072959899902344E-02
   73   -0.2363281250000000E-02    0.1100654602050781E-02
   74    0.5273437500000000E-03    0.9440994262695313E-03
   75   -0.1367187500000000E-03    0.1032066345214844E-02
   76   -0.2070312500000000E-02    0.9580993652343750E-03
   77   -0.4492187500000000E-03    0.1286582946777344E-02
   78   -0.3710937500000000E-02    0.9355163574218750E-03
   79   -0.2460937500000000E-02    0.9967041015624999E-03
   80   -0.1992187500000000E-02    0.9832000732421875E-03
   81    0.6054687500000000E-03    0.8366012573242188E-03
   82   -0.1699218750000000E-02    0.8663558959960938E-03
   83   -0.3144531250000000E-02    0.8880996704101563E-03
   84   -0.5859375000000000E-04    0.8772659301757812E-03
   85    0.2148437500000000E-03    0.9495162963867187E-03
   86   -0.2910156250000000E-02    0.9656143188476562E-03
   87   -0.2343750000000000E-03    0.8731842041015625E-03
   88   -0.3691406250000000E-02    0.1174659729003906E-02
   89   -0.1992187500000000E-02    0.9669494628906250E-03
   90   -0.2792968750000000E-02    0.9949874877929687E-03
   91   -0.1093750000000000E-02    0.1080932617187500E-02
   92    0.3496093750000000E-02    0.6829452514648438E-03
   93    0.2343750000000000E-03    0.1014862060546875E-02
   94    0.1718750000000000E-02    0.9019470214843750E-03
   95    0.2343750000000000E-03    0.9190368652343750E-03
   96    0.1210937500000000E-02    0.9551239013671875E-03
   97    0.2832031250000000E-02    0.1129798889160156E-02
   98   -0.1875000000000000E-02    0.1034393310546875E-02
   99    0.1250000000000000E-02    0.1058959960937500E-02
  100    0.6621093750000000E-02    0.8904647827148438E-03
