# time =    0.4666
    0    0.1000000000000000E+01    0.1000000000000000E+01
    1    0.2051562500000000E+00    0.4302001953125000E-01
    2    0.4662109375000000E-01    0.3134574890136719E-02
    3    0.1115234375000000E-01    0.1050071716308594E-02
    4    0.1875000000000000E-02    0.9202575683593750E-03
    5    0.4082031250000000E-02    0.8520889282226563E-03
    6   -0.1953125000000000E-03    0.1060180664062500E-02
    7   -0.8984375000000000E-03    0.1147613525390625E-02
    8    0.1562500000000000E-02    0.7913970947265625E-03
    9    0.3261718750000000E-02    0.7044601440429687E-03
   10    0.1230468750000000E-02    0.1048774719238281E-02
   11    0.1816406250000000E-02    0.9408950805664063E-03
   12   -0.4550781250000000E-02    0.8528518676757812E-03
   13    0.1425781250000000E-02    0.9727096557617188E-03
   14   -0.1542968750000000E-02    0.1270027160644531E-02
   15   -0.1894531250000000E-02    0.1052207946777344E-02
   16    0.7812500000000000E-03    0.1189041137695312E-02
   17    0.2539062500000000E-03    0.9695053100585938E-03
   18    0.3632812500000000E-02    0.8721923828124999E-03
   19    0.2207031250000000E-02    0.1119422912597656E-02
   20   -0.8593750000000000E-03    0.1336822509765625E-02
   21   -0.2714843750000000E-02    0.8324050903320313E-03
   22    0.1875000000000000E-02    0.1070861816406250E-02
   23    0.3300781250000000E-02    0.9279251098632812E-03
   24    0.2460937500000000E-02    0.8087158203125000E-03
   25   -0.2304687500000000E-02    0.1046066284179688E-02
   26    0.2148437500000000E-03    0.1163825988769531E-02
   27   -0.3906250000000000E-04    0.1027755737304688E-02
   28   -0.1289062500000000E-02    0.9690856933593750E-03
   29   -0.6152343750000000E-02    0.8356857299804687E-03
   30    0.2148437500000000E-03    0.8855819702148438E-03
   31    0.2187500000000000E-02    0.9207916259765625E-03
   32    0.3183593750000000E-02    0.8704757690429687E-03
   33   -0.1503906250000000E-02    0.1019172668457031E-02
   34    0.4726562500000000E-02    0.1388092041015625E-02
   35    0.1972656250000000E-02    0.1055107116699219E-02
   36    0.1718750000000000E-02    0.8528137207031250E-03
   37   -0.4062500000000000E-02    0.9284210205078125E-03
   38   -0.2382812500000000E-02    0.1037979125976563E-02
   39   -0.5097656250000000E-02    0.8547592163085937E-03
   40   -0.1562500000000000E-02    0.9899139404296875E-03
   41   -0.3925781250000000E-02    0.9585952758789062E-03
   42   -0.3242187500000000E-02    0.9390258789062500E-03
   43   -0.1660156250000000E-02    0.1017341613769531E-02
   44   -0.1386718750000000E-02    0.8619308471679687E-03
   45   -0.2324218750000000E-02    0.9960556030273438E-03
   46    0.6289062500000000E-02    0.8538055419921875E-03
   47    0.3417968750000000E-02    0.9762191772460937E-03
   48    0.4687500000000000E-03    0.1080245971679688E-02
   49   -0.3691406250000000E-02    0.9579849243164062E-03
   50   -0.5078125000000000E-02    0.1088027954101563E-02
   51   -0.3437500000000000E-02    0.9144592285156250E-03
   52    0.2832031250000000E-02    0.9306716918945312E-03
   53    0.7812500000000000E-03    0.8244323730468750E-03
   54   -0.3691406250000000E-02    0.1080665588378906E-02
   55    0.3437500000000000E-02    0.8629608154296875E-03
   56    0.1445312500000000E-02    0.9794616699218750E-03
   57    0.1777343750000000E-02    0.1021766662597656E-02
   58    0.2519531250000000E-02    0.1011009216308594E-02
   59    0.2324218750000000E-02    0.8070755004882812E-03
   60    0.1953125000000000E-04    0.7971572875976562E-03
   61    0.5097656250000000E-02    0.7966995239257812E-03
   62    0.1777343750000000E-02    0.1177406311035156E-02
   63   -0.3046875000000000E-02    0.7586669921875000E-03
   64   -0.3085937500000000E-02    0.8696746826171875E-03
   65   -0.1777343750000000E-02    0.7399368286132812E-03
   66   -0.5859375000000000E-04    0.8980178833007812E-03
   67    0.3671875000000000E-02    0.1040649414062500E-02
   68    0.6445312500000000E-03    0.1193275451660156E-02
   69   -0.3222656250000000E-02    0.1117134094238281E-02
   70    0.2031250000000000E-02    0.1088790893554688E-02
   71    0.7226562500000000E-03    0.1223106384277344E-02
   72    0.1953125000000000E-02    0.9217071533203125E-03
   73   -0.2636718750000000E-02    0.1009788513183594E-02
   74    0.1015625000000000E-02    0.1133651733398438E-02
   75   -0.6367187500000000E-02    0.8631134033203125E-03
   76   -0.5937500000000000E-02    0.1101989746093750E-02
   77   -0.4648437500000000E-02    0.1085052490234375E-02
   78    0.9570312500000000E-03    0.1019935607910156E-02
   79    0.1601562500000000E-02    0.1088104248046875E-02
   80    0.2890625000000000E-02    0.1020126342773438E-02
   81   -0.8984375000000000E-03    0.9201049804687500E-03
   82    0.5410156250000000E-02    0.9172439575195312E-03
   83   -0.2285156250000000E-02    0.9540176391601563E-03
   84   -0.3417968750000000E-02    0.9943771362304688E-03
   85   -0.5859375000000000E-03    0.9150695800781250E-03
   86   -0.3007812500000000E-02    0.1044616699218750E-02
   87   -0.1015625000000000E-02    0.8085632324218750E-03
   88    0.1171875000000000E-02    0.1049728393554688E-02
   89   -0.9765625000000000E-03    0.7810974121093750E-03
   90    0.1796875000000000E-02    0.1003265380859375E-02
   91   -0.9765625000000001E-04    0.9679794311523438E-03
   92   -0.5156250000000000E-02    0.9407043457031250E-03
   93   -0.5078125000000000E-03    0.8465576171875000E-03
   94    0.5917968750000000E-02    0.1022453308105469E-02
   95    0.1132812500000000E-02    0.7904052734375000E-03
   96    0.1621093750000000E-02    0.8546829223632813E-03
   97    0.4882812500000000E-03    0.7260513305664063E-03
   98    0.1425781250000000E-02    0.7247543334960938E-03
   99   -0.4062500000000000E-02    0.9342956542968750E-03
  100    0.4804687500000000E-02    0.8623504638671875E-03
