# time =    0.4715
    0    0.1000000000000000E+01    0.1000000000000000E+01
    1    0.2260156250000000E+00    0.5181175231933594E-01
    2    0.5839843750000000E-01    0.4352874755859375E-02
    3    0.1863281250000000E-01    0.1369857788085938E-02
    4    0.9238281250000001E-02    0.1149940490722656E-02
    5    0.3906250000000000E-03    0.1019668579101563E-02
    6   -0.2539062500000000E-03    0.1078147888183594E-02
    7    0.6054687500000000E-03    0.8434677124023438E-03
    8   -0.5351562500000000E-02    0.9585571289062500E-03
    9   -0.1445312500000000E-02    0.8238983154296875E-03
   10    0.5859375000000000E-04    0.1016731262207031E-02
   11    0.3242187500000000E-02    0.1168136596679688E-02
   12   -0.3398437500000000E-02    0.1156463623046875E-02
   13   -0.2148437500000000E-03    0.9885787963867187E-03
   14    0.1015625000000000E-02    0.7450103759765625E-03
   15   -0.3593750000000000E-02    0.7596588134765624E-03
   16    0.1250000000000000E-02    0.9259033203125000E-03
   17    0.7812500000000000E-04    0.7071685791015625E-03
   18   -0.4394531250000000E-02    0.9196090698242187E-03
   19   -0.3652343750000000E-02    0.8188247680664063E-03
   20    0.0000000000000000E+00    0.1023254394531250E-02
   21   -0.2187500000000000E-02    0.1179504394531250E-02
   22   -0.1445312500000000E-02    0.1050949096679688E-02
   23   -0.2343750000000000E-03    0.1246261596679687E-02
   24   -0.5019531250000000E-02    0.1119880676269531E-02
   25    0.3984375000000000E-02    0.1154327392578125E-02
   26   -0.3906250000000000E-04    0.9367370605468750E-03
   27    0.2753906250000000E-02    0.1163825988769531E-02
   28    0.5097656250000000E-02    0.8964920043945312E-03
   29    0.5468750000000001E-03    0.8694458007812500E-03
   30   -0.1855468750000000E-02    0.9825515747070312E-03
   31   -0.6250000000000000E-03    0.1075744628906250E-02
   32    0.5449218750000000E-02    0.1181373596191406E-02
   33    0.2128906250000000E-02    0.8668136596679687E-03
   34   -0.3808593750000000E-02    0.1063194274902344E-02
   35   -0.2343750000000000E-03    0.7466125488281250E-03
   36   -0.1035156250000000E-02    0.1134681701660156E-02
   37   -0.2148437500000000E-03    0.1154594421386719E-02
   38    0.1171875000000000E-02    0.1102142333984375E-02
   39   -0.2285156250000000E-02    0.9807205200195312E-03
   40   -0.2753906250000000E-02    0.1130561828613281E-02
   41   -0.1035156250000000E-02    0.9195327758789063E-03
   42    0.1015625000000000E-02    0.9893798828125001E-03
   43   -0.5078125000000000E-03    0.1133499145507812E-02
   44   -0.6445312500000000E-03    0.1024436950683594E-02
   45   -0.1738281250000000E-02    0.9410476684570312E-03
   46    0.2089843750000000E-02    0.8462905883789062E-03
   47    0.2031250000000000E-02    0.1218490600585938E-02
   48    0.2539062500000000E-03    0.9193801879882812E-03
   49   -0.1367187500000000E-03    0.9415054321289063E-03
   50   -0.6640625000000000E-03    0.9916687011718749E-03
   51    0.3906250000000000E-02    0.1059036254882813E-02
   52    0.5332031250000000E-02    0.1136283874511719E-02
   53    0.9765625000000001E-04    0.9530258178710938E-03
   54    0.3105468750000000E-02    0.1050682067871094E-02
   55    0.1425781250000000E-02    0.8954238891601562E-03
   56    0.2187500000000000E-02    0.1021728515625000E-02
   57    0.3417968750000000E-02    0.1246757507324219E-02
   58   -0.4882812500000000E-03    0.1043357849121094E-02
   59   -0.5078125000000000E-03    0.8350372314453125E-03
   60   -0.2539062500000000E-02    0.9180450439453125E-03
   61   -0.3496093750000000E-02    0.8658981323242188E-03
   62   -0.1367187500000000E-03    0.9172439575195312E-03
   63   -0.5468750000000000E-02    0.8202362060546875E-03
   64   -0.3066406250000000E-02    0.8750534057617187E-03
   65   -0.1835937500000000E-02    0.1161041259765625E-02
   66    0.4492187500000000E-03    0.1007652282714844E-02
   67   -0.8203125000000000E-03    0.1000595092773438E-02
   68   -0.1503906250000000E-02    0.8468246459960938E-03
   69    0.5312500000000000E-02    0.1027755737304688E-02
   70    0.4726562500000000E-02    0.9205627441406250E-03
   71    0.8984375000000000E-03    0.9568786621093750E-03
   72   -0.1582031250000000E-02    0.9952926635742188E-03
   73   -0.2695312500000000E-02    0.8792114257812500E-03
   74   -0.2734375000000000E-02    0.1026992797851563E-02
   75   -0.2246093750000000E-02    0.8858108520507813E-03
   76    0.5664062500000000E-03    0.1102485656738281E-02
   77    0.2226562500000000E-02    0.8522796630859375E-03
   78    0.1621093750000000E-02    0.1237678527832031E-02
   79    0.2500000000000000E-02    0.1066055297851562E-02
   80   -0.2285156250000000E-02    0.9049606323242187E-03
   81   -0.4531250000000000E-02    0.1010894775390625E-02
   82    0.4687500000000000E-03    0.7747650146484375E-03
   83    0.4824218750000000E-02    0.9169387817382813E-03
   84    0.4511718750000000E-02    0.7954788208007813E-03
   85    0.4687500000000000E-03    0.8129882812500000E-03
   86   -0.2656250000000000E-02    0.9754180908203125E-03
   87   -0.2382812500000000E-02    0.7839202880859375E-03
   88   -0.4550781250000000E-02    0.8579635620117187E-03
   89    0.6445312500000000E-03    0.1191444396972656E-02
   90   -0.1953125000000000E-02    0.1105651855468750E-02
   91   -0.5253906250000000E-02    0.9775161743164062E-03
   92    0.3320312500000000E-02    0.1152725219726563E-02
   93   -0.3710937500000000E-03    0.1030387878417969E-02
   94   -0.1621093750000000E-02    0.1000175476074219E-02
   95   -0.3710937500000000E-03    0.9666824340820312E-03
   96   -0.1093750000000000E-02    0.1360168457031250E-02
   97   -0.2753906250000000E-02    0.9403610229492187E-03
   98   -0.1972656250000000E-02    0.8530044555664063E-03
   99   -0.2460937500000000E-02    0.9180450439453125E-03
  100   -0.3652343750000000E-02    0.1014366149902344E-02
