# time =    0.4629
    0    0.1000000000000000E+01    0.1000000000000000E+01
    1    0.1979101562500000E+00    0.4005138397216797E-01
    2    0.4732421875000000E-01    0.3092994689941406E-02
    3    0.1259765625000000E-01    0.1172142028808594E-02
    4    0.3320312500000000E-02    0.8381652832031250E-03
    5    0.1484375000000000E-02    0.8782958984375000E-03
    6   -0.6933593750000000E-02    0.1103019714355469E-02
    7   -0.3027343750000000E-02    0.1006507873535156E-02
    8    0.1093750000000000E-02    0.6980133056640625E-03
    9   -0.7597656250000000E-02    0.1126594543457031E-02
   10   -0.3574218750000000E-02    0.9703445434570313E-03
   11   -0.7226562500000000E-03    0.1022300720214844E-02
   12    0.6054687500000000E-03    0.7835006713867187E-03
   13    0.4824218750000000E-02    0.7820510864257812E-03
   14    0.5527343750000000E-02    0.7836532592773438E-03
   15   -0.1054687500000000E-02    0.8544158935546875E-03
   16    0.4160156250000000E-02    0.9312057495117188E-03
   17    0.1757812500000000E-02    0.9786987304687500E-03
   18    0.9375000000000000E-03    0.9380340576171875E-03
   19    0.1582031250000000E-02    0.1167182922363281E-02
   20   -0.1718750000000000E-02    0.1018066406250000E-02
   21   -0.6074218750000000E-02    0.1015892028808594E-02
   22   -0.5527343750000000E-02    0.9819412231445313E-03
   23    0.2304687500000000E-02    0.1116409301757813E-02
   24    0.2343750000000000E-03    0.9810638427734375E-03
   25   -0.1835937500000000E-02    0.9861755371093749E-03
   26   -0.3535156250000000E-02    0.8223342895507812E-03
   27   -0.5664062500000000E-02    0.1165161132812500E-02
   28   -0.5058593750000000E-02    0.9562301635742187E-03
   29    0.8203125000000000E-03    0.1030197143554688E-02
   30    0.1230468750000000E-02    0.1017112731933594E-02
   31   -0.3417968750000000E-02    0.6705093383789063E-03
   32    0.4687500000000000E-03    0.1266632080078125E-02
   33    0.4882812500000000E-02    0.9721374511718750E-03
   34    0.4570312500000000E-02    0.9185028076171875E-03
   35   -0.3710937500000000E-03    0.1078071594238281E-02
   36   -0.2382812500000000E-02    0.8946990966796875E-03
   37   -0.3710937500000000E-03    0.9328842163085938E-03
   38    0.1718750000000000E-02    0.8113098144531250E-03
   39    0.1152343750000000E-02    0.8810043334960937E-03
   40    0.2148437500000000E-02    0.7934570312500000E-03
   41    0.2363281250000000E-02    0.9832382202148438E-03
   42   -0.3476562500000000E-02    0.1127929687500000E-02
   43   -0.1367187500000000E-02    0.9064483642578125E-03
   44   -0.1386718750000000E-02    0.1005210876464844E-02
   45   -0.5996093750000000E-02    0.8172988891601562E-03
   46    0.2128906250000000E-02    0.7204818725585938E-03
   47    0.1523437500000000E-02    0.1102218627929687E-02
   48    0.1914062500000000E-02    0.1046600341796875E-02
   49    0.2695312500000000E-02    0.1000518798828125E-02
   50   -0.4726562500000000E-02    0.9307861328125000E-03
   51   -0.3632812500000000E-02    0.7209777832031250E-03
   52    0.5859375000000000E-03    0.8203887939453125E-03
   53    0.5000000000000000E-02    0.1034393310546875E-02
   54    0.5664062500000000E-03    0.8639144897460937E-03
   55   -0.1894531250000000E-02    0.8233261108398438E-03
   56    0.4140625000000000E-02    0.8599853515625000E-03
   57   -0.4355468750000000E-02    0.8867263793945312E-03
   58   -0.1328125000000000E-02    0.9737396240234375E-03
   59   -0.2929687500000000E-02    0.1224670410156250E-02
   60    0.1367187500000000E-02    0.8942413330078125E-03
   61    0.2480468750000000E-02    0.1109123229980469E-02
   62    0.3066406250000000E-02    0.1104011535644531E-02
   63   -0.6328125000000000E-02    0.1027145385742187E-02
   64   -0.1367187500000000E-03    0.7972335815429688E-03
   65   -0.1250000000000000E-02    0.1049041748046875E-02
   66    0.1054687500000000E-02    0.1035003662109375E-02
   67    0.2753906250000000E-02    0.9472274780273438E-03
   68    0.8203125000000000E-03    0.1275863647460937E-02
   69   -0.5078125000000000E-03    0.8821105957031250E-03
   70    0.3320312500000000E-03    0.1017646789550781E-02
   71   -0.4687500000000000E-02    0.7106018066406250E-03
   72    0.5585937500000000E-02    0.1086654663085938E-02
   73    0.2539062500000000E-03    0.9507369995117187E-03
   74    0.5722656250000000E-02    0.1084480285644531E-02
   75    0.2207031250000000E-02    0.1035346984863281E-02
   76    0.4609375000000000E-02    0.7392120361328125E-03
   77   -0.3320312500000000E-03    0.9157943725585937E-03
   78   -0.3964843750000000E-02    0.1320381164550781E-02
   79    0.2968750000000000E-02    0.1243972778320313E-02
   80    0.3710937500000000E-03    0.1107597351074219E-02
   81    0.1230468750000000E-02    0.8890914916992187E-03
   82    0.3906250000000000E-03    0.1053390502929687E-02
   83    0.2656250000000000E-02    0.9088134765625000E-03
   84    0.3398437500000000E-02    0.9561920166015625E-03
   85   -0.1933593750000000E-02    0.1040229797363281E-02
   86    0.4824218750000000E-02    0.9202194213867187E-03
   87   -0.3203125000000000E-02    0.1057434082031250E-02
   88   -0.4492187500000000E-03    0.1072959899902344E-02
   89   -0.3925781250000000E-02    0.9694290161132812E-03
   90   -0.4492187500000000E-02    0.9820556640625000E-03
   91   -0.6093750000000000E-02    0.1068038940429688E-02
   92   -0.1562500000000000E-03    0.1150360107421875E-02
   93    0.4882812500000000E-03    0.8346939086914063E-03
   94   -0.3906250000000000E-03    0.8554077148437500E-03
   95   -0.8398437500000000E-03    0.8127975463867187E-03
   96   -0.1601562500000000E-02    0.1037063598632813E-02
   97    0.3554687500000000E-02    0.9275054931640624E-03
   98   -0.8593750000000000E-03    0.6218719482421875E-03
   99   -0.3378906250000000E-02    0.8612442016601563E-03
  100   -0.1933593750000000E-02    0.1091499328613281E-02
