# time =    0.4506
    0    0.1000000000000000E+01    0.1000000000000000E+01
    1    0.2737304687500000E+00    0.7558696746826171E-01
    2    0.7814453125000000E-01    0.7171897888183594E-02
    3    0.2802734375000000E-01    0.1635017395019531E-02
    4    0.9433593750000000E-02    0.1079826354980469E-02
    5    0.4003906250000000E-02    0.7851791381835938E-03
    6    0.3281250000000000E-02    0.9942626953124999E-03
    7   -0.4882812500000000E-03    0.1078300476074219E-02
    8    0.6054687500000000E-03    0.9334945678710938E-03
    9   -0.7070312500000000E-02    0.1198196411132813E-02
   10   -0.2226562500000000E-02    0.9764862060546875E-03
   11   -0.1171875000000000E-02    0.1142578125000000E-02
   12   -0.4960937500000000E-02    0.7879638671875000E-03
   13   -0.1718750000000000E-02    0.8927917480468750E-03
   14   -0.2187500000000000E-02    0.1098556518554688E-02
   15   -0.5136718750000000E-02    0.9704208374023437E-03
   16   -0.1054687500000000E-02    0.9686279296875000E-03
   17   -0.1660156250000000E-02    0.8587265014648438E-03
   18   -0.8789062500000000E-03    0.7680130004882813E-03
   19   -0.8789062500000000E-03    0.9318161010742188E-03
   20    0.4296875000000000E-03    0.7762908935546875E-03
   21   -0.2656250000000000E-02    0.1302185058593750E-02
   22    0.8203125000000000E-03    0.1200103759765625E-02
   23   -0.4726562500000000E-02    0.9759521484375000E-03
   24    0.2812500000000000E-02    0.9391784667968750E-03
   25   -0.1777343750000000E-02    0.9578323364257813E-03
   26   -0.1621093750000000E-02    0.1244621276855469E-02
   27    0.1191406250000000E-02    0.9984207153320313E-03
   28    0.3671875000000000E-02    0.9358978271484375E-03
   29    0.2968750000000000E-02    0.8363342285156250E-03
   30    0.0000000000000000E+00    0.8544921875000000E-03
   31   -0.1914062500000000E-02    0.7135772705078125E-03
   32    0.8984375000000000E-03    0.8097076416015625E-03
   33    0.2734375000000000E-02    0.9471130371093750E-03
   34   -0.1855468750000000E-02    0.8981704711914062E-03
   35   -0.1171875000000000E-02    0.7523345947265625E-03
   36   -0.2558593750000000E-02    0.7367324829101562E-03
   37    0.1367187500000000E-03    0.9117507934570312E-03
   38    0.3320312500000000E-03    0.7844161987304687E-03
   39    0.2109375000000000E-02    0.8728790283203125E-03
   40    0.6562500000000000E-02    0.9900665283203126E-03
   41    0.2929687500000000E-03    0.9561538696289063E-03
   42    0.8398437500000000E-03    0.9564590454101562E-03
   43    0.3906250000000000E-03    0.1358337402343750E-02
   44   -0.1894531250000000E-02    0.9533309936523437E-03
   45   -0.1855468750000000E-02    0.9814834594726563E-03
   46    0.1582031250000000E-02    0.8011245727539062E-03
   47   -0.9570312500000000E-03    0.8340072631835937E-03
   48    0.1660156250000000E-02    0.1200294494628906E-02
   49   -0.1230468750000000E-02    0.1058311462402344E-02
   50   -0.1035156250000000E-02    0.1082038879394531E-02
   51   -0.3417968750000000E-02    0.9699630737304688E-03
   52    0.7031250000000000E-03    0.1069793701171875E-02
   53   -0.6054687500000000E-02    0.1002655029296875E-02
   54   -0.2226562500000000E-02    0.8603668212890625E-03
   55    0.1640625000000000E-02    0.1009521484375000E-02
   56   -0.1718750000000000E-02    0.8769989013671875E-03
   57   -0.2460937500000000E-02    0.1059265136718750E-02
   58   -0.1796875000000000E-02    0.1056213378906250E-02
   59   -0.3613281250000000E-02    0.9381484985351563E-03
   60   -0.3320312500000000E-03    0.1099815368652344E-02
   61   -0.2558593750000000E-02    0.9857559204101563E-03
   62    0.2148437500000000E-03    0.7863998413085938E-03
   63   -0.1660156250000000E-02    0.8272171020507812E-03
   64   -0.1796875000000000E-02    0.6881713867187500E-03
   65   -0.5800781250000000E-02    0.9737014770507812E-03
   66    0.0000000000000000E+00    0.9346008300781250E-03
   67    0.7812500000000000E-04    0.9042358398437500E-03
   68   -0.4277343750000000E-02    0.1071052551269531E-02
   69    0.5703125000000000E-02    0.1198959350585938E-02
   70    0.3867187500000000E-02    0.1177749633789063E-02
   71    0.4277343750000000E-02    0.8411788940429687E-03
   72    0.4472656250000000E-02    0.1111946105957031E-02
   73    0.1328125000000000E-02    0.8937835693359375E-03
   74   -0.7617187500000000E-03    0.8236312866210937E-03
   75   -0.1523437500000000E-02    0.9378051757812500E-03
   76    0.1171875000000000E-02    0.8518981933593750E-03
   77    0.2910156250000000E-02    0.8326339721679688E-03
   78   -0.1953125000000000E-02    0.1070556640625000E-02
   79   -0.1015625000000000E-02    0.1017227172851563E-02
   80   -0.1289062500000000E-02    0.8840179443359375E-03
   81    0.9765625000000001E-04    0.1353263854980469E-02
   82    0.2929687500000000E-03    0.9758377075195313E-03
   83    0.7285156250000000E-02    0.1157112121582031E-02
   84    0.3339843750000000E-02    0.8909225463867188E-03
   85    0.2695312500000000E-02    0.8420562744140625E-03
   86    0.1054687500000000E-02    0.1070327758789062E-02
   87    0.2500000000000000E-02    0.1039657592773438E-02
   88   -0.6250000000000000E-03    0.9331512451171875E-03
   89    0.1699218750000000E-02    0.1082420349121094E-02
   90    0.2460937500000000E-02    0.9937286376953125E-03
   91    0.2558593750000000E-02    0.9745407104492187E-03
   92    0.3789062500000000E-02    0.9732055664062500E-03
   93   -0.1308593750000000E-02    0.9384536743164062E-03
   94    0.1328125000000000E-02    0.9053802490234375E-03
   95   -0.1171875000000000E-03    0.7647705078125000E-03
   96    0.3906250000000000E-03    0.8249664306640625E-03
   97    0.2539062500000000E-02    0.8500671386718750E-03
   98   -0.1152343750000000E-02    0.1155738830566406E-02
   99   -0.1367187500000000E-02    0.8900451660156250E-03
  100    0.1308593750000000E-02    0.7728958129882813E-03
