# time =    0.4685
    0    0.1000000000000000E+01    0.1000000000000000E+01
    1    0.2328515625000000E+00    0.5508720397949219E-01
    2    0.6050781250000000E-01    0.4543228149414063E-02
    3    0.1398437500000000E-01    0.1160659790039062E-02
    4    0.1093750000000000E-02    0.1142196655273438E-02
    5   -0.3085937500000000E-02    0.1125488281250000E-02
    6   -0.1816406250000000E-02    0.9695053100585938E-03
    7   -0.1132812500000000E-02    0.1002044677734375E-02
    8   -0.5117187500000000E-02    0.7875823974609375E-03
    9   -0.2265625000000000E-02    0.1034622192382813E-02
   10   -0.1464843750000000E-02    0.1111183166503906E-02
   11    0.1562500000000000E-03    0.7239532470703125E-03
   12    0.1835937500000000E-02    0.9388732910156250E-03
   13    0.2695312500000000E-02    0.9664916992187501E-03
   14   -0.3964843750000000E-02    0.1023674011230469E-02
   15   -0.3710937500000000E-03    0.9109115600585937E-03
   16    0.3496093750000000E-02    0.9653091430664063E-03
   17   -0.1992187500000000E-02    0.1104278564453125E-02
   18   -0.2929687500000000E-03    0.1102867126464844E-02
   19    0.4296875000000000E-03    0.1256256103515625E-02
   20   -0.1953125000000000E-04    0.8576583862304688E-03
   21   -0.1992187500000000E-02    0.9313201904296874E-03
   22   -0.3808593750000000E-02    0.6265640258789062E-03
   23    0.1542968750000000E-02    0.9807205200195312E-03
   24    0.2285156250000000E-02    0.1025428771972656E-02
   25   -0.3359375000000000E-02    0.9200286865234375E-03
   26    0.3007812500000000E-02    0.9577178955078125E-03
   27   -0.7031250000000000E-03    0.9177398681640625E-03
   28   -0.6718750000000000E-02    0.1075897216796875E-02
   29   -0.4316406250000000E-02    0.1035881042480469E-02
   30   -0.6640625000000000E-03    0.1095199584960938E-02
   31   -0.2539062500000000E-03    0.1425971984863281E-02
   32   -0.3300781250000000E-02    0.1022911071777344E-02
   33   -0.2988281250000000E-02    0.1202049255371094E-02
   34    0.1425781250000000E-02    0.9971237182617187E-03
   35   -0.2929687500000000E-03    0.9360122680664063E-03
   36    0.2949218750000000E-02    0.9242630004882812E-03
   37   -0.2226562500000000E-02    0.1011810302734375E-02
   38   -0.1582031250000000E-02    0.1071662902832031E-02
   39   -0.9960937500000000E-03    0.8775711059570313E-03
   40   -0.1523437500000000E-02    0.8111572265624999E-03
   41   -0.3710937500000000E-03    0.1059913635253906E-02
   42   -0.2734375000000000E-03    0.8638763427734375E-03
   43    0.1582031250000000E-02    0.1062889099121094E-02
   44    0.3203125000000000E-02    0.8786773681640625E-03
   45    0.2910156250000000E-02    0.7774734497070313E-03
   46    0.1679687500000000E-02    0.9423065185546875E-03
   47    0.1562500000000000E-02    0.1016235351562500E-02
   48   -0.2773437500000000E-02    0.8660125732421875E-03
   49   -0.5664062500000000E-03    0.1041755676269531E-02
   50   -0.1386718750000000E-02    0.8975601196289062E-03
   51   -0.1269531250000000E-02    0.1090202331542969E-02
   52   -0.1777343750000000E-02    0.8858108520507813E-03
   53   -0.1972656250000000E-02    0.8420181274414062E-03
   54    0.7753906250000000E-02    0.1301002502441406E-02
   55    0.2578125000000000E-02    0.8210754394531250E-03
   56    0.4121093750000000E-02    0.9627914428710937E-03
   57    0.7753906250000000E-02    0.1112251281738281E-02
   58    0.9179687499999999E-03    0.7195663452148437E-03
   59    0.5605468750000000E-02    0.9733200073242188E-03
   60   -0.1093750000000000E-02    0.1025161743164063E-02
   61   -0.1074218750000000E-02    0.9163284301757813E-03
   62   -0.4433593750000000E-02    0.8897018432617187E-03
   63    0.2539062500000000E-03    0.1123695373535156E-02
   64    0.3574218750000000E-02    0.9382247924804687E-03
   65    0.6210937500000000E-02    0.9114074707031250E-03
   66   -0.1953125000000000E-03    0.7387542724609375E-03
   67   -0.9765625000000000E-03    0.1064071655273437E-02
   68   -0.1914062500000000E-02    0.1134338378906250E-02
   69    0.7226562500000000E-03    0.7576370239257813E-03
   70    0.0000000000000000E+00    0.1090011596679688E-02
   71   -0.1816406250000000E-02    0.9458541870117187E-03
   72   -0.4296875000000000E-03    0.1139984130859375E-02
   73   -0.1152343750000000E-02    0.9268569946289062E-03
   74   -0.4121093750000000E-02    0.1031379699707031E-02
   75    0.2246093750000000E-02    0.9909439086914062E-03
   76   -0.4550781250000000E-02    0.9047317504882812E-03
   77   -0.2109375000000000E-02    0.8747863769531250E-03
   78   -0.4023437500000000E-02    0.1053924560546875E-02
   79    0.1171875000000000E-03    0.9245300292968751E-03
   80   -0.4062500000000000E-02    0.1033401489257812E-02
   81    0.3515625000000000E-02    0.9212493896484375E-03
   82    0.1171875000000000E-03    0.1017608642578125E-02
   83    0.1562500000000000E-03    0.1059951782226563E-02
   84    0.6640625000000000E-03    0.9508514404296875E-03
   85    0.1562500000000000E-02    0.1405639648437500E-02
   86    0.3417968750000000E-02    0.1100959777832031E-02
   87    0.4062500000000000E-02    0.1117935180664063E-02
   88    0.1269531250000000E-02    0.1061592102050781E-02
   89   -0.2812500000000000E-02    0.1135406494140625E-02
   90   -0.2597656250000000E-02    0.1033897399902344E-02
   91    0.9179687499999999E-03    0.1298789978027344E-02
   92    0.3828125000000000E-02    0.9494018554687500E-03
   93    0.2539062500000000E-03    0.1071586608886719E-02
   94    0.2363281250000000E-02    0.8727645874023437E-03
   95    0.8144531250000000E-02    0.9067153930664062E-03
   96   -0.3906250000000000E-02    0.9393310546875000E-03
   97   -0.6250000000000000E-03    0.7575225830078125E-03
   98   -0.2148437500000000E-02    0.8763885498046875E-03
   99    0.4355468750000000E-02    0.1005897521972656E-02
  100    0.3144531250000000E-02    0.9445571899414063E-03
