# time =    0.4579
    0    0.1000000000000000E+01    0.1000000000000000E+01
    1    0.1780468750000000E+00    0.3277404785156250E-01
    2    0.2828125000000000E-01    0.1651382446289062E-02
    3    0.7578125000000000E-02    0.9771728515625001E-03
    4    0.9765625000000000E-03    0.8219146728515625E-03
    5   -0.6054687500000000E-02    0.1195373535156250E-02
    6   -0.5781250000000000E-02    0.9532165527343750E-03
    7    0.2871093750000000E-02    0.1111564636230469E-02
    8    0.2167968750000000E-02    0.9591293334960938E-03
    9   -0.1347656250000000E-02    0.8388900756835937E-03
   10    0.5761718750000000E-02    0.1062736511230469E-02
   11    0.1796875000000000E-02    0.1027221679687500E-02
   12    0.1269531250000000E-02    0.9081649780273437E-03
   13    0.7695312500000000E-02    0.8859252929687500E-03
   14   -0.3554687500000000E-02    0.8648681640625000E-03
   15    0.1464843750000000E-02    0.9135818481445313E-03
   16    0.5253906250000000E-02    0.1234474182128906E-02
   17    0.1835937500000000E-02    0.7855987548828125E-03
   18   -0.5019531250000000E-02    0.9520339965820312E-03
   19   -0.8593750000000000E-03    0.5871582031250000E-03
   20   -0.1777343750000000E-02    0.1060905456542969E-02
   21    0.1484375000000000E-02    0.8097839355468750E-03
   22    0.1718750000000000E-02    0.9503173828125000E-03
   23    0.3398437500000000E-02    0.9101867675781250E-03
   24   -0.4394531250000000E-02    0.1136589050292969E-02
   25    0.4101562500000000E-02    0.9191894531250000E-03
   26    0.8203125000000000E-03    0.1144180297851562E-02
   27    0.1523437500000000E-02    0.1062011718750000E-02
   28    0.2617187500000000E-02    0.7444763183593750E-03
   29   -0.7812500000000000E-04    0.8303070068359375E-03
   30   -0.3027343750000000E-02    0.9708023071289063E-03
   31   -0.3496093750000000E-02    0.9913253784179688E-03
   32   -0.1777343750000000E-02    0.9601211547851562E-03
   33    0.4140625000000000E-02    0.9235382080078125E-03
   34   -0.3066406250000000E-02    0.8974838256835938E-03
   35    0.1152343750000000E-02    0.9649276733398437E-03
   36    0.2539062500000000E-03    0.1082038879394531E-02
   37   -0.2675781250000000E-02    0.1169471740722656E-02
   38   -0.9179687499999999E-03    0.8012771606445313E-03
   39   -0.3476562500000000E-02    0.8683776855468749E-03
   40   -0.3593750000000000E-02    0.1323013305664062E-02
   41   -0.3144531250000000E-02    0.1009101867675781E-02
   42   -0.2363281250000000E-02    0.1005363464355469E-02
   43   -0.5078125000000000E-03    0.1074523925781250E-02
   44   -0.2539062500000000E-02    0.9009552001953125E-03
   45    0.1113281250000000E-02    0.1087074279785156E-02
   46   -0.1855468750000000E-02    0.9123611450195312E-03
   47    0.2929687500000000E-03    0.9486007690429687E-03
   48   -0.3613281250000000E-02    0.1127662658691406E-02
   49   -0.8398437500000000E-03    0.9556198120117187E-03
   50    0.1015625000000000E-02    0.9868621826171875E-03
   51   -0.1269531250000000E-02    0.1036186218261719E-02
   52   -0.7207031250000000E-02    0.1100807189941406E-02
   53   -0.8496093749999999E-02    0.1040306091308594E-02
   54    0.3085937500000000E-02    0.7823181152343750E-03
   55    0.3554687500000000E-02    0.8176422119140625E-03
   56    0.2402343750000000E-02    0.7928848266601562E-03
   57    0.5585937500000000E-02    0.1309814453125000E-02
   58   -0.9375000000000000E-03    0.9777069091796875E-03
   59   -0.5019531250000000E-02    0.1105918884277344E-02
   60    0.3554687500000000E-02    0.1023635864257812E-02
   61    0.5253906250000000E-02    0.1136283874511719E-02
   62    0.6445312500000000E-02    0.1143035888671875E-02
   63   -0.4667968750000000E-02    0.9994888305664062E-03
   64   -0.2695312500000000E-02    0.9943389892578126E-03
   65   -0.8203125000000000E-03    0.9631347656250000E-03
   66    0.4140625000000000E-02    0.8618164062500000E-03
   67    0.3710937500000000E-03    0.9704971313476562E-03
   68   -0.1406250000000000E-02    0.1105422973632812E-02
   69   -0.8398437500000000E-03    0.8892440795898438E-03
   70    0.5488281250000000E-02    0.7835769653320312E-03
   71    0.1054687500000000E-02    0.1032562255859375E-02
   72   -0.4570312500000000E-02    0.1166229248046875E-02
   73   -0.1152343750000000E-02    0.1008720397949219E-02
   74   -0.2207031250000000E-02    0.9109878540039063E-03
   75   -0.6640625000000000E-03    0.1050643920898438E-02
   76    0.2519531250000000E-02    0.7465744018554688E-03
   77   -0.3515625000000000E-03    0.1109619140625000E-02
   78   -0.1132812500000000E-02    0.1031875610351562E-02
   79   -0.2910156250000000E-02    0.1085395812988281E-02
   80    0.2128906250000000E-02    0.8137893676757813E-03
   81   -0.3378906250000000E-02    0.1030998229980469E-02
   82    0.2929687500000000E-02    0.9938812255859376E-03
   83    0.0000000000000000E+00    0.1152191162109375E-02
   84    0.2031250000000000E-02    0.9677886962890625E-03
   85   -0.2597656250000000E-02    0.1037635803222656E-02
   86    0.1777343750000000E-02    0.1047325134277344E-02
   87    0.3261718750000000E-02    0.9218215942382813E-03
   88   -0.3750000000000000E-02    0.1172180175781250E-02
   89   -0.3378906250000000E-02    0.8932876586914062E-03
   90    0.1308593750000000E-02    0.1101875305175781E-02
   91    0.0000000000000000E+00    0.1420822143554687E-02
   92   -0.1152343750000000E-02    0.9118270874023438E-03
   93    0.1210937500000000E-02    0.9526062011718750E-03
   94    0.7812500000000000E-03    0.9661102294921875E-03
   95    0.1933593750000000E-02    0.1160392761230469E-02
   96    0.1367187500000000E-03    0.8686447143554688E-03
   97   -0.2656250000000000E-02    0.8497619628906250E-03
   98    0.2558593750000000E-02    0.1034965515136719E-02
   99   -0.8984375000000000E-03    0.9943389892578126E-03
  100   -0.6386718750000000E-02    0.1075019836425781E-02
