# time =    0.4727
    0    0.1000000000000000E+01    0.1000000000000000E+01
    1    0.2361328125000000E+00    0.5648078918457031E-01
    2    0.6888671875000001E-01    0.5580101013183594E-02
    3    0.1845703125000000E-01    0.1184120178222656E-02
    4    0.5429687500000000E-02    0.9768676757812499E-03
    5    0.1210937500000000E-02    0.6008911132812500E-03
    6    0.4492187500000000E-02    0.9594726562500000E-03
    7    0.1074218750000000E-02    0.1055488586425781E-02
    8    0.2851562500000000E-02    0.1176071166992188E-02
    9   -0.6445312500000000E-03    0.1108360290527344E-02
   10   -0.6054687500000000E-03    0.8817672729492188E-03
   11    0.1699218750000000E-02    0.9584426879882812E-03
   12    0.7128906250000000E-02    0.8492660522460937E-03
   13    0.3906250000000000E-03    0.9667205810546875E-03
   14   -0.3437500000000000E-02    0.1011657714843750E-02
   15   -0.3320312500000000E-02    0.8879852294921875E-03
   16    0.9375000000000000E-03    0.1047286987304688E-02
   17    0.2617187500000000E-02    0.9161376953125000E-03
   18    0.1406250000000000E-02    0.1006851196289062E-02
   19    0.6132812500000000E-02    0.9624481201171875E-03
   20   -0.1582031250000000E-02    0.8050155639648438E-03
   21   -0.5839843750000000E-02    0.1137351989746094E-02
   22   -0.1679687500000000E-02    0.1013565063476562E-02
   23   -0.8984375000000000E-03    0.1135025024414063E-02
   24    0.2421875000000000E-02    0.8586883544921875E-03
   25    0.9960937500000000E-03    0.8507156372070312E-03
   26    0.4257812500000000E-02    0.1049652099609375E-02
   27    0.3925781250000000E-02    0.1028556823730469E-02
   28   -0.3906250000000000E-03    0.9316253662109375E-03
   29   -0.5585937500000000E-02    0.8094787597656250E-03
   30   -0.1953125000000000E-03    0.1119842529296875E-02
   31   -0.6972656250000000E-02    0.1028785705566406E-02
   32    0.1542968750000000E-02    0.1004066467285156E-02
   33    0.5273437500000000E-03    0.9556961059570313E-03
   34   -0.2460937500000000E-02    0.1052474975585937E-02
   35    0.2343750000000000E-03    0.1024932861328125E-02
   36    0.2695312500000000E-02    0.9675598144531249E-03
   37    0.4023437500000000E-02    0.9788513183593751E-03
   38    0.4375000000000000E-02    0.9558868408203125E-03
   39    0.2734375000000000E-03    0.9243774414062500E-03
   40   -0.1914062500000000E-02    0.1104202270507812E-02
   41   -0.7812500000000000E-04    0.6766510009765625E-03
   42   -0.1425781250000000E-02    0.1150169372558594E-02
   43   -0.1445312500000000E-02    0.1089630126953125E-02
   44    0.2656250000000000E-02    0.9886169433593751E-03
   45    0.2910156250000000E-02    0.1532630920410156E-02
   46   -0.1093750000000000E-02    0.1182403564453125E-02
   47   -0.2929687500000000E-03    0.1253318786621094E-02
   48   -0.5156250000000000E-02    0.9881591796875001E-03
   49    0.4140625000000000E-02    0.1053314208984375E-02
   50   -0.3183593750000000E-02    0.1012687683105469E-02
   51    0.2265625000000000E-02    0.1219635009765625E-02
   52   -0.1015625000000000E-02    0.8916473388671875E-03
   53    0.1562500000000000E-03    0.8207702636718750E-03
   54    0.2734375000000000E-03    0.9163665771484375E-03
   55   -0.6738281250000000E-02    0.9270858764648438E-03
   56   -0.4199218750000000E-02    0.8691024780273438E-03
   57    0.1132812500000000E-02    0.1111907958984375E-02
   58   -0.1503906250000000E-02    0.9948348999023438E-03
   59   -0.1894531250000000E-02    0.1226158142089844E-02
   60   -0.2656250000000000E-02    0.8591461181640625E-03
   61   -0.2148437500000000E-02    0.9322357177734375E-03
   62   -0.3808593750000000E-02    0.7923507690429688E-03
   63   -0.4824218750000000E-02    0.1000556945800781E-02
   64   -0.2148437500000000E-03    0.8398818969726562E-03
   65   -0.3457031250000000E-02    0.9668350219726562E-03
   66   -0.1582031250000000E-02    0.9843826293945313E-03
   67   -0.4355468750000000E-02    0.9979629516601563E-03
   68   -0.5859375000000000E-04    0.9928512573242187E-03
   69   -0.6386718750000000E-02    0.9563064575195312E-03
   70   -0.1347656250000000E-02    0.1037559509277344E-02
   71    0.5468750000000001E-03    0.9545898437500000E-03
   72    0.2656250000000000E-02    0.1125259399414063E-02
   73    0.1308593750000000E-02    0.1125068664550781E-02
   74    0.2519531250000000E-02    0.9655380249023438E-03
   75    0.8007812500000000E-03    0.8478164672851562E-03
   76   -0.2226562500000000E-02    0.7926940917968750E-03
   77    0.2753906250000000E-02    0.1049308776855469E-02
   78   -0.1425781250000000E-02    0.8171463012695313E-03
   79   -0.4199218750000000E-02    0.8349990844726562E-03
   80   -0.3125000000000000E-02    0.1049118041992187E-02
   81   -0.2460937500000000E-02    0.9416961669921876E-03
   82   -0.2636718750000000E-02    0.8695602416992187E-03
   83   -0.2597656250000000E-02    0.7065200805664063E-03
   84    0.1250000000000000E-02    0.1035461425781250E-02
   85    0.1074218750000000E-02    0.9116744995117188E-03
   86   -0.1230468750000000E-02    0.1035118103027344E-02
   87    0.3457031250000000E-02    0.9842300415039062E-03
   88   -0.2421875000000000E-02    0.8420562744140625E-03
   89    0.6015625000000000E-02    0.6947326660156250E-03
   90    0.2128906250000000E-02    0.1236000061035156E-02
   91   -0.1210937500000000E-02    0.9049987792968750E-03
   92   -0.8203125000000000E-03    0.8654785156250000E-03
   93   -0.2539062500000000E-02    0.8380889892578125E-03
   94   -0.6445312500000000E-03    0.1246528625488281E-02
   95    0.2304687500000000E-02    0.1120071411132813E-02
   96    0.1250000000000000E-02    0.1002426147460937E-02
   97    0.1796875000000000E-02    0.8501434326171876E-03
   98    0.2734375000000000E-02    0.8173370361328125E-03
   99    0.6972656250000000E-02    0.8271408081054688E-03
  100    0.2753906250000000E-02    0.9512710571289063E-03
