# time =    0.4255
    0    0.1000000000000000E+01    0.1000000000000000E+01
    1    0.3810546875000000E+00    0.1457355499267578E+00
    2    0.1818164062500000E+00    0.3400341033935547E-01
    3    0.1100976562500000E+00    0.1324657440185547E-01
    4    0.7318359375000000E-01    0.6169395446777344E-02
    5    0.5123046875000000E-01    0.3696022033691406E-02
    6    0.3820312500000000E-01    0.2220001220703125E-02
    7    0.2984375000000000E-01    0.1709136962890625E-02
    8    0.2611328125000000E-01    0.1875267028808594E-02
    9    0.2357421875000000E-01    0.1338310241699219E-02
   10    0.2087890625000000E-01    0.1254158020019531E-02
   11    0.1451171875000000E-01    0.9620285034179687E-03
   12    0.9218750000000000E-02    0.1136703491210938E-02
   13    0.8554687500000000E-02    0.9826660156250001E-03
   14    0.5781250000000000E-02    0.9010314941406250E-03
   15    0.7753906250000000E-02    0.1045112609863281E-02
   16    0.8691406250000000E-02    0.1234931945800781E-02
   17    0.5527343750000000E-02    0.9039688110351562E-03
   18    0.4101562500000000E-02    0.9348297119140625E-03
   19    0.5683593750000000E-02    0.1028861999511719E-02
   20    0.5000000000000000E-02    0.1000442504882812E-02
   21   -0.2734375000000000E-03    0.1120910644531250E-02
   22    0.1835937500000000E-02    0.1056289672851562E-02
   23    0.1015625000000000E-02    0.9653472900390625E-03
   24    0.4218750000000000E-02    0.8186340332031250E-03
   25    0.5058593750000000E-02    0.9617996215820312E-03
   26    0.1699218750000000E-02    0.7372665405273438E-03
   27    0.1718750000000000E-02    0.9185028076171875E-03
   28    0.4316406250000000E-02    0.9818649291992187E-03
   29   -0.1679687500000000E-02    0.8218383789062500E-03
   30   -0.3710937500000000E-03    0.8479690551757812E-03
   31    0.1640625000000000E-02    0.8876800537109375E-03
   32    0.3671875000000000E-02    0.8160400390625000E-03
   33    0.3886718750000000E-02    0.1084175109863281E-02
   34    0.4355468750000000E-02    0.1059379577636719E-02
   35   -0.2324218750000000E-02    0.7378768920898438E-03
   36   -0.5800781250000000E-02    0.1022224426269531E-02
   37   -0.4785156250000000E-02    0.1001396179199219E-02
   38   -0.2753906250000000E-02    0.8987045288085938E-03
   39   -0.1191406250000000E-02    0.9519577026367188E-03
   40    0.4296875000000000E-03    0.9578704833984375E-03
   41    0.3027343750000000E-02    0.9009933471679687E-03
   42    0.1542968750000000E-02    0.1026649475097656E-02
   43   -0.8789062500000000E-03    0.1166419982910156E-02
   44    0.7421875000000000E-03    0.1047286987304688E-02
   45    0.2226562500000000E-02    0.8464050292968750E-03
   46    0.3789062500000000E-02    0.8197021484375000E-03
   47    0.4121093750000000E-02    0.9259414672851562E-03
   48    0.2128906250000000E-02    0.9159469604492188E-03
   49    0.6445312500000000E-02    0.9548187255859375E-03
   50    0.5273437500000000E-02    0.9701538085937500E-03
   51   -0.2148437500000000E-03    0.9717178344726562E-03
   52   -0.2910156250000000E-02    0.9572219848632813E-03
   53   -0.8398437500000000E-03    0.9843826293945313E-03
   54   -0.1347656250000000E-02    0.7133865356445312E-03
   55    0.3164062500000000E-02    0.9048461914062500E-03
   56    0.4492187500000000E-02    0.8232879638671875E-03
   57    0.7519531250000000E-02    0.1124687194824219E-02
   58    0.5976562500000000E-02    0.1097869873046875E-02
   59   -0.2109375000000000E-02    0.1207199096679687E-02
   60   -0.1152343750000000E-02    0.1186256408691406E-02
   61   -0.4492187500000000E-03    0.1112174987792969E-02
   62    0.1484375000000000E-02    0.9330749511718750E-03
   63    0.4882812500000000E-03    0.1055030822753906E-02
   64   -0.2265625000000000E-02    0.9190368652343750E-03
   65   -0.2050781250000000E-02    0.8798599243164063E-03
   66   -0.4316406250000000E-02    0.9737014770507812E-03
   67    0.7031250000000000E-03    0.7279968261718750E-03
   68    0.5332031250000000E-02    0.9572219848632813E-03
   69    0.4277343750000000E-02    0.8132553100585937E-03
   70    0.8007812500000000E-03    0.9092330932617187E-03
   71    0.1367187500000000E-02    0.1238174438476562E-02
   72    0.1386718750000000E-02    0.1294364929199219E-02
   73   -0.2656250000000000E-02    0.1013641357421875E-02
   74   -0.3925781250000000E-02    0.9692001342773437E-03
   75   -0.1777343750000000E-02    0.9997177124023437E-03
   76    0.3613281250000000E-02    0.9269332885742188E-03
   77   -0.4023437500000000E-02    0.9953308105468751E-03
   78   -0.1347656250000000E-02    0.1045341491699219E-02
   79    0.2031250000000000E-02    0.1072540283203125E-02
   80   -0.3750000000000000E-02    0.1055450439453125E-02
   81   -0.9179687499999999E-03    0.1031303405761719E-02
   82   -0.1953125000000000E-04    0.8678054809570313E-03
   83   -0.1582031250000000E-02    0.9471511840820312E-03
   84    0.2382812500000000E-02    0.8993530273437500E-03
   85   -0.1953125000000000E-02    0.9423065185546875E-03
   86   -0.1484375000000000E-02    0.9959411621093749E-03
   87    0.2382812500000000E-02    0.8377838134765625E-03
   88    0.3183593750000000E-02    0.9941482543945313E-03
   89    0.6640625000000000E-03    0.9672546386718750E-03
   90   -0.1347656250000000E-02    0.1234550476074219E-02
   91   -0.1464843750000000E-02    0.1052513122558594E-02
   92   -0.1406250000000000E-02    0.9361267089843750E-03
   93   -0.5175781250000000E-02    0.1034965515136719E-02
   94   -0.2578125000000000E-02    0.7369232177734375E-03
   95   -0.2675781250000000E-02    0.8758163452148438E-03
   96    0.4296875000000000E-03    0.7421112060546875E-03
   97    0.4277343750000000E-02    0.6965255737304688E-03
   98    0.1816406250000000E-02    0.1063499450683594E-02
   99    0.1425781250000000E-02    0.7143783569335938E-03
  100    0.1855468750000000E-02    0.9073257446289062E-03
