# time =    0.4619
    0    0.1000000000000000E+01    0.1000000000000000E+01
    1    0.1905468750000000E+00    0.3712425231933594E-01
    2    0.3748046875000000E-01    0.2471046447753906E-02
    3    0.9394531249999999E-02    0.1161613464355469E-02
    4    0.6328125000000000E-02    0.1157150268554687E-02
    5    0.6445312500000000E-02    0.9660339355468750E-03
    6   -0.2910156250000000E-02    0.1041297912597656E-02
    7    0.8984375000000000E-03    0.8773040771484375E-03
    8   -0.3632812500000000E-02    0.1129379272460938E-02
    9   -0.5664062500000000E-03    0.9788894653320313E-03
   10    0.2500000000000000E-02    0.9944152832031250E-03
   11    0.3066406250000000E-02    0.1037025451660156E-02
   12    0.0000000000000000E+00    0.9225463867187500E-03
   13    0.3320312500000000E-03    0.8725357055664062E-03
   14    0.1972656250000000E-02    0.1033134460449219E-02
   15   -0.2324218750000000E-02    0.9493637084960938E-03
   16   -0.6699218750000000E-02    0.9673690795898438E-03
   17   -0.2539062500000000E-03    0.1180610656738281E-02
   18    0.1796875000000000E-02    0.1038360595703125E-02
   19    0.5351562500000000E-02    0.9980773925781249E-03
   20    0.2695312500000000E-02    0.7529449462890625E-03
   21   -0.4687500000000000E-03    0.9868621826171875E-03
   22   -0.1562500000000000E-03    0.1003799438476562E-02
   23    0.1484375000000000E-02    0.1148300170898437E-02
   24    0.1367187500000000E-03    0.8804702758789063E-03
   25    0.2558593750000000E-02    0.1039390563964844E-02
   26   -0.1054687500000000E-02    0.8688354492187500E-03
   27   -0.2148437500000000E-02    0.1067199707031250E-02
   28    0.5078125000000000E-03    0.8255004882812500E-03
   29    0.2304687500000000E-02    0.1029739379882812E-02
   30   -0.3593750000000000E-02    0.1144485473632812E-02
   31   -0.2910156250000000E-02    0.8684158325195313E-03
   32   -0.1171875000000000E-02    0.1158828735351562E-02
   33    0.1992187500000000E-02    0.8468627929687500E-03
   34   -0.1972656250000000E-02    0.9629440307617188E-03
   35    0.2617187500000000E-02    0.9608459472656250E-03
   36   -0.2617187500000000E-02    0.1007308959960938E-02
   37    0.4863281250000000E-02    0.7092666625976563E-03
   38    0.3515625000000000E-02    0.8641815185546875E-03
   39   -0.3710937500000000E-02    0.9457397460937500E-03
   40   -0.1972656250000000E-02    0.8684158325195313E-03
   41    0.2421875000000000E-02    0.9796905517578125E-03
   42    0.8945312500000000E-02    0.1211929321289062E-02
   43    0.7421875000000000E-03    0.1086959838867187E-02
   44   -0.7031250000000000E-03    0.9407043457031250E-03
   45   -0.3320312500000000E-03    0.1188468933105469E-02
   46   -0.2480468750000000E-02    0.8677291870117187E-03
   47    0.1699218750000000E-02    0.9682083129882813E-03
   48   -0.2871093750000000E-02    0.1070823669433594E-02
   49   -0.4140625000000000E-02    0.6917572021484375E-03
   50    0.8593750000000000E-03    0.9577178955078125E-03
   51    0.1953125000000000E-02    0.8079528808593750E-03
   52   -0.4023437500000000E-02    0.8991241455078125E-03
   53   -0.2167968750000000E-02    0.1161003112792969E-02
   54   -0.6250000000000000E-03    0.1149520874023437E-02
   55    0.1582031250000000E-02    0.9145736694335938E-03
   56   -0.4023437500000000E-02    0.8367919921875001E-03
   57   -0.1464843750000000E-02    0.7722091674804688E-03
   58    0.7812500000000000E-04    0.1016616821289062E-02
   59    0.3105468750000000E-02    0.1056251525878906E-02
   60    0.2070312500000000E-02    0.1001892089843750E-02
   61    0.2031250000000000E-02    0.6627655029296875E-03
   62    0.3242187500000000E-02    0.9171295166015625E-03
   63   -0.3652343750000000E-02    0.9417343139648438E-03
   64    0.4687500000000000E-02    0.1083374023437500E-02
   65    0.4335937500000000E-02    0.8927917480468750E-03
   66   -0.9179687499999999E-03    0.7933425903320312E-03
   67   -0.1093750000000000E-02    0.1023559570312500E-02
   68    0.1796875000000000E-02    0.1074066162109375E-02
   69    0.3554687500000000E-02    0.9012603759765625E-03
   70    0.1035156250000000E-02    0.9032058715820313E-03
   71    0.3007812500000000E-02    0.8879852294921875E-03
   72    0.2382812500000000E-02    0.7372283935546875E-03
   73   -0.2148437500000000E-02    0.8666992187500000E-03
   74    0.7031250000000000E-03    0.7290649414062500E-03
   75   -0.6054687500000000E-03    0.7797622680664062E-03
   76   -0.2890625000000000E-02    0.1048660278320312E-02
   77   -0.7031250000000000E-03    0.1026458740234375E-02
   78    0.1660156250000000E-02    0.6943893432617188E-03
   79    0.4121093750000000E-02    0.1006202697753906E-02
   80    0.2050781250000000E-02    0.1229515075683594E-02
   81   -0.5019531250000000E-02    0.8103561401367188E-03
   82    0.2343750000000000E-02    0.9455108642578126E-03
   83   -0.1347656250000000E-02    0.8003616333007813E-03
   84    0.5078125000000000E-03    0.1192932128906250E-02
   85    0.4296875000000000E-02    0.8544158935546875E-03
   86   -0.9375000000000000E-03    0.1028442382812500E-02
   87   -0.2402343750000000E-02    0.1165199279785156E-02
   88   -0.2734375000000000E-02    0.1163024902343750E-02
   89    0.2480468750000000E-02    0.1065406799316406E-02
   90    0.2011718750000000E-02    0.1105918884277344E-02
   91   -0.3750000000000000E-02    0.8739471435546875E-03
   92    0.1972656250000000E-02    0.1085319519042969E-02
   93    0.2988281250000000E-02    0.1158638000488281E-02
   94    0.3515625000000000E-03    0.9971618652343749E-03
   95    0.0000000000000000E+00    0.9288024902343750E-03
   96    0.1796875000000000E-02    0.1099166870117187E-02
   97   -0.1777343750000000E-02    0.1043586730957031E-02
   98    0.1425781250000000E-02    0.1151084899902344E-02
   99    0.2890625000000000E-02    0.8319854736328125E-03
  100    0.4335937500000000E-02    0.8722686767578125E-03
