# time =    0.4490
    0    0.1000000000000000E+01    0.1000000000000000E+01
    1    0.2948437500000000E+00    0.8773757934570313E-01
    2    0.1026953125000000E+00    0.1155334472656250E-01
    3    0.3750000000000000E-01    0.2402420043945312E-02
    4    0.1972656250000000E-01    0.1506271362304688E-02
    5    0.9960937499999999E-02    0.1066970825195312E-02
    6    0.7304687500000000E-02    0.8058929443359375E-03
    7    0.3671875000000000E-02    0.9725189208984375E-03
    8    0.1347656250000000E-02    0.7889938354492188E-03
    9    0.4296875000000000E-03    0.9518432617187500E-03
   10    0.1250000000000000E-02    0.1306076049804687E-02
   11   -0.1816406250000000E-02    0.9066390991210937E-03
   12    0.6054687500000000E-03    0.9251785278320313E-03
   13   -0.1406250000000000E-02    0.9404754638671875E-03
   14   -0.5859375000000000E-03    0.1087036132812500E-02
   15   -0.1601562500000000E-02    0.9753417968750000E-03
   16    0.5664062500000000E-03    0.9583663940429687E-03
   17    0.5781250000000000E-02    0.1377639770507812E-02
   18    0.5253906250000000E-02    0.9461593627929688E-03
   19    0.3945312500000000E-02    0.9518432617187500E-03
   20    0.3398437500000000E-02    0.1185531616210937E-02
   21    0.3769531250000000E-02    0.1045188903808594E-02
   22    0.2343750000000000E-03    0.1031723022460937E-02
   23    0.5664062500000000E-03    0.9435653686523437E-03
   24    0.5097656250000000E-02    0.1043586730957031E-02
   25    0.4550781250000000E-02    0.1049232482910156E-02
   26   -0.7812500000000000E-03    0.9661865234375000E-03
   27    0.2421875000000000E-02    0.1172027587890625E-02
   28   -0.1660156250000000E-02    0.1048622131347656E-02
   29   -0.1132812500000000E-02    0.1053009033203125E-02
   30   -0.2089843750000000E-02    0.9169387817382813E-03
   31    0.2343750000000000E-03    0.8374786376953125E-03
   32    0.1738281250000000E-02    0.1098518371582031E-02
   33    0.2128906250000000E-02    0.9263992309570312E-03
   34    0.5859375000000000E-03    0.5839538574218750E-03
   35   -0.1914062500000000E-02    0.8563232421875000E-03
   36    0.3769531250000000E-02    0.9992599487304687E-03
   37    0.2167968750000000E-02    0.8888626098632812E-03
   38   -0.2753906250000000E-02    0.8889389038085938E-03
   39   -0.3027343750000000E-02    0.1252861022949219E-02
   40    0.6406250000000000E-02    0.1226119995117188E-02
   41    0.5781250000000000E-02    0.9935760498046874E-03
   42   -0.2714843750000000E-02    0.8077621459960938E-03
   43   -0.1660156250000000E-02    0.9334945678710938E-03
   44   -0.1796875000000000E-02    0.1112136840820313E-02
   45   -0.2792968750000000E-02    0.9589004516601563E-03
   46   -0.6445312500000000E-03    0.1173515319824219E-02
   47   -0.2089843750000000E-02    0.9791946411132812E-03
   48    0.4648437500000000E-02    0.1170272827148437E-02
   49   -0.1035156250000000E-02    0.8990859985351562E-03
   50   -0.2636718750000000E-02    0.1003227233886719E-02
   51   -0.9765625000000001E-04    0.1020164489746094E-02
   52    0.4003906250000000E-02    0.1067848205566406E-02
   53    0.1953125000000000E-03    0.1117401123046875E-02
   54   -0.8789062500000000E-03    0.1176338195800781E-02
   55   -0.8007812500000000E-03    0.1048088073730469E-02
   56    0.9765625000000001E-04    0.9370803833007813E-03
   57   -0.1718750000000000E-02    0.9344482421875000E-03
   58   -0.5664062500000000E-03    0.7323074340820312E-03
   59   -0.2812500000000000E-02    0.8158111572265626E-03
   60   -0.4082031250000000E-02    0.1202507019042969E-02
   61   -0.1953125000000000E-03    0.9290313720703125E-03
   62    0.4296875000000000E-03    0.6615447998046875E-03
   63    0.2480468750000000E-02    0.9869003295898437E-03
   64    0.1777343750000000E-02    0.8318710327148437E-03
   65    0.4394531250000000E-02    0.8099746704101563E-03
   66   -0.3906250000000000E-04    0.1016082763671875E-02
   67    0.2265625000000000E-02    0.8960723876953125E-03
   68    0.3457031250000000E-02    0.9221267700195312E-03
   69    0.3828125000000000E-02    0.1214904785156250E-02
   70    0.3046875000000000E-02    0.9992980957031249E-03
   71   -0.4609375000000000E-02    0.1037368774414062E-02
   72   -0.1308593750000000E-02    0.8632278442382812E-03
   73   -0.3476562500000000E-02    0.1018524169921875E-02
   74   -0.5273437500000000E-03    0.8063888549804687E-03
   75    0.1347656250000000E-02    0.1057243347167969E-02
   76    0.5273437500000000E-02    0.8787536621093751E-03
   77   -0.3906250000000000E-04    0.8805847167968750E-03
   78   -0.3496093750000000E-02    0.1133155822753906E-02
   79   -0.1777343750000000E-02    0.8826065063476563E-03
   80    0.1250000000000000E-02    0.8769226074218750E-03
   81   -0.7226562500000000E-03    0.1080055236816406E-02
   82    0.2714843750000000E-02    0.9255599975585937E-03
   83   -0.1953125000000000E-04    0.9351730346679688E-03
   84    0.1796875000000000E-02    0.1337356567382812E-02
   85   -0.1562500000000000E-03    0.9930419921875000E-03
   86   -0.2890625000000000E-02    0.9461975097656250E-03
   87   -0.4882812500000000E-02    0.1047973632812500E-02
   88    0.5273437500000000E-03    0.9276962280273437E-03
   89    0.1171875000000000E-03    0.1144790649414063E-02
   90   -0.1953125000000000E-03    0.8534240722656250E-03
   91   -0.4218750000000000E-02    0.9992980957031249E-03
   92   -0.3945312500000000E-02    0.1039886474609375E-02
   93   -0.2324218750000000E-02    0.9012985229492188E-03
   94   -0.1367187500000000E-02    0.9576416015625000E-03
   95   -0.3437500000000000E-02    0.1140060424804688E-02
   96    0.3183593750000000E-02    0.1095695495605469E-02
   97    0.5722656250000000E-02    0.1309318542480469E-02
   98    0.6054687500000000E-02    0.1003341674804687E-02
   99    0.3750000000000000E-02    0.9491729736328125E-03
  100   -0.1699218750000000E-02    0.9925460815429687E-03
