# time =    0.4794
    0    0.1000000000000000E+01    0.1000000000000000E+01
    1    0.2163671875000000E+00    0.4755111694335937E-01
    2    0.4699218750000000E-01    0.3091201782226563E-02
    3    0.1455078125000000E-01    0.1254234313964844E-02
    4   -0.1230468750000000E-02    0.9949874877929687E-03
    5   -0.8203125000000000E-03    0.8223724365234375E-03
    6    0.1406250000000000E-02    0.9612274169921875E-03
    7    0.6054687500000000E-03    0.1051139831542969E-02
    8   -0.2539062500000000E-03    0.1244239807128906E-02
    9   -0.3828125000000000E-02    0.9708404541015625E-03
   10   -0.3593750000000000E-02    0.1122207641601563E-02
   11   -0.3925781250000000E-02    0.8917617797851563E-03
   12   -0.1289062500000000E-02    0.9695434570312500E-03
   13    0.4414062500000000E-02    0.9912109374999999E-03
   14    0.2128906250000000E-02    0.1096534729003906E-02
   15    0.5078125000000000E-03    0.9120941162109375E-03
   16   -0.5019531250000000E-02    0.9072494506835938E-03
   17    0.2089843750000000E-02    0.9711837768554688E-03
   18    0.3789062500000000E-02    0.1113357543945313E-02
   19   -0.2929687500000000E-03    0.7585525512695312E-03
   20   -0.2089843750000000E-02    0.8900833129882813E-03
   21    0.1660156250000000E-02    0.9724044799804687E-03
   22    0.1269531250000000E-02    0.9103775024414063E-03
   23   -0.2812500000000000E-02    0.9196472167968750E-03
   24   -0.1367187500000000E-02    0.7897186279296875E-03
   25   -0.2031250000000000E-02    0.8872222900390625E-03
   26   -0.5859375000000000E-03    0.1201095581054688E-02
   27   -0.2324218750000000E-02    0.8390426635742187E-03
   28   -0.7167968750000000E-02    0.9306716918945312E-03
   29   -0.1972656250000000E-02    0.9802627563476564E-03
   30   -0.4062500000000000E-02    0.1058425903320312E-02
   31   -0.4101562500000000E-03    0.8648300170898438E-03
   32   -0.6250000000000000E-03    0.8255004882812500E-03
   33   -0.2578125000000000E-02    0.1097030639648437E-02
   34   -0.7812500000000000E-03    0.8409881591796875E-03
   35    0.3867187500000000E-02    0.1067047119140625E-02
   36    0.3515625000000000E-02    0.1143798828125000E-02
   37   -0.7421875000000000E-03    0.8499145507812500E-03
   38   -0.6640625000000000E-03    0.8771514892578125E-03
   39    0.0000000000000000E+00    0.1089019775390625E-02
   40   -0.2988281250000000E-02    0.7513809204101562E-03
   41   -0.2207031250000000E-02    0.9545516967773437E-03
   42    0.2812500000000000E-02    0.1005554199218750E-02
   43   -0.2382812500000000E-02    0.8029174804687500E-03
   44   -0.1230468750000000E-02    0.9068679809570312E-03
   45    0.2343750000000000E-03    0.8678436279296875E-03
   46    0.1894531250000000E-02    0.8703994750976562E-03
   47   -0.5273437500000000E-02    0.1270599365234375E-02
   48   -0.4882812500000000E-02    0.8757781982421875E-03
   49   -0.9765625000000001E-04    0.9935379028320312E-03
   50   -0.9179687499999999E-03    0.9885787963867187E-03
   51    0.2246093750000000E-02    0.9676742553710937E-03
   52    0.2832031250000000E-02    0.1054878234863281E-02
   53    0.2128906250000000E-02    0.1159782409667969E-02
   54    0.1035156250000000E-02    0.8213424682617188E-03
   55   -0.3085937500000000E-02    0.9819793701171876E-03
   56    0.7890625000000000E-02    0.8400726318359375E-03
   57    0.1816406250000000E-02    0.8803176879882813E-03
   58    0.1757812500000000E-02    0.1059341430664062E-02
   59   -0.2207031250000000E-02    0.9211349487304687E-03
   60   -0.4492187500000000E-02    0.9497833251953125E-03
   61   -0.7617187500000000E-03    0.9378433227539062E-03
   62    0.5351562500000000E-02    0.8208465576171875E-03
   63    0.7988281250000000E-02    0.1200675964355469E-02
   64   -0.1093750000000000E-02    0.8425140380859376E-03
   65    0.3203125000000000E-02    0.1017379760742187E-02
   66   -0.6835937500000000E-03    0.1075935363769531E-02
   67    0.1445312500000000E-02    0.1115493774414063E-02
   68    0.2304687500000000E-02    0.9095764160156250E-03
   69    0.2226562500000000E-02    0.1121826171875000E-02
   70   -0.7617187500000000E-03    0.1004066467285156E-02
   71    0.1210937500000000E-02    0.9209442138671875E-03
   72    0.4648437500000000E-02    0.9323120117187500E-03
   73    0.3164062500000000E-02    0.1022186279296875E-02
   74   -0.2597656250000000E-02    0.9316635131835937E-03
   75   -0.1035156250000000E-02    0.1027870178222656E-02
   76   -0.1835937500000000E-02    0.8441162109375000E-03
   77    0.6250000000000000E-03    0.9952545166015624E-03
   78   -0.5664062500000000E-03    0.9994888305664062E-03
   79   -0.5156250000000000E-02    0.9758758544921875E-03
   80    0.1191406250000000E-02    0.1245918273925781E-02
   81   -0.3535156250000000E-02    0.9188461303710938E-03
   82    0.2636718750000000E-02    0.1013908386230469E-02
   83    0.6250000000000000E-03    0.9702301025390625E-03
   84    0.5078125000000000E-03    0.9673309326171875E-03
   85   -0.5898437500000000E-02    0.9981536865234376E-03
   86   -0.2636718750000000E-02    0.1026878356933594E-02
   87    0.3261718750000000E-02    0.7715225219726562E-03
   88   -0.9375000000000000E-03    0.9101104736328125E-03
   89    0.5175781250000000E-02    0.9515762329101562E-03
   90    0.0000000000000000E+00    0.1009979248046875E-02
   91   -0.1699218750000000E-02    0.1030921936035156E-02
   92   -0.2441406250000000E-02    0.9007644653320312E-03
   93    0.8007812500000000E-03    0.1104087829589844E-02
   94   -0.1757812500000000E-02    0.1100158691406250E-02
   95    0.1210937500000000E-02    0.8119201660156250E-03
   96    0.7617187500000000E-03    0.1004295349121094E-02
   97   -0.7031250000000000E-03    0.1033706665039063E-02
   98    0.3066406250000000E-02    0.8506393432617188E-03
   99   -0.3906250000000000E-04    0.1215972900390625E-02
  100   -0.1113281250000000E-02    0.8964157104492188E-03
