# time =    0.4789
    0    0.1000000000000000E+01    0.1000000000000000E+01
    1    0.1978906250000000E+00    0.3978935241699219E-01
    2    0.5169921875000000E-01    0.3573722839355469E-02
    3    0.1291015625000000E-01    0.1134910583496094E-02
    4    0.7617187500000000E-03    0.8219528198242187E-03
    5   -0.1953125000000000E-04    0.9341812133789062E-03
    6    0.6640625000000000E-03    0.9468078613281250E-03
    7    0.2050781250000000E-02    0.1200675964355469E-02
    8    0.7226562500000000E-03    0.1169853210449219E-02
    9    0.2968750000000000E-02    0.1224822998046875E-02
   10    0.4199218750000000E-02    0.8305740356445312E-03
   11   -0.8593750000000000E-03    0.9664154052734375E-03
   12   -0.1816406250000000E-02    0.9291458129882812E-03
   13   -0.2343750000000000E-02    0.1024780273437500E-02
   14   -0.3144531250000000E-02    0.9517288208007813E-03
   15   -0.3730468750000000E-02    0.9440231323242187E-03
   16   -0.8007812500000000E-03    0.1103324890136719E-02
   17    0.6171875000000000E-02    0.1328659057617188E-02
   18    0.2949218750000000E-02    0.1073036193847656E-02
   19    0.1171875000000000E-02    0.8278656005859375E-03
   20    0.1738281250000000E-02    0.1206092834472656E-02
   21    0.3398437500000000E-02    0.9765625000000000E-03
   22    0.2187500000000000E-02    0.9174346923828125E-03
   23    0.5859375000000000E-03    0.9490966796875000E-03
   24    0.2773437500000000E-02    0.1004562377929687E-02
   25   -0.5078125000000000E-02    0.9466552734375000E-03
   26    0.2480468750000000E-02    0.1046943664550781E-02
   27    0.9179687499999999E-03    0.1101951599121094E-02
   28   -0.2187500000000000E-02    0.7610321044921875E-03
   29   -0.2910156250000000E-02    0.7555770874023437E-03
   30   -0.3886718750000000E-02    0.1299781799316406E-02
   31   -0.2089843750000000E-02    0.9534072875976563E-03
   32   -0.3046875000000000E-02    0.8300781250000000E-03
   33   -0.4023437500000000E-02    0.9102630615234375E-03
   34   -0.2285156250000000E-02    0.1127052307128906E-02
   35   -0.6445312500000000E-03    0.9402084350585937E-03
   36    0.1816406250000000E-02    0.6882858276367188E-03
   37   -0.3574218750000000E-02    0.8403396606445312E-03
   38   -0.8007812500000000E-03    0.8902359008789063E-03
   39   -0.4570312500000000E-02    0.7967376708984376E-03
   40    0.2929687500000000E-03    0.1033744812011719E-02
   41    0.3476562500000000E-02    0.9188842773437500E-03
   42    0.5390625000000000E-02    0.9146118164062500E-03
   43    0.3125000000000000E-02    0.1043701171875000E-02
   44    0.2285156250000000E-02    0.9792709350585937E-03
   45    0.2851562500000000E-02    0.1114044189453125E-02
   46    0.3554687500000000E-02    0.8766174316406250E-03
   47    0.7226562500000000E-03    0.8603286743164063E-03
   48    0.6503906250000000E-02    0.8363723754882812E-03
   49    0.3300781250000000E-02    0.8675765991210938E-03
   50    0.9765625000000000E-03    0.1245880126953125E-02
   51   -0.5937500000000000E-02    0.1248550415039063E-02
   52    0.5761718750000000E-02    0.9520339965820312E-03
   53    0.6953125000000000E-02    0.7216644287109375E-03
   54    0.3515625000000000E-03    0.8753204345703125E-03
   55   -0.4843750000000000E-02    0.1014785766601562E-02
   56   -0.1289062500000000E-02    0.9351348876953124E-03
   57   -0.1503906250000000E-02    0.9068679809570312E-03
   58   -0.2285156250000000E-02    0.1116142272949219E-02
   59    0.1972656250000000E-02    0.9066390991210937E-03
   60    0.7617187500000000E-03    0.8544540405273438E-03
   61    0.5312500000000000E-02    0.8132934570312500E-03
   62   -0.7617187500000000E-03    0.1034278869628906E-02
   63   -0.6054687500000000E-03    0.8962631225585937E-03
   64   -0.4843750000000000E-02    0.8198547363281250E-03
   65   -0.3476562500000000E-02    0.9586334228515625E-03
   66   -0.4199218750000000E-02    0.7944107055664062E-03
   67   -0.2031250000000000E-02    0.1328887939453125E-02
   68   -0.3125000000000000E-02    0.1105346679687500E-02
   69   -0.1308593750000000E-02    0.7954025268554687E-03
   70   -0.3339843750000000E-02    0.8777236938476563E-03
   71   -0.1562500000000000E-03    0.9281921386718750E-03
   72    0.1484375000000000E-02    0.1223907470703125E-02
   73   -0.6386718750000000E-02    0.1150627136230469E-02
   74   -0.4375000000000000E-02    0.7902526855468750E-03
   75    0.1953125000000000E-03    0.8064270019531250E-03
   76   -0.3906250000000000E-03    0.1354370117187500E-02
   77   -0.1015625000000000E-02    0.9674072265625000E-03
   78   -0.2597656250000000E-02    0.8937454223632812E-03
   79   -0.5878906250000000E-02    0.1051139831542969E-02
   80   -0.4960937500000000E-02    0.1081466674804688E-02
   81    0.2773437500000000E-02    0.9632110595703125E-03
   82    0.1757812500000000E-02    0.1017990112304688E-02
   83   -0.7812500000000000E-03    0.8963012695312500E-03
   84   -0.1347656250000000E-02    0.8971023559570312E-03
   85    0.4101562500000000E-03    0.8512496948242188E-03
   86   -0.4589843750000000E-02    0.9447860717773437E-03
   87   -0.4003906250000000E-02    0.1278114318847656E-02
   88    0.2246093750000000E-02    0.1129722595214844E-02
   89    0.3281250000000000E-02    0.7441711425781250E-03
   90    0.1250000000000000E-02    0.1065979003906250E-02
   91   -0.5332031250000000E-02    0.1148567199707031E-02
   92   -0.6250000000000000E-03    0.9891510009765625E-03
   93    0.9375000000000000E-03    0.9630584716796875E-03
   94   -0.2675781250000000E-02    0.9115982055664062E-03
   95    0.2910156250000000E-02    0.1098594665527344E-02
   96    0.1289062500000000E-02    0.9380340576171875E-03
   97   -0.2128906250000000E-02    0.1018562316894531E-02
   98   -0.5566406250000000E-02    0.9383773803710938E-03
   99    0.4492187500000000E-03    0.1145668029785156E-02
  100    0.6875000000000000E-02    0.9696197509765625E-03
