# time =    0.4745
    0    0.1000000000000000E+01    0.1000000000000000E+01
    1    0.2185351562500000E+00    0.4867923736572265E-01
    2    0.6019531250000000E-01    0.4472427368164063E-02
    3    0.1849609375000000E-01    0.1232414245605469E-02
    4    0.1408203125000000E-01    0.1207695007324219E-02
    5    0.3144531250000000E-02    0.1033363342285156E-02
    6    0.1230468750000000E-02    0.8540725708007812E-03
    7    0.1699218750000000E-02    0.8798599243164063E-03
    8    0.1464843750000000E-02    0.8394241333007813E-03
    9    0.1015625000000000E-02    0.9735107421875000E-03
   10   -0.5976562500000000E-02    0.9594726562500000E-03
   11   -0.2343750000000000E-02    0.1008453369140625E-02
   12   -0.6054687500000000E-03    0.1058616638183594E-02
   13   -0.1015625000000000E-02    0.1137313842773437E-02
   14   -0.5800781250000000E-02    0.9054183959960937E-03
   15    0.1699218750000000E-02    0.8015060424804688E-03
   16    0.3144531250000000E-02    0.1094627380371094E-02
   17   -0.4453125000000000E-02    0.1111297607421875E-02
   18    0.8203125000000000E-03    0.8203887939453125E-03
   19   -0.2167968750000000E-02    0.1042747497558594E-02
   20    0.5820312500000000E-02    0.7336425781250000E-03
   21    0.1601562500000000E-02    0.9446716308593749E-03
   22   -0.1328125000000000E-02    0.8320617675781250E-03
   23    0.2832031250000000E-02    0.9291458129882812E-03
   24    0.2148437500000000E-02    0.8082580566406250E-03
   25    0.1816406250000000E-02    0.8887100219726562E-03
   26    0.9960937500000000E-03    0.9947586059570312E-03
   27   -0.1757812500000000E-02    0.1121520996093750E-02
   28   -0.2148437500000000E-03    0.9401321411132812E-03
   29    0.1425781250000000E-02    0.1062812805175781E-02
   30   -0.5390625000000000E-02    0.8892822265625000E-03
   31    0.1171875000000000E-03    0.7759094238281250E-03
   32    0.4101562500000000E-02    0.1100006103515625E-02
   33   -0.5078125000000000E-03    0.8407592773437500E-03
   34   -0.3066406250000000E-02    0.8211898803710938E-03
   35   -0.1230468750000000E-02    0.1083106994628906E-02
   36   -0.4765625000000000E-02    0.1034164428710938E-02
   37   -0.3808593750000000E-02    0.1317100524902344E-02
   38    0.2050781250000000E-02    0.8922958374023437E-03
   39    0.2070312500000000E-02    0.9543609619140625E-03
   40   -0.2148437500000000E-03    0.1109962463378906E-02
   41   -0.8984375000000000E-03    0.1116638183593750E-02
   42   -0.5546875000000000E-02    0.9131622314453125E-03
   43   -0.1367187500000000E-02    0.1070327758789062E-02
   44   -0.2578125000000000E-02    0.9188842773437500E-03
   45    0.1425781250000000E-02    0.1039009094238281E-02
   46   -0.6992187500000000E-02    0.9271240234375000E-03
   47   -0.9765625000000000E-03    0.9397888183593751E-03
   48    0.8046875000000000E-02    0.1144866943359375E-02
   49    0.4843750000000000E-02    0.1052932739257812E-02
   50    0.5761718750000000E-02    0.9479904174804687E-03
   51   -0.4492187500000000E-03    0.8510971069335938E-03
   52    0.1152343750000000E-02    0.1159477233886719E-02
   53   -0.3515625000000000E-02    0.7826995849609375E-03
   54   -0.2421875000000000E-02    0.9035491943359376E-03
   55   -0.2148437500000000E-02    0.8249664306640625E-03
   56   -0.5820312500000000E-02    0.8751678466796875E-03
   57   -0.2480468750000000E-02    0.9046554565429688E-03
   58   -0.3281250000000000E-02    0.9323120117187500E-03
   59    0.2167968750000000E-02    0.1053276062011719E-02
   60    0.4003906250000000E-02    0.1232185363769531E-02
   61   -0.9765625000000001E-04    0.8876419067382812E-03
   62    0.2929687500000000E-03    0.9782028198242188E-03
   63    0.1699218750000000E-02    0.7691574096679687E-03
   64   -0.3144531250000000E-02    0.8504104614257813E-03
   65   -0.5078125000000000E-03    0.8395385742187500E-03
   66    0.1230468750000000E-02    0.9480667114257813E-03
   67   -0.5800781250000000E-02    0.1069221496582031E-02
   68   -0.4140625000000000E-02    0.7698822021484375E-03
   69    0.9765625000000000E-03    0.8748626708984375E-03
   70   -0.5371093750000000E-02    0.8974838256835938E-03
   71   -0.4707031250000000E-02    0.8323287963867187E-03
   72   -0.3378906250000000E-02    0.8600234985351562E-03
   73   -0.2089843750000000E-02    0.1141777038574219E-02
   74   -0.1367187500000000E-02    0.9162902832031250E-03
   75   -0.2246093750000000E-02    0.9739303588867188E-03
   76    0.1699218750000000E-02    0.1123390197753906E-02
   77   -0.3984375000000000E-02    0.1159057617187500E-02
   78    0.3281250000000000E-02    0.7922363281250000E-03
   79    0.7812500000000000E-04    0.9077453613281250E-03
   80   -0.1503906250000000E-02    0.1025428771972656E-02
   81    0.4882812500000000E-03    0.1092948913574219E-02
   82   -0.6640625000000000E-03    0.9474182128906251E-03
   83    0.2343750000000000E-03    0.9386444091796875E-03
   84    0.5175781250000000E-02    0.1191368103027344E-02
   85    0.4160156250000000E-02    0.8490371704101562E-03
   86   -0.7031250000000000E-03    0.8516693115234375E-03
   87   -0.4648437500000000E-02    0.1193389892578125E-02
   88   -0.4843750000000000E-02    0.8612823486328125E-03
   89   -0.3476562500000000E-02    0.8747863769531250E-03
   90    0.2421875000000000E-02    0.1143341064453125E-02
   91   -0.3964843750000000E-02    0.9001541137695312E-03
   92   -0.6250000000000000E-03    0.1002731323242188E-02
   93   -0.2460937500000000E-02    0.1190338134765625E-02
   94    0.2441406250000000E-02    0.9303665161132812E-03
   95    0.2539062500000000E-03    0.1068458557128906E-02
   96   -0.4707031250000000E-02    0.7794570922851563E-03
   97   -0.2226562500000000E-02    0.1082077026367188E-02
   98    0.5644531250000000E-02    0.9296035766601562E-03
   99    0.1757812500000000E-02    0.8383178710937500E-03
  100   -0.1953125000000000E-02    0.1006469726562500E-02
