# time =    0.4733
    0    0.1000000000000000E+01    0.1000000000000000E+01
    1    0.2211328125000000E+00    0.4957656860351563E-01
    2    0.6097656250000000E-01    0.4518661499023437E-02
    3    0.2263671875000000E-01    0.1638145446777344E-02
    4    0.5605468750000000E-02    0.1001853942871094E-02
    5   -0.1953125000000000E-02    0.8280181884765625E-03
    6   -0.6562500000000000E-02    0.7292938232421875E-03
    7    0.5195312500000000E-02    0.8507537841796875E-03
    8   -0.5136718750000000E-02    0.9787368774414062E-03
    9   -0.1679687500000000E-02    0.1224060058593750E-02
   10    0.3906250000000000E-02    0.8865356445312500E-03
   11   -0.1718750000000000E-02    0.1043090820312500E-02
   12   -0.3671875000000000E-02    0.9747314453125000E-03
   13    0.4296875000000000E-03    0.1004791259765625E-02
   14   -0.9375000000000000E-03    0.1136550903320312E-02
   15   -0.5449218750000000E-02    0.1074638366699219E-02
   16   -0.2539062500000000E-02    0.1086502075195312E-02
   17    0.3457031250000000E-02    0.1369819641113281E-02
   18   -0.2363281250000000E-02    0.1139183044433594E-02
   19    0.2968750000000000E-02    0.9495544433593750E-03
   20    0.3378906250000000E-02    0.1044731140136719E-02
   21    0.3476562500000000E-02    0.1213073730468750E-02
   22   -0.2265625000000000E-02    0.8164215087890625E-03
   23    0.1718750000000000E-02    0.1203231811523438E-02
   24    0.1718750000000000E-02    0.9254455566406250E-03
   25    0.1621093750000000E-02    0.1102333068847656E-02
   26    0.7617187500000000E-03    0.7616806030273437E-03
   27    0.5859375000000000E-04    0.8806228637695312E-03
   28   -0.2441406250000000E-02    0.1052818298339844E-02
   29   -0.3691406250000000E-02    0.8866500854492188E-03
   30   -0.3789062500000000E-02    0.1015167236328125E-02
   31   -0.5078125000000000E-03    0.9664154052734375E-03
   32    0.2949218750000000E-02    0.1228141784667969E-02
   33   -0.1757812500000000E-03    0.8387374877929688E-03
   34    0.2460937500000000E-02    0.9223175048828125E-03
   35   -0.5625000000000000E-02    0.9641265869140625E-03
   36    0.3710937500000000E-03    0.9910964965820313E-03
   37    0.1035156250000000E-02    0.8828353881835938E-03
   38   -0.7167968750000000E-02    0.1005210876464844E-02
   39    0.2812500000000000E-02    0.1082305908203125E-02
   40    0.1738281250000000E-02    0.9365463256835937E-03
   41   -0.1035156250000000E-02    0.1091651916503906E-02
   42   -0.2929687500000000E-02    0.8805084228515625E-03
   43    0.3710937500000000E-03    0.5996322631835937E-03
   44    0.1074218750000000E-02    0.9714889526367187E-03
   45   -0.2929687500000000E-03    0.1024208068847656E-02
   46    0.7226562500000000E-03    0.1060066223144531E-02
   47   -0.2441406250000000E-02    0.1077613830566406E-02
   48   -0.2148437500000000E-02    0.9304046630859375E-03
   49   -0.4687500000000000E-03    0.1103134155273438E-02
   50   -0.4941406250000000E-02    0.8536148071289063E-03
   51    0.1640625000000000E-02    0.7540893554687500E-03
   52    0.4960937500000000E-02    0.8045959472656250E-03
   53    0.3339843750000000E-02    0.6470108032226563E-03
   54   -0.5312500000000000E-02    0.9314727783203125E-03
   55   -0.4843750000000000E-02    0.8350372314453125E-03
   56   -0.4140625000000000E-02    0.9618377685546874E-03
   57   -0.4433593750000000E-02    0.1210899353027344E-02
   58   -0.6953125000000000E-02    0.9565734863281250E-03
   59   -0.4257812500000000E-02    0.9471130371093750E-03
   60   -0.3515625000000000E-02    0.9037017822265625E-03
   61    0.9765625000000000E-03    0.1063308715820313E-02
   62    0.9179687499999999E-03    0.1196403503417969E-02
   63    0.2656250000000000E-02    0.1235580444335937E-02
   64   -0.9179687499999999E-03    0.1070823669433594E-02
   65   -0.5527343750000000E-02    0.1037178039550781E-02
   66    0.1445312500000000E-02    0.1118392944335938E-02
   67    0.4316406250000000E-02    0.9057998657226562E-03
   68    0.4843750000000000E-02    0.9815979003906250E-03
   69   -0.8984375000000000E-03    0.1014328002929687E-02
   70    0.5449218750000000E-02    0.1277503967285156E-02
   71    0.9765625000000001E-04    0.9758377075195313E-03
   72    0.1406250000000000E-02    0.8979034423828125E-03
   73    0.8417968749999999E-02    0.8989334106445313E-03
   74    0.1718750000000000E-02    0.9783935546875001E-03
   75    0.6015625000000000E-02    0.1151885986328125E-02
   76   -0.4726562500000000E-02    0.1015319824218750E-02
   77   -0.3261718750000000E-02    0.9331130981445313E-03
   78   -0.1386718750000000E-02    0.9971237182617187E-03
   79   -0.3476562500000000E-02    0.1153564453125000E-02
   80   -0.2480468750000000E-02    0.8951950073242187E-03
   81   -0.3769531250000000E-02    0.9625625610351563E-03
   82   -0.9375000000000000E-03    0.9825134277343750E-03
   83    0.1347656250000000E-02    0.1146965026855469E-02
   84    0.6171875000000000E-02    0.9506988525390625E-03
   85   -0.2363281250000000E-02    0.1119117736816406E-02
   86    0.2714843750000000E-02    0.1335868835449219E-02
   87    0.2324218750000000E-02    0.9550094604492187E-03
   88    0.3710937500000000E-03    0.1144523620605469E-02
   89   -0.4804687500000000E-02    0.1109619140625000E-02
   90    0.6445312500000000E-03    0.8459091186523438E-03
   91    0.2343750000000000E-02    0.8423614501953125E-03
   92    0.3769531250000000E-02    0.8522415161132812E-03
   93    0.5058593750000000E-02    0.1014060974121094E-02
   94    0.5878906250000000E-02    0.9585189819335938E-03
   95    0.4335937500000000E-02    0.9061431884765625E-03
   96   -0.1171875000000000E-03    0.9603118896484375E-03
   97   -0.2011718750000000E-02    0.1046485900878906E-02
   98    0.9960937500000000E-03    0.9586715698242188E-03
   99   -0.5273437500000000E-02    0.8694458007812500E-03
  100   -0.1953125000000000E-04    0.1182975769042969E-02
