# time =    0.4555
    0    0.1000000000000000E+01    0.1000000000000000E+01
    1    0.2675781250000000E+00    0.7225929260253906E-01
    2    0.8257812500000000E-01    0.7788162231445312E-02
    3    0.2763671875000000E-01    0.1701927185058594E-02
    4    0.9667968750000000E-02    0.1196174621582031E-02
    5    0.8007812499999999E-02    0.9944152832031250E-03
    6    0.4687500000000000E-02    0.1077651977539062E-02
    7    0.8007812500000000E-03    0.8967971801757813E-03
    8    0.9179687499999999E-03    0.7932662963867187E-03
    9    0.9375000000000000E-03    0.1052932739257812E-02
   10    0.4511718750000000E-02    0.1095848083496094E-02
   11   -0.1933593750000000E-02    0.8570480346679687E-03
   12    0.7226562500000000E-03    0.8733749389648437E-03
   13   -0.6835937500000000E-03    0.8639907836914063E-03
   14    0.1425781250000000E-02    0.8390426635742187E-03
   15    0.8105468750000001E-02    0.1061897277832031E-02
   16   -0.3769531250000000E-02    0.9024429321289062E-03
   17    0.4082031250000000E-02    0.1056480407714844E-02
   18    0.1562500000000000E-03    0.7852172851562500E-03
   19    0.6406250000000000E-02    0.9700775146484375E-03
   20    0.2500000000000000E-02    0.8730316162109376E-03
   21    0.1855468750000000E-02    0.7593154907226563E-03
   22   -0.2011718750000000E-02    0.7351303100585938E-03
   23    0.3906250000000000E-04    0.7890319824218750E-03
   24    0.2324218750000000E-02    0.1008186340332031E-02
   25   -0.3261718750000000E-02    0.8144760131835937E-03
   26   -0.1562500000000000E-02    0.1205673217773438E-02
   27    0.5605468750000000E-02    0.1046943664550781E-02
   28    0.3320312500000000E-03    0.1017723083496094E-02
   29   -0.2207031250000000E-02    0.6567001342773438E-03
   30    0.3515625000000000E-03    0.7991027832031250E-03
   31   -0.7031250000000000E-03    0.1037979125976563E-02
   32   -0.3183593750000000E-02    0.9206008911132813E-03
   33   -0.2207031250000000E-02    0.1214332580566406E-02
   34    0.3242187500000000E-02    0.8837890625000000E-03
   35    0.1953125000000000E-02    0.7053375244140625E-03
   36    0.3261718750000000E-02    0.7233810424804687E-03
   37    0.4843750000000000E-02    0.9344482421875000E-03
   38    0.8593750000000000E-03    0.1088256835937500E-02
   39   -0.1738281250000000E-02    0.1022224426269531E-02
   40   -0.9960937500000000E-03    0.9576797485351563E-03
   41   -0.1191406250000000E-02    0.8403396606445312E-03
   42   -0.3183593750000000E-02    0.1086006164550781E-02
   43   -0.4687500000000000E-03    0.1145248413085938E-02
   44   -0.1835937500000000E-02    0.1204681396484375E-02
   45   -0.6035156250000000E-02    0.9544754028320313E-03
   46   -0.1699218750000000E-02    0.9641647338867188E-03
   47    0.2851562500000000E-02    0.8728027343750000E-03
   48   -0.6054687500000000E-03    0.7822036743164063E-03
   49   -0.1660156250000000E-02    0.9821701049804689E-03
   50   -0.8789062500000000E-02    0.7774353027343750E-03
   51   -0.5078125000000000E-03    0.1104354858398438E-02
   52   -0.3144531250000000E-02    0.1157493591308594E-02
   53   -0.4023437500000000E-02    0.1350097656250000E-02
   54   -0.6699218750000000E-02    0.8924484252929687E-03
   55    0.1699218750000000E-02    0.7953262329101563E-03
   56    0.1757812500000000E-02    0.7943725585937500E-03
   57   -0.2480468750000000E-02    0.8358383178710938E-03
   58   -0.2734375000000000E-02    0.1175231933593750E-02
   59    0.3261718750000000E-02    0.1032371520996094E-02
   60   -0.2890625000000000E-02    0.7881164550781250E-03
   61   -0.3886718750000000E-02    0.9281539916992188E-03
   62    0.1796875000000000E-02    0.7765197753906250E-03
   63   -0.1953125000000000E-02    0.7684326171875000E-03
   64    0.2734375000000000E-03    0.1112823486328125E-02
   65   -0.4589843750000000E-02    0.1047554016113281E-02
   66    0.2753906250000000E-02    0.1042518615722656E-02
   67   -0.3320312500000000E-03    0.1090583801269531E-02
   68    0.4687500000000000E-03    0.1325683593750000E-02
   69    0.1523437500000000E-02    0.1151123046875000E-02
   70    0.3828125000000000E-02    0.1073455810546875E-02
   71    0.9179687499999999E-03    0.8990859985351562E-03
   72    0.4667968750000000E-02    0.1052742004394531E-02
   73    0.3457031250000000E-02    0.1007118225097656E-02
   74   -0.2734375000000000E-03    0.7688140869140625E-03
   75   -0.4316406250000000E-02    0.9473037719726563E-03
   76   -0.1425781250000000E-02    0.1035957336425781E-02
   77   -0.1152343750000000E-02    0.9244918823242187E-03
   78   -0.2343750000000000E-03    0.8629608154296875E-03
   79   -0.2304687500000000E-02    0.1071243286132812E-02
   80   -0.1855468750000000E-02    0.8420181274414062E-03
   81   -0.9960937500000000E-03    0.8913803100585937E-03
   82    0.3535156250000000E-02    0.1055717468261719E-02
   83   -0.2929687500000000E-03    0.1145362854003906E-02
   84   -0.1523437500000000E-02    0.1205062866210937E-02
   85    0.3046875000000000E-02    0.1050033569335937E-02
   86   -0.4472656250000000E-02    0.8843612670898438E-03
   87   -0.1894531250000000E-02    0.1012382507324219E-02
   88   -0.2109375000000000E-02    0.9976959228515626E-03
   89   -0.3359375000000000E-02    0.1240615844726563E-02
   90   -0.6347656250000000E-02    0.8395767211914063E-03
   91   -0.2519531250000000E-02    0.9776687622070313E-03
   92   -0.6835937500000000E-03    0.9134292602539062E-03
   93    0.1855468750000000E-02    0.9943771362304688E-03
   94   -0.2519531250000000E-02    0.1048545837402344E-02
   95   -0.3320312500000000E-03    0.1112785339355469E-02
   96   -0.6582031250000000E-02    0.9795761108398438E-03
   97   -0.4902343750000000E-02    0.1314888000488281E-02
   98    0.3925781250000000E-02    0.1025505065917969E-02
   99   -0.2890625000000000E-02    0.9602355957031250E-03
  100   -0.1250000000000000E-02    0.8044433593750000E-03
