# time =    0.4643
    0    0.1000000000000000E+01    0.1000000000000000E+01
    1    0.1979492187500000E+00    0.4022853851318359E-01
    2    0.4572265625000000E-01    0.3313636779785156E-02
    3    0.1103515625000000E-01    0.1262474060058594E-02
    4   -0.7812500000000000E-03    0.1107101440429688E-02
    5   -0.3906250000000000E-03    0.7632446289062500E-03
    6   -0.3222656250000000E-02    0.1043357849121094E-02
    7    0.3710937500000000E-03    0.7712936401367187E-03
    8    0.4863281250000000E-02    0.9680557250976563E-03
    9   -0.1250000000000000E-02    0.9329223632812500E-03
   10   -0.4277343750000000E-02    0.1024055480957031E-02
   11   -0.8007812500000000E-03    0.8153915405273438E-03
   12   -0.2988281250000000E-02    0.1187858581542969E-02
   13   -0.2656250000000000E-02    0.8779144287109374E-03
   14   -0.3906250000000000E-04    0.8039093017578125E-03
   15   -0.2578125000000000E-02    0.7681274414062501E-03
   16    0.3007812500000000E-02    0.8803558349609375E-03
   17    0.7226562500000000E-03    0.1281929016113281E-02
   18   -0.7656250000000000E-02    0.9849548339843750E-03
   19    0.2812500000000000E-02    0.7977294921875000E-03
   20    0.7812500000000000E-03    0.8435821533203124E-03
   21    0.4628906250000000E-02    0.9680557250976563E-03
   22   -0.5859375000000000E-04    0.9347152709960938E-03
   23   -0.3515625000000000E-03    0.9745025634765625E-03
   24   -0.8398437500000000E-03    0.8292770385742187E-03
   25   -0.1074218750000000E-02    0.9231185913085938E-03
   26   -0.3496093750000000E-02    0.7941055297851562E-03
   27   -0.6972656250000000E-02    0.1307716369628906E-02
   28   -0.4335937500000000E-02    0.9658050537109375E-03
   29   -0.1171875000000000E-03    0.7896423339843750E-03
   30   -0.4257812500000000E-02    0.9368896484375000E-03
   31    0.9765625000000001E-04    0.9839248657226563E-03
   32   -0.4804687500000000E-02    0.1084060668945313E-02
   33   -0.2207031250000000E-02    0.9662246704101562E-03
   34    0.1933593750000000E-02    0.1072120666503906E-02
   35    0.1914062500000000E-02    0.9545898437500000E-03
   36   -0.2460937500000000E-02    0.1127929687500000E-02
   37   -0.2148437500000000E-02    0.1184082031250000E-02
   38    0.1953125000000000E-02    0.8043670654296876E-03
   39    0.2773437500000000E-02    0.8964538574218750E-03
   40    0.1093750000000000E-02    0.7379150390625000E-03
   41    0.1035156250000000E-02    0.9576797485351563E-03
   42   -0.4199218750000000E-02    0.1020927429199219E-02
   43   -0.2988281250000000E-02    0.1099967956542969E-02
   44   -0.2246093750000000E-02    0.6951522827148437E-03
   45    0.5976562500000000E-02    0.8174896240234375E-03
   46   -0.1328125000000000E-02    0.9095001220703125E-03
   47   -0.4355468750000000E-02    0.1126594543457031E-02
   48    0.3046875000000000E-02    0.1282119750976563E-02
   49    0.3964843750000000E-02    0.1054191589355469E-02
   50   -0.1210937500000000E-02    0.8393096923828125E-03
   51   -0.2636718750000000E-02    0.8243179321289063E-03
   52   -0.2304687500000000E-02    0.8507537841796875E-03
   53   -0.9179687500000000E-02    0.9895324707031249E-03
   54   -0.4980468750000000E-02    0.9550857543945313E-03
   55   -0.7929687499999999E-02    0.1369247436523437E-02
   56   -0.2050781250000000E-02    0.9873580932617187E-03
   57   -0.5664062500000000E-02    0.9881591796875001E-03
   58   -0.3886718750000000E-02    0.9600448608398437E-03
   59   -0.9960937500000000E-03    0.9315872192382813E-03
   60   -0.1933593750000000E-02    0.8823013305664062E-03
   61   -0.1230468750000000E-02    0.9259414672851562E-03
   62   -0.2480468750000000E-02    0.1070213317871094E-02
   63   -0.2714843750000000E-02    0.1049690246582031E-02
   64   -0.6835937500000000E-03    0.1052513122558594E-02
   65   -0.2187500000000000E-02    0.8895111083984375E-03
   66    0.4648437500000000E-02    0.8504486083984375E-03
   67   -0.3046875000000000E-02    0.1021804809570313E-02
   68   -0.2597656250000000E-02    0.1173362731933594E-02
   69   -0.9765625000000000E-03    0.1093444824218750E-02
   70    0.4238281250000000E-02    0.8975601196289062E-03
   71    0.5781250000000000E-02    0.1211242675781250E-02
   72    0.2382812500000000E-02    0.1014022827148437E-02
   73   -0.1542968750000000E-02    0.1034660339355469E-02
   74   -0.9960937500000000E-03    0.9515762329101562E-03
   75   -0.5800781250000000E-02    0.1157493591308594E-02
   76    0.1230468750000000E-02    0.9371566772460937E-03
   77   -0.1953125000000000E-03    0.1067810058593750E-02
   78   -0.1562500000000000E-03    0.8359527587890624E-03
   79   -0.3750000000000000E-02    0.9226226806640626E-03
   80   -0.7812500000000000E-03    0.9447479248046875E-03
   81   -0.1250000000000000E-02    0.1094894409179687E-02
   82    0.4785156250000000E-02    0.8179092407226562E-03
   83    0.1738281250000000E-02    0.1040611267089844E-02
   84    0.6738281250000000E-02    0.1151313781738281E-02
   85   -0.1953125000000000E-04    0.1091575622558594E-02
   86   -0.1718750000000000E-02    0.9596252441406250E-03
   87    0.8789062500000000E-03    0.9829330444335938E-03
   88   -0.2558593750000000E-02    0.8381271362304688E-03
   89   -0.8593750000000000E-03    0.7318878173828126E-03
   90    0.9765625000000000E-03    0.8735656738281250E-03
   91    0.1757812500000000E-02    0.9629821777343750E-03
   92   -0.2480468750000000E-02    0.9656906127929688E-03
   93   -0.3046875000000000E-02    0.9469604492187500E-03
   94    0.3496093750000000E-02    0.7486343383789062E-03
   95   -0.9765625000000000E-03    0.9725189208984375E-03
   96    0.8593750000000000E-03    0.7128906250000000E-03
   97   -0.1796875000000000E-02    0.9053039550781250E-03
   98    0.7812500000000000E-04    0.9616851806640625E-03
   99   -0.5117187500000000E-02    0.1224899291992188E-02
  100   -0.8789062500000000E-03    0.9328842163085938E-03
