# time =    0.4666
    0    0.1000000000000000E+01    0.1000000000000000E+01
    1    0.2700976562500000E+00    0.7365581512451172E-01
    2    0.9296875000000000E-01    0.9488372802734376E-02
    3    0.3750000000000000E-01    0.2535324096679688E-02
    4    0.1951171875000000E-01    0.1622581481933594E-02
    5    0.9316406249999999E-02    0.1028022766113281E-02
    6    0.2578125000000000E-02    0.8405303955078125E-03
    7    0.1582031250000000E-02    0.9833145141601562E-03
    8    0.8398437500000000E-03    0.1088829040527344E-02
    9   -0.1074218750000000E-02    0.9920120239257813E-03
   10    0.2812500000000000E-02    0.1144256591796875E-02
   11    0.2402343750000000E-02    0.9522628784179687E-03
   12    0.5468750000000000E-02    0.9756469726562500E-03
   13   -0.3886718750000000E-02    0.1061897277832031E-02
   14   -0.2441406250000000E-02    0.8747482299804688E-03
   15   -0.2421875000000000E-02    0.1060562133789062E-02
   16    0.4082031250000000E-02    0.9583663940429687E-03
   17   -0.2167968750000000E-02    0.1035499572753906E-02
   18   -0.2402343750000000E-02    0.1085853576660156E-02
   19   -0.2929687500000000E-03    0.1123924255371094E-02
   20   -0.2578125000000000E-02    0.1130294799804688E-02
   21   -0.5664062500000000E-03    0.8912277221679687E-03
   22    0.2832031250000000E-02    0.1095085144042969E-02
   23    0.1386718750000000E-02    0.8153915405273438E-03
   24    0.1308593750000000E-02    0.8430099487304688E-03
   25    0.5468750000000001E-03    0.8731842041015625E-03
   26    0.9765625000000001E-04    0.8390426635742187E-03
   27   -0.2988281250000000E-02    0.1046485900878906E-02
   28    0.2539062500000000E-03    0.1030235290527344E-02
   29   -0.9960937500000000E-03    0.1068153381347656E-02
   30    0.5664062500000000E-03    0.9343338012695313E-03
   31    0.4140625000000000E-02    0.1401519775390625E-02
   32   -0.1660156250000000E-02    0.1093101501464844E-02
   33    0.4980468750000000E-02    0.9560775756835937E-03
   34    0.8593750000000000E-03    0.7013702392578126E-03
   35    0.3300781250000000E-02    0.9759140014648438E-03
   36    0.2343750000000000E-02    0.9874725341796876E-03
   37   -0.1953125000000000E-03    0.8816528320312500E-03
   38    0.1503906250000000E-02    0.8501815795898438E-03
   39   -0.4589843750000000E-02    0.1158866882324219E-02
   40   -0.1542968750000000E-02    0.9675216674804687E-03
   41    0.4492187500000000E-03    0.8450698852539063E-03
   42   -0.3710937500000000E-03    0.8254623413085937E-03
   43    0.5664062500000000E-03    0.1334190368652344E-02
   44   -0.3046875000000000E-02    0.1172409057617187E-02
   45   -0.8457031250000000E-02    0.1149559020996094E-02
   46   -0.4550781250000000E-02    0.1318855285644531E-02
   47   -0.2050781250000000E-02    0.1177330017089844E-02
   48   -0.3632812500000000E-02    0.8554840087890625E-03
   49    0.6835937500000000E-03    0.9294509887695313E-03
   50    0.5078125000000000E-03    0.1024703979492188E-02
   51    0.3554687500000000E-02    0.1176681518554687E-02
   52    0.1855468750000000E-02    0.1198921203613281E-02
   53   -0.1562500000000000E-03    0.9874725341796876E-03
   54    0.4687500000000000E-03    0.9757995605468750E-03
   55   -0.2558593750000000E-02    0.9031295776367188E-03
   56   -0.6250000000000000E-03    0.7602691650390625E-03
   57   -0.2167968750000000E-02    0.1044044494628906E-02
   58    0.2167968750000000E-02    0.8644485473632813E-03
   59    0.1933593750000000E-02    0.9688186645507812E-03
   60   -0.4296875000000000E-03    0.1016006469726562E-02
   61   -0.1914062500000000E-02    0.9286499023437500E-03
   62    0.1328125000000000E-02    0.1178283691406250E-02
   63   -0.1445312500000000E-02    0.8557891845703125E-03
   64    0.2734375000000000E-03    0.9500885009765625E-03
   65    0.1171875000000000E-03    0.1020889282226563E-02
   66   -0.2539062500000000E-03    0.9044265747070313E-03
   67   -0.1230468750000000E-02    0.1058464050292969E-02
   68    0.2890625000000000E-02    0.1387252807617188E-02
   69    0.3281250000000000E-02    0.8436584472656250E-03
   70    0.1855468750000000E-02    0.9978103637695312E-03
   71    0.7031250000000000E-03    0.1074905395507812E-02
   72    0.3906250000000000E-04    0.1199645996093750E-02
   73   -0.9179687499999999E-03    0.1064109802246094E-02
   74    0.1191406250000000E-02    0.9035110473632812E-03
   75    0.1406250000000000E-02    0.8390045166015625E-03
   76    0.6640625000000000E-02    0.9672546386718750E-03
   77    0.6894531250000000E-02    0.8938217163085938E-03
   78    0.4160156250000000E-02    0.1053657531738281E-02
   79   -0.8007812500000000E-03    0.8673477172851563E-03
   80   -0.2460937500000000E-02    0.1184234619140625E-02
   81   -0.4726562500000000E-02    0.9870910644531250E-03
   82   -0.1191406250000000E-02    0.9218978881835937E-03
   83   -0.1171875000000000E-03    0.9838867187500001E-03
   84    0.2050781250000000E-02    0.9386825561523437E-03
   85    0.1171875000000000E-03    0.1024475097656250E-02
   86    0.5214843750000000E-02    0.1124076843261719E-02
   87    0.3066406250000000E-02    0.7938766479492188E-03
   88   -0.1464843750000000E-02    0.1114921569824219E-02
   89    0.3964843750000000E-02    0.8221817016601563E-03
   90    0.1699218750000000E-02    0.9955978393554688E-03
   91    0.3144531250000000E-02    0.7368850708007812E-03
   92   -0.4101562500000000E-03    0.9899520874023437E-03
   93    0.3281250000000000E-02    0.8103179931640625E-03
   94    0.6054687500000000E-03    0.1144065856933594E-02
   95   -0.3906250000000000E-03    0.1086349487304687E-02
   96   -0.1503906250000000E-02    0.1106681823730469E-02
   97   -0.3710937500000000E-03    0.1055412292480469E-02
   98    0.1230468750000000E-02    0.1044960021972656E-02
   99    0.1445312500000000E-02    0.8204650878906250E-03
  100    0.9570312500000000E-03    0.9624862670898438E-03
