# time =    0.4749
    0    0.1000000000000000E+01    0.1000000000000000E+01
    1    0.2350585937500000E+00    0.5597553253173828E-01
    2    0.6513671875000000E-01    0.5068855285644531E-02
    3    0.1380859375000000E-01    0.1028327941894531E-02
    4    0.4472656250000000E-02    0.8566665649414062E-03
    5    0.5292968750000000E-02    0.9055709838867187E-03
    6    0.1367187500000000E-03    0.9270858764648438E-03
    7    0.2246093750000000E-02    0.1134605407714844E-02
    8   -0.1582031250000000E-02    0.1036186218261719E-02
    9   -0.3046875000000000E-02    0.8820343017578125E-03
   10   -0.4375000000000000E-02    0.1120452880859375E-02
   11   -0.1171875000000000E-03    0.8171081542968750E-03
   12    0.3242187500000000E-02    0.9629058837890625E-03
   13   -0.4980468750000000E-02    0.1111106872558594E-02
   14   -0.6835937500000000E-03    0.7580947875976562E-03
   15   -0.5449218750000000E-02    0.8004379272460938E-03
   16   -0.3730468750000000E-02    0.8052444458007813E-03
   17    0.9121093750000000E-02    0.1003150939941406E-02
   18    0.5488281250000000E-02    0.9515762329101562E-03
   19    0.6835937500000000E-03    0.7790756225585937E-03
   20    0.1972656250000000E-02    0.1021232604980469E-02
   21    0.4492187500000000E-03    0.8547592163085937E-03
   22   -0.2109375000000000E-02    0.9486389160156250E-03
   23   -0.1171875000000000E-03    0.9622955322265625E-03
   24   -0.3867187500000000E-02    0.9071350097656250E-03
   25    0.1308593750000000E-02    0.9405899047851562E-03
   26   -0.1699218750000000E-02    0.8676528930664062E-03
   27   -0.2070312500000000E-02    0.8988952636718749E-03
   28    0.2890625000000000E-02    0.9130859375000001E-03
   29    0.4785156250000000E-02    0.9051895141601562E-03
   30    0.4199218750000000E-02    0.6876754760742188E-03
   31   -0.2265625000000000E-02    0.8266448974609375E-03
   32    0.4277343750000000E-02    0.9675216674804687E-03
   33    0.3652343750000000E-02    0.1161003112792969E-02
   34    0.1347656250000000E-02    0.9372329711914062E-03
   35    0.3808593750000000E-02    0.9087753295898437E-03
   36    0.4472656250000000E-02    0.1189689636230469E-02
   37   -0.1699218750000000E-02    0.9967422485351563E-03
   38   -0.2148437500000000E-02    0.9065246582031249E-03
   39    0.6445312500000000E-03    0.7997512817382813E-03
   40    0.2890625000000000E-02    0.9956359863281250E-03
   41    0.3710937500000000E-02    0.8803558349609375E-03
   42    0.2734375000000000E-02    0.1068496704101563E-02
   43   -0.4902343750000000E-02    0.9479904174804687E-03
   44   -0.4101562500000000E-02    0.1114044189453125E-02
   45   -0.6152343750000000E-02    0.7164382934570313E-03
   46   -0.1347656250000000E-02    0.8169174194335938E-03
   47    0.3125000000000000E-02    0.1148757934570312E-02
   48    0.4042968750000000E-02    0.1069297790527344E-02
   49   -0.3515625000000000E-03    0.8895111083984375E-03
   50   -0.1835937500000000E-02    0.9071350097656250E-03
   51    0.1894531250000000E-02    0.9139633178710938E-03
   52    0.1816406250000000E-02    0.8724594116210938E-03
   53   -0.3671875000000000E-02    0.6386566162109375E-03
   54    0.3007812500000000E-02    0.7679748535156250E-03
   55   -0.5859375000000000E-04    0.1026344299316406E-02
   56   -0.1718750000000000E-02    0.8419799804687500E-03
   57    0.3437500000000000E-02    0.7830047607421875E-03
   58    0.9960937500000000E-03    0.8626937866210938E-03
   59    0.4492187500000000E-03    0.8353042602539062E-03
   60   -0.1992187500000000E-02    0.7891845703125000E-03
   61   -0.3828125000000000E-02    0.9561157226562499E-03
   62   -0.2304687500000000E-02    0.1127929687500000E-02
   63   -0.3476562500000000E-02    0.9962463378906251E-03
   64   -0.7812500000000000E-03    0.1007843017578125E-02
   65   -0.1757812500000000E-03    0.1131782531738281E-02
   66   -0.4570312500000000E-02    0.9973907470703124E-03
   67    0.2539062500000000E-02    0.9727478027343750E-03
   68    0.2539062500000000E-03    0.8754348754882813E-03
   69   -0.8593750000000000E-03    0.1325073242187500E-02
   70   -0.2656250000000000E-02    0.9622955322265625E-03
   71    0.1679687500000000E-02    0.9595489501953125E-03
   72   -0.7617187500000000E-03    0.9073257446289062E-03
   73    0.3906250000000000E-04    0.1287460327148438E-02
   74   -0.4882812500000000E-03    0.1036109924316406E-02
   75   -0.2734375000000000E-02    0.1124267578125000E-02
   76   -0.9960937500000000E-03    0.1121788024902344E-02
   77    0.2070312500000000E-02    0.1295928955078125E-02
   78    0.2753906250000000E-02    0.1020851135253906E-02
   79    0.7226562500000000E-03    0.1043510437011719E-02
   80    0.2656250000000000E-02    0.8940887451171875E-03
   81   -0.9570312500000000E-03    0.8137130737304688E-03
   82    0.1894531250000000E-02    0.1089820861816406E-02
   83    0.3183593750000000E-02    0.1027259826660156E-02
   84   -0.2832031250000000E-02    0.1243705749511719E-02
   85    0.6640625000000000E-02    0.1038742065429688E-02
   86   -0.1054687500000000E-02    0.1028213500976563E-02
   87    0.7031250000000000E-03    0.1057662963867187E-02
   88   -0.2050781250000000E-02    0.8235549926757812E-03
   89    0.4667968750000000E-02    0.9492874145507812E-03
   90    0.1777343750000000E-02    0.9965896606445312E-03
   91   -0.1601562500000000E-02    0.1055221557617188E-02
   92    0.2636718750000000E-02    0.9019851684570312E-03
   93   -0.4160156250000000E-02    0.1059226989746094E-02
   94    0.2734375000000000E-03    0.1190490722656250E-02
   95    0.6601562500000000E-02    0.9836578369140626E-03
   96   -0.5019531250000000E-02    0.8684158325195313E-03
   97   -0.1191406250000000E-02    0.8224105834960938E-03
   98   -0.2792968750000000E-02    0.1297416687011719E-02
   99    0.3125000000000000E-02    0.7978057861328124E-03
  100    0.5605468750000000E-02    0.9372329711914062E-03
