# time =    0.4682
    0    0.1000000000000000E+01    0.1000000000000000E+01
    1    0.2346679687500000E+00    0.5592044830322265E-01
    2    0.5388671875000000E-01    0.3486137390136719E-02
    3    0.1324218750000000E-01    0.1174163818359375E-02
    4   -0.5859375000000000E-04    0.8733749389648437E-03
    5   -0.1328125000000000E-02    0.8385467529296875E-03
    6   -0.1113281250000000E-02    0.6415939331054687E-03
    7    0.2011718750000000E-02    0.7809829711914062E-03
    8    0.9765625000000001E-04    0.9035110473632812E-03
    9   -0.1582031250000000E-02    0.1042976379394531E-02
   10   -0.7031250000000000E-03    0.9944152832031250E-03
   11    0.1972656250000000E-02    0.9444046020507812E-03
   12    0.3769531250000000E-02    0.1134605407714844E-02
   13    0.6250000000000000E-03    0.8429718017578125E-03
   14   -0.4394531250000000E-02    0.1130027770996094E-02
   15   -0.1308593750000000E-02    0.9428787231445312E-03
   16    0.1738281250000000E-02    0.9631729125976563E-03
   17   -0.4394531250000000E-02    0.1062355041503906E-02
   18   -0.3203125000000000E-02    0.1318283081054687E-02
   19    0.3085937500000000E-02    0.1103744506835937E-02
   20   -0.1953125000000000E-02    0.1030273437500000E-02
   21    0.9765625000000001E-04    0.8250808715820312E-03
   22    0.3085937500000000E-02    0.9198760986328124E-03
   23   -0.1132812500000000E-02    0.1015853881835938E-02
   24    0.5273437500000000E-02    0.1065826416015625E-02
   25    0.1679687500000000E-02    0.9224700927734375E-03
   26    0.7617187500000000E-03    0.1060295104980469E-02
   27   -0.1875000000000000E-02    0.1268157958984375E-02
   28    0.3710937500000000E-03    0.8651351928710937E-03
   29    0.4492187500000000E-03    0.9642410278320313E-03
   30   -0.1171875000000000E-03    0.8922576904296875E-03
   31    0.2246093750000000E-02    0.9643173217773437E-03
   32    0.1562500000000000E-02    0.8786773681640625E-03
   33    0.4589843750000000E-02    0.1035804748535156E-02
   34    0.6054687500000000E-03    0.1342735290527344E-02
   35   -0.2597656250000000E-02    0.1096076965332031E-02
   36   -0.3046875000000000E-02    0.9593963623046875E-03
   37    0.1757812500000000E-03    0.7746505737304687E-03
   38   -0.1406250000000000E-02    0.9452819824218750E-03
   39    0.1132812500000000E-02    0.1073379516601562E-02
   40   -0.2753906250000000E-02    0.8950424194335937E-03
   41   -0.1328125000000000E-02    0.9416961669921876E-03
   42    0.2441406250000000E-02    0.1090126037597656E-02
   43    0.1894531250000000E-02    0.9252548217773438E-03
   44    0.1875000000000000E-02    0.1016845703125000E-02
   45    0.1542968750000000E-02    0.9377670288085938E-03
   46    0.4921875000000000E-02    0.1062011718750000E-02
   47   -0.3417968750000000E-02    0.1103858947753906E-02
   48   -0.3847656250000000E-02    0.1080055236816406E-02
   49   -0.1035156250000000E-02    0.1099662780761719E-02
   50    0.1269531250000000E-02    0.9508132934570312E-03
   51    0.2968750000000000E-02    0.8931732177734374E-03
   52    0.5292968750000000E-02    0.1065406799316406E-02
   53   -0.6835937500000000E-03    0.1028404235839844E-02
   54    0.1660156250000000E-02    0.8826828002929687E-03
   55    0.3730468750000000E-02    0.9759140014648438E-03
   56   -0.1074218750000000E-02    0.9727096557617188E-03
   57    0.2773437500000000E-02    0.1126708984375000E-02
   58   -0.6250000000000000E-03    0.1282424926757813E-02
   59    0.0000000000000000E+00    0.1057815551757813E-02
   60    0.2207031250000000E-02    0.1008110046386719E-02
   61   -0.5097656250000000E-02    0.9910964965820313E-03
   62   -0.1015625000000000E-02    0.1205368041992188E-02
   63   -0.2011718750000000E-02    0.1280403137207031E-02
   64    0.9179687499999999E-03    0.8620071411132812E-03
   65    0.3906250000000000E-04    0.9804534912109374E-03
   66    0.5273437500000000E-03    0.1135597229003906E-02
   67    0.2148437500000000E-03    0.9045791625976562E-03
   68   -0.2480468750000000E-02    0.1201515197753906E-02
   69   -0.2675781250000000E-02    0.6874465942382813E-03
   70   -0.1640625000000000E-02    0.8792877197265625E-03
   71    0.4531250000000000E-02    0.8959960937500000E-03
   72    0.8203125000000000E-03    0.1242294311523438E-02
   73    0.3730468750000000E-02    0.7528305053710937E-03
   74    0.4746093750000000E-02    0.1098899841308594E-02
   75   -0.7031250000000000E-03    0.9349822998046875E-03
   76    0.4394531250000000E-02    0.9873580932617187E-03
   77    0.6074218750000000E-02    0.1003456115722656E-02
   78    0.2773437500000000E-02    0.9974670410156251E-03
   79    0.2187500000000000E-02    0.1036224365234375E-02
   80    0.1640625000000000E-02    0.8858489990234375E-03
   81    0.5273437500000000E-03    0.9775161743164062E-03
   82   -0.9375000000000000E-03    0.9459686279296875E-03
   83    0.1777343750000000E-02    0.8162307739257812E-03
   84    0.3242187500000000E-02    0.1039810180664062E-02
   85    0.4648437500000000E-02    0.1134567260742188E-02
   86    0.4296875000000000E-03    0.1042556762695313E-02
   87    0.2988281250000000E-02    0.9873580932617187E-03
   88   -0.1015625000000000E-02    0.8892059326171875E-03
   89   -0.6972656250000000E-02    0.1154899597167969E-02
   90   -0.8593750000000000E-03    0.9891510009765625E-03
   91    0.2148437500000000E-02    0.9893035888671874E-03
   92    0.1757812500000000E-03    0.7629013061523438E-03
   93    0.4550781250000000E-02    0.1195106506347656E-02
   94   -0.3476562500000000E-02    0.1015167236328125E-02
   95   -0.2226562500000000E-02    0.7603454589843750E-03
   96    0.5859375000000000E-03    0.1055297851562500E-02
   97    0.7812500000000000E-03    0.7698822021484375E-03
   98    0.1933593750000000E-02    0.8285903930664063E-03
   99   -0.1562500000000000E-03    0.9505462646484375E-03
  100    0.5078125000000000E-03    0.1033630371093750E-02
