# time =    0.4664
    0    0.1000000000000000E+01    0.1000000000000000E+01
    1    0.2232617187500000E+00    0.5071414947509766E-01
    2    0.5248046875000000E-01    0.3725929260253906E-02
    3    0.1398437500000000E-01    0.1199493408203125E-02
    4    0.1601562500000000E-02    0.9455108642578126E-03
    5    0.4765625000000000E-02    0.7258605957031250E-03
    6    0.2441406250000000E-02    0.8868026733398437E-03
    7    0.3574218750000000E-02    0.8887863159179688E-03
    8   -0.1953125000000000E-02    0.9693908691406250E-03
    9   -0.3496093750000000E-02    0.1035804748535156E-02
   10    0.2929687500000000E-03    0.8725357055664062E-03
   11   -0.7421875000000000E-03    0.9703826904296875E-03
   12   -0.7089843750000000E-02    0.9327316284179687E-03
   13    0.1230468750000000E-02    0.8824539184570313E-03
   14    0.3945312500000000E-02    0.1196441650390625E-02
   15   -0.1328125000000000E-02    0.9545898437500000E-03
   16   -0.5468750000000001E-03    0.1135330200195313E-02
   17    0.3925781250000000E-02    0.8304214477539062E-03
   18   -0.6503906250000000E-02    0.1117668151855469E-02
   19   -0.3222656250000000E-02    0.7966995239257812E-03
   20   -0.7773437500000000E-02    0.9496307373046875E-03
   21   -0.3066406250000000E-02    0.9811019897460937E-03
   22    0.1699218750000000E-02    0.8838272094726562E-03
   23    0.9179687499999999E-03    0.9779739379882813E-03
   24    0.4863281250000000E-02    0.9095382690429688E-03
   25    0.2324218750000000E-02    0.1151924133300781E-02
   26    0.3125000000000000E-03    0.9870147705078125E-03
   27    0.4257812500000000E-02    0.1007461547851563E-02
   28   -0.3242187500000000E-02    0.9385681152343750E-03
   29    0.9570312500000000E-03    0.1130104064941406E-02
   30    0.6835937500000000E-03    0.9270095825195312E-03
   31   -0.1621093750000000E-02    0.8092117309570312E-03
   32    0.1035156250000000E-02    0.9278488159179687E-03
   33   -0.1250000000000000E-02    0.6697845458984375E-03
   34   -0.2265625000000000E-02    0.8623504638671875E-03
   35   -0.1777343750000000E-02    0.9579849243164062E-03
   36   -0.3359375000000000E-02    0.1234054565429688E-02
   37   -0.3066406250000000E-02    0.1064949035644531E-02
   38   -0.8398437500000000E-03    0.1071205139160156E-02
   39    0.1464843750000000E-02    0.9394454956054688E-03
   40    0.4648437500000000E-02    0.6673431396484375E-03
   41    0.3476562500000000E-02    0.1057662963867187E-02
   42    0.5527343750000000E-02    0.1180534362792969E-02
   43   -0.2460937500000000E-02    0.1133270263671875E-02
   44   -0.2109375000000000E-02    0.1020431518554688E-02
   45    0.9765625000000001E-04    0.7761001586914062E-03
   46    0.3515625000000000E-02    0.8766174316406250E-03
   47    0.4003906250000000E-02    0.8578109741210938E-03
   48    0.1953125000000000E-04    0.1004981994628906E-02
   49   -0.1308593750000000E-02    0.9606552124023438E-03
   50    0.5273437500000000E-03    0.7920455932617187E-03
   51   -0.6113281250000000E-02    0.8897018432617187E-03
   52    0.4570312500000000E-02    0.1069793701171875E-02
   53    0.1445312500000000E-02    0.1234893798828125E-02
   54   -0.1308593750000000E-02    0.1134834289550781E-02
   55   -0.1074218750000000E-02    0.9048843383789063E-03
   56    0.6601562500000000E-02    0.9666442871093750E-03
   57   -0.5859375000000000E-03    0.1231765747070312E-02
   58   -0.3085937500000000E-02    0.1148757934570312E-02
   59   -0.2421875000000000E-02    0.9739685058593750E-03
   60   -0.9765625000000000E-03    0.8948516845703125E-03
   61   -0.2304687500000000E-02    0.7258605957031250E-03
   62   -0.3613281250000000E-02    0.8491134643554688E-03
   63    0.5429687500000000E-02    0.1187515258789063E-02
   64    0.3750000000000000E-02    0.8825683593750001E-03
   65    0.4746093750000000E-02    0.1112632751464844E-02
   66    0.2324218750000000E-02    0.1296806335449219E-02
   67    0.2089843750000000E-02    0.1066322326660156E-02
   68    0.5449218750000000E-02    0.1041603088378906E-02
   69    0.8632812500000000E-02    0.1257095336914063E-02
   70   -0.8007812500000000E-03    0.1000938415527344E-02
   71   -0.8789062500000000E-03    0.1069755554199219E-02
   72    0.1757812500000000E-03    0.8857345581054687E-03
   73    0.8183593750000001E-02    0.1248588562011719E-02
   74    0.1582031250000000E-02    0.9653854370117187E-03
   75   -0.1582031250000000E-02    0.9352493286132812E-03
   76   -0.8125000000000000E-02    0.9216308593750000E-03
   77    0.2734375000000000E-03    0.1010513305664062E-02
   78   -0.2773437500000000E-02    0.1098098754882813E-02
   79   -0.5937500000000000E-02    0.1048965454101563E-02
   80    0.3125000000000000E-02    0.7799530029296875E-03
   81    0.2226562500000000E-02    0.9664916992187501E-03
   82   -0.3476562500000000E-02    0.9544372558593750E-03
   83   -0.1914062500000000E-02    0.9801483154296875E-03
   84   -0.3750000000000000E-02    0.9806823730468749E-03
   85   -0.1406250000000000E-02    0.1040191650390625E-02
   86   -0.2304687500000000E-02    0.9686279296875000E-03
   87    0.2578125000000000E-02    0.1112442016601563E-02
   88    0.2363281250000000E-02    0.9733200073242188E-03
   89    0.4023437500000000E-02    0.1039123535156250E-02
   90   -0.2343750000000000E-03    0.9157562255859375E-03
   91   -0.1074218750000000E-02    0.6811904907226562E-03
   92    0.1757812500000000E-03    0.9692001342773437E-03
   93   -0.7265625000000000E-02    0.1074066162109375E-02
   94   -0.8417968749999999E-02    0.9882736206054687E-03
   95   -0.1464843750000000E-02    0.9861373901367187E-03
   96   -0.3339843750000000E-02    0.1049156188964844E-02
   97   -0.2636718750000000E-02    0.1180686950683594E-02
   98   -0.2148437500000000E-03    0.8229446411132812E-03
   99   -0.6835937500000000E-03    0.1115989685058594E-02
  100    0.3886718750000000E-02    0.1064262390136719E-02
