# time =    0.4715
    0    0.1000000000000000E+01    0.1000000000000000E+01
    1    0.2104101562500000E+00    0.4504184722900391E-01
    2    0.4865234375000000E-01    0.3520774841308594E-02
    3    0.1824218750000000E-01    0.1381454467773437E-02
    4    0.6660156250000000E-02    0.9984207153320313E-03
    5   -0.1640625000000000E-02    0.8016967773437500E-03
    6    0.1503906250000000E-02    0.9735488891601563E-03
    7    0.3320312500000000E-03    0.8816909790039062E-03
    8   -0.1191406250000000E-02    0.1014900207519531E-02
    9   -0.1347656250000000E-02    0.9424972534179687E-03
   10    0.3046875000000000E-02    0.1045608520507813E-02
   11    0.2539062500000000E-03    0.9553909301757812E-03
   12    0.3730468750000000E-02    0.9939956665039062E-03
   13    0.4003906250000000E-02    0.9650039672851562E-03
   14   -0.3613281250000000E-02    0.1074943542480469E-02
   15   -0.3574218750000000E-02    0.1107368469238281E-02
   16    0.3652343750000000E-02    0.1040687561035156E-02
   17    0.1035156250000000E-02    0.9479141235351563E-03
   18    0.3339843750000000E-02    0.8185195922851562E-03
   19    0.3964843750000000E-02    0.9875869750976562E-03
   20    0.3515625000000000E-03    0.9902954101562501E-03
   21   -0.1015625000000000E-02    0.9297180175781250E-03
   22   -0.1757812500000000E-02    0.9752655029296875E-03
   23    0.2773437500000000E-02    0.8735656738281250E-03
   24    0.3750000000000000E-02    0.1122207641601563E-02
   25    0.1738281250000000E-02    0.8181381225585937E-03
   26   -0.1777343750000000E-02    0.1304588317871094E-02
   27    0.5214843750000000E-02    0.9147262573242187E-03
   28    0.6855468750000000E-02    0.1138191223144531E-02
   29    0.5390625000000000E-02    0.9681701660156250E-03
   30    0.3457031250000000E-02    0.7777786254882812E-03
   31    0.3593750000000000E-02    0.1284866333007812E-02
   32    0.4765625000000000E-02    0.8518981933593750E-03
   33    0.2968750000000000E-02    0.8174896240234375E-03
   34    0.1582031250000000E-02    0.8456802368164062E-03
   35   -0.2031250000000000E-02    0.1041336059570313E-02
   36   -0.1640625000000000E-02    0.1024932861328125E-02
   37   -0.1914062500000000E-02    0.7130432128906250E-03
   38   -0.2363281250000000E-02    0.8796310424804688E-03
   39   -0.2304687500000000E-02    0.8015441894531250E-03
   40   -0.3554687500000000E-02    0.9659576416015625E-03
   41   -0.1191406250000000E-02    0.1050300598144531E-02
   42    0.3417968750000000E-02    0.1022071838378906E-02
   43    0.3300781250000000E-02    0.9511947631835937E-03
   44   -0.5078125000000000E-03    0.9667968750000000E-03
   45    0.2910156250000000E-02    0.9314346313476562E-03
   46    0.2148437500000000E-02    0.1081466674804688E-02
   47    0.4785156250000000E-02    0.9000015258789063E-03
   48    0.4082031250000000E-02    0.1227836608886719E-02
   49    0.6386718750000000E-02    0.1580009460449219E-02
   50    0.3125000000000000E-03    0.8843231201171875E-03
   51    0.4687500000000000E-03    0.9452056884765625E-03
   52    0.1718750000000000E-02    0.8851623535156250E-03
   53   -0.1230468750000000E-02    0.8172225952148437E-03
   54    0.9179687499999999E-03    0.9302139282226562E-03
   55    0.4375000000000000E-02    0.7546997070312500E-03
   56    0.5488281250000000E-02    0.8823776245117188E-03
   57    0.6777343750000000E-02    0.7600021362304687E-03
   58    0.1992187500000000E-02    0.7797241210937500E-03
   59   -0.2578125000000000E-02    0.9746551513671875E-03
   60   -0.1757812500000000E-02    0.1150131225585938E-02
   61    0.2558593750000000E-02    0.9238815307617187E-03
   62   -0.7812500000000000E-03    0.8033752441406250E-03
   63   -0.3183593750000000E-02    0.7034683227539062E-03
   64   -0.2968750000000000E-02    0.1161422729492187E-02
   65    0.1054687500000000E-02    0.1027755737304688E-02
   66    0.3906250000000000E-04    0.1174240112304687E-02
   67   -0.1855468750000000E-02    0.9423446655273438E-03
   68    0.5820312500000000E-02    0.8034515380859375E-03
   69    0.2343750000000000E-02    0.9045410156250000E-03
   70   -0.1113281250000000E-02    0.9657669067382812E-03
   71   -0.2148437500000000E-03    0.7728958129882813E-03
   72    0.9570312500000000E-03    0.9608840942382812E-03
   73   -0.2148437500000000E-02    0.9936523437500001E-03
   74    0.2949218750000000E-02    0.1039772033691406E-02
   75   -0.1210937500000000E-02    0.7513427734375000E-03
   76   -0.9570312500000000E-03    0.9602737426757812E-03
   77    0.3085937500000000E-02    0.8831787109375000E-03
   78    0.1406250000000000E-02    0.1135864257812500E-02
   79   -0.4453125000000000E-02    0.8376312255859375E-03
   80    0.7226562500000000E-03    0.9637832641601563E-03
   81    0.2343750000000000E-03    0.9339141845703125E-03
   82   -0.1640625000000000E-02    0.9075164794921875E-03
   83    0.3710937500000000E-02    0.9777069091796875E-03
   84    0.2539062500000000E-03    0.9011459350585937E-03
   85    0.4101562500000000E-03    0.9591293334960938E-03
   86   -0.5078125000000000E-03    0.9130859375000001E-03
   87   -0.4375000000000000E-02    0.1145629882812500E-02
   88    0.2382812500000000E-02    0.8040618896484375E-03
   89    0.2285156250000000E-02    0.7758712768554687E-03
   90    0.2050781250000000E-02    0.9528732299804687E-03
   91    0.5156250000000000E-02    0.1171798706054688E-02
   92    0.4902343750000000E-02    0.1005516052246094E-02
   93    0.7031250000000000E-03    0.9514617919921875E-03
   94    0.1816406250000000E-02    0.9998703002929688E-03
   95   -0.2480468750000000E-02    0.1014137268066406E-02
   96   -0.3339843750000000E-02    0.1058082580566406E-02
   97    0.5878906250000000E-02    0.7994461059570312E-03
   98   -0.2011718750000000E-02    0.9215164184570312E-03
   99   -0.3125000000000000E-02    0.9156799316406250E-03
  100   -0.1582031250000000E-02    0.7803726196289062E-03
