# time =    0.4536
    0    0.1000000000000000E+01    0.1000000000000000E+01
    1    0.1843750000000000E+00    0.3486663818359375E-01
    2    0.3958984375000000E-01    0.2800788879394531E-02
    3    0.3535156250000000E-02    0.1247978210449219E-02
    4   -0.1835937500000000E-02    0.8995819091796875E-03
    5    0.9765625000000000E-03    0.9951782226562500E-03
    6   -0.5859375000000000E-04    0.9829330444335938E-03
    7    0.4296875000000000E-02    0.8095550537109375E-03
    8    0.2324218750000000E-02    0.8108901977539062E-03
    9   -0.9765625000000000E-03    0.8724975585937500E-03
   10    0.4902343750000000E-02    0.1184501647949219E-02
   11   -0.1171875000000000E-02    0.1047592163085938E-02
   12   -0.2285156250000000E-02    0.9502792358398438E-03
   13   -0.7226562500000000E-03    0.9064865112304687E-03
   14   -0.8398437500000000E-03    0.8037185668945312E-03
   15   -0.2265625000000000E-02    0.9965515136718750E-03
   16    0.1777343750000000E-02    0.8552932739257813E-03
   17   -0.1562500000000000E-02    0.1021499633789062E-02
   18    0.9960937500000000E-03    0.9579086303710938E-03
   19   -0.1191406250000000E-02    0.9672927856445312E-03
   20   -0.8984375000000000E-03    0.1217498779296875E-02
   21    0.3320312500000000E-02    0.8248138427734375E-03
   22   -0.4687500000000000E-03    0.9057617187500000E-03
   23    0.3105468750000000E-02    0.8793258666992187E-03
   24   -0.2246093750000000E-02    0.8529281616210938E-03
   25   -0.1171875000000000E-03    0.8303070068359375E-03
   26   -0.6445312500000000E-03    0.1107978820800781E-02
   27   -0.1250000000000000E-02    0.1001968383789063E-02
   28    0.2148437500000000E-03    0.1257972717285156E-02
   29    0.7246093750000000E-02    0.1064796447753906E-02
   30    0.1542968750000000E-02    0.1073799133300781E-02
   31    0.9765625000000001E-04    0.8528518676757812E-03
   32    0.5917968750000000E-02    0.1049079895019531E-02
   33    0.4609375000000000E-02    0.1125793457031250E-02
   34    0.3320312500000000E-02    0.9786224365234376E-03
   35   -0.5859375000000000E-03    0.9470367431640625E-03
   36   -0.1250000000000000E-02    0.9172058105468750E-03
   37   -0.2578125000000000E-02    0.9462738037109375E-03
   38   -0.5019531250000000E-02    0.9934616088867188E-03
   39    0.1875000000000000E-02    0.1211090087890625E-02
   40   -0.1289062500000000E-02    0.1097946166992187E-02
   41    0.3652343750000000E-02    0.9202957153320312E-03
   42    0.3515625000000000E-03    0.1030883789062500E-02
   43    0.9179687499999999E-03    0.1004676818847656E-02
   44    0.4433593750000000E-02    0.7572555541992187E-03
   45   -0.3613281250000000E-02    0.9435653686523437E-03
   46   -0.9375000000000000E-03    0.9328460693359375E-03
   47   -0.3535156250000000E-02    0.8648300170898438E-03
   48   -0.2050781250000000E-02    0.1131019592285156E-02
   49   -0.2089843750000000E-02    0.7638931274414062E-03
   50   -0.4277343750000000E-02    0.1020088195800781E-02
   51   -0.2890625000000000E-02    0.1063842773437500E-02
   52    0.1523437500000000E-02    0.9093475341796875E-03
   53   -0.5078125000000000E-03    0.1143798828125000E-02
   54    0.1132812500000000E-02    0.1029357910156250E-02
   55    0.2597656250000000E-02    0.9939193725585938E-03
   56    0.3730468750000000E-02    0.1071968078613281E-02
   57   -0.6250000000000000E-03    0.1154556274414063E-02
   58   -0.1953125000000000E-03    0.1110305786132813E-02
   59   -0.3593750000000000E-02    0.9178924560546875E-03
   60   -0.7812500000000000E-03    0.9233093261718750E-03
   61    0.1191406250000000E-02    0.1124153137207031E-02
   62   -0.3046875000000000E-02    0.8839416503906250E-03
   63    0.2109375000000000E-02    0.7733154296875000E-03
   64   -0.8007812500000000E-03    0.9833908081054688E-03
   65   -0.6230468750000000E-02    0.1268501281738281E-02
   66   -0.5000000000000000E-02    0.1149139404296875E-02
   67    0.3535156250000000E-02    0.1055564880371094E-02
   68   -0.1914062500000000E-02    0.9130859375000001E-03
   69    0.1367187500000000E-02    0.8382415771484375E-03
   70   -0.2187500000000000E-02    0.8316802978515625E-03
   71    0.3769531250000000E-02    0.7445144653320312E-03
   72    0.7753906250000000E-02    0.1236534118652344E-02
   73    0.1289062500000000E-02    0.1010055541992187E-02
   74    0.3515625000000000E-03    0.1202011108398438E-02
   75    0.3906250000000000E-03    0.9508514404296875E-03
   76   -0.2363281250000000E-02    0.9392929077148437E-03
   77   -0.3398437500000000E-02    0.1051635742187500E-02
   78    0.1953125000000000E-02    0.8403778076171875E-03
   79   -0.5078125000000000E-02    0.9022521972656250E-03
   80    0.2949218750000000E-02    0.1059608459472656E-02
   81   -0.1240234375000000E-01    0.1015586853027344E-02
   82    0.1191406250000000E-02    0.1017570495605469E-02
   83    0.3007812500000000E-02    0.1050033569335937E-02
   84    0.7031250000000000E-03    0.1108551025390625E-02
   85    0.3222656250000000E-02    0.8454513549804687E-03
   86    0.1640625000000000E-02    0.9785461425781249E-03
   87   -0.3125000000000000E-03    0.8983612060546875E-03
   88    0.4296875000000000E-03    0.1011581420898438E-02
   89    0.1777343750000000E-02    0.1087532043457031E-02
   90    0.3300781250000000E-02    0.8558273315429687E-03
   91    0.2714843750000000E-02    0.7664871215820313E-03
   92    0.3320312500000000E-03    0.7500839233398437E-03
   93    0.5859375000000000E-04    0.9674453735351563E-03
   94   -0.1953125000000000E-04    0.8766555786132813E-03
   95    0.2128906250000000E-02    0.1105384826660156E-02
   96    0.1445312500000000E-02    0.8599090576171875E-03
   97    0.1269531250000000E-02    0.1064186096191406E-02
   98    0.4257812500000000E-02    0.9512329101562501E-03
   99    0.1015625000000000E-02    0.1008987426757812E-02
  100   -0.1464843750000000E-02    0.9454727172851562E-03
