# time =    0.4629
    0    0.1000000000000000E+01    0.1000000000000000E+01
    1    0.2540039062500000E+00    0.6548076629638672E-01
    2    0.7718750000000001E-01    0.7081222534179687E-02
    3    0.1996093750000000E-01    0.1224517822265625E-02
    4    0.5175781250000000E-02    0.1109504699707031E-02
    5    0.2363281250000000E-02    0.9268569946289062E-03
    6    0.1210937500000000E-02    0.9477996826171875E-03
    7    0.7812500000000000E-03    0.1136016845703125E-02
    8    0.4375000000000000E-02    0.8226776123046875E-03
    9    0.5019531250000000E-02    0.9974288940429689E-03
   10   -0.4101562500000000E-03    0.9233474731445313E-03
   11   -0.8593750000000000E-03    0.1007614135742187E-02
   12    0.1757812500000000E-02    0.1043395996093750E-02
   13    0.2695312500000000E-02    0.1167068481445312E-02
   14   -0.3320312500000000E-03    0.9331893920898437E-03
   15    0.3808593750000000E-02    0.1009178161621094E-02
   16   -0.2167968750000000E-02    0.1104240417480469E-02
   17    0.3125000000000000E-02    0.9618377685546874E-03
   18    0.2753906250000000E-02    0.7864761352539062E-03
   19    0.1816406250000000E-02    0.1098060607910156E-02
   20    0.3398437500000000E-02    0.9096527099609375E-03
   21    0.2480468750000000E-02    0.8639907836914063E-03
   22    0.5664062500000000E-02    0.8846282958984375E-03
   23   -0.4042968750000000E-02    0.1387825012207031E-02
   24   -0.2265625000000000E-02    0.9439849853515625E-03
   25   -0.1933593750000000E-02    0.9849929809570312E-03
   26   -0.3437500000000000E-02    0.8498382568359375E-03
   27    0.3789062500000000E-02    0.9439849853515625E-03
   28    0.6894531250000000E-02    0.9968948364257812E-03
   29   -0.1640625000000000E-02    0.9356689453125000E-03
   30    0.3808593750000000E-02    0.8163833618164062E-03
   31    0.1308593750000000E-02    0.9811019897460937E-03
   32   -0.1367187500000000E-02    0.8389282226562500E-03
   33    0.8789062500000000E-03    0.8581161499023437E-03
   34   -0.5859375000000000E-03    0.9436035156250001E-03
   35    0.3417968750000000E-02    0.1008033752441406E-02
   36   -0.6250000000000000E-02    0.1167068481445312E-02
   37   -0.1621093750000000E-02    0.1085777282714844E-02
   38   -0.3046875000000000E-02    0.8639526367187500E-03
   39   -0.6582031250000000E-02    0.1013298034667969E-02
   40    0.9765625000000000E-03    0.1036453247070312E-02
   41    0.2617187500000000E-02    0.1129226684570312E-02
   42    0.2539062500000000E-02    0.9645843505859376E-03
   43    0.3476562500000000E-02    0.1359558105468750E-02
   44   -0.1542968750000000E-02    0.1149101257324219E-02
   45    0.3476562500000000E-02    0.1249618530273437E-02
   46    0.4492187500000000E-03    0.6548690795898437E-03
   47   -0.8398437500000000E-03    0.1125984191894531E-02
   48    0.6523437500000000E-02    0.1150054931640625E-02
   49   -0.1054687500000000E-02    0.8647918701171875E-03
   50    0.1699218750000000E-02    0.9485244750976563E-03
   51   -0.4492187500000000E-02    0.7741546630859375E-03
   52    0.8593750000000000E-03    0.9888458251953126E-03
   53   -0.3515625000000000E-03    0.9233856201171875E-03
   54   -0.2128906250000000E-02    0.1214714050292969E-02
   55   -0.3906250000000000E-04    0.1081924438476563E-02
   56   -0.3652343750000000E-02    0.7646560668945312E-03
   57   -0.2324218750000000E-02    0.1017723083496094E-02
   58    0.2929687500000000E-03    0.8112716674804687E-03
   59   -0.9765625000000000E-03    0.7805633544921875E-03
   60    0.1855468750000000E-02    0.8169937133789062E-03
   61    0.6835937500000000E-03    0.8901596069335937E-03
   62    0.3750000000000000E-02    0.1224594116210937E-02
   63    0.2539062500000000E-02    0.1007843017578125E-02
   64    0.7421875000000000E-03    0.9690093994140625E-03
   65    0.1757812500000000E-03    0.9339523315429688E-03
   66   -0.3750000000000000E-02    0.1049804687500000E-02
   67   -0.5820312500000000E-02    0.1031341552734375E-02
   68   -0.1835937500000000E-02    0.8642578125000000E-03
   69   -0.7773437500000000E-02    0.1116943359375000E-02
   70    0.2109375000000000E-02    0.8876037597656250E-03
   71    0.3593750000000000E-02    0.9525299072265625E-03
   72   -0.2070312500000000E-02    0.8467102050781250E-03
   73    0.6601562500000000E-02    0.8702087402343750E-03
   74   -0.2597656250000000E-02    0.1146888732910156E-02
   75   -0.3320312500000000E-03    0.1027030944824219E-02
   76    0.3007812500000000E-02    0.1159515380859375E-02
   77   -0.1562500000000000E-02    0.1061096191406250E-02
   78    0.3183593750000000E-02    0.9199142456054688E-03
   79    0.4082031250000000E-02    0.9478378295898437E-03
   80    0.4609375000000000E-02    0.1109237670898437E-02
   81   -0.1855468750000000E-02    0.1273231506347656E-02
   82    0.2382812500000000E-02    0.8612823486328125E-03
   83    0.1875000000000000E-02    0.9155273437500000E-03
   84    0.4101562500000000E-02    0.1012573242187500E-02
   85    0.2929687500000000E-03    0.8910751342773438E-03
   86    0.2695312500000000E-02    0.9568023681640625E-03
   87    0.5820312500000000E-02    0.1192550659179688E-02
   88   -0.3203125000000000E-02    0.9014892578125000E-03
   89   -0.1835937500000000E-02    0.8508300781250000E-03
   90    0.4296875000000000E-03    0.1088256835937500E-02
   91   -0.9765625000000000E-03    0.9689331054687500E-03
   92    0.2421875000000000E-02    0.1099777221679688E-02
   93   -0.1582031250000000E-02    0.1125526428222656E-02
   94   -0.1406250000000000E-02    0.1073532104492188E-02
   95    0.3007812500000000E-02    0.9126281738281250E-03
   96   -0.1464843750000000E-02    0.1088371276855469E-02
   97   -0.2031250000000000E-02    0.1131591796875000E-02
   98   -0.2656250000000000E-02    0.1077880859375000E-02
   99   -0.3906250000000000E-04    0.1088790893554688E-02
  100    0.2109375000000000E-02    0.1200408935546875E-02
