# time =    0.4856
    0    0.1000000000000000E+01    0.1000000000000000E+01
    1    0.2137500000000000E+00    0.4625022888183594E-01
    2    0.5082031250000000E-01    0.3621292114257812E-02
    3    0.1564453125000000E-01    0.1029472351074219E-02
    4    0.5917968750000000E-02    0.1286506652832031E-02
    5   -0.4160156250000000E-02    0.9199142456054688E-03
    6   -0.2675781250000000E-02    0.6575393676757813E-03
    7   -0.3710937500000000E-03    0.9668350219726562E-03
    8   -0.9179687499999999E-03    0.8544540405273438E-03
    9    0.5644531250000000E-02    0.8001327514648438E-03
   10   -0.1777343750000000E-02    0.8387374877929688E-03
   11   -0.4492187500000000E-02    0.1077423095703125E-02
   12    0.4101562500000000E-03    0.1004447937011719E-02
   13   -0.2773437500000000E-02    0.1270370483398437E-02
   14    0.4882812500000000E-03    0.7683181762695312E-03
   15    0.1054687500000000E-02    0.9152984619140625E-03
   16    0.1191406250000000E-02    0.8699417114257813E-03
   17    0.2480468750000000E-02    0.9840011596679687E-03
   18    0.3085937500000000E-02    0.1052169799804687E-02
   19    0.5664062500000000E-03    0.8154678344726563E-03
   20    0.3789062500000000E-02    0.9741210937500001E-03
   21   -0.5859375000000000E-04    0.9740829467773437E-03
   22    0.1035156250000000E-02    0.1013755798339844E-02
   23   -0.1406250000000000E-02    0.8592987060546875E-03
   24    0.1367187500000000E-03    0.7645797729492188E-03
   25    0.1953125000000000E-04    0.8926773071289062E-03
   26    0.2480468750000000E-02    0.9785079956054687E-03
   27   -0.2832031250000000E-02    0.9848403930664063E-03
   28   -0.4003906250000000E-02    0.1130332946777344E-02
   29   -0.4687500000000000E-03    0.1145401000976562E-02
   30    0.1093750000000000E-02    0.9423065185546875E-03
   31   -0.3378906250000000E-02    0.1141624450683594E-02
   32   -0.7246093750000000E-02    0.1278419494628906E-02
   33    0.4687500000000000E-03    0.9191131591796875E-03
   34    0.2734375000000000E-02    0.9671020507812500E-03
   35   -0.2851562500000000E-02    0.1047058105468750E-02
   36    0.8984375000000000E-03    0.8596801757812501E-03
   37    0.1171875000000000E-02    0.1187210083007813E-02
   38    0.1875000000000000E-02    0.8432006835937500E-03
   39    0.1835937500000000E-02    0.9129333496093750E-03
   40    0.1210937500000000E-02    0.7978057861328124E-03
   41    0.2382812500000000E-02    0.8781433105468750E-03
   42   -0.2617187500000000E-02    0.9328460693359375E-03
   43    0.3398437500000000E-02    0.8853149414062500E-03
   44   -0.4492187500000000E-03    0.9451675415039063E-03
   45    0.1367187500000000E-03    0.1064949035644531E-02
   46   -0.1093750000000000E-02    0.1124572753906250E-02
   47    0.1757812500000000E-03    0.6131362915039062E-03
   48    0.4824218750000000E-02    0.8189773559570312E-03
   49    0.5468750000000001E-03    0.7972717285156250E-03
   50   -0.8984375000000000E-03    0.1061782836914062E-02
   51   -0.1953125000000000E-03    0.7563781738281250E-03
   52   -0.4179687500000000E-02    0.1072921752929687E-02
   53    0.4531250000000000E-02    0.9865570068359375E-03
   54    0.3613281250000000E-02    0.8588027954101562E-03
   55   -0.1523437500000000E-02    0.1050338745117187E-02
   56    0.1894531250000000E-02    0.9752273559570313E-03
   57   -0.8164062499999999E-02    0.8632659912109375E-03
   58   -0.1953125000000000E-03    0.8150482177734375E-03
   59    0.7812500000000000E-04    0.1039505004882812E-02
   60   -0.2382812500000000E-02    0.1085281372070312E-02
   61   -0.9765625000000000E-03    0.9296417236328125E-03
   62   -0.4316406250000000E-02    0.8856582641601562E-03
   63   -0.5605468750000000E-02    0.1215400695800781E-02
   64   -0.4140625000000000E-02    0.1015243530273437E-02
   65    0.7617187500000000E-03    0.9068679809570312E-03
   66   -0.9960937500000000E-03    0.9514999389648438E-03
   67   -0.3652343750000000E-02    0.1161994934082031E-02
   68   -0.1503906250000000E-02    0.1154899597167969E-02
   69    0.1386718750000000E-02    0.9127426147460938E-03
   70    0.1933593750000000E-02    0.9854507446289062E-03
   71    0.1210937500000000E-02    0.9371948242187500E-03
   72    0.2617187500000000E-02    0.8712768554687500E-03
   73    0.9375000000000000E-03    0.8821105957031250E-03
   74   -0.1210937500000000E-02    0.9249877929687500E-03
   75    0.3945312500000000E-02    0.8608245849609375E-03
   76    0.1972656250000000E-02    0.1029167175292969E-02
   77    0.1835937500000000E-02    0.8539581298828126E-03
   78   -0.1757812500000000E-02    0.8293914794921875E-03
   79   -0.4882812500000000E-03    0.1007728576660156E-02
   80   -0.7812500000000000E-04    0.9844970703124999E-03
   81   -0.2089843750000000E-02    0.1008872985839844E-02
   82    0.5000000000000000E-02    0.8232116699218750E-03
   83   -0.4687500000000000E-03    0.8811950683593750E-03
   84   -0.6503906250000000E-02    0.1191291809082031E-02
   85    0.2714843750000000E-02    0.8459091186523438E-03
   86    0.7617187500000000E-03    0.1204414367675781E-02
   87    0.2617187500000000E-02    0.1068344116210938E-02
   88    0.5859375000000000E-02    0.9267425537109375E-03
   89    0.4160156250000000E-02    0.8811569213867188E-03
   90   -0.4531250000000000E-02    0.1088027954101563E-02
   91   -0.2421875000000000E-02    0.1170883178710937E-02
   92   -0.3300781250000000E-02    0.1179237365722656E-02
   93   -0.6347656250000000E-02    0.8393478393554688E-03
   94    0.2949218750000000E-02    0.9871292114257812E-03
   95   -0.3906250000000000E-04    0.1171340942382813E-02
   96    0.5468750000000000E-02    0.1076736450195312E-02
   97   -0.4492187500000000E-02    0.1035690307617188E-02
   98    0.1289062500000000E-02    0.9086608886718750E-03
   99   -0.4726562500000000E-02    0.1066284179687500E-02
  100   -0.3789062500000000E-02    0.9398651123046875E-03
