# time =    0.4822
    0    0.1000000000000000E+01    0.1000000000000000E+01
    1    0.2201953125000000E+00    0.4922554016113281E-01
    2    0.5082031250000000E-01    0.3473510742187500E-02
    3    0.1216796875000000E-01    0.1166343688964844E-02
    4    0.7636718750000000E-02    0.7768630981445313E-03
    5    0.3339843750000000E-02    0.9630966186523437E-03
    6    0.6601562500000000E-02    0.7851409912109375E-03
    7   -0.3652343750000000E-02    0.1113395690917969E-02
    8   -0.1582031250000000E-02    0.8242416381835937E-03
    9   -0.4218750000000000E-02    0.9362030029296875E-03
   10    0.1367187500000000E-02    0.1007308959960938E-02
   11    0.2519531250000000E-02    0.9901809692382812E-03
   12    0.2753906250000000E-02    0.8369064331054687E-03
   13   -0.2929687500000000E-02    0.1133804321289063E-02
   14   -0.2968750000000000E-02    0.9446716308593749E-03
   15    0.5605468750000000E-02    0.9893417358398438E-03
   16    0.2402343750000000E-02    0.1059226989746094E-02
   17    0.3359375000000000E-02    0.9339904785156250E-03
   18    0.2343750000000000E-02    0.1061172485351563E-02
   19    0.2734375000000000E-02    0.8892059326171875E-03
   20    0.3632812500000000E-02    0.8528137207031250E-03
   21   -0.1503906250000000E-02    0.8716201782226563E-03
   22    0.3457031250000000E-02    0.9657669067382812E-03
   23   -0.1093750000000000E-02    0.9562683105468750E-03
   24    0.3222656250000000E-02    0.1466712951660156E-02
   25    0.7812500000000000E-03    0.1257247924804687E-02
   26    0.4550781250000000E-02    0.1057929992675781E-02
   27    0.6113281250000000E-02    0.9923171997070312E-03
   28   -0.2656250000000000E-02    0.1128768920898437E-02
   29   -0.6054687500000000E-03    0.1197929382324219E-02
   30    0.1796875000000000E-02    0.1170425415039062E-02
   31    0.1894531250000000E-02    0.1125679016113281E-02
   32    0.1582031250000000E-02    0.1094703674316406E-02
   33   -0.2929687500000000E-02    0.1149291992187500E-02
   34   -0.3906250000000000E-04    0.9969329833984374E-03
   35    0.2109375000000000E-02    0.9186553955078125E-03
   36    0.2128906250000000E-02    0.1035804748535156E-02
   37    0.2988281250000000E-02    0.1062583923339844E-02
   38    0.3378906250000000E-02    0.9276962280273437E-03
   39    0.2363281250000000E-02    0.9335708618164062E-03
   40    0.1601562500000000E-02    0.1012496948242188E-02
   41   -0.4570312500000000E-02    0.1044464111328125E-02
   42   -0.5859375000000000E-04    0.1076316833496094E-02
   43   -0.5820312500000000E-02    0.1004791259765625E-02
   44   -0.4179687500000000E-02    0.1090850830078125E-02
   45    0.3906250000000000E-03    0.1099853515625000E-02
   46    0.2207031250000000E-02    0.1062049865722656E-02
   47    0.1582031250000000E-02    0.1242713928222656E-02
   48    0.5410156250000000E-02    0.8951187133789063E-03
   49   -0.6308593750000000E-02    0.1173591613769531E-02
   50   -0.2226562500000000E-02    0.7961273193359375E-03
   51    0.1894531250000000E-02    0.1123313903808594E-02
   52    0.1562500000000000E-03    0.1255950927734375E-02
   53    0.1875000000000000E-02    0.1252670288085937E-02
   54   -0.3710937500000000E-03    0.8002090454101563E-03
   55    0.3046875000000000E-02    0.9706115722656250E-03
   56   -0.3027343750000000E-02    0.9241867065429688E-03
   57   -0.6250000000000000E-03    0.7669830322265625E-03
   58    0.2363281250000000E-02    0.9168624877929687E-03
   59   -0.6250000000000000E-03    0.9722137451171876E-03
   60    0.3496093750000000E-02    0.8830642700195313E-03
   61    0.2402343750000000E-02    0.9511184692382813E-03
   62    0.1582031250000000E-02    0.1153526306152344E-02
   63   -0.3613281250000000E-02    0.1099433898925781E-02
   64    0.1621093750000000E-02    0.9788894653320313E-03
   65    0.5117187500000000E-02    0.7785797119140625E-03
   66    0.3417968750000000E-02    0.8978652954101563E-03
   67   -0.2324218750000000E-02    0.1011161804199219E-02
   68   -0.3808593750000000E-02    0.9466171264648438E-03
   69   -0.1933593750000000E-02    0.1018028259277344E-02
   70   -0.5039062500000000E-02    0.8732604980468750E-03
   71    0.2089843750000000E-02    0.1001853942871094E-02
   72   -0.9960937500000000E-03    0.1013145446777344E-02
   73    0.3574218750000000E-02    0.9662246704101562E-03
   74   -0.2343750000000000E-03    0.9447479248046875E-03
   75   -0.6035156250000000E-02    0.1136207580566406E-02
   76   -0.1367187500000000E-03    0.1290168762207031E-02
   77    0.5742187500000000E-02    0.1083297729492188E-02
   78    0.1660156250000000E-02    0.8339309692382813E-03
   79   -0.2871093750000000E-02    0.7147598266601563E-03
   80    0.4687500000000000E-03    0.1084747314453125E-02
   81   -0.4550781250000000E-02    0.6869125366210937E-03
   82   -0.3125000000000000E-02    0.1010208129882812E-02
   83   -0.1386718750000000E-02    0.1198081970214844E-02
   84    0.3496093750000000E-02    0.9734725952148437E-03
   85    0.5859375000000000E-04    0.9992599487304687E-03
   86   -0.3398437500000000E-02    0.1096725463867188E-02
   87   -0.1386718750000000E-02    0.7991409301757813E-03
   88    0.3710937500000000E-03    0.9602737426757812E-03
   89    0.4531250000000000E-02    0.1135482788085938E-02
   90   -0.6425781250000000E-02    0.9871292114257812E-03
   91   -0.8984375000000000E-03    0.9034729003906250E-03
   92   -0.3320312500000000E-02    0.1175308227539063E-02
   93   -0.8984375000000000E-03    0.8928680419921875E-03
   94   -0.5429687500000000E-02    0.1047058105468750E-02
   95    0.1328125000000000E-02    0.1298599243164063E-02
   96    0.2636718750000000E-02    0.1035346984863281E-02
   97    0.3906250000000000E-04    0.8595275878906250E-03
   98    0.1445312500000000E-02    0.9729003906250000E-03
   99    0.5566406250000000E-02    0.1233177185058594E-02
  100   -0.5976562500000000E-02    0.1049652099609375E-02
