# time =    0.4637
    0    0.1000000000000000E+01    0.1000000000000000E+01
    1    0.2007812500000000E+00    0.4136482238769532E-01
    2    0.4648437500000000E-01    0.3218002319335938E-02
    3    0.1119140625000000E-01    0.9445571899414063E-03
    4    0.4277343750000000E-02    0.1145439147949219E-02
    5   -0.2050781250000000E-02    0.7857894897460938E-03
    6   -0.1406250000000000E-02    0.8335113525390625E-03
    7   -0.6445312500000000E-03    0.8869552612304687E-03
    8   -0.4882812500000000E-03    0.1045265197753906E-02
    9   -0.2968750000000000E-02    0.1194763183593750E-02
   10   -0.3984375000000000E-02    0.1115188598632812E-02
   11   -0.2773437500000000E-02    0.9852600097656249E-03
   12    0.2558593750000000E-02    0.9033584594726563E-03
   13   -0.3261718750000000E-02    0.8527755737304688E-03
   14   -0.2382812500000000E-02    0.9062194824218750E-03
   15    0.3144531250000000E-02    0.9235000610351563E-03
   16    0.2050781250000000E-02    0.8164596557617188E-03
   17   -0.2519531250000000E-02    0.9991836547851563E-03
   18   -0.5859375000000000E-04    0.1087837219238281E-02
   19   -0.4160156250000000E-02    0.8276748657226562E-03
   20    0.9375000000000000E-03    0.9989929199218750E-03
   21    0.3203125000000000E-02    0.8324432373046875E-03
   22    0.4628906250000000E-02    0.1015129089355469E-02
   23    0.2109375000000000E-02    0.1026229858398437E-02
   24   -0.5468750000000000E-02    0.1023788452148437E-02
   25    0.4746093750000000E-02    0.8667373657226563E-03
   26    0.9765625000000000E-03    0.1006622314453125E-02
   27   -0.9765625000000001E-04    0.1050300598144531E-02
   28    0.1171875000000000E-03    0.7326507568359375E-03
   29   -0.3906250000000000E-03    0.1020965576171875E-02
   30   -0.2949218750000000E-02    0.8465957641601563E-03
   31   -0.2695312500000000E-02    0.9830474853515625E-03
   32    0.2949218750000000E-02    0.1248970031738281E-02
   33    0.8593750000000000E-03    0.8823394775390625E-03
   34    0.3769531250000000E-02    0.8391952514648438E-03
   35    0.2753906250000000E-02    0.9925460815429687E-03
   36   -0.2304687500000000E-02    0.1170654296875000E-02
   37    0.1953125000000000E-02    0.9600830078125000E-03
   38    0.5859375000000000E-02    0.9890747070312499E-03
   39   -0.1289062500000000E-02    0.1077346801757813E-02
   40    0.4453125000000000E-02    0.9118652343750000E-03
   41   -0.1953125000000000E-03    0.9304809570312500E-03
   42   -0.5332031250000000E-02    0.9898757934570313E-03
   43   -0.2539062500000000E-03    0.8954238891601562E-03
   44    0.1230468750000000E-02    0.1019783020019531E-02
   45   -0.4765625000000000E-02    0.6884765625000000E-03
   46   -0.3320312500000000E-03    0.9616470336914063E-03
   47    0.2636718750000000E-02    0.1024360656738281E-02
   48    0.2812500000000000E-02    0.9343719482421875E-03
   49    0.4531250000000000E-02    0.9661102294921875E-03
   50    0.1972656250000000E-02    0.9823989868164061E-03
   51   -0.1445312500000000E-02    0.1229782104492187E-02
   52    0.5859375000000000E-04    0.1042289733886719E-02
   53   -0.2812500000000000E-02    0.8914947509765625E-03
   54   -0.4589843750000000E-02    0.8449172973632813E-03
   55   -0.2929687500000000E-03    0.8101272583007813E-03
   56    0.2617187500000000E-02    0.1017532348632813E-02
   57    0.3007812500000000E-02    0.1054000854492188E-02
   58    0.7304687500000000E-02    0.1100921630859375E-02
   59    0.7421875000000000E-03    0.1012802124023438E-02
   60    0.3691406250000000E-02    0.8625411987304688E-03
   61    0.4082031250000000E-02    0.9486007690429687E-03
   62   -0.1464843750000000E-02    0.9373855590820312E-03
   63    0.1835937500000000E-02    0.1210098266601563E-02
   64    0.3789062500000000E-02    0.9532928466796875E-03
   65   -0.2460937500000000E-02    0.8551025390625000E-03
   66    0.2558593750000000E-02    0.8935928344726562E-03
   67    0.3203125000000000E-02    0.9049987792968750E-03
   68   -0.2285156250000000E-02    0.9827804565429687E-03
   69   -0.3925781250000000E-02    0.1096992492675781E-02
   70    0.6054687500000000E-03    0.9585189819335938E-03
   71    0.3750000000000000E-02    0.9329986572265625E-03
   72    0.4296875000000000E-03    0.9481048583984375E-03
   73   -0.2734375000000000E-02    0.1061630249023438E-02
   74   -0.4765625000000000E-02    0.9203338623046875E-03
   75    0.0000000000000000E+00    0.1033248901367188E-02
   76    0.1367187500000000E-03    0.7760238647460938E-03
   77   -0.3906250000000000E-04    0.1178817749023437E-02
   78    0.2304687500000000E-02    0.8855438232421874E-03
   79    0.4453125000000000E-02    0.9093475341796875E-03
   80   -0.3222656250000000E-02    0.9885787963867187E-03
   81    0.5449218750000000E-02    0.1135520935058594E-02
   82    0.2988281250000000E-02    0.6475448608398438E-03
   83    0.2851562500000000E-02    0.8305358886718750E-03
   84    0.1386718750000000E-02    0.9340286254882812E-03
   85    0.7949218750000001E-02    0.9406661987304688E-03
   86    0.4296875000000000E-03    0.8276367187500000E-03
   87    0.5664062500000000E-03    0.8259963989257813E-03
   88   -0.1777343750000000E-02    0.1113243103027344E-02
   89   -0.5722656250000000E-02    0.9709548950195313E-03
   90   -0.9765625000000001E-04    0.6878280639648438E-03
   91   -0.2089843750000000E-02    0.1054496765136719E-02
   92   -0.2851562500000000E-02    0.8514404296875000E-03
   93   -0.2148437500000000E-03    0.1127128601074219E-02
   94    0.1796875000000000E-02    0.1257629394531250E-02
   95   -0.2558593750000000E-02    0.9821701049804689E-03
   96    0.1640625000000000E-02    0.1058197021484375E-02
   97   -0.3496093750000000E-02    0.1027488708496094E-02
   98   -0.6308593750000000E-02    0.9858322143554688E-03
   99   -0.7812500000000000E-03    0.8784484863281250E-03
  100    0.4101562500000000E-03    0.1016120910644531E-02
