# time =    0.4190
    0    0.1000000000000000E+01    0.1000000000000000E+01
    1    0.3999609375000000E+00    0.1607927703857422E+00
    2    0.2099218750000000E+00    0.4473190307617188E-01
    3    0.1302929687500000E+00    0.1773014068603516E-01
    4    0.9669921875000000E-01    0.1029590606689453E-01
    5    0.7621093750000001E-01    0.6677093505859375E-02
    6    0.5675781250000000E-01    0.4080734252929688E-02
    7    0.5230468750000000E-01    0.3645706176757813E-02
    8    0.4236328125000000E-01    0.2630882263183594E-02
    9    0.3947265625000000E-01    0.2420692443847656E-02
   10    0.3759765625000000E-01    0.2265281677246094E-02
   11    0.3537109375000000E-01    0.2215080261230469E-02
   12    0.2701171875000000E-01    0.1723518371582031E-02
   13    0.2060546875000000E-01    0.1235084533691406E-02
   14    0.1841796875000000E-01    0.1247444152832031E-02
   15    0.2228515625000000E-01    0.1530723571777344E-02
   16    0.2000000000000000E-01    0.1219406127929688E-02
   17    0.1646484375000000E-01    0.1154441833496094E-02
   18    0.1843750000000000E-01    0.1355209350585937E-02
   19    0.1332031250000000E-01    0.1065902709960938E-02
   20    0.1587890625000000E-01    0.1240425109863281E-02
   21    0.1386718750000000E-01    0.1092834472656250E-02
   22    0.1355468750000000E-01    0.1091003417968750E-02
   23    0.1412109375000000E-01    0.1031074523925781E-02
   24    0.9863281250000000E-02    0.1026039123535156E-02
   25    0.9824218750000000E-02    0.1093864440917969E-02
   26    0.1162109375000000E-01    0.1406745910644531E-02
   27    0.7128906250000000E-02    0.1063423156738281E-02
   28    0.6914062500000000E-02    0.1077728271484375E-02
   29    0.7480468750000000E-02    0.8676528930664062E-03
   30    0.1160156250000000E-01    0.9546661376953125E-03
   31    0.8574218749999999E-02    0.1087760925292969E-02
   32    0.7343750000000000E-02    0.1039657592773438E-02
   33    0.1119140625000000E-01    0.9313583374023438E-03
   34    0.3320312500000000E-02    0.7295989990234375E-03
   35    0.2773437500000000E-02    0.9980010986328125E-03
   36    0.1015625000000000E-02    0.1020050048828125E-02
   37    0.3789062500000000E-02    0.9485626220703125E-03
   38    0.1562500000000000E-02    0.1049652099609375E-02
   39    0.5625000000000000E-02    0.9380340576171875E-03
   40    0.5820312500000000E-02    0.8856201171875000E-03
   41    0.5253906250000000E-02    0.6906509399414063E-03
   42   -0.4296875000000000E-03    0.7660675048828125E-03
   43    0.1171875000000000E-03    0.7925415039062500E-03
   44    0.5605468750000000E-02    0.9926986694335938E-03
   45    0.3750000000000000E-02    0.7551574707031250E-03
   46    0.5332031250000000E-02    0.9394454956054688E-03
   47    0.5527343750000000E-02    0.8058547973632812E-03
   48    0.8164062499999999E-02    0.7917785644531250E-03
   49    0.3007812500000000E-02    0.7595825195312500E-03
   50    0.9960937500000000E-03    0.1052360534667969E-02
   51    0.2656250000000000E-02    0.9608459472656250E-03
   52    0.4785156250000000E-02    0.1031532287597656E-02
   53    0.3457031250000000E-02    0.9135055541992187E-03
   54    0.4296875000000000E-02    0.8883666992187500E-03
   55    0.2812500000000000E-02    0.7000732421875000E-03
   56    0.4101562500000000E-03    0.1016883850097656E-02
   57    0.1210937500000000E-02    0.7405853271484374E-03
   58   -0.5273437500000000E-03    0.8245468139648438E-03
   59   -0.1777343750000000E-02    0.6682205200195312E-03
   60   -0.6250000000000000E-03    0.7568359375000000E-03
   61   -0.2929687500000000E-03    0.8658218383789062E-03
   62    0.2539062500000000E-03    0.9107589721679688E-03
   63    0.1875000000000000E-02    0.9350585937500000E-03
   64    0.1445312500000000E-02    0.1052322387695313E-02
   65    0.2011718750000000E-02    0.1047782897949219E-02
   66    0.3613281250000000E-02    0.9763717651367187E-03
   67    0.1308593750000000E-02    0.9818649291992187E-03
   68    0.3906250000000000E-04    0.1223220825195313E-02
   69    0.1191406250000000E-02    0.8895492553710937E-03
   70    0.1250000000000000E-02    0.9011840820312500E-03
   71    0.1953125000000000E-03    0.1056900024414063E-02
   72    0.1152343750000000E-02    0.7457351684570313E-03
   73   -0.4960937500000000E-02    0.8222198486328125E-03
   74   -0.2226562500000000E-02    0.7443237304687500E-03
   75    0.3710937500000000E-03    0.7850265502929687E-03
   76    0.1718750000000000E-02    0.9522247314453125E-03
   77    0.4375000000000000E-02    0.1031112670898438E-02
   78    0.5703125000000000E-02    0.9912109374999999E-03
   79    0.5175781250000000E-02    0.9747695922851563E-03
   80    0.2929687500000000E-03    0.1231880187988281E-02
   81   -0.1308593750000000E-02    0.1130332946777344E-02
   82   -0.9570312500000000E-03    0.1001167297363281E-02
   83   -0.4628906250000000E-02    0.1005058288574219E-02
   84   -0.2148437500000000E-03    0.8360671997070312E-03
   85   -0.8203125000000000E-03    0.9473419189453125E-03
   86    0.1660156250000000E-02    0.7785415649414063E-03
   87    0.7812500000000000E-03    0.7404327392578125E-03
   88   -0.3125000000000000E-03    0.9845733642578126E-03
   89    0.8593750000000000E-03    0.1212158203125000E-02
   90   -0.4687500000000000E-03    0.1196899414062500E-02
   91   -0.1152343750000000E-02    0.1129188537597656E-02
   92    0.4687500000000000E-03    0.1081237792968750E-02
   93   -0.4062500000000000E-02    0.8719635009765625E-03
   94   -0.8984375000000000E-03    0.1209487915039063E-02
   95   -0.4472656250000000E-02    0.1040687561035156E-02
   96   -0.6250000000000000E-03    0.8818817138671875E-03
   97   -0.8203125000000000E-03    0.8623504638671875E-03
   98    0.1796875000000000E-02    0.1027908325195312E-02
   99    0.4355468750000000E-02    0.1044120788574219E-02
  100    0.5605468750000000E-02    0.1078453063964844E-02
