# time =    0.4764
    0    0.1000000000000000E+01    0.1000000000000000E+01
    1    0.1972851562500000E+00    0.3958835601806641E-01
    2    0.4113281250000000E-01    0.2510299682617187E-02
    3    0.6074218750000000E-02    0.1154670715332031E-02
    4    0.2148437500000000E-03    0.8429336547851562E-03
    5    0.1835937500000000E-02    0.8550262451171874E-03
    6    0.9179687499999999E-03    0.8606338500976563E-03
    7    0.8007812500000000E-03    0.1000862121582031E-02
    8   -0.2265625000000000E-02    0.9278869628906250E-03
    9    0.3906250000000000E-04    0.1003875732421875E-02
   10   -0.1582031250000000E-02    0.1022987365722656E-02
   11   -0.5761718750000000E-02    0.9043502807617187E-03
   12   -0.8398437500000000E-03    0.7713699340820313E-03
   13    0.2753906250000000E-02    0.1046028137207031E-02
   14   -0.1953125000000000E-03    0.9169006347656251E-03
   15   -0.9765625000000000E-03    0.9733581542968750E-03
   16    0.1953125000000000E-03    0.8943939208984375E-03
   17    0.9765625000000000E-03    0.1160125732421875E-02
   18   -0.1718750000000000E-02    0.9382629394531250E-03
   19   -0.4062500000000000E-02    0.7566833496093751E-03
   20   -0.1738281250000000E-02    0.9897232055664062E-03
   21    0.8398437500000000E-03    0.9354782104492187E-03
   22    0.6835937500000000E-03    0.9284591674804687E-03
   23   -0.1699218750000000E-02    0.1149253845214844E-02
   24   -0.7031250000000000E-03    0.1220245361328125E-02
   25    0.2226562500000000E-02    0.9604644775390625E-03
   26    0.1542968750000000E-02    0.1000556945800781E-02
   27   -0.2460937500000000E-02    0.9228515625000000E-03
   28   -0.6992187500000000E-02    0.9241485595703125E-03
   29   -0.1210937500000000E-02    0.9152221679687500E-03
   30   -0.4882812500000000E-03    0.1192436218261719E-02
   31    0.6328125000000000E-02    0.9043121337890625E-03
   32    0.6308593750000000E-02    0.8493423461914063E-03
   33    0.5136718750000000E-02    0.1185798645019531E-02
   34   -0.2089843750000000E-02    0.9287643432617187E-03
   35   -0.4980468750000000E-02    0.1019706726074219E-02
   36    0.6445312500000000E-03    0.8989334106445313E-03
   37    0.5859375000000000E-04    0.1025657653808594E-02
   38   -0.7812500000000000E-03    0.1072006225585937E-02
   39   -0.4550781250000000E-02    0.8974075317382812E-03
   40   -0.5683593750000000E-02    0.1187400817871094E-02
   41   -0.4199218750000000E-02    0.8500289916992188E-03
   42   -0.9960937500000000E-03    0.9561538696289063E-03
   43   -0.8789062500000000E-03    0.1004066467285156E-02
   44    0.3828125000000000E-02    0.1054458618164063E-02
   45   -0.3359375000000000E-02    0.1026382446289063E-02
   46    0.1562500000000000E-02    0.9408569335937499E-03
   47    0.3125000000000000E-02    0.1107711791992187E-02
   48   -0.5273437500000000E-03    0.9832382202148438E-03
   49    0.0000000000000000E+00    0.1056060791015625E-02
   50   -0.9570312500000000E-03    0.9379959106445312E-03
   51   -0.3125000000000000E-02    0.9404754638671875E-03
   52    0.2558593750000000E-02    0.8280563354492187E-03
   53    0.8593750000000000E-03    0.9682464599609375E-03
   54    0.6445312500000000E-03    0.8526229858398437E-03
   55    0.1953125000000000E-03    0.9175872802734375E-03
   56   -0.5468750000000001E-03    0.8931732177734374E-03
   57    0.7246093750000000E-02    0.1169471740722656E-02
   58   -0.1972656250000000E-02    0.9865188598632813E-03
   59   -0.3789062500000000E-02    0.9436798095703125E-03
   60    0.1230468750000000E-02    0.1167869567871094E-02
   61   -0.4980468750000000E-02    0.1154518127441406E-02
   62    0.4257812500000000E-02    0.9918212890625000E-03
   63   -0.2343750000000000E-03    0.8051300048828125E-03
   64    0.2109375000000000E-02    0.7624053955078126E-03
   65   -0.3535156250000000E-02    0.9121322631835938E-03
   66   -0.3066406250000000E-02    0.1376609802246094E-02
   67    0.3691406250000000E-02    0.8864974975585937E-03
   68    0.9960937500000000E-03    0.9599685668945313E-03
   69    0.3320312500000000E-02    0.7968902587890625E-03
   70   -0.3945312500000000E-02    0.1022796630859375E-02
   71    0.8593750000000000E-03    0.9635925292968750E-03
   72    0.4062500000000000E-02    0.7891082763671876E-03
   73   -0.1953125000000000E-02    0.9416961669921876E-03
   74   -0.3066406250000000E-02    0.9324264526367188E-03
   75    0.3906250000000000E-03    0.7257080078125000E-03
   76    0.1171875000000000E-03    0.7788848876953125E-03
   77   -0.4628906250000000E-02    0.1158485412597656E-02
   78    0.2656250000000000E-02    0.1032104492187500E-02
   79   -0.6445312500000000E-03    0.7588577270507813E-03
   80    0.7031250000000000E-03    0.7637023925781250E-03
   81    0.3281250000000000E-02    0.8447265625000000E-03
   82   -0.1035156250000000E-02    0.9903335571289063E-03
   83   -0.7421875000000000E-03    0.1072387695312500E-02
   84   -0.2363281250000000E-02    0.1134910583496094E-02
   85    0.2578125000000000E-02    0.9683227539062500E-03
   86    0.4746093750000000E-02    0.8643722534179688E-03
   87    0.5507812500000000E-02    0.1129455566406250E-02
   88    0.2382812500000000E-02    0.8686828613281250E-03
   89    0.2988281250000000E-02    0.8761215209960937E-03
   90   -0.6171875000000000E-02    0.9407806396484375E-03
   91    0.1699218750000000E-02    0.1202049255371094E-02
   92    0.1250000000000000E-02    0.9333038330078125E-03
   93   -0.1093750000000000E-02    0.9387207031250000E-03
   94    0.1738281250000000E-02    0.1107673645019531E-02
   95   -0.8320312500000000E-02    0.1001663208007812E-02
   96   -0.3281250000000000E-02    0.1148910522460938E-02
   97    0.6640625000000000E-03    0.8985900878906250E-03
   98   -0.8652343749999999E-02    0.1028404235839844E-02
   99   -0.6484375000000000E-02    0.1072616577148438E-02
  100   -0.2988281250000000E-02    0.8660507202148438E-03
