# time =    0.4300
    0    0.1000000000000000E+01    0.1000000000000000E+01
    1    0.3692187500000000E+00    0.1372153472900391E+00
    2    0.1669921875000000E+00    0.2871414184570312E-01
    3    0.9097656250000000E-01    0.8985366821289063E-02
    4    0.5800781250000000E-01    0.4079742431640625E-02
    5    0.4453125000000000E-01    0.2764053344726563E-02
    6    0.3025390625000000E-01    0.1693992614746094E-02
    7    0.2416015625000000E-01    0.1441078186035156E-02
    8    0.2037109375000000E-01    0.1400184631347656E-02
    9    0.1566406250000000E-01    0.1235198974609375E-02
   10    0.1287109375000000E-01    0.1197471618652344E-02
   11    0.1109375000000000E-01    0.1228027343750000E-02
   12    0.5117187500000000E-02    0.1088638305664062E-02
   13    0.6347656250000000E-02    0.8768081665039062E-03
   14    0.4101562500000000E-02    0.9342193603515625E-03
   15    0.3359375000000000E-02    0.9125518798828125E-03
   16    0.3183593750000000E-02    0.8721542358398437E-03
   17    0.8789062500000000E-03    0.7949447631835937E-03
   18    0.2949218750000000E-02    0.8710098266601563E-03
   19    0.1328125000000000E-02    0.9593963623046875E-03
   20   -0.4296875000000000E-03    0.1027526855468750E-02
   21   -0.3652343750000000E-02    0.6271743774414062E-03
   22   -0.1542968750000000E-02    0.9608840942382812E-03
   23   -0.3515625000000000E-03    0.1017532348632813E-02
   24   -0.1914062500000000E-02    0.1021804809570313E-02
   25   -0.5917968750000000E-02    0.1032676696777344E-02
   26    0.3222656250000000E-02    0.8636856079101562E-03
   27   -0.7812500000000000E-04    0.1043930053710938E-02
   28   -0.1484375000000000E-02    0.1124649047851562E-02
   29    0.3886718750000000E-02    0.8774185180664062E-03
   30   -0.3906250000000000E-04    0.9491729736328125E-03
   31   -0.1894531250000000E-02    0.7820510864257812E-03
   32   -0.4296875000000000E-03    0.9677886962890625E-03
   33   -0.2363281250000000E-02    0.8710098266601563E-03
   34    0.7812500000000000E-03    0.1086196899414063E-02
   35    0.2929687500000000E-02    0.1112365722656250E-02
   36   -0.1171875000000000E-02    0.1302185058593750E-02
   37   -0.6835937500000000E-03    0.1137046813964844E-02
   38    0.3515625000000000E-03    0.9278869628906250E-03
   39   -0.2148437500000000E-02    0.9308624267578125E-03
   40   -0.2500000000000000E-02    0.8209991455078125E-03
   41    0.1347656250000000E-02    0.9144973754882812E-03
   42    0.3242187500000000E-02    0.8547973632812500E-03
   43    0.2773437500000000E-02    0.8816528320312500E-03
   44    0.2031250000000000E-02    0.8455657958984375E-03
   45    0.3593750000000000E-02    0.9133911132812500E-03
   46    0.4238281250000000E-02    0.8814620971679687E-03
   47    0.3886718750000000E-02    0.1055183410644531E-02
   48    0.3398437500000000E-02    0.9690093994140625E-03
   49   -0.1171875000000000E-03    0.8195495605468750E-03
   50    0.2890625000000000E-02    0.8750915527343750E-03
   51    0.5742187500000000E-02    0.7651519775390625E-03
   52    0.4238281250000000E-02    0.7619857788085938E-03
   53   -0.3515625000000000E-02    0.8722686767578125E-03
   54    0.1562500000000000E-02    0.1273422241210937E-02
   55   -0.1953125000000000E-04    0.1189002990722656E-02
   56   -0.1210937500000000E-02    0.1208343505859375E-02
   57   -0.1582031250000000E-02    0.9089279174804688E-03
   58    0.1992187500000000E-02    0.1060791015625000E-02
   59   -0.3105468750000000E-02    0.1033744812011719E-02
   60    0.2539062500000000E-03    0.1021690368652344E-02
   61    0.1328125000000000E-02    0.1266021728515625E-02
   62    0.4238281250000000E-02    0.9891128540039063E-03
   63    0.4277343750000000E-02    0.1001396179199219E-02
   64    0.2207031250000000E-02    0.9949111938476563E-03
   65   -0.2109375000000000E-02    0.9606170654296875E-03
   66    0.5273437500000000E-03    0.8804702758789063E-03
   67    0.4492187500000000E-03    0.9312820434570312E-03
   68   -0.1113281250000000E-02    0.1132316589355469E-02
   69   -0.4160156250000000E-02    0.1350135803222656E-02
   70    0.6250000000000000E-03    0.8025360107421875E-03
   71    0.2031250000000000E-02    0.9118652343750000E-03
   72   -0.5273437500000000E-02    0.9707641601562500E-03
   73   -0.7812500000000000E-04    0.9465789794921874E-03
   74   -0.6445312500000000E-03    0.7868576049804688E-03
   75    0.6484375000000000E-02    0.1039352416992187E-02
   76    0.2714843750000000E-02    0.8535385131835938E-03
   77   -0.1562500000000000E-02    0.9316253662109375E-03
   78    0.1015625000000000E-02    0.8591461181640625E-03
   79    0.5156250000000000E-02    0.1079711914062500E-02
   80    0.3593750000000000E-02    0.8848571777343750E-03
   81    0.4765625000000000E-02    0.8557128906250000E-03
   82    0.7011718750000000E-02    0.1097526550292969E-02
   83    0.5175781250000000E-02    0.1115226745605469E-02
   84   -0.4101562500000000E-03    0.1116828918457031E-02
   85   -0.8203125000000000E-03    0.7990264892578125E-03
   86   -0.4101562500000000E-02    0.1024017333984375E-02
   87   -0.1367187500000000E-02    0.1068191528320312E-02
   88    0.2011718750000000E-02    0.9499740600585938E-03
   89   -0.3906250000000000E-03    0.1151123046875000E-02
   90    0.1855468750000000E-02    0.9972000122070313E-03
   91    0.3105468750000000E-02    0.1041679382324219E-02
   92    0.4492187500000000E-03    0.1102256774902344E-02
   93    0.1250000000000000E-02    0.1034469604492188E-02
   94    0.4101562500000000E-03    0.9908676147460938E-03
   95    0.2910156250000000E-02    0.1025962829589844E-02
   96    0.3554687500000000E-02    0.9165954589843750E-03
   97    0.1015625000000000E-02    0.1038360595703125E-02
   98   -0.2246093750000000E-02    0.1040153503417969E-02
   99   -0.1269531250000000E-02    0.9309768676757813E-03
  100   -0.2148437500000000E-02    0.1107788085937500E-02
