# time =    0.4448
    0    0.1000000000000000E+01    0.1000000000000000E+01
    1    0.3370117187500000E+00    0.1144019699096680E+00
    2    0.1378710937500000E+00    0.2013568878173828E-01
    3    0.6347656250000000E-01    0.5004730224609375E-02
    4    0.3228515625000000E-01    0.1954307556152344E-02
    5    0.1537109375000000E-01    0.1283836364746094E-02
    6    0.9941406250000000E-02    0.1192512512207031E-02
    7    0.8750000000000001E-02    0.1094741821289063E-02
    8    0.6250000000000000E-02    0.1043319702148438E-02
    9    0.1367187500000000E-02    0.9958648681640625E-03
   10    0.6835937500000000E-03    0.9685134887695312E-03
   11   -0.1132812500000000E-02    0.8609771728515625E-03
   12   -0.3535156250000000E-02    0.9412002563476562E-03
   13    0.2539062500000000E-03    0.8647537231445312E-03
   14   -0.2207031250000000E-02    0.9088516235351562E-03
   15   -0.1933593750000000E-02    0.8060073852539062E-03
   16   -0.4785156250000000E-02    0.9540939331054688E-03
   17   -0.3671875000000000E-02    0.6907653808593750E-03
   18    0.3164062500000000E-02    0.6960296630859375E-03
   19    0.7812500000000000E-03    0.9681701660156250E-03
   20    0.2089843750000000E-02    0.1120185852050781E-02
   21   -0.1562500000000000E-02    0.9714508056640625E-03
   22   -0.3203125000000000E-02    0.1034393310546875E-02
   23   -0.5390625000000000E-02    0.1101455688476563E-02
   24   -0.1289062500000000E-02    0.1135101318359375E-02
   25   -0.2207031250000000E-02    0.1020469665527344E-02
   26    0.1601562500000000E-02    0.1155242919921875E-02
   27    0.3183593750000000E-02    0.1080741882324219E-02
   28    0.3554687500000000E-02    0.9468841552734375E-03
   29   -0.2421875000000000E-02    0.1064453125000000E-02
   30   -0.2011718750000000E-02    0.1276206970214844E-02
   31    0.6425781250000000E-02    0.1365470886230469E-02
   32    0.5878906250000000E-02    0.1163215637207031E-02
   33   -0.1171875000000000E-03    0.9993743896484376E-03
   34    0.3945312500000000E-02    0.9902191162109374E-03
   35   -0.1562500000000000E-03    0.7010650634765625E-03
   36    0.4062500000000000E-02    0.7615661621093749E-03
   37    0.4062500000000000E-02    0.7312774658203125E-03
   38   -0.4687500000000000E-03    0.1049423217773438E-02
   39    0.1953125000000000E-02    0.8888244628906250E-03
   40   -0.1562500000000000E-02    0.9822845458984375E-03
   41   -0.2792968750000000E-02    0.9714126586914063E-03
   42   -0.1679687500000000E-02    0.1057968139648437E-02
   43   -0.2421875000000000E-02    0.1086196899414063E-02
   44   -0.2343750000000000E-03    0.1035537719726562E-02
   45   -0.6835937500000000E-03    0.1007118225097656E-02
   46    0.1972656250000000E-02    0.9123611450195312E-03
   47    0.9765625000000000E-03    0.9452056884765625E-03
   48    0.4687500000000000E-03    0.8311462402343750E-03
   49    0.4316406250000000E-02    0.9871292114257812E-03
   50    0.3886718750000000E-02    0.7710647583007812E-03
   51   -0.2011718750000000E-02    0.6815719604492187E-03
   52    0.6054687500000000E-03    0.1011924743652344E-02
   53    0.1796875000000000E-02    0.8910369873046875E-03
   54   -0.3906250000000000E-04    0.9232330322265625E-03
   55   -0.5859375000000000E-03    0.9516906738281250E-03
   56   -0.3007812500000000E-02    0.1034317016601562E-02
   57   -0.8203125000000000E-03    0.9662628173828125E-03
   58    0.9375000000000000E-03    0.8396911621093750E-03
   59    0.7773437500000000E-02    0.8011627197265625E-03
   60   -0.1679687500000000E-02    0.1028594970703125E-02
   61    0.1953125000000000E-02    0.7688903808593750E-03
   62   -0.2832031250000000E-02    0.1007118225097656E-02
   63   -0.2324218750000000E-02    0.9154891967773438E-03
   64   -0.2011718750000000E-02    0.8983993530273437E-03
   65   -0.2343750000000000E-02    0.1057205200195312E-02
   66   -0.2363281250000000E-02    0.1063117980957031E-02
   67    0.2363281250000000E-02    0.8226394653320313E-03
   68   -0.4277343750000000E-02    0.7872390747070313E-03
   69    0.1250000000000000E-02    0.1018981933593750E-02
   70   -0.2226562500000000E-02    0.1238937377929687E-02
   71   -0.3066406250000000E-02    0.9698104858398437E-03
   72    0.2246093750000000E-02    0.6975936889648438E-03
   73    0.1367187500000000E-03    0.9513473510742187E-03
   74   -0.3320312500000000E-02    0.1009597778320313E-02
   75   -0.4628906250000000E-02    0.1063728332519531E-02
   76   -0.6074218750000000E-02    0.1331520080566406E-02
   77   -0.2929687500000000E-02    0.8786010742187500E-03
   78   -0.4687500000000000E-03    0.8955383300781250E-03
   79    0.4882812500000000E-02    0.8922576904296875E-03
   80   -0.1367187500000000E-02    0.9404754638671875E-03
   81   -0.2207031250000000E-02    0.9223556518554687E-03
   82   -0.2187500000000000E-02    0.1083984375000000E-02
   83    0.6445312500000000E-03    0.1114006042480469E-02
   84   -0.1171875000000000E-03    0.9425354003906250E-03
   85   -0.2246093750000000E-02    0.1128883361816406E-02
   86    0.3339843750000000E-02    0.1205558776855469E-02
   87    0.2031250000000000E-02    0.1172103881835937E-02
   88    0.2148437500000000E-02    0.9887695312500000E-03
   89    0.1914062500000000E-02    0.8901977539062501E-03
   90   -0.3515625000000000E-02    0.1069717407226563E-02
   91   -0.7812500000000000E-04    0.9094238281250000E-03
   92    0.3535156250000000E-02    0.9829330444335938E-03
   93    0.3457031250000000E-02    0.7815933227539062E-03
   94    0.3203125000000000E-02    0.8734893798828125E-03
   95   -0.3320312500000000E-03    0.9698104858398437E-03
   96    0.1347656250000000E-02    0.9482955932617188E-03
   97   -0.6250000000000000E-03    0.1137847900390625E-02
   98    0.3242187500000000E-02    0.8888244628906250E-03
   99   -0.1171875000000000E-03    0.9104156494140625E-03
  100   -0.3964843750000000E-02    0.1103553771972656E-02
