# time =    0.4501
    0    0.1000000000000000E+01    0.1000000000000000E+01
    1    0.3083007812500000E+00    0.9586673736572265E-01
    2    0.1191210937500000E+00    0.1516468048095703E-01
    3    0.5521484375000000E-01    0.4034080505371094E-02
    4    0.2550781250000000E-01    0.1456756591796875E-02
    5    0.1646484375000000E-01    0.1133003234863281E-02
    6    0.1056640625000000E-01    0.1095008850097656E-02
    7    0.6679687500000000E-02    0.1063690185546875E-02
    8    0.6914062500000000E-02    0.1001892089843750E-02
    9    0.1523437500000000E-02    0.7629394531250000E-03
   10   -0.4492187500000000E-02    0.7820892333984375E-03
   11   -0.2578125000000000E-02    0.8194732666015625E-03
   12   -0.3964843750000000E-02    0.7759475708007812E-03
   13   -0.6835937500000000E-02    0.1171112060546875E-02
   14   -0.7070312500000000E-02    0.1192321777343750E-02
   15   -0.5039062500000000E-02    0.1017532348632813E-02
   16   -0.7421875000000000E-03    0.1143646240234375E-02
   17   -0.8007812500000000E-03    0.1009025573730469E-02
   18   -0.2929687500000000E-02    0.9455871582031250E-03
   19    0.9375000000000000E-03    0.7883453369140625E-03
   20   -0.1152343750000000E-02    0.7815170288085938E-03
   21    0.6835937500000000E-03    0.8716964721679687E-03
   22    0.4394531250000000E-02    0.9554672241210937E-03
   23   -0.9765625000000001E-04    0.9249496459960937E-03
   24    0.9960937500000000E-03    0.9321975708007813E-03
   25    0.1835937500000000E-02    0.1001434326171875E-02
   26    0.4550781250000000E-02    0.1207237243652344E-02
   27    0.1484375000000000E-02    0.1063842773437500E-02
   28    0.2265625000000000E-02    0.7811737060546875E-03
   29    0.1601562500000000E-02    0.7426452636718750E-03
   30    0.5292968750000000E-02    0.1153907775878906E-02
   31   -0.4921875000000000E-02    0.9808349609375000E-03
   32   -0.6054687500000000E-03    0.8748245239257813E-03
   33    0.1367187500000000E-03    0.9441757202148437E-03
   34    0.4101562500000000E-03    0.1039466857910156E-02
   35    0.1953125000000000E-02    0.1153717041015625E-02
   36   -0.1093750000000000E-02    0.7062530517578124E-03
   37    0.2578125000000000E-02    0.1049346923828125E-02
   38    0.1367187500000000E-02    0.1148910522460938E-02
   39   -0.1406250000000000E-02    0.1115417480468750E-02
   40    0.2929687500000000E-03    0.8355331420898438E-03
   41    0.4160156250000000E-02    0.8401870727539062E-03
   42    0.7421875000000000E-03    0.7086181640625000E-03
   43    0.1464843750000000E-02    0.1101951599121094E-02
   44   -0.3300781250000000E-02    0.9518814086914063E-03
   45   -0.2714843750000000E-02    0.9146499633789063E-03
   46   -0.4101562500000000E-03    0.1001167297363281E-02
   47    0.1757812500000000E-03    0.9110641479492188E-03
   48    0.5449218750000000E-02    0.1165504455566406E-02
   49    0.3164062500000000E-02    0.1172714233398438E-02
   50   -0.2929687500000000E-02    0.1015930175781250E-02
   51    0.4628906250000000E-02    0.8825302124023437E-03
   52    0.3417968750000000E-02    0.8218002319335938E-03
   53    0.6289062500000000E-02    0.8750915527343750E-03
   54    0.1152343750000000E-02    0.7400131225585938E-03
   55    0.4687500000000000E-03    0.1234817504882812E-02
   56    0.3867187500000000E-02    0.1175689697265625E-02
   57    0.8007812500000000E-03    0.8871841430664062E-03
   58   -0.2910156250000000E-02    0.8337783813476562E-03
   59   -0.1367187500000000E-02    0.8535766601562500E-03
   60    0.2148437500000000E-03    0.1008491516113281E-02
   61   -0.5820312500000000E-02    0.8081817626953126E-03
   62   -0.6171875000000000E-02    0.1212081909179688E-02
   63   -0.1074218750000000E-02    0.9134292602539062E-03
   64   -0.3222656250000000E-02    0.1087074279785156E-02
   65   -0.2441406250000000E-02    0.7744979858398438E-03
   66   -0.4023437500000000E-02    0.9680938720703125E-03
   67    0.1640625000000000E-02    0.7706451416015625E-03
   68    0.6835937500000000E-03    0.8451461791992188E-03
   69   -0.4531250000000000E-02    0.7814025878906250E-03
   70   -0.4882812500000000E-03    0.9426498413085938E-03
   71   -0.5117187500000000E-02    0.8689117431640625E-03
   72   -0.4726562500000000E-02    0.1117553710937500E-02
   73   -0.8417968749999999E-02    0.1430625915527344E-02
   74   -0.2832031250000000E-02    0.1071434020996094E-02
   75   -0.8398437500000000E-03    0.8909225463867188E-03
   76   -0.2343750000000000E-02    0.1045227050781250E-02
   77   -0.3574218750000000E-02    0.1052589416503906E-02
   78   -0.2851562500000000E-02    0.1160736083984375E-02
   79   -0.1542968750000000E-02    0.7509994506835938E-03
   80   -0.3457031250000000E-02    0.1049385070800781E-02
   81   -0.5195312500000000E-02    0.9898376464843751E-03
   82   -0.2832031250000000E-02    0.9657669067382812E-03
   83    0.5078125000000000E-03    0.1029815673828125E-02
   84   -0.1894531250000000E-02    0.1126060485839844E-02
   85   -0.8652343749999999E-02    0.1218757629394531E-02
   86   -0.4277343750000000E-02    0.1015357971191406E-02
   87   -0.1054687500000000E-02    0.9983062744140625E-03
   88    0.1210937500000000E-02    0.9672546386718750E-03
   89   -0.1035156250000000E-02    0.8552169799804687E-03
   90    0.1015625000000000E-02    0.9638977050781250E-03
   91    0.1777343750000000E-02    0.1152610778808594E-02
   92   -0.8789062500000000E-03    0.8770370483398437E-03
   93   -0.3515625000000000E-02    0.9395599365234375E-03
   94   -0.2343750000000000E-02    0.9769439697265626E-03
   95   -0.8398437500000000E-03    0.8810043334960937E-03
   96   -0.2011718750000000E-02    0.9479904174804687E-03
   97   -0.4492187500000000E-02    0.1244888305664062E-02
   98   -0.2871093750000000E-02    0.9487533569335938E-03
   99   -0.2128906250000000E-02    0.1279182434082031E-02
  100    0.1093750000000000E-02    0.9912109374999999E-03
