# time =    0.4559
    0    0.1000000000000000E+01    0.1000000000000000E+01
    1    0.1829882812500000E+00    0.3425449371337891E-01
    2    0.3271484375000000E-01    0.2159767150878906E-02
    3    0.1304687500000000E-01    0.1073455810546875E-02
    4    0.2734375000000000E-02    0.9001922607421875E-03
    5    0.2539062500000000E-02    0.1118927001953125E-02
    6    0.4335937500000000E-02    0.1120910644531250E-02
    7    0.6523437500000000E-02    0.1109085083007813E-02
    8    0.1875000000000000E-02    0.1141052246093750E-02
    9    0.1621093750000000E-02    0.8662796020507813E-03
   10    0.2402343750000000E-02    0.7994461059570312E-03
   11   -0.6308593750000000E-02    0.1116828918457031E-02
   12   -0.2519531250000000E-02    0.1091651916503906E-02
   13   -0.2539062500000000E-03    0.8446121215820312E-03
   14   -0.1738281250000000E-02    0.9296798706054688E-03
   15    0.7812500000000000E-04    0.1016845703125000E-02
   16    0.2011718750000000E-02    0.8597183227539063E-03
   17    0.5156250000000000E-02    0.1096420288085938E-02
   18   -0.1269531250000000E-02    0.1066474914550781E-02
   19    0.4804687500000000E-02    0.8705902099609375E-03
   20   -0.1171875000000000E-02    0.8755493164062500E-03
   21   -0.1855468750000000E-02    0.7932662963867187E-03
   22    0.2031250000000000E-02    0.6281280517578125E-03
   23    0.6035156250000000E-02    0.7791519165039062E-03
   24   -0.2128906250000000E-02    0.1150169372558594E-02
   25    0.2070312500000000E-02    0.1010742187500000E-02
   26    0.3593750000000000E-02    0.7604980468750001E-03
   27    0.5117187500000000E-02    0.1270141601562500E-02
   28    0.2480468750000000E-02    0.9009170532226562E-03
   29    0.7109375000000000E-02    0.7111358642578125E-03
   30    0.2734375000000000E-02    0.1002120971679687E-02
   31    0.4980468750000000E-02    0.1071128845214844E-02
   32    0.6445312500000000E-03    0.1205406188964844E-02
   33    0.1699218750000000E-02    0.1189765930175781E-02
   34    0.4882812500000000E-03    0.9893417358398438E-03
   35    0.6503906250000000E-02    0.8208847045898437E-03
   36    0.1132812500000000E-02    0.8715057373046875E-03
   37    0.3222656250000000E-02    0.9767532348632813E-03
   38    0.2792968750000000E-02    0.8616256713867188E-03
   39   -0.8359375000000000E-02    0.8609008789062500E-03
   40   -0.4101562500000000E-02    0.1069793701171875E-02
   41    0.6835937500000000E-03    0.8443069458007813E-03
   42    0.4101562500000000E-03    0.1216392517089844E-02
   43   -0.1992187500000000E-02    0.8470916748046875E-03
   44   -0.7226562500000000E-03    0.9414291381835937E-03
   45   -0.3964843750000000E-02    0.9537887573242188E-03
   46   -0.3046875000000000E-02    0.9440612792968750E-03
   47   -0.5234375000000000E-02    0.8811187744140625E-03
   48   -0.2929687500000000E-03    0.9818649291992187E-03
   49   -0.3085937500000000E-02    0.1142044067382812E-02
   50    0.4296875000000000E-03    0.9722137451171876E-03
   51    0.4824218750000000E-02    0.1292076110839844E-02
   52   -0.5078125000000000E-03    0.1192245483398438E-02
   53    0.1757812500000000E-02    0.9072113037109375E-03
   54    0.6445312500000000E-03    0.1153984069824219E-02
   55    0.1953125000000000E-02    0.1067581176757813E-02
   56    0.2382812500000000E-02    0.1123123168945313E-02
   57    0.7773437500000000E-02    0.9120178222656250E-03
   58    0.1093750000000000E-02    0.8582305908203125E-03
   59    0.3125000000000000E-02    0.9456634521484375E-03
   60    0.7285156250000000E-02    0.1277961730957031E-02
   61   -0.3750000000000000E-02    0.8610534667968750E-03
   62    0.3300781250000000E-02    0.9623336791992188E-03
   63   -0.1347656250000000E-02    0.1072273254394531E-02
   64    0.2539062500000000E-02    0.8542633056640625E-03
   65   -0.3261718750000000E-02    0.1252098083496094E-02
   66   -0.3808593750000000E-02    0.7529830932617187E-03
   67   -0.2402343750000000E-02    0.1231803894042969E-02
   68   -0.1152343750000000E-02    0.1045341491699219E-02
   69    0.3027343750000000E-02    0.7692337036132813E-03
   70    0.0000000000000000E+00    0.8104705810546875E-03
   71   -0.4687500000000000E-03    0.7804870605468750E-03
   72    0.2929687500000000E-02    0.1052322387695313E-02
   73   -0.4296875000000000E-02    0.1064300537109375E-02
   74   -0.2382812500000000E-02    0.8834075927734375E-03
   75   -0.5585937500000000E-02    0.1100540161132812E-02
   76    0.1562500000000000E-03    0.1075286865234375E-02
   77    0.1757812500000000E-03    0.1100349426269531E-02
   78   -0.3398437500000000E-02    0.8509063720703125E-03
   79   -0.6445312500000000E-03    0.1048240661621094E-02
   80    0.5605468750000000E-02    0.1096153259277344E-02
   81   -0.8789062500000000E-03    0.9416580200195312E-03
   82   -0.2089843750000000E-02    0.9756088256835938E-03
   83   -0.2441406250000000E-02    0.1180534362792969E-02
   84   -0.2324218750000000E-02    0.1198768615722656E-02
   85   -0.3652343750000000E-02    0.1054496765136719E-02
   86    0.9765625000000001E-04    0.8636093139648437E-03
   87    0.3750000000000000E-02    0.8576965332031250E-03
   88    0.5039062500000000E-02    0.1075363159179687E-02
   89   -0.2148437500000000E-03    0.9283065795898437E-03
   90   -0.1660156250000000E-02    0.9259414672851562E-03
   91    0.1386718750000000E-02    0.7506942749023437E-03
   92   -0.3046875000000000E-02    0.1093292236328125E-02
   93    0.3417968750000000E-02    0.8391189575195312E-03
   94    0.6250000000000000E-03    0.7833099365234375E-03
   95   -0.2187500000000000E-02    0.1056594848632813E-02
   96    0.2324218750000000E-02    0.1014366149902344E-02
   97    0.4472656250000000E-02    0.7965469360351563E-03
   98    0.4531250000000000E-02    0.8071899414062500E-03
   99   -0.2324218750000000E-02    0.1061134338378906E-02
  100   -0.2382812500000000E-02    0.9924316406250001E-03
