# time =    0.4208
    0    0.1000000000000000E+01    0.1000000000000000E+01
    1    0.3821679687500000E+00    0.1464847183227539E+00
    2    0.1960546875000000E+00    0.3909988403320312E-01
    3    0.1250781250000000E+00    0.1638633728027344E-01
    4    0.9693359375000000E-01    0.1053806304931641E-01
    5    0.7630859375000000E-01    0.6792564392089844E-02
    6    0.6281249999999999E-01    0.5192413330078125E-02
    7    0.5787109375000000E-01    0.4263420104980469E-02
    8    0.4750000000000000E-01    0.3083267211914062E-02
    9    0.4011718750000000E-01    0.2579956054687500E-02
   10    0.3878906250000000E-01    0.2546539306640625E-02
   11    0.3880859375000000E-01    0.2459449768066406E-02
   12    0.3191406250000000E-01    0.1760406494140625E-02
   13    0.2728515625000000E-01    0.1534919738769531E-02
   14    0.2789062500000000E-01    0.1706695556640625E-02
   15    0.2488281250000000E-01    0.1494522094726562E-02
   16    0.2734375000000000E-01    0.1750411987304688E-02
   17    0.2283203125000000E-01    0.1372718811035156E-02
   18    0.2230468750000000E-01    0.1408767700195313E-02
   19    0.1890625000000000E-01    0.1551361083984375E-02
   20    0.1265625000000000E-01    0.1197204589843750E-02
   21    0.1593750000000000E-01    0.1197586059570312E-02
   22    0.1693359375000000E-01    0.1086463928222656E-02
   23    0.1667968750000000E-01    0.1238021850585938E-02
   24    0.1689453125000000E-01    0.1126289367675781E-02
   25    0.1617187500000000E-01    0.1451263427734375E-02
   26    0.1828125000000000E-01    0.1387481689453125E-02
   27    0.1406250000000000E-01    0.1105957031250000E-02
   28    0.1687500000000000E-01    0.1287307739257812E-02
   29    0.1349609375000000E-01    0.1144676208496094E-02
   30    0.1154296875000000E-01    0.1257286071777344E-02
   31    0.1548828125000000E-01    0.1386451721191406E-02
   32    0.1187500000000000E-01    0.1034088134765625E-02
   33    0.1396484375000000E-01    0.1178474426269531E-02
   34    0.1328125000000000E-01    0.1328811645507812E-02
   35    0.1162109375000000E-01    0.1027717590332031E-02
   36    0.1132812500000000E-01    0.1055831909179687E-02
   37    0.7968750000000000E-02    0.9966278076171875E-03
   38    0.7363281250000000E-02    0.9731674194335938E-03
   39    0.1171875000000000E-01    0.1120910644531250E-02
   40    0.1171875000000000E-01    0.1244735717773438E-02
   41    0.1244140625000000E-01    0.1095924377441406E-02
   42    0.1000000000000000E-01    0.1026611328125000E-02
   43    0.5820312500000000E-02    0.8480834960937500E-03
   44    0.6367187500000000E-02    0.9146118164062500E-03
   45    0.6289062500000000E-02    0.1045227050781250E-02
   46    0.5703125000000000E-02    0.9393310546875000E-03
   47    0.6328125000000000E-02    0.8549499511718750E-03
   48    0.2832031250000000E-02    0.8576583862304688E-03
   49    0.3457031250000000E-02    0.9785842895507811E-03
   50    0.3906250000000000E-02    0.1004180908203125E-02
   51    0.4433593750000000E-02    0.9896469116210938E-03
   52    0.6035156250000000E-02    0.1021690368652344E-02
   53    0.5722656250000000E-02    0.9840774536132814E-03
   54    0.4785156250000000E-02    0.1024284362792969E-02
   55    0.6699218750000000E-02    0.9789657592773437E-03
   56    0.7441406250000000E-02    0.9961318969726562E-03
   57    0.5195312500000000E-02    0.8936309814453125E-03
   58    0.7832031250000000E-02    0.9808731079101562E-03
   59    0.1169921875000000E-01    0.9840011596679687E-03
   60    0.5957031250000000E-02    0.1325035095214844E-02
   61    0.6171875000000000E-02    0.9360504150390625E-03
   62    0.6269531250000000E-02    0.1020469665527344E-02
   63    0.6152343750000000E-02    0.1030235290527344E-02
   64    0.5488281250000000E-02    0.1067314147949219E-02
   65    0.4531250000000000E-02    0.9886169433593751E-03
   66    0.4296875000000000E-02    0.1232986450195313E-02
   67    0.6171875000000000E-02    0.1166610717773437E-02
   68    0.7539062500000000E-02    0.1408157348632812E-02
   69    0.5996093750000000E-02    0.1049232482910156E-02
   70    0.8750000000000001E-02    0.1072158813476563E-02
   71    0.8632812500000000E-02    0.9746551513671875E-03
   72    0.7148437500000000E-02    0.1296997070312500E-02
   73    0.4023437500000000E-02    0.1198806762695312E-02
   74    0.3496093750000000E-02    0.1150932312011719E-02
   75    0.6640625000000000E-02    0.1228713989257813E-02
   76    0.6445312500000000E-03    0.1089515686035156E-02
   77    0.6054687500000000E-03    0.9125137329101563E-03
   78    0.3828125000000000E-02    0.8503723144531250E-03
   79    0.4257812500000000E-02    0.1161499023437500E-02
   80    0.5195312500000000E-02    0.8833312988281250E-03
   81    0.4570312500000000E-02    0.9067535400390625E-03
   82    0.1816406250000000E-02    0.9600448608398437E-03
   83    0.2636718750000000E-02    0.8919906616210938E-03
   84    0.2187500000000000E-02    0.9750366210937500E-03
   85    0.4394531250000000E-02    0.1049003601074219E-02
   86    0.4296875000000000E-02    0.1203155517578125E-02
   87    0.4589843750000000E-02    0.9759140014648438E-03
   88    0.1484375000000000E-02    0.9774017333984376E-03
   89    0.4609375000000000E-02    0.1157608032226562E-02
   90    0.6582031250000000E-02    0.1220054626464844E-02
   91    0.4023437500000000E-02    0.1230850219726563E-02
   92    0.4414062500000000E-02    0.1143112182617188E-02
   93    0.4023437500000000E-02    0.1145324707031250E-02
   94    0.3300781250000000E-02    0.1384239196777344E-02
   95    0.6582031250000000E-02    0.1288108825683594E-02
   96    0.5976562500000000E-02    0.1055297851562500E-02
   97    0.4335937500000000E-02    0.1133956909179687E-02
   98    0.4394531250000000E-02    0.1012611389160156E-02
   99    0.1152343750000000E-02    0.1145133972167969E-02
  100    0.3789062500000000E-02    0.1153640747070313E-02
