# time =    0.4796
    0    0.1000000000000000E+01    0.1000000000000000E+01
    1    0.2045507812500000E+00    0.4268054962158203E-01
    2    0.4353515625000000E-01    0.2925071716308594E-02
    3    0.1244140625000000E-01    0.1125526428222656E-02
    4    0.6855468750000000E-02    0.8803176879882813E-03
    5    0.3554687500000000E-02    0.1147308349609375E-02
    6    0.2578125000000000E-02    0.9570312500000000E-03
    7   -0.2382812500000000E-02    0.9819030761718749E-03
    8    0.5898437500000000E-02    0.1082153320312500E-02
    9    0.1113281250000000E-02    0.1071968078613281E-02
   10   -0.9765625000000001E-04    0.7358932495117187E-03
   11    0.3906250000000000E-03    0.9403991699218750E-03
   12   -0.4492187500000000E-02    0.8984375000000000E-03
   13   -0.3300781250000000E-02    0.8790206909179688E-03
   14   -0.1171875000000000E-02    0.7849884033203125E-03
   15   -0.1250000000000000E-02    0.8271789550781250E-03
   16    0.3359375000000000E-02    0.9603118896484375E-03
   17    0.7089843750000000E-02    0.1081047058105469E-02
   18    0.7636718750000000E-02    0.9094619750976562E-03
   19   -0.2812500000000000E-02    0.9419250488281250E-03
   20    0.6074218750000000E-02    0.1025657653808594E-02
   21    0.7421875000000000E-02    0.1095046997070313E-02
   22   -0.3007812500000000E-02    0.1052627563476562E-02
   23   -0.1816406250000000E-02    0.1093864440917969E-02
   24   -0.2089843750000000E-02    0.9509658813476562E-03
   25    0.6445312500000000E-03    0.1068382263183594E-02
   26    0.1972656250000000E-02    0.9086227416992187E-03
   27    0.2519531250000000E-02    0.1027107238769531E-02
   28    0.2578125000000000E-02    0.1184768676757812E-02
   29    0.1054687500000000E-02    0.8761596679687500E-03
   30    0.2011718750000000E-02    0.1178474426269531E-02
   31   -0.5468750000000001E-03    0.9483337402343750E-03
   32    0.3457031250000000E-02    0.1030540466308594E-02
   33    0.3066406250000000E-02    0.8640670776367187E-03
   34    0.1166015625000000E-01    0.1216011047363281E-02
   35    0.5410156250000000E-02    0.9974288940429689E-03
   36    0.3085937500000000E-02    0.1045303344726562E-02
   37    0.3222656250000000E-02    0.8868026733398437E-03
   38    0.6230468750000000E-02    0.1161537170410156E-02
   39    0.8593750000000001E-02    0.1032409667968750E-02
   40   -0.1875000000000000E-02    0.9593200683593750E-03
   41   -0.4082031250000000E-02    0.9875869750976562E-03
   42   -0.1210937500000000E-02    0.9437561035156250E-03
   43   -0.2265625000000000E-02    0.1027526855468750E-02
   44   -0.4101562500000000E-03    0.1064491271972656E-02
   45   -0.2207031250000000E-02    0.1037483215332031E-02
   46   -0.2617187500000000E-02    0.1012954711914063E-02
   47    0.4980468750000000E-02    0.1002845764160156E-02
   48    0.1113281250000000E-02    0.9097671508789063E-03
   49    0.5917968750000000E-02    0.9937667846679687E-03
   50    0.2148437500000000E-03    0.1079673767089844E-02
   51    0.4433593750000000E-02    0.9440231323242187E-03
   52    0.2285156250000000E-02    0.1195335388183594E-02
   53    0.2343750000000000E-02    0.8200836181640625E-03
   54    0.2949218750000000E-02    0.1019096374511719E-02
   55   -0.7226562500000000E-03    0.1093101501464844E-02
   56   -0.9375000000000000E-03    0.9783935546875001E-03
   57   -0.2910156250000000E-02    0.8320236206054688E-03
   58    0.1757812500000000E-03    0.9040451049804688E-03
   59   -0.1816406250000000E-02    0.9288406372070313E-03
   60   -0.1953125000000000E-03    0.9838104248046874E-03
   61   -0.1542968750000000E-02    0.1031227111816406E-02
   62   -0.3515625000000000E-03    0.1215896606445313E-02
   63    0.1406250000000000E-02    0.1018066406250000E-02
   64    0.1289062500000000E-02    0.7036590576171875E-03
   65   -0.1191406250000000E-02    0.7068252563476562E-03
   66    0.2695312500000000E-02    0.1069335937500000E-02
   67   -0.4921875000000000E-02    0.9149932861328126E-03
   68    0.2480468750000000E-02    0.8362960815429687E-03
   69   -0.3906250000000000E-02    0.9964752197265626E-03
   70    0.6894531250000000E-02    0.9339523315429688E-03
   71    0.2695312500000000E-02    0.9129333496093750E-03
   72   -0.1972656250000000E-02    0.8925247192382812E-03
   73   -0.4296875000000000E-03    0.8996582031250000E-03
   74    0.2910156250000000E-02    0.9534072875976563E-03
   75    0.2421875000000000E-02    0.1064834594726562E-02
   76    0.3281250000000000E-02    0.1039123535156250E-02
   77   -0.5996093750000000E-02    0.1129646301269531E-02
   78   -0.2050781250000000E-02    0.1316719055175781E-02
   79    0.9375000000000000E-03    0.7369232177734375E-03
   80   -0.4160156250000000E-02    0.8559799194335937E-03
   81   -0.5742187500000000E-02    0.7894134521484375E-03
   82   -0.7812500000000000E-04    0.1145172119140625E-02
   83    0.2597656250000000E-02    0.1049461364746094E-02
   84   -0.1289062500000000E-02    0.1014175415039063E-02
   85   -0.6367187500000000E-02    0.9886169433593751E-03
   86   -0.3574218750000000E-02    0.1303825378417969E-02
   87    0.1914062500000000E-02    0.1063003540039063E-02
   88    0.3515625000000000E-02    0.1002731323242188E-02
   89   -0.1367187500000000E-03    0.6266403198242188E-03
   90   -0.9960937500000000E-03    0.9768295288085937E-03
   91    0.1113281250000000E-02    0.9981155395507812E-03
   92    0.3359375000000000E-02    0.1134262084960937E-02
   93    0.7031250000000000E-03    0.9959411621093749E-03
   94   -0.2187500000000000E-02    0.8765411376953125E-03
   95    0.3125000000000000E-03    0.1109771728515625E-02
   96   -0.3300781250000000E-02    0.9948348999023438E-03
   97   -0.2871093750000000E-02    0.9023666381835938E-03
   98   -0.2753906250000000E-02    0.8675765991210938E-03
   99   -0.3515625000000000E-02    0.9718322753906250E-03
  100   -0.1035156250000000E-02    0.1071586608886719E-02
