# time =    0.4682
    0    0.1000000000000000E+01    0.1000000000000000E+01
    1    0.2030273437500000E+00    0.4231502532958984E-01
    2    0.4613281250000000E-01    0.3284683227539062E-02
    3    0.1406250000000000E-01    0.1210098266601563E-02
    4    0.1875000000000000E-02    0.8676147460937500E-03
    5    0.1386718750000000E-02    0.9617233276367188E-03
    6    0.3222656250000000E-02    0.8900833129882813E-03
    7    0.1718750000000000E-02    0.1006088256835938E-02
    8   -0.7050781250000000E-02    0.9052658081054688E-03
    9   -0.4863281250000000E-02    0.1164054870605469E-02
   10    0.1562500000000000E-03    0.9710693359375000E-03
   11   -0.2070312500000000E-02    0.1046752929687500E-02
   12    0.1699218750000000E-02    0.8693313598632812E-03
   13    0.1015625000000000E-02    0.9857940673828126E-03
   14    0.1835937500000000E-02    0.9458160400390625E-03
   15   -0.3007812500000000E-02    0.1131286621093750E-02
   16   -0.4277343750000000E-02    0.1104011535644531E-02
   17   -0.3906250000000000E-04    0.8981323242187500E-03
   18   -0.3144531250000000E-02    0.8773422241210938E-03
   19   -0.4179687500000000E-02    0.1069259643554688E-02
   20   -0.6250000000000000E-02    0.1242446899414062E-02
   21   -0.2949218750000000E-02    0.7798385620117188E-03
   22    0.2617187500000000E-02    0.1029281616210937E-02
   23    0.1210937500000000E-02    0.8641052246093750E-03
   24    0.1796875000000000E-02    0.9307861328125000E-03
   25    0.2031250000000000E-02    0.8020782470703125E-03
   26    0.2929687500000000E-03    0.1078147888183594E-02
   27    0.3359375000000000E-02    0.8543395996093750E-03
   28   -0.2519531250000000E-02    0.1083030700683594E-02
   29   -0.9921875000000000E-02    0.1284179687500000E-02
   30   -0.6328125000000000E-02    0.1045989990234375E-02
   31   -0.7226562500000000E-03    0.1085014343261719E-02
   32    0.1054687500000000E-02    0.1226501464843750E-02
   33    0.7792968750000000E-02    0.1345787048339844E-02
   34   -0.2460937500000000E-02    0.1030044555664062E-02
   35    0.1035156250000000E-02    0.7917404174804688E-03
   36    0.3320312500000000E-02    0.7434844970703125E-03
   37   -0.3535156250000000E-02    0.1166725158691406E-02
   38   -0.1074218750000000E-02    0.1150016784667969E-02
   39    0.2148437500000000E-03    0.7557296752929688E-03
   40   -0.3574218750000000E-02    0.8215713500976563E-03
   41   -0.5000000000000000E-02    0.1234970092773438E-02
   42   -0.2343750000000000E-02    0.9201049804687500E-03
   43   -0.5898437500000000E-02    0.9851074218750000E-03
   44   -0.5546875000000000E-02    0.8620452880859375E-03
   45   -0.4882812500000000E-03    0.1211585998535156E-02
   46   -0.1503906250000000E-02    0.9425735473632813E-03
   47   -0.1503906250000000E-02    0.8961868286132813E-03
   48   -0.4238281250000000E-02    0.7251358032226563E-03
   49    0.3320312500000000E-02    0.7080841064453125E-03
   50    0.4062500000000000E-02    0.9569549560546876E-03
   51   -0.1074218750000000E-02    0.9298324584960938E-03
   52   -0.6777343750000000E-02    0.1174659729003906E-02
   53   -0.2031250000000000E-02    0.6178283691406250E-03
   54    0.2617187500000000E-02    0.1032638549804687E-02
   55    0.7226562500000000E-03    0.1087837219238281E-02
   56   -0.1953125000000000E-03    0.9040832519531250E-03
   57    0.8593750000000000E-03    0.9958648681640625E-03
   58    0.6835937500000000E-03    0.1034202575683594E-02
   59   -0.1250000000000000E-02    0.6909942626953124E-03
   60   -0.6679687500000000E-02    0.9577941894531250E-03
   61    0.1777343750000000E-02    0.9337234497070313E-03
   62    0.2910156250000000E-02    0.9660720825195312E-03
   63   -0.4121093750000000E-02    0.8292770385742187E-03
   64    0.5585937500000000E-02    0.1005249023437500E-02
   65   -0.1347656250000000E-02    0.8333969116210937E-03
   66    0.1953125000000000E-03    0.1268157958984375E-02
   67   -0.6035156250000000E-02    0.7739639282226562E-03
   68   -0.4980468750000000E-02    0.1024360656738281E-02
   69   -0.1953125000000000E-03    0.7404327392578125E-03
   70   -0.3906250000000000E-03    0.6604766845703124E-03
   71   -0.2832031250000000E-02    0.8334732055664063E-03
   72   -0.5292968750000000E-02    0.9325027465820312E-03
   73    0.7031250000000000E-03    0.9095764160156250E-03
   74   -0.2304687500000000E-02    0.1333541870117187E-02
   75   -0.3417968750000000E-02    0.8421707153320313E-03
   76   -0.4042968750000000E-02    0.7858657836914062E-03
   77   -0.1601562500000000E-02    0.6072235107421875E-03
   78    0.5468750000000001E-03    0.8464050292968750E-03
   79    0.8007812500000000E-03    0.9508132934570312E-03
   80   -0.1640625000000000E-02    0.1116180419921875E-02
   81    0.1171875000000000E-02    0.8448028564453125E-03
   82   -0.6855468750000000E-02    0.1014747619628906E-02
   83   -0.6074218750000000E-02    0.7410049438476562E-03
   84   -0.1816406250000000E-02    0.9406661987304688E-03
   85    0.5273437500000000E-03    0.1099662780761719E-02
   86   -0.1171875000000000E-02    0.1202468872070313E-02
   87    0.1367187500000000E-02    0.7183074951171875E-03
   88    0.1406250000000000E-02    0.1023101806640625E-02
   89    0.2968750000000000E-02    0.1076354980468750E-02
   90    0.1191406250000000E-02    0.9856796264648437E-03
   91   -0.3867187500000000E-02    0.1102752685546875E-02
   92   -0.1406250000000000E-02    0.1024017333984375E-02
   93    0.1542968750000000E-02    0.1122016906738281E-02
   94   -0.8789062500000000E-03    0.9174728393554687E-03
   95   -0.2734375000000000E-02    0.8097839355468750E-03
   96   -0.3242187500000000E-02    0.8730316162109376E-03
   97   -0.8203125000000000E-03    0.1077728271484375E-02
   98    0.2148437500000000E-03    0.9366226196289063E-03
   99   -0.4335937500000000E-02    0.1167678833007813E-02
  100   -0.3691406250000000E-02    0.1098670959472656E-02
