# time =    0.4738
    0    0.1000000000000000E+01    0.1000000000000000E+01
    1    0.2214062500000000E+00    0.4989379882812500E-01
    2    0.5978515625000000E-01    0.4292182922363282E-02
    3    0.1515625000000000E-01    0.1102905273437500E-02
    4    0.2226562500000000E-02    0.1008377075195312E-02
    5    0.4687500000000000E-02    0.1197509765625000E-02
    6    0.6640625000000000E-03    0.9190368652343750E-03
    7   -0.6250000000000000E-03    0.7709503173828125E-03
    8    0.1718750000000000E-02    0.8039855957031250E-03
    9    0.6269531250000000E-02    0.8247756958007813E-03
   10    0.3652343750000000E-02    0.9784317016601563E-03
   11    0.1132812500000000E-02    0.1029281616210937E-02
   12    0.4003906250000000E-02    0.1020088195800781E-02
   13   -0.2011718750000000E-02    0.8911514282226563E-03
   14    0.1464843750000000E-02    0.1181831359863281E-02
   15    0.5078125000000000E-03    0.9811401367187500E-03
   16   -0.4101562500000000E-02    0.1001205444335937E-02
   17   -0.2109375000000000E-02    0.1074447631835938E-02
   18   -0.8203125000000000E-03    0.1057052612304688E-02
   19   -0.3945312500000000E-02    0.1022109985351562E-02
   20   -0.6386718750000000E-02    0.7426834106445312E-03
   21   -0.1679687500000000E-02    0.7444000244140624E-03
   22    0.1289062500000000E-02    0.1140136718750000E-02
   23    0.2128906250000000E-02    0.9261703491210937E-03
   24    0.2792968750000000E-02    0.9918594360351562E-03
   25   -0.2011718750000000E-02    0.1096153259277344E-02
   26   -0.1972656250000000E-02    0.1024742126464844E-02
   27   -0.2871093750000000E-02    0.1049842834472656E-02
   28   -0.2500000000000000E-02    0.9402465820312500E-03
   29   -0.2460937500000000E-02    0.7335662841796875E-03
   30   -0.3183593750000000E-02    0.8890914916992187E-03
   31    0.2070312500000000E-02    0.1190872192382813E-02
   32    0.3789062500000000E-02    0.8149719238281249E-03
   33    0.4648437500000000E-02    0.1062011718750000E-02
   34   -0.4472656250000000E-02    0.9663009643554688E-03
   35    0.5234375000000000E-02    0.1112442016601563E-02
   36    0.4765625000000000E-02    0.9046936035156250E-03
   37    0.1464843750000000E-02    0.1064643859863281E-02
   38    0.1562500000000000E-03    0.8081817626953126E-03
   39   -0.4179687500000000E-02    0.1040191650390625E-02
   40    0.1367187500000000E-03    0.9408187866210937E-03
   41   -0.2929687500000000E-02    0.1024627685546875E-02
   42   -0.3769531250000000E-02    0.9792709350585937E-03
   43   -0.5527343750000000E-02    0.8111953735351563E-03
   44   -0.1601562500000000E-02    0.8625793457031250E-03
   45    0.1210937500000000E-02    0.1066131591796875E-02
   46    0.3925781250000000E-02    0.1130867004394531E-02
   47   -0.3417968750000000E-02    0.8569717407226563E-03
   48   -0.1484375000000000E-02    0.8773803710937500E-03
   49   -0.2031250000000000E-02    0.1056137084960938E-02
   50   -0.3066406250000000E-02    0.6722640991210937E-03
   51    0.4433593750000000E-02    0.1456489562988281E-02
   52   -0.5605468750000000E-02    0.1044883728027344E-02
   53    0.4101562500000000E-03    0.1001091003417969E-02
   54   -0.1796875000000000E-02    0.1020126342773438E-02
   55   -0.1562500000000000E-03    0.1066818237304688E-02
   56   -0.1191406250000000E-02    0.7706069946289062E-03
   57   -0.3417968750000000E-02    0.7405471801757812E-03
   58    0.6445312500000000E-03    0.8038711547851562E-03
   59   -0.2714843750000000E-02    0.9826278686523437E-03
   60   -0.6640625000000000E-03    0.1214904785156250E-02
   61    0.2929687500000000E-03    0.8640670776367187E-03
   62    0.4648437500000000E-02    0.1192245483398438E-02
   63   -0.4042968750000000E-02    0.1171379089355469E-02
   64   -0.4296875000000000E-03    0.8064270019531250E-03
   65    0.1054687500000000E-02    0.9448242187500000E-03
   66   -0.3457031250000000E-02    0.7644271850585937E-03
   67   -0.3906250000000000E-03    0.1059341430664062E-02
   68   -0.3398437500000000E-02    0.1202392578125000E-02
   69   -0.9375000000000000E-03    0.7214355468750000E-03
   70   -0.1171875000000000E-03    0.7794189453125000E-03
   71    0.5507812500000000E-02    0.8327484130859375E-03
   72    0.2539062500000000E-02    0.1080932617187500E-02
   73    0.7402343750000000E-02    0.9163284301757813E-03
   74    0.2128906250000000E-02    0.7355117797851563E-03
   75   -0.1074218750000000E-02    0.8107376098632813E-03
   76    0.2480468750000000E-02    0.9664535522460937E-03
   77   -0.2285156250000000E-02    0.1117897033691406E-02
   78   -0.4316406250000000E-02    0.8517837524414062E-03
   79   -0.2734375000000000E-03    0.8338165283203125E-03
   80   -0.4394531250000000E-02    0.7799911499023437E-03
   81   -0.4433593750000000E-02    0.1150550842285156E-02
   82   -0.1152343750000000E-02    0.1049385070800781E-02
   83   -0.1445312500000000E-02    0.8947753906250000E-03
   84    0.1367187500000000E-03    0.9140396118164063E-03
   85    0.2421875000000000E-02    0.9130859375000001E-03
   86    0.1601562500000000E-02    0.1015548706054688E-02
   87    0.4882812500000000E-03    0.9849929809570312E-03
   88    0.1328125000000000E-02    0.9724426269531250E-03
   89   -0.2148437500000000E-02    0.8231353759765625E-03
   90    0.1699218750000000E-02    0.9261703491210937E-03
   91    0.1484375000000000E-02    0.8432006835937500E-03
   92   -0.3964843750000000E-02    0.8488082885742187E-03
   93   -0.4160156250000000E-02    0.1291618347167969E-02
   94    0.2148437500000000E-02    0.9573364257812500E-03
   95   -0.3867187500000000E-02    0.8431243896484375E-03
   96   -0.4101562500000000E-02    0.9682464599609375E-03
   97   -0.1289062500000000E-02    0.8067321777343750E-03
   98   -0.3906250000000000E-03    0.8032226562500000E-03
   99   -0.3144531250000000E-02    0.8919906616210938E-03
  100    0.1035156250000000E-02    0.1013526916503906E-02
