# time =    0.4234
    0    0.1000000000000000E+01    0.1000000000000000E+01
    1    0.3820507812500000E+00    0.1466051864624023E+00
    2    0.1638671875000000E+00    0.2775909423828125E-01
    3    0.7925781250000000E-01    0.7334747314453125E-02
    4    0.4125000000000000E-01    0.2816238403320312E-02
    5    0.1853515625000000E-01    0.1128044128417969E-02
    6    0.1210937500000000E-01    0.7601928710937500E-03
    7    0.5546875000000000E-02    0.5863952636718750E-03
    8    0.3515625000000000E-02    0.8017730712890625E-03
    9    0.1347656250000000E-02    0.9461593627929688E-03
   10   -0.1035156250000000E-02    0.9209823608398438E-03
   11    0.1796875000000000E-02    0.8615112304687500E-03
   12    0.9179687499999999E-03    0.7535934448242188E-03
   13   -0.4355468750000000E-02    0.1098365783691406E-02
   14    0.7812500000000000E-03    0.8654785156250000E-03
   15    0.6250000000000000E-02    0.1038589477539062E-02
   16    0.2519531250000000E-02    0.1152610778808594E-02
   17    0.1113281250000000E-02    0.1352119445800781E-02
   18    0.3613281250000000E-02    0.1246681213378906E-02
   19    0.5781250000000000E-02    0.1075668334960938E-02
   20    0.6054687500000000E-02    0.9732055664062500E-03
   21    0.2480468750000000E-02    0.9213638305664063E-03
   22    0.5468750000000001E-03    0.9140014648437500E-03
   23    0.5390625000000000E-02    0.9092712402343751E-03
   24    0.7226562500000000E-02    0.1067352294921875E-02
   25    0.1019531250000000E-01    0.1269454956054687E-02
   26    0.5234375000000000E-02    0.1129837036132813E-02
   27    0.3496093750000000E-02    0.8809280395507813E-03
   28    0.1777343750000000E-02    0.9270858764648438E-03
   29    0.3828125000000000E-02    0.8176422119140625E-03
   30    0.1933593750000000E-02    0.7963943481445313E-03
   31   -0.1875000000000000E-02    0.8239746093750000E-03
   32    0.2929687500000000E-03    0.9877395629882813E-03
   33   -0.3730468750000000E-02    0.7939529418945312E-03
   34   -0.8593750000000000E-03    0.8287811279296875E-03
   35   -0.2812500000000000E-02    0.7416534423828125E-03
   36   -0.3535156250000000E-02    0.8803176879882813E-03
   37    0.2460937500000000E-02    0.8502197265625000E-03
   38    0.2597656250000000E-02    0.1035652160644531E-02
   39    0.2480468750000000E-02    0.9353256225585937E-03
   40    0.8203125000000000E-03    0.1112823486328125E-02
   41    0.8789062500000000E-03    0.1058158874511719E-02
   42    0.1542968750000000E-02    0.8640670776367187E-03
   43    0.8203125000000000E-03    0.8655548095703125E-03
   44    0.1464843750000000E-02    0.8826828002929687E-03
   45    0.1894531250000000E-02    0.1002693176269531E-02
   46    0.4335937500000000E-02    0.8445739746093750E-03
   47   -0.3359375000000000E-02    0.1254959106445313E-02
   48   -0.4199218750000000E-02    0.1242790222167969E-02
   49   -0.2070312500000000E-02    0.9983062744140625E-03
   50    0.2031250000000000E-02    0.9243011474609375E-03
   51   -0.2285156250000000E-02    0.9733200073242188E-03
   52    0.9179687499999999E-03    0.1081428527832031E-02
   53   -0.7226562500000000E-03    0.1205711364746094E-02
   54   -0.6328125000000000E-02    0.1234970092773438E-02
   55   -0.3320312500000000E-02    0.9693145751953125E-03
   56    0.4394531250000000E-02    0.8629989624023437E-03
   57    0.1796875000000000E-02    0.8610534667968750E-03
   58    0.2207031250000000E-02    0.9946060180664063E-03
   59   -0.2714843750000000E-02    0.9845352172851562E-03
   60   -0.2246093750000000E-02    0.1159095764160156E-02
   61   -0.7812500000000000E-04    0.9976959228515626E-03
   62    0.4296875000000000E-03    0.1137542724609375E-02
   63   -0.4687500000000000E-03    0.9038543701171875E-03
   64   -0.1074218750000000E-02    0.7403945922851563E-03
   65   -0.8984375000000000E-03    0.1116561889648437E-02
   66    0.1933593750000000E-02    0.1176567077636719E-02
   67    0.2207031250000000E-02    0.9884262084960938E-03
   68    0.3203125000000000E-02    0.9002685546875000E-03
   69   -0.7421875000000000E-03    0.9146881103515625E-03
   70    0.1562500000000000E-03    0.1037063598632813E-02
   71    0.3906250000000000E-04    0.9681701660156250E-03
   72   -0.5566406250000000E-02    0.1068687438964844E-02
   73   -0.3378906250000000E-02    0.8549880981445312E-03
   74    0.5859375000000000E-03    0.9780120849609375E-03
   75   -0.4511718750000000E-02    0.9448623657226562E-03
   76   -0.6445312500000000E-03    0.1008338928222656E-02
   77   -0.5859375000000000E-03    0.7283020019531250E-03
   78    0.2128906250000000E-02    0.9808731079101562E-03
   79    0.3886718750000000E-02    0.9870529174804688E-03
   80    0.3769531250000000E-02    0.1047706604003906E-02
   81   -0.7421875000000000E-03    0.1105422973632812E-02
   82    0.2304687500000000E-02    0.1095809936523437E-02
   83    0.2500000000000000E-02    0.1041641235351563E-02
   84    0.2167968750000000E-02    0.9102249145507813E-03
   85   -0.3359375000000000E-02    0.1089935302734375E-02
   86   -0.5664062500000000E-03    0.9630203247070312E-03
   87   -0.6621093750000000E-02    0.8384323120117187E-03
   88   -0.1386718750000000E-02    0.9179306030273437E-03
   89    0.2734375000000000E-03    0.8365631103515625E-03
   90   -0.5664062500000000E-03    0.7810592651367188E-03
   91   -0.2460937500000000E-02    0.1082916259765625E-02
   92    0.3339843750000000E-02    0.1033134460449219E-02
   93   -0.2070312500000000E-02    0.9782409667968750E-03
   94    0.2500000000000000E-02    0.8103179931640625E-03
   95   -0.2656250000000000E-02    0.9998321533203126E-03
   96   -0.2148437500000000E-02    0.9088134765625000E-03
   97    0.1152343750000000E-02    0.1062278747558594E-02
   98    0.5664062500000000E-03    0.8528518676757812E-03
   99   -0.3300781250000000E-02    0.9343338012695313E-03
  100   -0.3769531250000000E-02    0.1117210388183594E-02
