# time =    0.4743
    0    0.1000000000000000E+01    0.1000000000000000E+01
    1    0.2172460937500000E+00    0.4795459747314453E-01
    2    0.5535156250000000E-01    0.3772964477539062E-02
    3    0.2087890625000000E-01    0.1120338439941406E-02
    4    0.9628906249999999E-02    0.9905624389648438E-03
    5    0.5859375000000000E-02    0.1153182983398438E-02
    6    0.2734375000000000E-03    0.9438323974609375E-03
    7    0.3164062500000000E-02    0.8853149414062500E-03
    8   -0.5664062500000000E-03    0.1048316955566406E-02
    9   -0.3769531250000000E-02    0.8546829223632813E-03
   10   -0.3984375000000000E-02    0.8491516113281250E-03
   11   -0.5996093750000000E-02    0.1044960021972656E-02
   12   -0.2402343750000000E-02    0.9901809692382812E-03
   13    0.2148437500000000E-03    0.9897232055664062E-03
   14    0.1757812500000000E-03    0.9416580200195312E-03
   15    0.2246093750000000E-02    0.1057701110839844E-02
   16   -0.3515625000000000E-02    0.9067535400390625E-03
   17   -0.3515625000000000E-02    0.1249847412109375E-02
   18    0.6250000000000000E-03    0.1204223632812500E-02
   19   -0.1132812500000000E-02    0.9029388427734375E-03
   20   -0.3906250000000000E-03    0.1089401245117187E-02
   21   -0.1933593750000000E-02    0.1201591491699219E-02
   22    0.8867187500000000E-02    0.1051559448242188E-02
   23    0.3769531250000000E-02    0.8613967895507813E-03
   24    0.5175781250000000E-02    0.9240341186523437E-03
   25    0.5312500000000000E-02    0.1088104248046875E-02
   26    0.2968750000000000E-02    0.1201400756835937E-02
   27   -0.5859375000000000E-04    0.9287643432617187E-03
   28    0.3320312500000000E-02    0.9560394287109375E-03
   29    0.2578125000000000E-02    0.1005477905273437E-02
   30    0.2167968750000000E-02    0.9690475463867188E-03
   31    0.1894531250000000E-02    0.8041000366210937E-03
   32    0.2636718750000000E-02    0.9988021850585937E-03
   33   -0.3515625000000000E-03    0.8106231689453125E-03
   34   -0.2773437500000000E-02    0.7953643798828125E-03
   35   -0.4941406250000000E-02    0.1115379333496094E-02
   36   -0.3964843750000000E-02    0.1020088195800781E-02
   37    0.6445312500000000E-03    0.1030311584472656E-02
   38   -0.4726562500000000E-02    0.9553527832031250E-03
   39   -0.2851562500000000E-02    0.8004760742187500E-03
   40   -0.1640625000000000E-02    0.9339904785156250E-03
   41    0.1386718750000000E-02    0.8744430541992187E-03
   42   -0.3515625000000000E-03    0.8987426757812500E-03
   43   -0.1757812500000000E-03    0.8378219604492187E-03
   44    0.1367187500000000E-02    0.9176635742187500E-03
   45   -0.7031250000000000E-03    0.8327484130859375E-03
   46    0.1835937500000000E-02    0.9293365478515625E-03
   47    0.9765625000000000E-03    0.9310150146484375E-03
   48    0.7812500000000000E-04    0.1018066406250000E-02
   49    0.1582031250000000E-02    0.1048927307128906E-02
   50    0.2988281250000000E-02    0.6599044799804688E-03
   51    0.2128906250000000E-02    0.8937454223632812E-03
   52    0.1992187500000000E-02    0.6745910644531250E-03
   53   -0.2226562500000000E-02    0.8759307861328125E-03
   54    0.3320312500000000E-03    0.9234237670898437E-03
   55   -0.1699218750000000E-02    0.1002006530761719E-02
   56    0.3125000000000000E-02    0.1078186035156250E-02
   57   -0.1640625000000000E-02    0.1181793212890625E-02
   58   -0.8203125000000000E-03    0.9021759033203125E-03
   59    0.1347656250000000E-02    0.9286880493164062E-03
   60    0.1992187500000000E-02    0.9592437744140625E-03
   61   -0.1347656250000000E-02    0.1081428527832031E-02
   62   -0.3710937500000000E-02    0.1033325195312500E-02
   63   -0.4882812500000000E-02    0.8086395263671875E-03
   64   -0.4550781250000000E-02    0.1051750183105469E-02
   65   -0.3046875000000000E-02    0.9730529785156250E-03
   66    0.3652343750000000E-02    0.1060371398925781E-02
   67   -0.5273437500000000E-03    0.1010551452636719E-02
   68   -0.2929687500000000E-03    0.6072616577148437E-03
   69    0.8203125000000000E-03    0.8166503906250000E-03
   70    0.3710937500000000E-03    0.1174354553222656E-02
   71   -0.3457031250000000E-02    0.8363723754882812E-03
   72    0.2773437500000000E-02    0.7901000976562500E-03
   73   -0.1464843750000000E-02    0.9465408325195312E-03
   74   -0.1269531250000000E-02    0.8036422729492187E-03
   75   -0.2910156250000000E-02    0.6467819213867188E-03
   76    0.3789062500000000E-02    0.1035766601562500E-02
   77    0.1953125000000000E-04    0.9170150756835937E-03
   78    0.4042968750000000E-02    0.1045265197753906E-02
   79   -0.6054687500000000E-03    0.8455276489257813E-03
   80    0.7617187500000000E-03    0.1095237731933594E-02
   81    0.2617187500000000E-02    0.1003417968750000E-02
   82    0.5253906250000000E-02    0.8871078491210938E-03
   83    0.6640625000000000E-03    0.1056060791015625E-02
   84    0.4218750000000000E-02    0.1088256835937500E-02
   85    0.1328125000000000E-02    0.8390045166015625E-03
   86    0.8203125000000000E-03    0.1134567260742188E-02
   87    0.1914062500000000E-02    0.1093368530273438E-02
   88    0.1425781250000000E-02    0.9341049194335938E-03
   89    0.4511718750000000E-02    0.1048393249511719E-02
   90   -0.1289062500000000E-02    0.8764648437500000E-03
   91   -0.3085937500000000E-02    0.1081542968750000E-02
   92    0.1757812500000000E-03    0.8790969848632812E-03
   93   -0.3027343750000000E-02    0.8290481567382813E-03
   94   -0.2929687500000000E-02    0.9838867187500001E-03
   95   -0.2636718750000000E-02    0.9280776977539062E-03
   96    0.3066406250000000E-02    0.9611892700195312E-03
   97    0.2343750000000000E-03    0.1077804565429688E-02
   98   -0.4687500000000000E-03    0.8570098876953125E-03
   99    0.2343750000000000E-03    0.8282470703125000E-03
  100    0.3828125000000000E-02    0.9440612792968750E-03
