# time =    0.4762
    0    0.1000000000000000E+01    0.1000000000000000E+01
    1    0.2168359375000000E+00    0.4782264709472656E-01
    2    0.5246093750000000E-01    0.3669586181640625E-02
    3    0.1517578125000000E-01    0.1075477600097656E-02
    4    0.3046875000000000E-02    0.1122436523437500E-02
    5    0.7011718750000000E-02    0.1232872009277344E-02
    6    0.3378906250000000E-02    0.1000556945800781E-02
    7   -0.7617187500000000E-03    0.9306716918945312E-03
    8    0.1289062500000000E-02    0.1023941040039063E-02
    9    0.3437500000000000E-02    0.9548950195312500E-03
   10   -0.2929687500000000E-03    0.1246528625488281E-02
   11   -0.4531250000000000E-02    0.1148986816406250E-02
   12   -0.6835937500000000E-03    0.7501602172851563E-03
   13   -0.2167968750000000E-02    0.8008193969726563E-03
   14   -0.4746093750000000E-02    0.1170463562011719E-02
   15   -0.2851562500000000E-02    0.9874725341796876E-03
   16   -0.2109375000000000E-02    0.9603881835937500E-03
   17   -0.6679687500000000E-02    0.1194763183593750E-02
   18    0.1054687500000000E-02    0.9921264648437499E-03
   19   -0.2187500000000000E-02    0.8554840087890625E-03
   20    0.7421875000000000E-03    0.8294677734375000E-03
   21    0.3261718750000000E-02    0.1091957092285156E-02
   22    0.1992187500000000E-02    0.8508300781250000E-03
   23    0.2363281250000000E-02    0.1002693176269531E-02
   24    0.2382812500000000E-02    0.8793640136718750E-03
   25    0.1367187500000000E-03    0.7947158813476563E-03
   26   -0.8789062500000000E-03    0.8711624145507813E-03
   27   -0.1679687500000000E-02    0.8693695068359375E-03
   28   -0.5136718750000000E-02    0.8073043823242187E-03
   29    0.1367187500000000E-03    0.9479141235351563E-03
   30   -0.2460937500000000E-02    0.9123229980468750E-03
   31    0.6054687500000000E-03    0.1078758239746094E-02
   32    0.1757812500000000E-03    0.8431625366210938E-03
   33   -0.1367187500000000E-02    0.9557342529296875E-03
   34    0.1054687500000000E-02    0.1022491455078125E-02
   35    0.3632812500000000E-02    0.8384704589843750E-03
   36    0.1093750000000000E-02    0.1043701171875000E-02
   37    0.1914062500000000E-02    0.1115417480468750E-02
   38   -0.2148437500000000E-03    0.9864425659179687E-03
   39    0.5859375000000000E-04    0.1139564514160156E-02
   40   -0.5273437500000000E-03    0.8346939086914063E-03
   41   -0.5859375000000000E-02    0.1045303344726562E-02
   42    0.5429687500000000E-02    0.7872772216796875E-03
   43   -0.4414062500000000E-02    0.1149368286132813E-02
   44   -0.2519531250000000E-02    0.9162521362304687E-03
   45    0.2734375000000000E-03    0.1136627197265625E-02
   46    0.4140625000000000E-02    0.1270294189453125E-02
   47   -0.3457031250000000E-02    0.1096534729003906E-02
   48   -0.4765625000000000E-02    0.1056518554687500E-02
   49   -0.3925781250000000E-02    0.9176254272460938E-03
   50   -0.5546875000000000E-02    0.9854888916015624E-03
   51   -0.2773437500000000E-02    0.9027862548828125E-03
   52    0.9570312500000000E-03    0.8853530883789063E-03
   53    0.5078125000000000E-03    0.8908843994140625E-03
   54   -0.3554687500000000E-02    0.8551025390625000E-03
   55    0.1367187500000000E-03    0.9698104858398437E-03
   56    0.1484375000000000E-02    0.8941650390625000E-03
   57    0.4296875000000000E-02    0.8503723144531250E-03
   58   -0.5429687500000000E-02    0.1084594726562500E-02
   59   -0.2324218750000000E-02    0.8821487426757812E-03
   60    0.2792968750000000E-02    0.1071357727050781E-02
   61   -0.3828125000000000E-02    0.8491516113281250E-03
   62    0.2070312500000000E-02    0.8647155761718750E-03
   63   -0.6621093750000000E-02    0.9819412231445313E-03
   64    0.9179687499999999E-03    0.9479141235351563E-03
   65   -0.1367187500000000E-03    0.9736251831054687E-03
   66    0.1835937500000000E-02    0.9924316406250001E-03
   67    0.9570312500000000E-03    0.7765579223632812E-03
   68   -0.3320312500000000E-03    0.7529067993164063E-03
   69    0.1015625000000000E-02    0.1107406616210938E-02
   70    0.4570312500000000E-02    0.7213592529296875E-03
   71    0.4257812500000000E-02    0.9314727783203125E-03
   72    0.2539062500000000E-02    0.9883880615234376E-03
   73   -0.8203125000000000E-03    0.8985137939453125E-03
   74    0.4687500000000000E-03    0.1043777465820313E-02
   75    0.1230468750000000E-02    0.7267379760742187E-03
   76    0.5937500000000000E-02    0.1137161254882813E-02
   77    0.3046875000000000E-02    0.8984375000000000E-03
   78    0.3339843750000000E-02    0.7632827758789063E-03
   79   -0.1191406250000000E-02    0.8725357055664062E-03
   80    0.2636718750000000E-02    0.1256294250488281E-02
   81    0.2246093750000000E-02    0.9824752807617188E-03
   82    0.1210937500000000E-02    0.6822967529296876E-03
   83   -0.1816406250000000E-02    0.8892440795898438E-03
   84   -0.9960937500000000E-03    0.9979629516601563E-03
   85   -0.1660156250000000E-02    0.6499099731445313E-03
   86   -0.3144531250000000E-02    0.7829666137695312E-03
   87    0.1621093750000000E-02    0.9183120727539062E-03
   88   -0.2773437500000000E-02    0.1369552612304687E-02
   89   -0.1191406250000000E-02    0.9299850463867187E-03
   90    0.1230468750000000E-02    0.1019706726074219E-02
   91    0.1953125000000000E-03    0.7513427734375000E-03
   92    0.3320312500000000E-02    0.9140014648437500E-03
   93   -0.5000000000000000E-02    0.1073989868164063E-02
   94   -0.5058593750000000E-02    0.1181449890136719E-02
   95   -0.4843750000000000E-02    0.9786987304687500E-03
   96   -0.8007812500000000E-03    0.1056327819824219E-02
   97   -0.2070312500000000E-02    0.9492492675781250E-03
   98    0.8398437500000000E-03    0.8800888061523438E-03
   99   -0.9960937500000000E-03    0.7995986938476563E-03
  100   -0.3105468750000000E-02    0.9450912475585938E-03
