# time =    0.4624
    0    0.1000000000000000E+01    0.1000000000000000E+01
    1    0.1944335937500000E+00    0.3876323699951172E-01
    2    0.4296875000000000E-01    0.2652130126953125E-02
    3    0.9648437500000001E-02    0.1020584106445313E-02
    4    0.4765625000000000E-02    0.7828521728515625E-03
    5   -0.1191406250000000E-02    0.9248733520507812E-03
    6   -0.3066406250000000E-02    0.9112930297851562E-03
    7   -0.1875000000000000E-02    0.7941436767578125E-03
    8    0.1464843750000000E-02    0.7917404174804688E-03
    9    0.2148437500000000E-03    0.1121559143066406E-02
   10   -0.1015625000000000E-02    0.1102142333984375E-02
   11    0.2343750000000000E-03    0.1005706787109375E-02
   12    0.4882812500000000E-03    0.8108139038085938E-03
   13   -0.2148437500000000E-03    0.9124374389648437E-03
   14   -0.1308593750000000E-02    0.9347915649414063E-03
   15   -0.1328125000000000E-02    0.1081314086914062E-02
   16   -0.5039062500000000E-02    0.9873199462890625E-03
   17    0.6289062500000000E-02    0.1484451293945312E-02
   18    0.2539062500000000E-03    0.8582687377929688E-03
   19    0.2421875000000000E-02    0.8628082275390625E-03
   20    0.7617187500000000E-03    0.1128501892089844E-02
   21    0.1835937500000000E-02    0.7305908203125000E-03
   22    0.4804687500000000E-02    0.8386993408203126E-03
   23   -0.3496093750000000E-02    0.9067916870117188E-03
   24   -0.2617187500000000E-02    0.9226226806640626E-03
   25    0.5917968750000000E-02    0.1057472229003906E-02
   26    0.2910156250000000E-02    0.8286666870117187E-03
   27    0.6132812500000000E-02    0.1002807617187500E-02
   28   -0.1386718750000000E-02    0.1020851135253906E-02
   29    0.2128906250000000E-02    0.8870315551757813E-03
   30    0.2968750000000000E-02    0.8669281005859375E-03
   31   -0.3183593750000000E-02    0.1080589294433594E-02
   32   -0.4257812500000000E-02    0.9584045410156250E-03
   33   -0.4492187500000000E-02    0.1088943481445312E-02
   34   -0.5019531250000000E-02    0.8765792846679687E-03
   35   -0.4335937500000000E-02    0.1044540405273437E-02
   36    0.3320312500000000E-03    0.8926010131835938E-03
   37   -0.3066406250000000E-02    0.1208534240722656E-02
   38   -0.4824218750000000E-02    0.9117507934570312E-03
   39    0.5312500000000000E-02    0.8747100830078125E-03
   40    0.8515625000000001E-02    0.1137161254882813E-02
   41    0.7109375000000000E-02    0.9037017822265625E-03
   42    0.2480468750000000E-02    0.1196327209472656E-02
   43   -0.1582031250000000E-02    0.1086921691894531E-02
   44   -0.1933593750000000E-02    0.9178543090820313E-03
   45   -0.2656250000000000E-02    0.9288024902343750E-03
   46    0.8789062500000000E-03    0.8511734008789062E-03
   47   -0.2558593750000000E-02    0.8408737182617188E-03
   48   -0.2343750000000000E-02    0.1086883544921875E-02
   49    0.2187500000000000E-02    0.1033935546875000E-02
   50   -0.7070312500000000E-02    0.1175613403320313E-02
   51   -0.3652343750000000E-02    0.9730148315429687E-03
   52   -0.1562500000000000E-02    0.9612274169921875E-03
   53   -0.7285156250000000E-02    0.1017341613769531E-02
   54   -0.2753906250000000E-02    0.1259040832519531E-02
   55    0.4492187500000000E-03    0.1205177307128906E-02
   56   -0.2324218750000000E-02    0.1056938171386719E-02
   57   -0.4882812500000000E-02    0.1248626708984375E-02
   58   -0.8828124999999999E-02    0.1149597167968750E-02
   59   -0.4101562500000000E-03    0.9110641479492188E-03
   60    0.7031250000000000E-03    0.1050033569335937E-02
   61    0.2578125000000000E-02    0.9416961669921876E-03
   62   -0.6718750000000000E-02    0.7096099853515625E-03
   63   -0.2128906250000000E-02    0.1013603210449219E-02
   64    0.1406250000000000E-02    0.7394409179687500E-03
   65    0.1855468750000000E-02    0.8243942260742188E-03
   66    0.1503906250000000E-02    0.1139411926269531E-02
   67   -0.2011718750000000E-02    0.9862136840820311E-03
   68    0.3222656250000000E-02    0.9960556030273438E-03
   69   -0.1738281250000000E-02    0.8816909790039062E-03
   70   -0.2871093750000000E-02    0.1155052185058594E-02
   71    0.4707031250000000E-02    0.9462356567382813E-03
   72    0.4472656250000000E-02    0.1026344299316406E-02
   73    0.4472656250000000E-02    0.8685684204101562E-03
   74   -0.2480468750000000E-02    0.1098060607910156E-02
   75    0.1562500000000000E-03    0.1152420043945313E-02
   76   -0.3925781250000000E-02    0.1024360656738281E-02
   77   -0.2148437500000000E-03    0.1113853454589844E-02
   78   -0.5312500000000000E-02    0.1167526245117188E-02
   79   -0.2871093750000000E-02    0.1452674865722656E-02
   80   -0.2343750000000000E-03    0.9055328369140625E-03
   81   -0.3691406250000000E-02    0.1082191467285156E-02
   82   -0.2265625000000000E-02    0.8972167968750000E-03
   83   -0.3398437500000000E-02    0.9104919433593750E-03
   84    0.1582031250000000E-02    0.1063499450683594E-02
   85    0.7285156250000000E-02    0.1112709045410156E-02
   86    0.1406250000000000E-02    0.1022644042968750E-02
   87   -0.3437500000000000E-02    0.9049224853515625E-03
   88   -0.6406250000000000E-02    0.1035842895507813E-02
   89    0.2949218750000000E-02    0.1000862121582031E-02
   90    0.5039062500000000E-02    0.9817504882812501E-03
   91    0.1484375000000000E-02    0.1172790527343750E-02
   92   -0.3417968750000000E-02    0.6960678100585937E-03
   93   -0.2597656250000000E-02    0.8519363403320313E-03
   94   -0.7812500000000000E-03    0.9840393066406249E-03
   95    0.6640625000000000E-03    0.9806060791015625E-03
   96   -0.1210937500000000E-02    0.8967590332031250E-03
   97   -0.4863281250000000E-02    0.9962844848632813E-03
   98   -0.6640625000000000E-02    0.9020233154296875E-03
   99    0.3222656250000000E-02    0.1118202209472656E-02
  100    0.4296875000000000E-03    0.9667968750000000E-03
