# time =    0.4557
    0    0.1000000000000000E+01    0.1000000000000000E+01
    1    0.2711718750000000E+00    0.7437873840332031E-01
    2    0.8089843750000000E-01    0.7711029052734375E-02
    3    0.2164062500000000E-01    0.1660995483398438E-02
    4    0.6699218750000000E-02    0.1142692565917969E-02
    5    0.6640625000000000E-02    0.9783172607421874E-03
    6    0.2773437500000000E-02    0.1002120971679687E-02
    7    0.4902343750000000E-02    0.1092338562011719E-02
    8    0.8281250000000000E-02    0.9674072265625000E-03
    9    0.9765625000000001E-04    0.9961318969726562E-03
   10   -0.1347656250000000E-02    0.1024971008300781E-02
   11    0.4960937500000000E-02    0.7918548583984375E-03
   12    0.1425781250000000E-02    0.8367538452148437E-03
   13   -0.3164062500000000E-02    0.1129684448242187E-02
   14   -0.8789062500000000E-03    0.8585739135742187E-03
   15   -0.4218750000000000E-02    0.1203765869140625E-02
   16   -0.2226562500000000E-02    0.8973693847656250E-03
   17   -0.6835937500000000E-03    0.9730148315429687E-03
   18   -0.2500000000000000E-02    0.1045837402343750E-02
   19   -0.4863281250000000E-02    0.9594345092773437E-03
   20   -0.4238281250000000E-02    0.1071281433105469E-02
   21   -0.2089843750000000E-02    0.1055183410644531E-02
   22   -0.9179687499999999E-03    0.9254837036132813E-03
   23    0.5058593750000000E-02    0.9879684448242188E-03
   24   -0.2539062500000000E-03    0.8908462524414063E-03
   25   -0.5722656250000000E-02    0.8542251586914063E-03
   26    0.2343750000000000E-02    0.1062698364257812E-02
   27    0.1855468750000000E-02    0.8140182495117187E-03
   28   -0.5117187500000000E-02    0.8700561523437500E-03
   29    0.8984375000000000E-03    0.8370208740234375E-03
   30    0.3574218750000000E-02    0.1131782531738281E-02
   31   -0.4921875000000000E-02    0.1284713745117187E-02
   32   -0.6445312500000000E-03    0.9972763061523438E-03
   33   -0.5859375000000000E-04    0.9582138061523437E-03
   34    0.2773437500000000E-02    0.9651184082031250E-03
   35    0.3359375000000000E-02    0.8062744140625001E-03
   36    0.1718750000000000E-02    0.1238403320312500E-02
   37    0.1992187500000000E-02    0.1221923828125000E-02
   38    0.5625000000000000E-02    0.1028671264648438E-02
   39   -0.2734375000000000E-02    0.9320831298828125E-03
   40   -0.8242187500000000E-02    0.7909393310546875E-03
   41   -0.7011718750000000E-02    0.1165122985839844E-02
   42    0.3398437500000000E-02    0.1137695312500000E-02
   43   -0.1992187500000000E-02    0.1108551025390625E-02
   44   -0.2636718750000000E-02    0.6951522827148437E-03
   45   -0.1035156250000000E-02    0.1053047180175781E-02
   46    0.3125000000000000E-03    0.1028594970703125E-02
   47    0.2343750000000000E-02    0.9093475341796875E-03
   48    0.2988281250000000E-02    0.9386825561523437E-03
   49    0.7812500000000000E-04    0.1186752319335938E-02
   50    0.1113281250000000E-02    0.1077308654785156E-02
   51    0.1503906250000000E-02    0.9969711303710938E-03
   52   -0.2421875000000000E-02    0.1115798950195312E-02
   53    0.4121093750000000E-02    0.8330154418945313E-03
   54    0.3535156250000000E-02    0.1022071838378906E-02
   55    0.6484375000000000E-02    0.1010894775390625E-02
   56    0.5097656250000000E-02    0.8955764770507813E-03
   57   -0.1386718750000000E-02    0.9688186645507812E-03
   58   -0.1699218750000000E-02    0.1170539855957031E-02
   59    0.1132812500000000E-02    0.1040115356445313E-02
   60    0.3515625000000000E-03    0.8290863037109375E-03
   61    0.1035156250000000E-02    0.1033058166503906E-02
   62    0.4980468750000000E-02    0.9464645385742188E-03
   63    0.1640625000000000E-02    0.1311416625976562E-02
   64    0.3398437500000000E-02    0.9416961669921876E-03
   65   -0.3906250000000000E-03    0.8828735351562500E-03
   66   -0.3300781250000000E-02    0.9529495239257813E-03
   67   -0.4707031250000000E-02    0.8591842651367187E-03
   68    0.8398437500000000E-03    0.9298324584960938E-03
   69    0.2109375000000000E-02    0.9870147705078125E-03
   70    0.3261718750000000E-02    0.1058311462402344E-02
   71    0.1171875000000000E-03    0.8750152587890625E-03
   72   -0.1171875000000000E-02    0.1001358032226562E-02
   73    0.1542968750000000E-02    0.5743789672851562E-03
   74   -0.1035156250000000E-02    0.8234024047851562E-03
   75   -0.2050781250000000E-02    0.1115226745605469E-02
   76   -0.1171875000000000E-02    0.8589172363281250E-03
   77    0.3066406250000000E-02    0.8653640747070312E-03
   78    0.2089843750000000E-02    0.1105918884277344E-02
   79    0.7402343750000000E-02    0.1118812561035156E-02
   80    0.6230468750000000E-02    0.1081581115722656E-02
   81   -0.8398437500000000E-03    0.9488296508789062E-03
   82    0.4687500000000000E-02    0.8469390869140625E-03
   83    0.1445312500000000E-02    0.1017761230468750E-02
   84    0.2324218750000000E-02    0.7863235473632812E-03
   85    0.1640625000000000E-02    0.9483337402343750E-03
   86   -0.2656250000000000E-02    0.9954071044921875E-03
   87   -0.5273437500000000E-03    0.1010551452636719E-02
   88    0.2968750000000000E-02    0.9423828125000000E-03
   89    0.3476562500000000E-02    0.9842681884765624E-03
   90    0.1777343750000000E-02    0.8592605590820312E-03
   91    0.4277343750000000E-02    0.9019088745117188E-03
   92    0.2324218750000000E-02    0.1077079772949219E-02
   93   -0.4101562500000000E-03    0.9711837768554688E-03
   94   -0.1699218750000000E-02    0.9770584106445312E-03
   95   -0.1171875000000000E-03    0.1165084838867188E-02
   96   -0.1718750000000000E-02    0.1061019897460937E-02
   97    0.4550781250000000E-02    0.1058082580566406E-02
   98    0.5058593750000000E-02    0.1101875305175781E-02
   99    0.2167968750000000E-02    0.1092109680175781E-02
  100    0.9570312500000000E-03    0.9530258178710938E-03
