# time =    0.4755
    0    0.1000000000000000E+01    0.1000000000000000E+01
    1    0.2385351562500000E+00    0.5767986297607422E-01
    2    0.6990234375000000E-01    0.5480995178222656E-02
    3    0.2398437500000000E-01    0.1527709960937500E-02
    4    0.1177734375000000E-01    0.1046180725097656E-02
    5    0.1386718750000000E-02    0.8270645141601563E-03
    6   -0.3457031250000000E-02    0.6732559204101563E-03
    7   -0.5410156250000000E-02    0.9422683715820312E-03
    8   -0.4433593750000000E-02    0.9585189819335938E-03
    9   -0.2851562500000000E-02    0.1038055419921875E-02
   10   -0.3984375000000000E-02    0.8309936523437500E-03
   11   -0.5253906250000000E-02    0.8860397338867188E-03
   12   -0.2421875000000000E-02    0.8850097656250000E-03
   13   -0.1171875000000000E-03    0.7982635498046875E-03
   14    0.1777343750000000E-02    0.1117439270019531E-02
   15    0.1855468750000000E-02    0.1131629943847656E-02
   16   -0.5468750000000001E-03    0.1104202270507812E-02
   17   -0.4179687500000000E-02    0.8267974853515625E-03
   18   -0.3222656250000000E-02    0.1193809509277344E-02
   19   -0.4414062500000000E-02    0.1041564941406250E-02
   20   -0.7871093750000000E-02    0.1028785705566406E-02
   21   -0.2773437500000000E-02    0.7784271240234375E-03
   22   -0.1972656250000000E-02    0.1026420593261719E-02
   23    0.2597656250000000E-02    0.9540176391601563E-03
   24   -0.3027343750000000E-02    0.1070213317871094E-02
   25   -0.3750000000000000E-02    0.9553527832031250E-03
   26   -0.3281250000000000E-02    0.8952331542968750E-03
   27    0.2773437500000000E-02    0.8602142333984375E-03
   28    0.3203125000000000E-02    0.1089324951171875E-02
   29    0.5000000000000000E-02    0.8398437500000000E-03
   30   -0.7812500000000000E-04    0.1003341674804687E-02
   31   -0.1835937500000000E-02    0.9736633300781250E-03
   32   -0.6484375000000000E-02    0.1069717407226563E-02
   33   -0.1953125000000000E-02    0.9931945800781251E-03
   34    0.1386718750000000E-02    0.1239356994628906E-02
   35    0.1894531250000000E-02    0.8168411254882812E-03
   36    0.3046875000000000E-02    0.1380157470703125E-02
   37   -0.2949218750000000E-02    0.1145362854003906E-02
   38    0.3515625000000000E-02    0.1046524047851562E-02
   39    0.2929687500000000E-03    0.8793258666992187E-03
   40    0.6250000000000000E-03    0.8525848388671875E-03
   41    0.1523437500000000E-02    0.1010208129882812E-02
   42    0.1484375000000000E-02    0.7950592041015625E-03
   43   -0.3125000000000000E-03    0.8988952636718749E-03
   44    0.2753906250000000E-02    0.7915115356445313E-03
   45   -0.1035156250000000E-02    0.8420944213867188E-03
   46    0.1640625000000000E-02    0.8948516845703125E-03
   47    0.5156250000000000E-02    0.9052276611328125E-03
   48    0.3281250000000000E-02    0.9175872802734375E-03
   49    0.4746093750000000E-02    0.7804489135742188E-03
   50    0.5527343750000000E-02    0.1021614074707031E-02
   51    0.1503906250000000E-02    0.1111412048339844E-02
   52    0.3945312500000000E-02    0.8809661865234375E-03
   53    0.1367187500000000E-02    0.8940124511718751E-03
   54    0.6191406250000000E-02    0.1349220275878906E-02
   55    0.5585937500000000E-02    0.8369445800781250E-03
   56    0.1289062500000000E-02    0.1072769165039063E-02
   57    0.1953125000000000E-04    0.1160621643066406E-02
   58    0.7421875000000000E-03    0.1245422363281250E-02
   59    0.3535156250000000E-02    0.7872390747070313E-03
   60    0.3867187500000000E-02    0.9912109374999999E-03
   61    0.5859375000000000E-03    0.9241485595703125E-03
   62    0.4707031250000000E-02    0.6833267211914062E-03
   63    0.7812500000000000E-04    0.7624053955078126E-03
   64    0.2011718750000000E-02    0.7249832153320313E-03
   65    0.5410156250000000E-02    0.8611679077148438E-03
   66   -0.2285156250000000E-02    0.8037185668945312E-03
   67    0.8398437500000000E-03    0.9661483764648438E-03
   68    0.6054687500000000E-03    0.9687423706054687E-03
   69   -0.4101562500000000E-02    0.1443252563476562E-02
   70   -0.2949218750000000E-02    0.1200370788574219E-02
   71    0.5859375000000000E-03    0.1056747436523437E-02
   72   -0.3046875000000000E-02    0.1094284057617188E-02
   73    0.3632812500000000E-02    0.1245346069335937E-02
   74   -0.7324218750000000E-02    0.1327095031738281E-02
   75   -0.1269531250000000E-02    0.1090507507324219E-02
   76   -0.1875000000000000E-02    0.1072235107421875E-02
   77   -0.1328125000000000E-02    0.1062088012695313E-02
   78   -0.1953125000000000E-03    0.1149520874023437E-02
   79   -0.1640625000000000E-02    0.1036529541015625E-02
   80   -0.3867187500000000E-02    0.8992767333984375E-03
   81   -0.3906250000000000E-02    0.9477233886718750E-03
   82   -0.3320312500000000E-03    0.9095382690429688E-03
   83    0.4101562500000000E-02    0.9471893310546875E-03
   84   -0.2343750000000000E-02    0.8456420898437500E-03
   85   -0.3691406250000000E-02    0.1261253356933594E-02
   86    0.3125000000000000E-02    0.8931732177734374E-03
   87   -0.9179687499999999E-03    0.1195564270019531E-02
   88   -0.6835937500000000E-03    0.1010856628417969E-02
   89    0.2460937500000000E-02    0.1172561645507812E-02
   90    0.5859375000000000E-02    0.1036758422851562E-02
   91   -0.1074218750000000E-02    0.1112174987792969E-02
   92   -0.3027343750000000E-02    0.8390426635742187E-03
   93   -0.1425781250000000E-02    0.8192062377929688E-03
   94    0.1113281250000000E-02    0.1117668151855469E-02
   95    0.4785156250000000E-02    0.7701492309570312E-03
   96    0.1621093750000000E-02    0.9961318969726562E-03
   97   -0.1523437500000000E-02    0.1117782592773437E-02
   98    0.2539062500000000E-02    0.7508850097656250E-03
   99    0.4492187500000000E-03    0.1145515441894531E-02
  100   -0.3164062500000000E-02    0.1131515502929688E-02
