# time =    0.4721
    0    0.1000000000000000E+01    0.1000000000000000E+01
    1    0.2221289062500000E+00    0.5012767791748047E-01
    2    0.5484375000000000E-01    0.3914184570312500E-02
    3    0.1164062500000000E-01    0.1038970947265625E-02
    4    0.6582031250000000E-02    0.9791946411132812E-03
    5    0.4882812500000000E-02    0.1013031005859375E-02
    6   -0.1992187500000000E-02    0.1031494140625000E-02
    7   -0.4492187500000000E-03    0.9900283813476561E-03
    8   -0.6640625000000000E-03    0.1002807617187500E-02
    9    0.3515625000000000E-03    0.1156768798828125E-02
   10   -0.1367187500000000E-03    0.1022911071777344E-02
   11   -0.2558593750000000E-02    0.1060905456542969E-02
   12    0.1738281250000000E-02    0.8253097534179687E-03
   13   -0.1523437500000000E-02    0.8141326904296875E-03
   14   -0.6054687500000000E-03    0.5939102172851562E-03
   15    0.1210937500000000E-02    0.9770965576171874E-03
   16   -0.7812500000000000E-03    0.8157348632812500E-03
   17   -0.6152343750000000E-02    0.1013069152832031E-02
   18   -0.1445312500000000E-02    0.9545898437500000E-03
   19   -0.3261718750000000E-02    0.9045791625976562E-03
   20   -0.1855468750000000E-02    0.9312057495117188E-03
   21    0.3437500000000000E-02    0.7692718505859375E-03
   22    0.5078125000000000E-03    0.9793853759765625E-03
   23    0.1328125000000000E-02    0.8196258544921876E-03
   24    0.6054687500000000E-03    0.1159248352050781E-02
   25    0.4375000000000000E-02    0.9342956542968750E-03
   26   -0.2636718750000000E-02    0.1058082580566406E-02
   27   -0.6640625000000000E-03    0.7748413085937500E-03
   28    0.3164062500000000E-02    0.7748413085937500E-03
   29    0.1152343750000000E-02    0.1040992736816406E-02
   30    0.6699218750000000E-02    0.1197853088378906E-02
   31    0.3007812500000000E-02    0.1084823608398437E-02
   32    0.3242187500000000E-02    0.9951782226562500E-03
   33   -0.2324218750000000E-02    0.1084938049316406E-02
   34    0.3437500000000000E-02    0.8025360107421875E-03
   35   -0.6250000000000000E-03    0.1198806762695312E-02
   36   -0.6835937500000000E-03    0.9607315063476562E-03
   37    0.3476562500000000E-02    0.8535766601562500E-03
   38    0.4218750000000000E-02    0.8976745605468750E-03
   39    0.8984375000000000E-03    0.1171646118164062E-02
   40    0.1464843750000000E-02    0.1095542907714844E-02
   41    0.2968750000000000E-02    0.1066284179687500E-02
   42   -0.4082031250000000E-02    0.1192665100097656E-02
   43   -0.5957031250000000E-02    0.9002304077148438E-03
   44    0.5722656250000000E-02    0.7352828979492188E-03
   45    0.1621093750000000E-02    0.8711624145507813E-03
   46   -0.4394531250000000E-02    0.1069602966308594E-02
   47    0.9179687499999999E-03    0.9202957153320312E-03
   48    0.4628906250000000E-02    0.8900070190429688E-03
   49   -0.9179687499999999E-03    0.7381820678710937E-03
   50    0.2304687500000000E-02    0.1089477539062500E-02
   51    0.2480468750000000E-02    0.8679580688476563E-03
   52   -0.1074218750000000E-02    0.8218765258789062E-03
   53   -0.1640625000000000E-02    0.7970428466796875E-03
   54   -0.4785156250000000E-02    0.9706497192382812E-03
   55    0.2929687500000000E-03    0.1202888488769531E-02
   56    0.1367187500000000E-02    0.1286010742187500E-02
   57    0.5078125000000000E-03    0.1052703857421875E-02
   58    0.2617187500000000E-02    0.1012725830078125E-02
   59   -0.1269531250000000E-02    0.8282852172851562E-03
   60   -0.3515625000000000E-03    0.7411193847656250E-03
   61    0.7812500000000000E-04    0.1187057495117188E-02
   62   -0.3867187500000000E-02    0.9331512451171875E-03
   63   -0.4472656250000000E-02    0.8069992065429688E-03
   64   -0.3457031250000000E-02    0.8921432495117188E-03
   65    0.0000000000000000E+00    0.1114120483398438E-02
   66    0.1523437500000000E-02    0.1102905273437500E-02
   67   -0.5859375000000000E-04    0.7234573364257813E-03
   68    0.4296875000000000E-03    0.9629058837890625E-03
   69    0.8789062500000000E-03    0.7931137084960937E-03
   70   -0.1796875000000000E-02    0.1027145385742187E-02
   71    0.1289062500000000E-02    0.7389831542968750E-03
   72    0.2148437500000000E-02    0.8351135253906250E-03
   73    0.9765625000000001E-04    0.7674026489257812E-03
   74    0.9960937500000000E-03    0.9814071655273437E-03
   75   -0.5859375000000000E-03    0.1175003051757812E-02
   76   -0.1269531250000000E-02    0.1233558654785156E-02
   77   -0.2324218750000000E-02    0.9720230102539063E-03
   78   -0.2265625000000000E-02    0.9426879882812500E-03
   79   -0.5449218750000000E-02    0.9938430786132811E-03
   80    0.1738281250000000E-02    0.8689498901367187E-03
   81    0.3710937500000000E-02    0.9783172607421874E-03
   82    0.2285156250000000E-02    0.1013145446777344E-02
   83    0.4765625000000000E-02    0.9853363037109375E-03
   84    0.2949218750000000E-02    0.6849288940429688E-03
   85    0.6699218750000000E-02    0.1265449523925781E-02
   86    0.3710937500000000E-02    0.8574676513671875E-03
   87   -0.1269531250000000E-02    0.7004928588867187E-03
   88   -0.8789062500000000E-03    0.8728408813476563E-03
   89   -0.2558593750000000E-02    0.9909439086914062E-03
   90    0.5664062500000000E-03    0.7144546508789062E-03
   91   -0.3125000000000000E-03    0.8625793457031250E-03
   92    0.7148437500000000E-02    0.1156463623046875E-02
   93    0.7363281250000000E-02    0.1094093322753906E-02
   94    0.1234375000000000E-01    0.1111984252929688E-02
   95    0.4921875000000000E-02    0.8994293212890625E-03
   96   -0.1289062500000000E-02    0.8726501464843750E-03
   97    0.2226562500000000E-02    0.9349060058593750E-03
   98    0.2402343750000000E-02    0.9379959106445312E-03
   99    0.3027343750000000E-02    0.9154129028320312E-03
  100   -0.1562500000000000E-02    0.1035156250000000E-02
