# time =    0.4617
    0    0.1000000000000000E+01    0.1000000000000000E+01
    1    0.2031250000000000E+00    0.4185989379882812E-01
    2    0.4746093750000000E-01    0.2986602783203125E-02
    3    0.1103515625000000E-01    0.1116752624511719E-02
    4    0.9355468750000000E-02    0.1010704040527344E-02
    5   -0.9765625000000001E-04    0.1436653137207031E-02
    6   -0.1347656250000000E-02    0.1016731262207031E-02
    7    0.5136718750000000E-02    0.8171463012695313E-03
    8   -0.5859375000000000E-03    0.8324432373046875E-03
    9   -0.1132812500000000E-02    0.7705688476562500E-03
   10   -0.4355468750000000E-02    0.1002388000488281E-02
   11   -0.3183593750000000E-02    0.9467697143554687E-03
   12    0.1074218750000000E-02    0.9038925170898437E-03
   13   -0.1894531250000000E-02    0.1120796203613281E-02
   14    0.1816406250000000E-02    0.8226394653320313E-03
   15   -0.3320312500000000E-03    0.7126998901367188E-03
   16    0.3203125000000000E-02    0.1146469116210938E-02
   17   -0.2519531250000000E-02    0.8143234252929687E-03
   18   -0.1992187500000000E-02    0.1116409301757813E-02
   19   -0.2734375000000000E-02    0.9553527832031250E-03
   20   -0.4628906250000000E-02    0.9813308715820312E-03
   21    0.6152343750000000E-02    0.1210899353027344E-02
   22   -0.2207031250000000E-02    0.8326339721679688E-03
   23   -0.1425781250000000E-02    0.1030464172363281E-02
   24   -0.1660156250000000E-02    0.9943008422851562E-03
   25   -0.2617187500000000E-02    0.1142120361328125E-02
   26   -0.2148437500000000E-02    0.8456420898437500E-03
   27    0.1953125000000000E-03    0.9396362304687500E-03
   28   -0.2265625000000000E-02    0.9677886962890625E-03
   29   -0.2031250000000000E-02    0.1035995483398437E-02
   30    0.2558593750000000E-02    0.8795547485351562E-03
   31   -0.8261718750000001E-02    0.1280708312988281E-02
   32   -0.6621093750000000E-02    0.8816146850585938E-03
   33   -0.8007812499999999E-02    0.1149826049804688E-02
   34   -0.1796875000000000E-02    0.7820892333984375E-03
   35    0.4687500000000000E-03    0.6717681884765625E-03
   36    0.4980468750000000E-02    0.9179306030273437E-03
   37    0.4492187500000000E-03    0.1029853820800781E-02
   38    0.2792968750000000E-02    0.1297798156738281E-02
   39   -0.3125000000000000E-02    0.9704589843750000E-03
   40   -0.3183593750000000E-02    0.1347160339355469E-02
   41   -0.1425781250000000E-02    0.1091423034667969E-02
   42    0.1152343750000000E-02    0.7789230346679687E-03
   43   -0.5253906250000000E-02    0.9473800659179687E-03
   44    0.1250000000000000E-02    0.1249237060546875E-02
   45   -0.3964843750000000E-02    0.9869003295898437E-03
   46   -0.1484375000000000E-02    0.1194686889648438E-02
   47    0.7812500000000000E-03    0.8049774169921875E-03
   48    0.1171875000000000E-02    0.9150695800781250E-03
   49    0.7812500000000000E-04    0.9097290039062500E-03
   50   -0.1171875000000000E-03    0.1054306030273437E-02
   51    0.1347656250000000E-02    0.7685470581054687E-03
   52   -0.3046875000000000E-02    0.9125518798828125E-03
   53   -0.8417968749999999E-02    0.1162528991699219E-02
   54    0.1933593750000000E-02    0.1048164367675781E-02
   55    0.2539062500000000E-02    0.6305694580078125E-03
   56   -0.1972656250000000E-02    0.9731674194335938E-03
   57    0.5292968750000000E-02    0.9449386596679688E-03
   58    0.3476562500000000E-02    0.7752227783203125E-03
   59    0.4531250000000000E-02    0.9666442871093750E-03
   60    0.3105468750000000E-02    0.8520889282226563E-03
   61    0.1660156250000000E-02    0.8752059936523438E-03
   62    0.2597656250000000E-02    0.1094398498535156E-02
   63    0.2597656250000000E-02    0.9388351440429688E-03
   64    0.3828125000000000E-02    0.9870147705078125E-03
   65    0.3125000000000000E-03    0.1257705688476562E-02
   66   -0.2539062500000000E-03    0.9090805053710938E-03
   67    0.3535156250000000E-02    0.9296035766601562E-03
   68    0.2832031250000000E-02    0.8614730834960938E-03
   69   -0.3105468750000000E-02    0.8901596069335937E-03
   70   -0.8203125000000000E-03    0.9028625488281250E-03
   71   -0.1035156250000000E-02    0.9659957885742187E-03
   72    0.2304687500000000E-02    0.1044921875000000E-02
   73   -0.3769531250000000E-02    0.1059837341308594E-02
   74    0.1093750000000000E-02    0.1022415161132812E-02
   75   -0.2656250000000000E-02    0.1162567138671875E-02
   76   -0.3906250000000000E-04    0.8438110351562500E-03
   77    0.2851562500000000E-02    0.1010818481445313E-02
   78   -0.2187500000000000E-02    0.9661102294921875E-03
   79   -0.1855468750000000E-02    0.1142082214355469E-02
   80    0.2714843750000000E-02    0.8535385131835938E-03
   81   -0.5722656250000000E-02    0.7711410522460938E-03
   82   -0.1855468750000000E-02    0.1129035949707031E-02
   83    0.1757812500000000E-03    0.1041297912597656E-02
   84    0.6347656250000000E-02    0.1251182556152344E-02
   85   -0.5761718750000000E-02    0.1012458801269531E-02
   86   -0.4335937500000000E-02    0.1024169921875000E-02
   87   -0.3613281250000000E-02    0.1281242370605469E-02
   88   -0.5449218750000000E-02    0.1270332336425781E-02
   89   -0.1074218750000000E-02    0.1014976501464844E-02
   90    0.1875000000000000E-02    0.6291961669921875E-03
   91    0.1210937500000000E-02    0.1133575439453125E-02
   92    0.3554687500000000E-02    0.1214675903320313E-02
   93    0.5039062500000000E-02    0.9313964843750000E-03
   94    0.4101562500000000E-03    0.8638381958007812E-03
   95    0.1210937500000000E-02    0.1102828979492188E-02
   96   -0.1152343750000000E-02    0.1046562194824219E-02
   97    0.6269531250000000E-02    0.9145736694335938E-03
   98   -0.4277343750000000E-02    0.8604049682617188E-03
   99   -0.5214843750000000E-02    0.1021461486816406E-02
  100   -0.2500000000000000E-02    0.9712219238281250E-03
