# time =    0.4626
    0    0.1000000000000000E+01    0.1000000000000000E+01
    1    0.2513476562500000E+00    0.6408351898193360E-01
    2    0.6884765625000000E-01    0.5499153137207031E-02
    3    0.2269531250000000E-01    0.1546707153320312E-02
    4    0.4941406250000000E-02    0.9804153442382812E-03
    5   -0.1660156250000000E-02    0.1077842712402344E-02
    6   -0.3671875000000000E-02    0.8502960205078125E-03
    7   -0.2578125000000000E-02    0.7537078857421875E-03
    8   -0.1230468750000000E-02    0.9711837768554688E-03
    9   -0.7226562500000000E-03    0.9711074829101562E-03
   10   -0.5859375000000000E-04    0.1176567077636719E-02
   11   -0.2871093750000000E-02    0.8062362670898437E-03
   12    0.5898437500000000E-02    0.7718658447265625E-03
   13   -0.1425781250000000E-02    0.1183204650878906E-02
   14   -0.2011718750000000E-02    0.8948898315429688E-03
   15    0.3125000000000000E-03    0.1008148193359375E-02
   16    0.1562500000000000E-02    0.9914398193359374E-03
   17    0.2148437500000000E-03    0.1095848083496094E-02
   18    0.4492187500000000E-03    0.1253700256347656E-02
   19    0.1445312500000000E-02    0.8918762207031250E-03
   20   -0.3242187500000000E-02    0.7974243164062500E-03
   21   -0.2890625000000000E-02    0.9960174560546876E-03
   22   -0.3125000000000000E-03    0.8500671386718750E-03
   23   -0.9179687499999999E-03    0.9882736206054687E-03
   24    0.1230468750000000E-02    0.8896255493164063E-03
   25    0.5468750000000001E-03    0.8981323242187500E-03
   26    0.2304687500000000E-02    0.9423828125000000E-03
   27   -0.1132812500000000E-02    0.8390808105468750E-03
   28   -0.5859375000000000E-04    0.8320236206054688E-03
   29   -0.2851562500000000E-02    0.8336639404296875E-03
   30    0.7421875000000000E-03    0.1035919189453125E-02
   31    0.6445312500000000E-03    0.1015281677246094E-02
   32   -0.2519531250000000E-02    0.7567214965820313E-03
   33    0.6035156250000000E-02    0.9576034545898438E-03
   34    0.5527343750000000E-02    0.1078605651855469E-02
   35    0.2441406250000000E-02    0.9591293334960938E-03
   36    0.2871093750000000E-02    0.7184219360351563E-03
   37    0.3378906250000000E-02    0.9075546264648437E-03
   38   -0.5683593750000000E-02    0.1042823791503906E-02
   39    0.3144531250000000E-02    0.1025886535644531E-02
   40    0.2617187500000000E-02    0.1041946411132812E-02
   41    0.2675781250000000E-02    0.8337020874023438E-03
   42   -0.3789062500000000E-02    0.9087371826171875E-03
   43   -0.9765625000000000E-03    0.1059036254882813E-02
   44   -0.1699218750000000E-02    0.9337234497070313E-03
   45    0.1562500000000000E-02    0.9027862548828125E-03
   46    0.2734375000000000E-02    0.8789825439453125E-03
   47    0.1738281250000000E-02    0.1014213562011719E-02
   48    0.1269531250000000E-02    0.1079978942871094E-02
   49    0.3320312500000000E-03    0.1221733093261719E-02
   50    0.4843750000000000E-02    0.8156585693359375E-03
   51    0.1582031250000000E-02    0.9750747680664063E-03
   52   -0.8398437500000000E-03    0.9587478637695313E-03
   53    0.1269531250000000E-02    0.1051597595214844E-02
   54    0.5800781250000000E-02    0.8850479125976562E-03
   55   -0.4199218750000000E-02    0.9550094604492187E-03
   56   -0.3300781250000000E-02    0.8165359497070313E-03
   57   -0.8203125000000000E-03    0.8045196533203125E-03
   58    0.1640625000000000E-02    0.7726287841796875E-03
   59   -0.2929687500000000E-03    0.9988784790039063E-03
   60    0.1933593750000000E-02    0.1013832092285156E-02
   61   -0.1933593750000000E-02    0.1019706726074219E-02
   62   -0.8789062500000000E-03    0.8633041381835938E-03
   63    0.1191406250000000E-02    0.1067848205566406E-02
   64    0.2050781250000000E-02    0.9481430053710938E-03
   65   -0.2539062500000000E-02    0.1025009155273437E-02
   66   -0.4296875000000000E-03    0.9416198730468750E-03
   67    0.1640625000000000E-02    0.9922027587890626E-03
   68    0.8242187500000000E-02    0.9309387207031250E-03
   69    0.7812500000000000E-03    0.8895874023437500E-03
   70    0.3789062500000000E-02    0.8028411865234375E-03
   71    0.4218750000000000E-02    0.1301269531250000E-02
   72    0.3496093750000000E-02    0.8959579467773438E-03
   73   -0.2343750000000000E-03    0.8405303955078125E-03
   74    0.3750000000000000E-02    0.1090621948242187E-02
   75    0.1464843750000000E-02    0.8069229125976563E-03
   76    0.6406250000000000E-02    0.1293716430664062E-02
   77   -0.3476562500000000E-02    0.1265945434570313E-02
   78    0.9765625000000000E-03    0.1010208129882812E-02
   79    0.1484375000000000E-02    0.8742523193359375E-03
   80   -0.3710937500000000E-03    0.9174728393554687E-03
   81    0.2128906250000000E-02    0.1096000671386719E-02
   82   -0.9765625000000001E-04    0.7786941528320312E-03
   83    0.2402343750000000E-02    0.6642532348632812E-03
   84    0.5917968750000000E-02    0.1095390319824219E-02
   85    0.4199218750000000E-02    0.9183120727539062E-03
   86   -0.1738281250000000E-02    0.1141471862792969E-02
   87    0.2734375000000000E-03    0.8001708984375000E-03
   88   -0.6308593750000000E-02    0.9717178344726562E-03
   89    0.2714843750000000E-02    0.1101341247558594E-02
   90   -0.2304687500000000E-02    0.9143066406250000E-03
   91   -0.4121093750000000E-02    0.8810806274414062E-03
   92   -0.5078125000000000E-03    0.8709716796875000E-03
   93    0.3144531250000000E-02    0.8094406127929687E-03
   94    0.1210937500000000E-02    0.1373138427734375E-02
   95    0.1835937500000000E-02    0.1289901733398437E-02
   96    0.3222656250000000E-02    0.9552383422851562E-03
   97    0.2285156250000000E-02    0.1102104187011719E-02
   98    0.6640625000000000E-03    0.9973907470703124E-03
   99   -0.2539062500000000E-02    0.7163238525390625E-03
  100    0.1208984375000000E-01    0.8179855346679688E-03
