# time =    0.4654
    0    0.1000000000000000E+01    0.1000000000000000E+01
    1    0.2088085937500000E+00    0.4440769195556640E-01
    2    0.5175781250000000E-01    0.3718566894531250E-02
    3    0.1207031250000000E-01    0.1004409790039063E-02
    4    0.8476562500000000E-02    0.1232757568359375E-02
    5    0.1035156250000000E-02    0.9291458129882812E-03
    6   -0.4824218750000000E-02    0.9429550170898437E-03
    7    0.1562500000000000E-02    0.1246032714843750E-02
    8   -0.9765625000000001E-04    0.1220207214355469E-02
    9   -0.2871093750000000E-02    0.8263015747070313E-03
   10    0.7812500000000000E-03    0.9643554687500000E-03
   11   -0.1054687500000000E-02    0.1048583984375000E-02
   12   -0.8574218749999999E-02    0.8992385864257812E-03
   13   -0.7226562500000000E-03    0.1010093688964844E-02
   14    0.2539062500000000E-02    0.7169342041015625E-03
   15   -0.4316406250000000E-02    0.7246017456054687E-03
   16    0.2929687500000000E-02    0.9012603759765625E-03
   17    0.4667968750000000E-02    0.7963180541992188E-03
   18    0.2343750000000000E-02    0.1153869628906250E-02
   19   -0.1132812500000000E-02    0.9635925292968750E-03
   20    0.5683593750000000E-02    0.8435440063476562E-03
   21   -0.1816406250000000E-02    0.1075782775878906E-02
   22    0.4355468750000000E-02    0.9247970581054688E-03
   23    0.3808593750000000E-02    0.1219139099121094E-02
   24    0.5410156250000000E-02    0.1034126281738281E-02
   25    0.1445312500000000E-02    0.8662414550781250E-03
   26   -0.1308593750000000E-02    0.9164810180664062E-03
   27   -0.2539062500000000E-03    0.1036643981933594E-02
   28   -0.2324218750000000E-02    0.7677841186523438E-03
   29   -0.8398437500000000E-03    0.1016654968261719E-02
   30    0.3632812500000000E-02    0.7363128662109375E-03
   31    0.1914062500000000E-02    0.1268692016601562E-02
   32    0.6992187500000000E-02    0.1175079345703125E-02
   33   -0.5195312500000000E-02    0.1031265258789062E-02
   34   -0.1601562500000000E-02    0.9626770019531251E-03
   35   -0.4589843750000000E-02    0.9167098999023438E-03
   36   -0.4140625000000000E-02    0.8148956298828125E-03
   37    0.1972656250000000E-02    0.8868026733398437E-03
   38    0.3886718750000000E-02    0.8508682250976563E-03
   39   -0.3808593750000000E-02    0.1040687561035156E-02
   40    0.9765625000000000E-03    0.6754302978515625E-03
   41    0.1367187500000000E-03    0.8918380737304687E-03
   42    0.2304687500000000E-02    0.1050186157226563E-02
   43    0.5195312500000000E-02    0.8018493652343750E-03
   44    0.6425781250000000E-02    0.1083030700683594E-02
   45   -0.3046875000000000E-02    0.1025772094726562E-02
   46    0.5664062500000000E-03    0.1156806945800781E-02
   47   -0.1757812500000000E-03    0.1169548034667969E-02
   48    0.2773437500000000E-02    0.8734893798828125E-03
   49    0.2910156250000000E-02    0.1040382385253906E-02
   50    0.2480468750000000E-02    0.1202125549316406E-02
   51   -0.9179687499999999E-03    0.1320610046386719E-02
   52    0.1816406250000000E-02    0.1266059875488281E-02
   53   -0.6054687500000000E-03    0.1063957214355469E-02
   54    0.5058593750000000E-02    0.1019935607910156E-02
   55   -0.1289062500000000E-02    0.9426116943359375E-03
   56   -0.2929687500000000E-03    0.8488082885742187E-03
   57    0.1953125000000000E-04    0.1112098693847656E-02
   58   -0.4414062500000000E-02    0.1273117065429688E-02
   59   -0.1406250000000000E-02    0.9618377685546874E-03
   60   -0.2656250000000000E-02    0.9194183349609375E-03
   61   -0.5078125000000000E-03    0.9767913818359375E-03
   62   -0.2597656250000000E-02    0.9141159057617187E-03
   63   -0.4921875000000000E-02    0.1138305664062500E-02
   64   -0.3691406250000000E-02    0.8521652221679687E-03
   65    0.3320312500000000E-03    0.8526992797851563E-03
   66   -0.9765625000000000E-03    0.7106018066406250E-03
   67   -0.4101562500000000E-03    0.1106071472167969E-02
   68    0.3359375000000000E-02    0.8242797851562500E-03
   69   -0.1152343750000000E-02    0.9794998168945312E-03
   70    0.2343750000000000E-02    0.1171188354492187E-02
   71    0.4589843750000000E-02    0.1183128356933594E-02
   72   -0.4296875000000000E-02    0.9942626953124999E-03
   73    0.2460937500000000E-02    0.9756469726562500E-03
   74    0.2226562500000000E-02    0.1094207763671875E-02
   75    0.7617187500000000E-03    0.1044273376464844E-02
   76    0.1660156250000000E-02    0.9535598754882812E-03
   77   -0.1992187500000000E-02    0.1028213500976563E-02
   78   -0.2714843750000000E-02    0.9374618530273438E-03
   79   -0.3183593750000000E-02    0.1050605773925781E-02
   80    0.6054687500000000E-03    0.9845352172851562E-03
   81   -0.1933593750000000E-02    0.8189773559570312E-03
   82    0.8593750000000000E-03    0.9196472167968750E-03
   83    0.3906250000000000E-03    0.7054138183593750E-03
   84    0.3574218750000000E-02    0.9415817260742188E-03
   85   -0.8203125000000000E-03    0.8386993408203126E-03
   86    0.2832031250000000E-02    0.9543991088867187E-03
   87   -0.2089843750000000E-02    0.1037483215332031E-02
   88    0.1757812500000000E-03    0.1074104309082031E-02
   89   -0.4101562500000000E-02    0.1075439453125000E-02
   90   -0.3710937500000000E-02    0.9446716308593749E-03
   91   -0.4199218750000000E-02    0.8478927612304688E-03
   92    0.2148437500000000E-03    0.1081733703613281E-02
   93    0.9179687499999999E-03    0.8938217163085938E-03
   94    0.9375000000000000E-03    0.1134872436523438E-02
   95    0.6835937500000000E-03    0.9234237670898437E-03
   96   -0.1894531250000000E-02    0.8745193481445312E-03
   97    0.3515625000000000E-02    0.9335327148437500E-03
   98   -0.4804687500000000E-02    0.9348297119140625E-03
   99   -0.2539062500000000E-02    0.8408355712890625E-03
  100    0.4492187500000000E-02    0.1111526489257812E-02
