# time =    0.4800
    0    0.1000000000000000E+01    0.1000000000000000E+01
    1    0.2390820312500000E+00    0.5796176910400391E-01
    2    0.7148437500000000E-01    0.6042480468750000E-02
    3    0.3080078125000000E-01    0.1942481994628906E-02
    4    0.1277343750000000E-01    0.9542083740234374E-03
    5   -0.1113281250000000E-02    0.1004524230957031E-02
    6    0.2421875000000000E-02    0.1220550537109375E-02
    7   -0.2832031250000000E-02    0.8693313598632812E-03
    8    0.2812500000000000E-02    0.8748626708984375E-03
    9   -0.2343750000000000E-02    0.1011657714843750E-02
   10   -0.3320312500000000E-03    0.7669448852539063E-03
   11    0.1289062500000000E-02    0.8983612060546875E-03
   12    0.2246093750000000E-02    0.1281013488769531E-02
   13   -0.7812500000000000E-04    0.8849334716796875E-03
   14   -0.1933593750000000E-02    0.1010169982910156E-02
   15    0.2949218750000000E-02    0.9699630737304688E-03
   16    0.5507812500000000E-02    0.1260070800781250E-02
   17    0.2714843750000000E-02    0.8436203002929688E-03
   18    0.2343750000000000E-02    0.7521820068359375E-03
   19    0.1816406250000000E-02    0.9397506713867187E-03
   20    0.1113281250000000E-02    0.9202957153320312E-03
   21    0.8593750000000000E-03    0.8287811279296875E-03
   22   -0.8203125000000000E-03    0.1160736083984375E-02
   23    0.4492187500000000E-03    0.9652328491210938E-03
   24    0.2343750000000000E-02    0.1074066162109375E-02
   25    0.6308593750000000E-02    0.8967208862304687E-03
   26    0.1972656250000000E-02    0.9957504272460936E-03
   27   -0.2187500000000000E-02    0.8306121826171875E-03
   28    0.1074218750000000E-02    0.1083488464355469E-02
   29    0.4316406250000000E-02    0.8793258666992187E-03
   30   -0.8984375000000000E-03    0.8361053466796875E-03
   31    0.1054687500000000E-02    0.1057281494140625E-02
   32    0.2441406250000000E-02    0.9167098999023438E-03
   33    0.1152343750000000E-02    0.1056175231933594E-02
   34   -0.4882812500000000E-03    0.6829452514648438E-03
   35   -0.2539062500000000E-03    0.1155052185058594E-02
   36    0.4101562500000000E-03    0.9990310668945312E-03
   37    0.6445312500000000E-03    0.1012840270996094E-02
   38    0.1542968750000000E-02    0.1408500671386719E-02
   39    0.2597656250000000E-02    0.8427810668945313E-03
   40    0.3398437500000000E-02    0.9673309326171875E-03
   41    0.1757812500000000E-02    0.9616851806640625E-03
   42    0.3515625000000000E-03    0.1081161499023438E-02
   43   -0.3281250000000000E-02    0.9074401855468750E-03
   44   -0.1660156250000000E-02    0.8706283569335937E-03
   45   -0.1289062500000000E-02    0.1228561401367188E-02
   46   -0.1582031250000000E-02    0.8497238159179688E-03
   47   -0.6074218750000000E-02    0.1092948913574219E-02
   48   -0.5839843750000000E-02    0.9722518920898438E-03
   49   -0.2031250000000000E-02    0.9661865234375000E-03
   50   -0.3710937500000000E-02    0.1017379760742187E-02
   51   -0.4882812500000000E-02    0.1111907958984375E-02
   52   -0.2949218750000000E-02    0.1018333435058594E-02
   53   -0.2695312500000000E-02    0.1104736328125000E-02
   54   -0.3164062500000000E-02    0.1007690429687500E-02
   55    0.6835937500000000E-03    0.1280555725097656E-02
   56    0.7148437500000000E-02    0.8815002441406250E-03
   57   -0.1289062500000000E-02    0.7423400878906250E-03
   58    0.1875000000000000E-02    0.7736206054687500E-03
   59   -0.2343750000000000E-03    0.6717681884765625E-03
   60   -0.1562500000000000E-02    0.9301757812500000E-03
   61   -0.4667968750000000E-02    0.9194564819335938E-03
   62   -0.4199218750000000E-02    0.1199836730957031E-02
   63    0.1464843750000000E-02    0.1062812805175781E-02
   64   -0.2402343750000000E-02    0.9008407592773438E-03
   65   -0.3828125000000000E-02    0.7713317871093750E-03
   66   -0.3105468750000000E-02    0.8136367797851562E-03
   67   -0.2558593750000000E-02    0.1044120788574219E-02
   68   -0.9765625000000001E-04    0.1200141906738281E-02
   69   -0.2402343750000000E-02    0.7608413696289062E-03
   70   -0.6757812500000000E-02    0.9420013427734375E-03
   71   -0.6835937500000000E-03    0.1000328063964844E-02
   72    0.1933593750000000E-02    0.1007499694824219E-02
   73   -0.2441406250000000E-02    0.9111404418945312E-03
   74    0.2167968750000000E-02    0.8472061157226563E-03
   75   -0.1679687500000000E-02    0.1184082031250000E-02
   76   -0.3125000000000000E-03    0.1206283569335938E-02
   77   -0.7265625000000000E-02    0.1113052368164062E-02
   78   -0.1015625000000000E-02    0.8247375488281250E-03
   79   -0.1914062500000000E-02    0.8927917480468750E-03
   80   -0.4863281250000000E-02    0.9121322631835938E-03
   81   -0.7226562500000000E-03    0.1050148010253906E-02
   82   -0.1308593750000000E-02    0.8902359008789063E-03
   83   -0.6250000000000000E-03    0.1116485595703125E-02
   84   -0.2578125000000000E-02    0.8358764648437500E-03
   85   -0.3183593750000000E-02    0.9795761108398438E-03
   86   -0.1425781250000000E-02    0.1062431335449219E-02
   87   -0.4687500000000000E-03    0.1081771850585937E-02
   88    0.2910156250000000E-02    0.8901596069335937E-03
   89    0.1269531250000000E-02    0.1053123474121094E-02
   90    0.8710937500000000E-02    0.1075744628906250E-02
   91    0.7500000000000000E-02    0.1174850463867188E-02
   92    0.3320312500000000E-02    0.1042785644531250E-02
   93    0.2949218750000000E-02    0.1185188293457031E-02
   94    0.5566406250000000E-02    0.1095466613769531E-02
   95    0.5664062500000000E-02    0.1129074096679688E-02
   96    0.1835937500000000E-02    0.9265136718750000E-03
   97   -0.2304687500000000E-02    0.1200180053710938E-02
   98   -0.8281250000000000E-02    0.8744049072265625E-03
   99   -0.4863281250000000E-02    0.9261703491210937E-03
  100   -0.5625000000000000E-02    0.1001052856445313E-02
