# time =    0.4773
    0    0.1000000000000000E+01    0.1000000000000000E+01
    1    0.2333984375000000E+00    0.5520439147949219E-01
    2    0.6855468750000000E-01    0.5717239379882813E-02
    3    0.2449218750000000E-01    0.1469650268554687E-02
    4    0.8906249999999999E-02    0.1002197265625000E-02
    5    0.1582031250000000E-02    0.1082191467285156E-02
    6   -0.3007812500000000E-02    0.9977722167968750E-03
    7   -0.8398437500000000E-03    0.1068611145019531E-02
    8   -0.4101562500000000E-03    0.1288185119628906E-02
    9    0.9765625000000001E-04    0.1118278503417969E-02
   10    0.1445312500000000E-02    0.8937072753906250E-03
   11    0.3046875000000000E-02    0.8229827880859375E-03
   12   -0.3320312500000000E-03    0.8214187622070313E-03
   13    0.4824218750000000E-02    0.8957290649414063E-03
   14    0.4453125000000000E-02    0.1082687377929687E-02
   15    0.3496093750000000E-02    0.1052207946777344E-02
   16   -0.3027343750000000E-02    0.9643936157226563E-03
   17    0.2226562500000000E-02    0.9285736083984375E-03
   18   -0.1328125000000000E-02    0.8753967285156250E-03
   19   -0.1816406250000000E-02    0.1175804138183594E-02
   20   -0.4785156250000000E-02    0.8523941040039062E-03
   21    0.2148437500000000E-02    0.9553527832031250E-03
   22    0.5859375000000000E-04    0.9071731567382813E-03
   23   -0.5019531250000000E-02    0.1139335632324219E-02
   24    0.8593750000000000E-03    0.7936096191406250E-03
   25    0.1093750000000000E-02    0.8999633789062500E-03
   26    0.2148437500000000E-02    0.1040420532226563E-02
   27    0.4746093750000000E-02    0.1077003479003906E-02
   28    0.1152343750000000E-02    0.1120567321777344E-02
   29    0.5839843750000000E-02    0.1084709167480469E-02
   30    0.1328125000000000E-02    0.1165618896484375E-02
   31    0.4062500000000000E-02    0.1020202636718750E-02
   32   -0.5078125000000000E-03    0.8116912841796875E-03
   33    0.7812500000000000E-03    0.1016693115234375E-02
   34   -0.4316406250000000E-02    0.1062660217285156E-02
   35   -0.1015625000000000E-02    0.1032714843750000E-02
   36    0.3906250000000000E-02    0.1080398559570313E-02
   37    0.1210937500000000E-02    0.9614562988281250E-03
   38   -0.1132812500000000E-02    0.9967041015624999E-03
   39   -0.2910156250000000E-02    0.1430854797363281E-02
   40   -0.2851562500000000E-02    0.9312438964843750E-03
   41    0.7226562500000000E-03    0.1041297912597656E-02
   42    0.6835937500000000E-03    0.1064720153808594E-02
   43   -0.4785156250000000E-02    0.1096839904785156E-02
   44    0.5878906250000000E-02    0.9776687622070313E-03
   45    0.4218750000000000E-02    0.1252365112304688E-02
   46   -0.1386718750000000E-02    0.8463668823242188E-03
   47   -0.2773437500000000E-02    0.1154785156250000E-02
   48    0.4511718750000000E-02    0.1089897155761719E-02
   49    0.1562500000000000E-03    0.7988739013671875E-03
   50    0.3750000000000000E-02    0.7667541503906250E-03
   51    0.2187500000000000E-02    0.1049118041992187E-02
   52    0.3437500000000000E-02    0.9317016601562500E-03
   53    0.4492187500000000E-03    0.1017036437988281E-02
   54    0.3066406250000000E-02    0.1020088195800781E-02
   55   -0.9765625000000001E-04    0.1013221740722656E-02
   56   -0.2890625000000000E-02    0.1181335449218750E-02
   57   -0.2421875000000000E-02    0.1146163940429687E-02
   58   -0.2734375000000000E-02    0.1077804565429688E-02
   59    0.6601562500000000E-02    0.1090316772460937E-02
   60    0.5644531250000000E-02    0.1003379821777344E-02
   61    0.5078125000000000E-02    0.1130752563476563E-02
   62    0.8535156250000000E-02    0.1253623962402344E-02
   63    0.6796875000000000E-02    0.1268768310546875E-02
   64    0.7617187500000000E-02    0.9664154052734375E-03
   65    0.2343750000000000E-02    0.6963348388671875E-03
   66    0.3437500000000000E-02    0.1027755737304688E-02
   67    0.4218750000000000E-02    0.1011047363281250E-02
   68   -0.7812500000000000E-04    0.1167831420898437E-02
   69   -0.3984375000000000E-02    0.1088790893554688E-02
   70   -0.1562500000000000E-02    0.1315307617187500E-02
   71   -0.1679687500000000E-02    0.7944488525390625E-03
   72   -0.1171875000000000E-02    0.8060455322265625E-03
   73    0.1601562500000000E-02    0.7738494873046876E-03
   74   -0.7812500000000000E-04    0.1232910156250000E-02
   75   -0.1914062500000000E-02    0.8995819091796875E-03
   76   -0.2812500000000000E-02    0.9591674804687500E-03
   77   -0.2656250000000000E-02    0.8172607421875000E-03
   78    0.1386718750000000E-02    0.8824539184570313E-03
   79    0.2421875000000000E-02    0.1009750366210937E-02
   80   -0.2207031250000000E-02    0.9735488891601563E-03
   81   -0.2910156250000000E-02    0.8204269409179687E-03
   82   -0.1953125000000000E-04    0.7456588745117187E-03
   83   -0.5664062500000000E-03    0.1015815734863281E-02
   84   -0.1933593750000000E-02    0.1217536926269531E-02
   85    0.1601562500000000E-02    0.8819580078125000E-03
   86    0.1894531250000000E-02    0.1132621765136719E-02
   87    0.3906250000000000E-03    0.9960174560546876E-03
   88    0.1757812500000000E-02    0.1006622314453125E-02
   89    0.5507812500000000E-02    0.8312988281250000E-03
   90   -0.3359375000000000E-02    0.8990478515625000E-03
   91    0.2949218750000000E-02    0.8874893188476563E-03
   92    0.2695312500000000E-02    0.8017730712890625E-03
   93    0.4472656250000000E-02    0.8770370483398437E-03
   94    0.1601562500000000E-02    0.9139251708984375E-03
   95    0.1718750000000000E-02    0.1048049926757813E-02
   96    0.1074218750000000E-02    0.8902359008789063E-03
   97   -0.4218750000000000E-02    0.8537292480468750E-03
   98   -0.5078125000000000E-03    0.9219360351562500E-03
   99    0.1757812500000000E-03    0.9485244750976563E-03
  100   -0.8398437500000000E-03    0.8372879028320313E-03
