# time =    0.4631
    0    0.1000000000000000E+01    0.1000000000000000E+01
    1    0.2683984375000000E+00    0.7304840087890625E-01
    2    0.8072265625000000E-01    0.7339439392089844E-02
    3    0.2488281250000000E-01    0.1607513427734375E-02
    4    0.9316406249999999E-02    0.1201667785644531E-02
    5    0.5351562500000000E-02    0.9416961669921876E-03
    6    0.8652343749999999E-02    0.1000404357910156E-02
    7    0.1250000000000000E-02    0.1227569580078125E-02
    8    0.1484375000000000E-02    0.9862518310546876E-03
    9    0.1210937500000000E-02    0.9377288818359375E-03
   10   -0.6796875000000000E-02    0.1037597656250000E-02
   11   -0.3183593750000000E-02    0.1032524108886719E-02
   12   -0.2285156250000000E-02    0.9843826293945313E-03
   13   -0.1308593750000000E-02    0.9064865112304687E-03
   14    0.8593750000000000E-03    0.8567810058593750E-03
   15   -0.1757812500000000E-03    0.1047935485839844E-02
   16   -0.1953125000000000E-04    0.8498764038085937E-03
   17    0.0000000000000000E+00    0.9282684326171875E-03
   18    0.1542968750000000E-02    0.1169395446777344E-02
   19   -0.2929687500000000E-03    0.1059303283691406E-02
   20   -0.3339843750000000E-02    0.1168632507324219E-02
   21    0.1132812500000000E-02    0.9911346435546875E-03
   22   -0.2148437500000000E-03    0.8872604370117188E-03
   23   -0.2890625000000000E-02    0.9086608886718750E-03
   24    0.1308593750000000E-02    0.7619857788085938E-03
   25   -0.3515625000000000E-02    0.9371185302734375E-03
   26    0.1953125000000000E-04    0.1061058044433594E-02
   27   -0.8398437500000000E-03    0.1075172424316406E-02
   28   -0.3496093750000000E-02    0.1029624938964844E-02
   29   -0.1445312500000000E-02    0.9012603759765625E-03
   30    0.3320312500000000E-03    0.1116600036621094E-02
   31   -0.2500000000000000E-02    0.1092147827148438E-02
   32    0.3027343750000000E-02    0.1030921936035156E-02
   33    0.6210937500000000E-02    0.9846496582031250E-03
   34    0.2929687500000000E-02    0.9039306640625000E-03
   35    0.5722656250000000E-02    0.9057998657226562E-03
   36    0.3554687500000000E-02    0.1072692871093750E-02
   37   -0.8398437500000000E-03    0.1018714904785156E-02
   38   -0.2968750000000000E-02    0.9984588623046875E-03
   39   -0.1367187500000000E-02    0.8798217773437499E-03
   40   -0.2070312500000000E-02    0.9315490722656250E-03
   41   -0.1445312500000000E-02    0.9932708740234375E-03
   42   -0.1718750000000000E-02    0.1046447753906250E-02
   43    0.2128906250000000E-02    0.1135520935058594E-02
   44    0.5742187500000000E-02    0.1144256591796875E-02
   45    0.6015625000000000E-02    0.1382446289062500E-02
   46    0.6601562500000000E-02    0.1091461181640625E-02
   47    0.5078125000000000E-02    0.1103363037109375E-02
   48    0.1894531250000000E-02    0.9466171264648438E-03
   49    0.4101562500000000E-02    0.9386444091796875E-03
   50    0.2128906250000000E-02    0.1058464050292969E-02
   51    0.2363281250000000E-02    0.9749984741210938E-03
   52    0.4296875000000000E-02    0.8761596679687500E-03
   53   -0.4140625000000000E-02    0.8659362792968750E-03
   54   -0.4355468750000000E-02    0.8952713012695312E-03
   55   -0.8593750000000000E-03    0.9732818603515624E-03
   56   -0.1132812500000000E-02    0.9391021728515625E-03
   57   -0.4492187500000000E-03    0.1142921447753906E-02
   58   -0.2929687500000000E-03    0.1091957092285156E-02
   59    0.4296875000000000E-02    0.9614562988281250E-03
   60    0.1914062500000000E-02    0.9443664550781250E-03
   61   -0.3437500000000000E-02    0.1260375976562500E-02
   62   -0.1953125000000000E-03    0.9721374511718750E-03
   63    0.2929687500000000E-02    0.8842468261718750E-03
   64    0.1777343750000000E-02    0.8275985717773437E-03
   65    0.3574218750000000E-02    0.1001548767089844E-02
   66    0.1152343750000000E-02    0.9527206420898438E-03
   67    0.4492187500000000E-03    0.1384239196777344E-02
   68    0.5078125000000000E-03    0.1199951171875000E-02
   69   -0.1328125000000000E-02    0.1090927124023438E-02
   70   -0.4179687500000000E-02    0.1003723144531250E-02
   71   -0.2734375000000000E-02    0.8621215820312500E-03
   72    0.1660156250000000E-02    0.9015274047851563E-03
   73   -0.6054687500000000E-03    0.1049613952636719E-02
   74   -0.3203125000000000E-02    0.8562469482421875E-03
   75   -0.7812500000000000E-03    0.1001129150390625E-02
   76    0.1445312500000000E-02    0.8574676513671875E-03
   77    0.6230468750000000E-02    0.1019935607910156E-02
   78    0.1269531250000000E-02    0.8545303344726562E-03
   79   -0.4531250000000000E-02    0.1005249023437500E-02
   80   -0.6835937500000000E-02    0.1081466674804688E-02
   81   -0.5000000000000000E-02    0.8599090576171875E-03
   82   -0.4199218750000000E-02    0.1071052551269531E-02
   83   -0.4062500000000000E-02    0.9268951416015625E-03
   84    0.3046875000000000E-02    0.9769439697265626E-03
   85    0.1816406250000000E-02    0.9613418579101562E-03
   86   -0.1171875000000000E-02    0.9293365478515625E-03
   87    0.2480468750000000E-02    0.9080123901367188E-03
   88    0.2656250000000000E-02    0.8685302734375000E-03
   89    0.4101562500000000E-03    0.1064033508300781E-02
   90    0.5664062500000000E-03    0.1166954040527344E-02
   91    0.2304687500000000E-02    0.1039428710937500E-02
   92   -0.1386718750000000E-02    0.8941268920898437E-03
   93   -0.1953125000000000E-02    0.9336853027343750E-03
   94    0.1191406250000000E-02    0.9241104125976562E-03
   95    0.1953125000000000E-02    0.8642578125000000E-03
   96   -0.2441406250000000E-02    0.1139411926269531E-02
   97    0.1171875000000000E-03    0.1183776855468750E-02
   98    0.3535156250000000E-02    0.1009559631347656E-02
   99    0.2148437500000000E-03    0.8438491821289063E-03
  100    0.1835937500000000E-02    0.1056137084960938E-02
