# time =    0.4098
    0    0.1000000000000000E+01    0.1000000000000000E+01
    1    0.3641406250000000E+00    0.1333625793457031E+00
    2    0.2168554687500000E+00    0.4778034210205078E-01
    3    0.1642773437500000E+00    0.2773616790771484E-01
    4    0.1360546875000000E+00    0.1917587280273438E-01
    5    0.1191992187500000E+00    0.1500995635986328E-01
    6    0.1127539062500000E+00    0.1353816986083984E-01
    7    0.1066406250000000E+00    0.1223342895507813E-01
    8    0.9833984375000000E-01    0.1052562713623047E-01
    9    0.9357421874999999E-01    0.9475593566894530E-02
   10    0.8943359375000000E-01    0.8768577575683594E-02
   11    0.8265625000000000E-01    0.7554321289062500E-02
   12    0.8001953125000000E-01    0.7113609313964844E-02
   13    0.7832031250000000E-01    0.6928863525390625E-02
   14    0.7830078125000001E-01    0.7003593444824219E-02
   15    0.7402343750000000E-01    0.6239471435546875E-02
   16    0.7154296875000000E-01    0.5971260070800781E-02
   17    0.7095703125000000E-01    0.5912284851074218E-02
   18    0.6697265625000000E-01    0.5474052429199219E-02
   19    0.6568359375000000E-01    0.5220832824707031E-02
   20    0.6304687500000000E-01    0.4787673950195312E-02
   21    0.6316406250000001E-01    0.4887542724609375E-02
   22    0.6099609375000000E-01    0.4589958190917969E-02
   23    0.6066406250000000E-01    0.4541473388671875E-02
   24    0.5902343750000000E-01    0.4317855834960938E-02
   25    0.5978515625000000E-01    0.4486198425292969E-02
   26    0.5824218750000000E-01    0.4170227050781250E-02
   27    0.5580078125000000E-01    0.4083366394042969E-02
   28    0.5380859375000000E-01    0.3875541687011719E-02
   29    0.5298828125000000E-01    0.3787727355957031E-02
   30    0.5240234375000000E-01    0.3771324157714844E-02
   31    0.5095703125000000E-01    0.3439674377441406E-02
   32    0.5177734375000000E-01    0.3526878356933594E-02
   33    0.4978515625000000E-01    0.3369560241699219E-02
   34    0.4923828125000000E-01    0.3307685852050781E-02
   35    0.4910156250000000E-01    0.3237304687500000E-02
   36    0.4707031250000000E-01    0.3051834106445312E-02
   37    0.4697265625000000E-01    0.3043327331542969E-02
   38    0.4572265625000000E-01    0.2972450256347656E-02
   39    0.4466796875000000E-01    0.3016548156738281E-02
   40    0.4445312500000000E-01    0.2922134399414062E-02
   41    0.4617187500000000E-01    0.3085098266601563E-02
   42    0.4572265625000000E-01    0.2932624816894531E-02
   43    0.4533203125000000E-01    0.2917518615722656E-02
   44    0.4427734375000000E-01    0.2868919372558594E-02
   45    0.4564453125000000E-01    0.2971687316894531E-02
   46    0.4337890625000000E-01    0.2751502990722656E-02
   47    0.4552734375000000E-01    0.2976875305175781E-02
   48    0.4427734375000000E-01    0.2934761047363281E-02
   49    0.4257812500000000E-01    0.2852935791015625E-02
   50    0.4244140625000000E-01    0.2917747497558594E-02
   51    0.4046875000000000E-01    0.2681884765625000E-02
   52    0.4128906250000000E-01    0.2673645019531250E-02
   53    0.4201171875000000E-01    0.2791328430175781E-02
   54    0.4039062500000000E-01    0.2600708007812500E-02
   55    0.4068359375000000E-01    0.2686042785644531E-02
   56    0.4054687500000000E-01    0.2733001708984375E-02
   57    0.4033203125000000E-01    0.2564353942871094E-02
   58    0.4113281250000000E-01    0.2642288208007812E-02
   59    0.4031250000000000E-01    0.2731246948242188E-02
   60    0.4060546875000000E-01    0.2708778381347656E-02
   61    0.3955078125000000E-01    0.2593650817871094E-02
   62    0.3974609375000000E-01    0.2550468444824219E-02
   63    0.3802734375000000E-01    0.2411842346191406E-02
   64    0.3847656250000000E-01    0.2449188232421875E-02
   65    0.3566406250000000E-01    0.2190780639648437E-02
   66    0.3558593750000000E-01    0.2317886352539063E-02
   67    0.3439453125000000E-01    0.2182807922363281E-02
   68    0.3439453125000000E-01    0.2115287780761719E-02
   69    0.3248046875000000E-01    0.1988182067871094E-02
   70    0.3398437500000000E-01    0.2171096801757812E-02
   71    0.3291015625000000E-01    0.2093772888183594E-02
   72    0.3361328125000000E-01    0.2262763977050781E-02
   73    0.3207031250000000E-01    0.2071304321289063E-02
   74    0.3144531250000000E-01    0.2027893066406250E-02
   75    0.3216796875000000E-01    0.2055854797363281E-02
   76    0.3361328125000000E-01    0.2232398986816406E-02
   77    0.3455078125000000E-01    0.2246437072753906E-02
   78    0.3412109375000000E-01    0.2223396301269531E-02
   79    0.3255859375000000E-01    0.2081336975097656E-02
   80    0.3224609375000000E-01    0.2070503234863281E-02
   81    0.3119140625000000E-01    0.1926307678222656E-02
   82    0.3201171875000000E-01    0.1980552673339844E-02
   83    0.3087890625000000E-01    0.1973381042480469E-02
   84    0.3013671875000000E-01    0.1919746398925781E-02
   85    0.3066406250000000E-01    0.1937789916992188E-02
   86    0.3035156250000000E-01    0.1939468383789063E-02
   87    0.3013671875000000E-01    0.1946296691894531E-02
   88    0.3078125000000000E-01    0.2021789550781250E-02
   89    0.3011718750000000E-01    0.1906890869140625E-02
   90    0.2892578125000000E-01    0.1830177307128906E-02
   91    0.2955078125000000E-01    0.1891899108886719E-02
   92    0.2982421875000000E-01    0.2000160217285156E-02
   93    0.2841796875000000E-01    0.1905784606933594E-02
   94    0.2896484375000000E-01    0.1940193176269531E-02
   95    0.2873046875000000E-01    0.1857795715332031E-02
   96    0.2927734375000000E-01    0.1822090148925781E-02
   97    0.2957031250000000E-01    0.1858673095703125E-02
   98    0.2804687500000000E-01    0.1826324462890625E-02
   99    0.2802734375000000E-01    0.1821479797363281E-02
  100    0.2955078125000000E-01    0.1859779357910156E-02
