# time =    0.4696
    0    0.1000000000000000E+01    0.1000000000000000E+01
    1    0.1891992187500000E+00    0.3680324554443359E-01
    2    0.4070312500000000E-01    0.2521286010742188E-02
    3    0.1085937500000000E-01    0.1075439453125000E-02
    4    0.3437500000000000E-02    0.8243560791015625E-03
    5    0.3671875000000000E-02    0.1032104492187500E-02
    6   -0.1757812500000000E-03    0.1101570129394531E-02
    7    0.7597656250000000E-02    0.1020622253417969E-02
    8    0.6796875000000000E-02    0.8329772949218751E-03
    9   -0.1464843750000000E-02    0.1011009216308594E-02
   10    0.9375000000000000E-03    0.1453475952148437E-02
   11    0.1171875000000000E-02    0.1082763671875000E-02
   12    0.1113281250000000E-02    0.1090049743652344E-02
   13    0.6914062500000000E-02    0.1050415039062500E-02
   14    0.1269531250000000E-02    0.7258987426757812E-03
   15    0.5292968750000000E-02    0.1041297912597656E-02
   16   -0.5078125000000000E-02    0.1098861694335938E-02
   17    0.5410156250000000E-02    0.8081436157226562E-03
   18    0.2812500000000000E-02    0.1124572753906250E-02
   19    0.5761718750000000E-02    0.8359909057617188E-03
   20   -0.3437500000000000E-02    0.8702087402343750E-03
   21    0.2656250000000000E-02    0.1025695800781250E-02
   22    0.7382812500000000E-02    0.8422088623046875E-03
   23   -0.2734375000000000E-02    0.1015167236328125E-02
   24    0.5859375000000000E-04    0.1013450622558594E-02
   25   -0.2519531250000000E-02    0.9254837036132813E-03
   26   -0.7695312500000000E-02    0.1036758422851562E-02
   27   -0.4003906250000000E-02    0.8572006225585938E-03
   28   -0.3359375000000000E-02    0.7955932617187500E-03
   29    0.8593750000000000E-03    0.8887481689453125E-03
   30   -0.3535156250000000E-02    0.8918380737304687E-03
   31   -0.2148437500000000E-02    0.1241302490234375E-02
   32   -0.2070312500000000E-02    0.1129455566406250E-02
   33    0.6835937500000000E-03    0.9997940063476562E-03
   34   -0.1367187500000000E-02    0.9953308105468751E-03
   35    0.2343750000000000E-03    0.9380340576171875E-03
   36   -0.1972656250000000E-02    0.9927749633789062E-03
   37    0.1484375000000000E-02    0.9721374511718750E-03
   38   -0.1562500000000000E-03    0.1016387939453125E-02
   39    0.6347656250000000E-02    0.9897232055664062E-03
   40   -0.2539062500000000E-02    0.9454345703125000E-03
   41   -0.4589843750000000E-02    0.7180404663085937E-03
   42    0.4042968750000000E-02    0.9453201293945313E-03
   43    0.4707031250000000E-02    0.1145439147949219E-02
   44    0.3652343750000000E-02    0.1003913879394531E-02
   45    0.1328125000000000E-02    0.9327697753906250E-03
   46   -0.3398437500000000E-02    0.9119415283203125E-03
   47    0.3320312500000000E-03    0.9636306762695313E-03
   48    0.1367187500000000E-02    0.8886718750000000E-03
   49   -0.3125000000000000E-03    0.1063537597656250E-02
   50    0.1191406250000000E-02    0.1013755798339844E-02
   51   -0.5859375000000000E-04    0.9102249145507813E-03
   52    0.4316406250000000E-02    0.9154129028320312E-03
   53    0.5371093750000000E-02    0.1015739440917969E-02
   54    0.4531250000000000E-02    0.9239196777343750E-03
   55   -0.1601562500000000E-02    0.8929443359375000E-03
   56    0.2929687500000000E-03    0.9598922729492187E-03
   57    0.4062500000000000E-02    0.9491729736328125E-03
   58    0.1132812500000000E-02    0.8822631835937500E-03
   59   -0.3164062500000000E-02    0.1253662109375000E-02
   60   -0.2246093750000000E-02    0.1115150451660156E-02
   61    0.2460937500000000E-02    0.1186904907226562E-02
   62   -0.4414062500000000E-02    0.1169815063476563E-02
   63   -0.1542968750000000E-02    0.8977890014648437E-03
   64   -0.4941406250000000E-02    0.1068687438964844E-02
   65   -0.2929687500000000E-02    0.1060943603515625E-02
   66   -0.1054687500000000E-02    0.1152114868164062E-02
   67   -0.1503906250000000E-02    0.9933090209960937E-03
   68    0.4980468750000000E-02    0.1128044128417969E-02
   69   -0.3300781250000000E-02    0.8221054077148437E-03
   70   -0.3593750000000000E-02    0.8299255371093750E-03
   71   -0.1171875000000000E-03    0.1016845703125000E-02
   72    0.2109375000000000E-02    0.1006164550781250E-02
   73   -0.1972656250000000E-02    0.7839584350585937E-03
   74   -0.1582031250000000E-02    0.9946060180664063E-03
   75    0.4062500000000000E-02    0.1039352416992187E-02
   76   -0.1269531250000000E-02    0.1107749938964844E-02
   77   -0.1132812500000000E-02    0.9220886230468750E-03
   78   -0.2949218750000000E-02    0.7616806030273437E-03
   79   -0.5878906250000000E-02    0.8986282348632812E-03
   80   -0.3964843750000000E-02    0.8766555786132813E-03
   81   -0.3066406250000000E-02    0.8839797973632812E-03
   82    0.2304687500000000E-02    0.1141891479492187E-02
   83    0.1855468750000000E-02    0.7846450805664062E-03
   84   -0.6582031250000000E-02    0.9881210327148436E-03
   85   -0.6230468750000000E-02    0.1028175354003906E-02
   86   -0.5859375000000000E-03    0.1170120239257813E-02
   87   -0.3105468750000000E-02    0.8053207397460938E-03
   88    0.3535156250000000E-02    0.1034355163574219E-02
   89    0.3007812500000000E-02    0.9565734863281250E-03
   90   -0.5078125000000000E-03    0.9749603271484375E-03
   91    0.5390625000000000E-02    0.1019973754882812E-02
   92    0.1562500000000000E-02    0.8673858642578125E-03
   93    0.3066406250000000E-02    0.9791946411132812E-03
   94    0.4062500000000000E-02    0.1078109741210938E-02
   95   -0.1386718750000000E-02    0.9927749633789062E-03
   96    0.2324218750000000E-02    0.9504318237304688E-03
   97   -0.1191406250000000E-02    0.8572006225585938E-03
   98   -0.3652343750000000E-02    0.8778762817382812E-03
   99    0.1914062500000000E-02    0.7079315185546875E-03
  100    0.2929687500000000E-03    0.9562301635742187E-03
