# time =    0.4577
    0    0.1000000000000000E+01    0.1000000000000000E+01
    1    0.2970312500000000E+00    0.8908905029296875E-01
    2    0.1259960937500000E+00    0.1670635223388672E-01
    3    0.6822265625000000E-01    0.5422935485839843E-02
    4    0.4261718750000000E-01    0.2771148681640625E-02
    5    0.2837890625000000E-01    0.1811561584472656E-02
    6    0.1544921875000000E-01    0.1068611145019531E-02
    7    0.1257812500000000E-01    0.1224517822265625E-02
    8    0.8125000000000000E-02    0.9618377685546874E-03
    9    0.1330078125000000E-01    0.1305885314941406E-02
   10    0.1152343750000000E-01    0.9288024902343750E-03
   11    0.9921875000000000E-02    0.1056518554687500E-02
   12    0.5898437500000000E-02    0.9616851806640625E-03
   13    0.4511718750000000E-02    0.9434127807617188E-03
   14    0.2011718750000000E-02    0.9179306030273437E-03
   15   -0.1367187500000000E-03    0.8172988891601562E-03
   16    0.2402343750000000E-02    0.8703231811523438E-03
   17    0.5039062500000000E-02    0.9176635742187500E-03
   18    0.4414062500000000E-02    0.9735107421875000E-03
   19   -0.9765625000000001E-04    0.9836196899414063E-03
   20   -0.2246093750000000E-02    0.1127433776855469E-02
   21    0.2929687500000000E-03    0.1171073913574219E-02
   22   -0.3710937500000000E-03    0.1157264709472656E-02
   23   -0.5136718750000000E-02    0.1044197082519531E-02
   24    0.1718750000000000E-02    0.8823394775390625E-03
   25   -0.3457031250000000E-02    0.1124229431152344E-02
   26   -0.2480468750000000E-02    0.9528732299804687E-03
   27   -0.6835937500000000E-03    0.1055793762207031E-02
   28    0.2832031250000000E-02    0.9074020385742188E-03
   29   -0.2304687500000000E-02    0.9117889404296875E-03
   30   -0.2929687500000000E-02    0.9333038330078125E-03
   31    0.2929687500000000E-03    0.1109046936035156E-02
   32    0.1289062500000000E-02    0.1063919067382812E-02
   33    0.1035156250000000E-02    0.9246444702148437E-03
   34   -0.1191406250000000E-02    0.8347702026367188E-03
   35    0.9179687499999999E-03    0.1004905700683594E-02
   36   -0.3574218750000000E-02    0.1125068664550781E-02
   37   -0.6171875000000000E-02    0.1100845336914062E-02
   38    0.1738281250000000E-02    0.9490585327148437E-03
   39   -0.3808593750000000E-02    0.8745193481445312E-03
   40   -0.2167968750000000E-02    0.9350967407226562E-03
   41   -0.6640625000000000E-03    0.1064987182617188E-02
   42   -0.5117187500000000E-02    0.9382629394531250E-03
   43   -0.2265625000000000E-02    0.1112442016601563E-02
   44   -0.4492187500000000E-03    0.1024894714355469E-02
   45    0.6640625000000000E-03    0.7438659667968750E-03
   46   -0.3710937500000000E-03    0.8356094360351563E-03
   47    0.4687500000000000E-03    0.9547424316406250E-03
   48    0.3984375000000000E-02    0.8526611328125000E-03
   49   -0.1406250000000000E-02    0.8863067626953125E-03
   50   -0.3847656250000000E-02    0.9672927856445312E-03
   51   -0.4335937500000000E-02    0.1091461181640625E-02
   52    0.2734375000000000E-03    0.8599090576171875E-03
   53    0.1425781250000000E-02    0.1178550720214844E-02
   54    0.2441406250000000E-02    0.1157417297363281E-02
   55    0.1464843750000000E-02    0.1171913146972656E-02
   56    0.2871093750000000E-02    0.1186027526855469E-02
   57   -0.2324218750000000E-02    0.9202957153320312E-03
   58    0.2187500000000000E-02    0.8358764648437500E-03
   59    0.2988281250000000E-02    0.9454727172851562E-03
   60    0.3554687500000000E-02    0.9098052978515625E-03
   61   -0.2148437500000000E-02    0.9871673583984374E-03
   62    0.3183593750000000E-02    0.9285354614257812E-03
   63   -0.1972656250000000E-02    0.7836532592773438E-03
   64   -0.9296875000000000E-02    0.1027069091796875E-02
   65   -0.4062500000000000E-02    0.1064147949218750E-02
   66   -0.4003906250000000E-02    0.8110427856445313E-03
   67   -0.5253906250000000E-02    0.9991073608398438E-03
   68   -0.6777343750000000E-02    0.1116294860839844E-02
   69   -0.5078125000000000E-02    0.1018371582031250E-02
   70   -0.5664062500000000E-03    0.1257209777832031E-02
   71   -0.1171875000000000E-02    0.9860992431640625E-03
   72   -0.4179687500000000E-02    0.9221649169921875E-03
   73   -0.5664062500000000E-02    0.1204223632812500E-02
   74   -0.1992187500000000E-02    0.9680938720703125E-03
   75   -0.1562500000000000E-02    0.8953094482421875E-03
   76    0.2480468750000000E-02    0.1257209777832031E-02
   77    0.3222656250000000E-02    0.9605789184570313E-03
   78    0.5644531250000000E-02    0.1071052551269531E-02
   79    0.2968750000000000E-02    0.9425354003906250E-03
   80   -0.5078125000000000E-03    0.1036682128906250E-02
   81   -0.3710937500000000E-03    0.1028785705566406E-02
   82   -0.2949218750000000E-02    0.1013984680175781E-02
   83   -0.4042968750000000E-02    0.9242630004882812E-03
   84   -0.5214843750000000E-02    0.8787918090820313E-03
   85   -0.6210937500000000E-02    0.9693145751953125E-03
   86   -0.3398437500000000E-02    0.9978485107421874E-03
   87   -0.1308593750000000E-02    0.9379196166992188E-03
   88    0.4453125000000000E-02    0.1027145385742187E-02
   89    0.1093750000000000E-02    0.9243774414062500E-03
   90   -0.6835937500000000E-03    0.9500503540039063E-03
   91    0.8789062500000000E-03    0.1071662902832031E-02
   92    0.7031250000000000E-03    0.1045837402343750E-02
   93    0.3417968750000000E-02    0.1018638610839844E-02
   94    0.3710937500000000E-02    0.1080703735351563E-02
   95    0.1132812500000000E-02    0.1128234863281250E-02
   96    0.4726562500000000E-02    0.1294708251953125E-02
   97   -0.5527343750000000E-02    0.1015205383300781E-02
   98    0.1679687500000000E-02    0.1048431396484375E-02
   99    0.2148437500000000E-03    0.8618545532226563E-03
  100   -0.3261718750000000E-02    0.8998489379882812E-03
