# time =    0.4613
    0    0.1000000000000000E+01    0.1000000000000000E+01
    1    0.2513867187500000E+00    0.6380123138427735E-01
    2    0.6720703124999999E-01    0.5523719787597656E-02
    3    0.2544921875000000E-01    0.1720771789550781E-02
    4    0.4511718750000000E-02    0.9600448608398437E-03
    5    0.8984375000000000E-03    0.8305358886718750E-03
    6   -0.3710937500000000E-03    0.7442855834960938E-03
    7    0.6484375000000000E-02    0.1156616210937500E-02
    8    0.3632812500000000E-02    0.1019058227539062E-02
    9   -0.4082031250000000E-02    0.1151924133300781E-02
   10   -0.2480468750000000E-02    0.8689498901367187E-03
   11    0.3242187500000000E-02    0.1020126342773438E-02
   12    0.3085937500000000E-02    0.6795501708984374E-03
   13    0.6914062500000000E-02    0.1238784790039063E-02
   14   -0.7812500000000000E-04    0.1376113891601563E-02
   15   -0.2597656250000000E-02    0.1120872497558594E-02
   16   -0.4921875000000000E-02    0.6967926025390625E-03
   17    0.1425781250000000E-02    0.1056632995605469E-02
   18   -0.9960937500000000E-03    0.7458114624023437E-03
   19    0.3378906250000000E-02    0.9157943725585937E-03
   20    0.3281250000000000E-02    0.1145019531250000E-02
   21    0.1953125000000000E-02    0.7917022705078125E-03
   22   -0.4882812500000000E-02    0.7335662841796875E-03
   23   -0.2753906250000000E-02    0.8531570434570313E-03
   24   -0.5839843750000000E-02    0.9033584594726563E-03
   25    0.2753906250000000E-02    0.8880233764648437E-03
   26    0.4882812500000000E-02    0.1132049560546875E-02
   27    0.1835937500000000E-02    0.8115386962890625E-03
   28   -0.7617187500000000E-03    0.1143913269042969E-02
   29   -0.2734375000000000E-03    0.8059692382812500E-03
   30    0.3125000000000000E-03    0.1051483154296875E-02
   31   -0.3515625000000000E-03    0.9185028076171875E-03
   32    0.2402343750000000E-02    0.8342361450195312E-03
   33   -0.1328125000000000E-02    0.1003036499023437E-02
   34   -0.2734375000000000E-02    0.1147460937500000E-02
   35   -0.1933593750000000E-02    0.1071205139160156E-02
   36   -0.6835937500000000E-03    0.8985519409179688E-03
   37    0.5859375000000000E-03    0.1073837280273438E-02
   38    0.9765625000000001E-04    0.9072494506835938E-03
   39   -0.6640625000000000E-03    0.7588195800781250E-03
   40   -0.3652343750000000E-02    0.1106300354003906E-02
   41   -0.8417968749999999E-02    0.1127891540527344E-02
   42    0.3847656250000000E-02    0.9560775756835937E-03
   43    0.8007812500000000E-03    0.8297348022460937E-03
   44    0.5644531250000000E-02    0.9207534790039063E-03
   45   -0.2734375000000000E-03    0.8776855468750000E-03
   46   -0.5273437500000000E-03    0.9664535522460937E-03
   47    0.2460937500000000E-02    0.8509826660156250E-03
   48    0.3359375000000000E-02    0.9400939941406250E-03
   49    0.6250000000000000E-03    0.9867095947265626E-03
   50   -0.2050781250000000E-02    0.6734085083007813E-03
   51   -0.2949218750000000E-02    0.8584213256835938E-03
   52    0.2851562500000000E-02    0.1060028076171875E-02
   53    0.1171875000000000E-03    0.9957885742187501E-03
   54   -0.3261718750000000E-02    0.9489822387695313E-03
   55    0.2304687500000000E-02    0.9990692138671874E-03
   56    0.8769531250000000E-02    0.1126518249511719E-02
   57    0.2343750000000000E-02    0.1163253784179687E-02
   58    0.1210937500000000E-02    0.1188278198242188E-02
   59    0.9960937500000000E-03    0.9985733032226562E-03
   60    0.5019531250000000E-02    0.7351303100585938E-03
   61   -0.4101562500000000E-03    0.7018661499023438E-03
   62    0.3906250000000000E-04    0.1012878417968750E-02
   63   -0.2402343750000000E-02    0.7013320922851562E-03
   64    0.9765625000000000E-03    0.1103439331054687E-02
   65   -0.3632812500000000E-02    0.1033401489257812E-02
   66   -0.1445312500000000E-02    0.1521911621093750E-02
   67   -0.7226562500000000E-03    0.1110191345214844E-02
   68   -0.2304687500000000E-02    0.9662628173828125E-03
   69    0.3066406250000000E-02    0.9494400024414062E-03
   70    0.2011718750000000E-02    0.8783340454101562E-03
   71   -0.1953125000000000E-02    0.7176971435546874E-03
   72   -0.9375000000000000E-03    0.9236145019531250E-03
   73   -0.3906250000000000E-04    0.9230804443359375E-03
   74   -0.6660156250000000E-02    0.8085250854492187E-03
   75    0.2421875000000000E-02    0.8626556396484374E-03
   76    0.2304687500000000E-02    0.9891510009765625E-03
   77    0.3320312500000000E-03    0.6830215454101563E-03
   78   -0.7968750000000000E-02    0.1036758422851562E-02
   79   -0.1171875000000000E-02    0.6981658935546875E-03
   80    0.3632812500000000E-02    0.8593750000000000E-03
   81   -0.6835937500000000E-02    0.1292419433593750E-02
   82    0.1816406250000000E-02    0.1415519714355469E-02
   83   -0.1757812500000000E-02    0.9592437744140625E-03
   84    0.5449218750000000E-02    0.1005821228027344E-02
   85    0.1835937500000000E-02    0.8346557617187500E-03
   86    0.4531250000000000E-02    0.8386993408203126E-03
   87    0.2050781250000000E-02    0.1305122375488281E-02
   88    0.3515625000000000E-03    0.1136322021484375E-02
   89    0.1757812500000000E-03    0.7527542114257813E-03
   90    0.6425781250000000E-02    0.9579849243164062E-03
   91    0.5937500000000000E-02    0.1015625000000000E-02
   92   -0.8203125000000000E-03    0.1015853881835938E-02
   93   -0.1171875000000000E-03    0.1024398803710938E-02
   94    0.2207031250000000E-02    0.8895492553710937E-03
   95    0.2421875000000000E-02    0.9692382812500000E-03
   96    0.5468750000000001E-03    0.1102752685546875E-02
   97   -0.1933593750000000E-02    0.1090354919433594E-02
   98    0.5273437500000000E-03    0.9911727905273437E-03
   99   -0.1367187500000000E-02    0.9038543701171875E-03
  100   -0.1171875000000000E-03    0.1081695556640625E-02
