# time =    0.4605
    0    0.1000000000000000E+01    0.1000000000000000E+01
    1    0.2635937500000000E+00    0.7008491516113281E-01
    2    0.7896484375000000E-01    0.7164192199707031E-02
    3    0.2734375000000000E-01    0.1858901977539063E-02
    4    0.9335937500000000E-02    0.1026763916015625E-02
    5    0.6308593750000000E-02    0.9479904174804687E-03
    6    0.3730468750000000E-02    0.1090431213378906E-02
    7    0.2441406250000000E-02    0.8070755004882812E-03
    8   -0.5078125000000000E-02    0.9278869628906250E-03
    9   -0.1347656250000000E-02    0.1033515930175781E-02
   10    0.2949218750000000E-02    0.9854507446289062E-03
   11    0.1171875000000000E-03    0.8859252929687500E-03
   12   -0.1308593750000000E-02    0.9817123413085938E-03
   13   -0.6835937500000000E-03    0.7281112670898438E-03
   14    0.2480468750000000E-02    0.9856796264648437E-03
   15   -0.1738281250000000E-02    0.9496688842773437E-03
   16   -0.2773437500000000E-02    0.1104888916015625E-02
   17    0.1777343750000000E-02    0.1070594787597656E-02
   18   -0.2050781250000000E-02    0.9619522094726562E-03
   19   -0.2324218750000000E-02    0.8415603637695313E-03
   20   -0.5976562500000000E-02    0.9697723388671875E-03
   21    0.4101562500000000E-02    0.1113739013671875E-02
   22   -0.2382812500000000E-02    0.6813049316406250E-03
   23   -0.3867187500000000E-02    0.8794403076171875E-03
   24   -0.4804687500000000E-02    0.1056060791015625E-02
   25    0.5585937500000000E-02    0.1050186157226563E-02
   26    0.1074218750000000E-02    0.1040458679199219E-02
   27   -0.2304687500000000E-02    0.9115600585937500E-03
   28    0.8417968749999999E-02    0.9539413452148437E-03
   29   -0.3906250000000000E-04    0.8769989013671875E-03
   30   -0.3906250000000000E-04    0.8332824707031250E-03
   31   -0.5468750000000001E-03    0.9668731689453125E-03
   32   -0.1367187500000000E-03    0.6924057006835937E-03
   33    0.2226562500000000E-02    0.7638549804687500E-03
   34    0.8496093749999999E-02    0.9949111938476563E-03
   35    0.3515625000000000E-03    0.1035842895507813E-02
   36    0.1308593750000000E-02    0.9489059448242188E-03
   37   -0.1562500000000000E-02    0.1195831298828125E-02
   38    0.3105468750000000E-02    0.9207534790039063E-03
   39   -0.7031250000000000E-03    0.7405853271484374E-03
   40   -0.1250000000000000E-02    0.9484863281249999E-03
   41   -0.1933593750000000E-02    0.7577896118164063E-03
   42   -0.2480468750000000E-02    0.1141853332519531E-02
   43    0.3281250000000000E-02    0.1154708862304687E-02
   44    0.1835937500000000E-02    0.1016845703125000E-02
   45   -0.4023437500000000E-02    0.9543609619140625E-03
   46   -0.5468750000000001E-03    0.9221649169921875E-03
   47    0.6445312500000000E-03    0.1035575866699219E-02
   48    0.2246093750000000E-02    0.7357406616210938E-03
   49    0.9960937500000000E-03    0.9404373168945313E-03
   50   -0.2343750000000000E-02    0.1069107055664062E-02
   51   -0.1367187500000000E-02    0.1051940917968750E-02
   52   -0.7285156250000000E-02    0.7593154907226563E-03
   53    0.5859375000000000E-04    0.8047103881835937E-03
   54    0.4902343750000000E-02    0.1190681457519531E-02
   55    0.2382812500000000E-02    0.1032028198242188E-02
   56    0.2460937500000000E-02    0.7140350341796875E-03
   57    0.5937500000000000E-02    0.8431243896484375E-03
   58    0.8359375000000000E-02    0.9967041015624999E-03
   59    0.6015625000000000E-02    0.8641815185546875E-03
   60   -0.1152343750000000E-02    0.9783554077148439E-03
   61   -0.5097656250000000E-02    0.1072044372558594E-02
   62   -0.3417968750000000E-02    0.1103401184082031E-02
   63   -0.1601562500000000E-02    0.8444213867187501E-03
   64   -0.2734375000000000E-02    0.6771850585937500E-03
   65    0.4296875000000000E-03    0.7802581787109375E-03
   66   -0.2148437500000000E-03    0.6904220581054688E-03
   67    0.3710937500000000E-03    0.1033821105957031E-02
   68   -0.1054687500000000E-02    0.8541107177734375E-03
   69   -0.1152343750000000E-02    0.1033439636230469E-02
   70    0.1093750000000000E-02    0.9217071533203125E-03
   71    0.1289062500000000E-02    0.9558105468750000E-03
   72    0.3554687500000000E-02    0.8512115478515624E-03
   73    0.4003906250000000E-02    0.8640670776367187E-03
   74    0.1269531250000000E-02    0.1021919250488281E-02
   75   -0.7949218750000001E-02    0.9294509887695313E-03
   76   -0.3222656250000000E-02    0.9859085083007812E-03
   77   -0.4687500000000000E-03    0.8326721191406250E-03
   78    0.6875000000000000E-02    0.8915710449218750E-03
   79    0.7558593750000000E-02    0.1110954284667969E-02
   80    0.4687500000000000E-03    0.1032104492187500E-02
   81   -0.1621093750000000E-02    0.1070594787597656E-02
   82    0.1699218750000000E-02    0.8006668090820312E-03
   83   -0.2441406250000000E-02    0.1011390686035156E-02
   84    0.1718750000000000E-02    0.1031951904296875E-02
   85    0.5078125000000000E-02    0.1060638427734375E-02
   86   -0.5078125000000000E-03    0.9451293945312500E-03
   87    0.2773437500000000E-02    0.8525848388671875E-03
   88   -0.4296875000000000E-03    0.8866119384765625E-03
   89   -0.2343750000000000E-03    0.8918762207031250E-03
   90    0.4492187500000000E-03    0.7514572143554688E-03
   91   -0.2792968750000000E-02    0.8819198608398437E-03
   92   -0.3320312500000000E-02    0.8909606933593750E-03
   93    0.5703125000000000E-02    0.1025772094726562E-02
   94   -0.1367187500000000E-03    0.1015663146972656E-02
   95   -0.7070312500000000E-02    0.1266174316406250E-02
   96   -0.2246093750000000E-02    0.1083869934082031E-02
   97   -0.1816406250000000E-02    0.1072273254394531E-02
   98   -0.4531250000000000E-02    0.9467315673828125E-03
   99   -0.1718750000000000E-02    0.9816741943359374E-03
  100   -0.1679687500000000E-02    0.1093139648437500E-02
