# time =    0.4620
    0    0.1000000000000000E+01    0.1000000000000000E+01
    1    0.1928320312500000E+00    0.3780971527099609E-01
    2    0.4625000000000000E-01    0.2983551025390625E-02
    3    0.1357421875000000E-01    0.1343040466308594E-02
    4    0.4101562500000000E-03    0.9673690795898438E-03
    5   -0.4082031250000000E-02    0.7625961303710937E-03
    6   -0.2539062500000000E-03    0.9347915649414063E-03
    7    0.7812500000000000E-04    0.1072692871093750E-02
    8   -0.3750000000000000E-02    0.7532501220703125E-03
    9   -0.1621093750000000E-02    0.9280776977539062E-03
   10   -0.2207031250000000E-02    0.1073188781738281E-02
   11    0.1953125000000000E-03    0.1125640869140625E-02
   12    0.1562500000000000E-03    0.1088714599609375E-02
   13    0.3437500000000000E-02    0.9272003173828125E-03
   14   -0.3007812500000000E-02    0.9101867675781250E-03
   15    0.1406250000000000E-02    0.1097793579101562E-02
   16    0.5058593750000000E-02    0.8591079711914063E-03
   17   -0.1542968750000000E-02    0.8214187622070313E-03
   18   -0.4277343750000000E-02    0.9273910522460938E-03
   19    0.2187500000000000E-02    0.8394622802734375E-03
   20   -0.2246093750000000E-02    0.8062362670898437E-03
   21    0.3906250000000000E-04    0.1121978759765625E-02
   22    0.1953125000000000E-04    0.1145896911621094E-02
   23   -0.5410156250000000E-02    0.9098434448242187E-03
   24   -0.1406250000000000E-02    0.1240005493164063E-02
   25    0.2011718750000000E-02    0.1119270324707031E-02
   26    0.5507812500000000E-02    0.1083831787109375E-02
   27    0.3144531250000000E-02    0.6886672973632813E-03
   28    0.4804687500000000E-02    0.9993743896484376E-03
   29    0.3535156250000000E-02    0.8345413208007813E-03
   30    0.9179687499999999E-03    0.9630966186523437E-03
   31    0.8593750000000000E-03    0.1020660400390625E-02
   32   -0.5468750000000001E-03    0.8248901367187500E-03
   33    0.3867187500000000E-02    0.1077117919921875E-02
   34   -0.9570312500000000E-03    0.8501052856445312E-03
   35   -0.3261718750000000E-02    0.7870864868164063E-03
   36    0.1621093750000000E-02    0.1047172546386719E-02
   37   -0.4902343750000000E-02    0.1274909973144531E-02
   38   -0.4433593750000000E-02    0.8683395385742187E-03
   39   -0.4687500000000000E-03    0.9782409667968750E-03
   40   -0.3515625000000000E-03    0.9603118896484375E-03
   41    0.4570312500000000E-02    0.9272003173828125E-03
   42    0.2753906250000000E-02    0.1000404357910156E-02
   43    0.2226562500000000E-02    0.8237457275390625E-03
   44    0.4296875000000000E-03    0.9353637695312500E-03
   45    0.2890625000000000E-02    0.9949493408203125E-03
   46    0.1699218750000000E-02    0.8562850952148437E-03
   47    0.1660156250000000E-02    0.1101646423339844E-02
   48   -0.7812500000000000E-03    0.8337402343750000E-03
   49    0.4785156250000000E-02    0.1097526550292969E-02
   50    0.5859375000000000E-04    0.8530807495117187E-03
   51    0.2167968750000000E-02    0.9852981567382813E-03
   52   -0.3593750000000000E-02    0.9859466552734374E-03
   53   -0.6738281250000000E-02    0.8613204956054687E-03
   54    0.2734375000000000E-03    0.1041412353515625E-02
   55   -0.5546875000000000E-02    0.1017456054687500E-02
   56   -0.9375000000000000E-03    0.8293914794921875E-03
   57    0.4121093750000000E-02    0.1214637756347656E-02
   58   -0.3515625000000000E-02    0.9339904785156250E-03
   59   -0.2792968750000000E-02    0.1094551086425781E-02
   60   -0.2597656250000000E-02    0.8544540405273438E-03
   61    0.8789062500000000E-03    0.7190322875976563E-03
   62   -0.1406250000000000E-02    0.1028976440429688E-02
   63   -0.2753906250000000E-02    0.9520339965820312E-03
   64   -0.5996093750000000E-02    0.9087753295898437E-03
   65    0.1445312500000000E-02    0.8811950683593750E-03
   66   -0.4687500000000000E-03    0.7875061035156250E-03
   67    0.9570312500000000E-03    0.1081809997558594E-02
   68    0.9570312500000000E-03    0.9122085571289062E-03
   69    0.3320312500000000E-03    0.1215324401855469E-02
   70    0.4003906250000000E-02    0.1059684753417969E-02
   71    0.1621093750000000E-02    0.1062278747558594E-02
   72    0.1503906250000000E-02    0.8419418334960938E-03
   73   -0.3046875000000000E-02    0.1139907836914062E-02
   74   -0.2929687500000000E-02    0.1062927246093750E-02
   75   -0.2929687500000000E-03    0.1045646667480469E-02
   76   -0.6093750000000000E-02    0.9120941162109375E-03
   77    0.3769531250000000E-02    0.6145095825195313E-03
   78   -0.1308593750000000E-02    0.9536361694335938E-03
   79   -0.1699218750000000E-02    0.1022758483886719E-02
   80   -0.3789062500000000E-02    0.9178924560546875E-03
   81    0.3945312500000000E-02    0.1027374267578125E-02
   82    0.5625000000000000E-02    0.9683990478515626E-03
   83    0.3007812500000000E-02    0.1002578735351562E-02
   84    0.1757812500000000E-03    0.8904647827148438E-03
   85   -0.1660156250000000E-02    0.1110191345214844E-02
   86    0.1035156250000000E-02    0.7946395874023438E-03
   87   -0.1855468750000000E-02    0.9547042846679688E-03
   88    0.9960937500000000E-03    0.9918594360351562E-03
   89   -0.1367187500000000E-02    0.1088638305664062E-02
   90    0.2734375000000000E-03    0.1085205078125000E-02
   91    0.7031250000000000E-03    0.8322906494140625E-03
   92   -0.1445312500000000E-02    0.1350784301757813E-02
   93   -0.2929687500000000E-03    0.1230659484863281E-02
   94    0.1855468750000000E-02    0.9047317504882812E-03
   95   -0.3984375000000000E-02    0.1018981933593750E-02
   96   -0.2558593750000000E-02    0.9016799926757813E-03
   97   -0.1093750000000000E-02    0.1325988769531250E-02
   98    0.3183593750000000E-02    0.1085319519042969E-02
   99   -0.3242187500000000E-02    0.8339691162109375E-03
  100    0.2031250000000000E-02    0.1112518310546875E-02
