# time =    0.4669
    0    0.1000000000000000E+01    0.1000000000000000E+01
    1    0.2153515625000000E+00    0.4726593017578125E-01
    2    0.4998046875000000E-01    0.3415336608886719E-02
    3    0.1306640625000000E-01    0.9231185913085938E-03
    4    0.4531250000000000E-02    0.1043243408203125E-02
    5   -0.3281250000000000E-02    0.1032867431640625E-02
    6   -0.3593750000000000E-02    0.9954833984374999E-03
    7   -0.1250000000000000E-02    0.9553527832031250E-03
    8   -0.5488281250000000E-02    0.1017494201660156E-02
    9    0.1738281250000000E-02    0.1226005554199219E-02
   10    0.1953125000000000E-02    0.1036682128906250E-02
   11   -0.1113281250000000E-02    0.1361503601074219E-02
   12    0.1816406250000000E-02    0.9387588500976563E-03
   13    0.1796875000000000E-02    0.1031723022460937E-02
   14   -0.1386718750000000E-02    0.9629440307617188E-03
   15    0.1230468750000000E-02    0.9960556030273438E-03
   16   -0.1523437500000000E-02    0.8127593994140625E-03
   17    0.1367187500000000E-03    0.1109733581542969E-02
   18   -0.3515625000000000E-02    0.1260452270507813E-02
   19    0.1640625000000000E-02    0.9612274169921875E-03
   20   -0.1933593750000000E-02    0.1015357971191406E-02
   21    0.1015625000000000E-02    0.9849548339843750E-03
   22   -0.1328125000000000E-02    0.9986114501953124E-03
   23   -0.3906250000000000E-04    0.1012191772460937E-02
   24    0.5839843750000000E-02    0.1185493469238281E-02
   25    0.3125000000000000E-02    0.1096267700195312E-02
   26    0.4082031250000000E-02    0.8493423461914063E-03
   27    0.2402343750000000E-02    0.7135391235351563E-03
   28    0.7617187500000000E-03    0.9198379516601562E-03
   29    0.5703125000000000E-02    0.9099578857421875E-03
   30    0.5468750000000000E-02    0.9410095214843750E-03
   31    0.3984375000000000E-02    0.9309387207031250E-03
   32    0.4804687500000000E-02    0.1148910522460938E-02
   33    0.3593750000000000E-02    0.1067581176757813E-02
   34   -0.4785156250000000E-02    0.1196861267089844E-02
   35   -0.1875000000000000E-02    0.9137725830078125E-03
   36   -0.3261718750000000E-02    0.8946609497070313E-03
   37   -0.3886718750000000E-02    0.9086990356445313E-03
   38   -0.8007812500000000E-03    0.1079902648925781E-02
   39    0.1250000000000000E-02    0.1073608398437500E-02
   40   -0.3710937500000000E-02    0.1046371459960938E-02
   41   -0.3300781250000000E-02    0.1136283874511719E-02
   42   -0.3828125000000000E-02    0.9248352050781250E-03
   43   -0.2519531250000000E-02    0.8411788940429687E-03
   44   -0.6132812500000000E-02    0.1086120605468750E-02
   45   -0.3515625000000000E-03    0.9523773193359375E-03
   46    0.2070312500000000E-02    0.1073989868164063E-02
   47   -0.1015625000000000E-02    0.1048507690429688E-02
   48    0.3378906250000000E-02    0.8829879760742187E-03
   49    0.1855468750000000E-02    0.9314346313476562E-03
   50   -0.3515625000000000E-03    0.1065826416015625E-02
   51    0.2734375000000000E-02    0.9783172607421874E-03
   52    0.3652343750000000E-02    0.1008110046386719E-02
   53   -0.5664062500000000E-03    0.9795761108398438E-03
   54   -0.1523437500000000E-02    0.8754730224609375E-03
   55    0.6425781250000000E-02    0.1103172302246094E-02
   56    0.3808593750000000E-02    0.1013679504394531E-02
   57    0.2949218750000000E-02    0.1091041564941406E-02
   58    0.1855468750000000E-02    0.9817123413085938E-03
   59   -0.2167968750000000E-02    0.9089279174804688E-03
   60   -0.4355468750000000E-02    0.1119270324707031E-02
   61    0.1250000000000000E-02    0.1055984497070312E-02
   62    0.3945312500000000E-02    0.1095962524414063E-02
   63   -0.2597656250000000E-02    0.1258125305175781E-02
   64   -0.1562500000000000E-02    0.9277343750000000E-03
   65   -0.8007812500000000E-03    0.1097145080566406E-02
   66    0.1562500000000000E-03    0.6253051757812500E-03
   67    0.6445312500000000E-03    0.1006355285644531E-02
   68   -0.3203125000000000E-02    0.9177398681640625E-03
   69    0.3320312500000000E-03    0.1141090393066406E-02
   70    0.1347656250000000E-02    0.8926010131835938E-03
   71   -0.4453125000000000E-02    0.1300811767578125E-02
   72    0.2968750000000000E-02    0.1154022216796875E-02
   73    0.2402343750000000E-02    0.9682083129882813E-03
   74   -0.2343750000000000E-02    0.8466339111328125E-03
   75   -0.1308593750000000E-02    0.8298110961914063E-03
   76   -0.2226562500000000E-02    0.1025390625000000E-02
   77    0.1875000000000000E-02    0.1016082763671875E-02
   78    0.1289062500000000E-02    0.1007385253906250E-02
   79   -0.3476562500000000E-02    0.8656311035156250E-03
   80    0.7031250000000000E-03    0.1152191162109375E-02
   81    0.5664062500000000E-03    0.7660293579101563E-03
   82    0.4023437500000000E-02    0.7573699951171875E-03
   83    0.3515625000000000E-02    0.1066894531250000E-02
   84   -0.5039062500000000E-02    0.8173370361328125E-03
   85   -0.1660156250000000E-02    0.8471298217773437E-03
   86   -0.2011718750000000E-02    0.1013374328613281E-02
   87   -0.1914062500000000E-02    0.6510162353515625E-03
   88    0.2480468750000000E-02    0.1086311340332031E-02
   89   -0.3105468750000000E-02    0.1048774719238281E-02
   90    0.1562500000000000E-03    0.7701110839843750E-03
   91    0.9375000000000000E-03    0.9028625488281250E-03
   92   -0.1210937500000000E-02    0.9076690673828125E-03
   93   -0.8007812500000000E-03    0.9023666381835938E-03
   94    0.7812500000000000E-04    0.6730651855468750E-03
   95    0.5722656250000000E-02    0.1046485900878906E-02
   96    0.9609375000000000E-02    0.1089019775390625E-02
   97    0.2617187500000000E-02    0.9445953369140625E-03
   98    0.3281250000000000E-02    0.9890747070312499E-03
   99   -0.1503906250000000E-02    0.9550094604492187E-03
  100   -0.2890625000000000E-02    0.9976196289062499E-03
