# time =    0.4531
    0    0.1000000000000000E+01    0.1000000000000000E+01
    1    0.3032421875000000E+00    0.9282455444335938E-01
    2    0.1285351562500000E+00    0.1747432708740234E-01
    3    0.6841796875000000E-01    0.5375099182128906E-02
    4    0.3974609375000000E-01    0.2487144470214844E-02
    5    0.2541015625000000E-01    0.1546592712402344E-02
    6    0.1884765625000000E-01    0.1329841613769531E-02
    7    0.1353515625000000E-01    0.1077384948730469E-02
    8    0.1330078125000000E-01    0.1365699768066406E-02
    9    0.1107421875000000E-01    0.9557723999023438E-03
   10    0.7636718750000000E-02    0.1057395935058594E-02
   11    0.1777343750000000E-02    0.7931900024414063E-03
   12    0.3945312500000000E-02    0.9223175048828125E-03
   13    0.3007812500000000E-02    0.9854888916015624E-03
   14    0.1679687500000000E-02    0.8619689941406250E-03
   15   -0.1035156250000000E-02    0.9727859497070312E-03
   16   -0.5136718750000000E-02    0.1056327819824219E-02
   17    0.3906250000000000E-04    0.9436035156250001E-03
   18    0.2734375000000000E-02    0.7826232910156250E-03
   19    0.3964843750000000E-02    0.8205032348632813E-03
   20    0.1894531250000000E-02    0.7815170288085938E-03
   21    0.4746093750000000E-02    0.1051216125488281E-02
   22    0.4023437500000000E-02    0.1031646728515625E-02
   23    0.6972656250000000E-02    0.9197616577148438E-03
   24    0.1679687500000000E-02    0.9747314453125000E-03
   25   -0.6835937500000000E-03    0.1037254333496094E-02
   26   -0.3691406250000000E-02    0.1222953796386719E-02
   27    0.1152343750000000E-02    0.9865188598632813E-03
   28   -0.2695312500000000E-02    0.8620452880859375E-03
   29    0.3105468750000000E-02    0.8763504028320312E-03
   30   -0.7226562500000000E-03    0.8536911010742187E-03
   31   -0.4628906250000000E-02    0.1105918884277344E-02
   32   -0.5859375000000000E-02    0.1151580810546875E-02
   33   -0.4414062500000000E-02    0.1099624633789062E-02
   34   -0.3339843750000000E-02    0.8913040161132813E-03
   35    0.2871093750000000E-02    0.1127281188964844E-02
   36    0.1757812500000000E-02    0.9892272949218750E-03
   37    0.1054687500000000E-02    0.1092987060546875E-02
   38    0.6132812500000000E-02    0.8702087402343750E-03
   39    0.1250000000000000E-02    0.1070251464843750E-02
   40    0.1562500000000000E-02    0.9958648681640625E-03
   41    0.4687500000000000E-03    0.7834625244140625E-03
   42    0.2148437500000000E-02    0.1013946533203125E-02
   43    0.5761718750000000E-02    0.7030105590820312E-03
   44    0.1562500000000000E-02    0.7566833496093751E-03
   45    0.2070312500000000E-02    0.8882141113281250E-03
   46   -0.6445312500000000E-03    0.9257125854492187E-03
   47    0.5761718750000000E-02    0.8376693725585938E-03
   48    0.4023437500000000E-02    0.1135101318359375E-02
   49    0.4160156250000000E-02    0.1070442199707031E-02
   50    0.4941406250000000E-02    0.1025047302246094E-02
   51    0.5156250000000000E-02    0.1083755493164063E-02
   52    0.4882812500000000E-03    0.9036636352539062E-03
   53    0.1523437500000000E-02    0.9016418457031251E-03
   54    0.1171875000000000E-02    0.1260375976562500E-02
   55    0.2148437500000000E-02    0.9201049804687500E-03
   56   -0.3320312500000000E-03    0.1089134216308594E-02
   57   -0.1367187500000000E-02    0.1081085205078125E-02
   58    0.2929687500000000E-03    0.1074409484863281E-02
   59    0.1835937500000000E-02    0.1018447875976563E-02
   60    0.3378906250000000E-02    0.1149559020996094E-02
   61    0.6210937500000000E-02    0.1165618896484375E-02
   62    0.1796875000000000E-02    0.9799194335937500E-03
   63   -0.1015625000000000E-02    0.9394836425781250E-03
   64   -0.3320312500000000E-02    0.8529663085937500E-03
   65   -0.1855468750000000E-02    0.1081123352050781E-02
   66   -0.1464843750000000E-02    0.1070137023925781E-02
   67    0.3652343750000000E-02    0.9646224975585938E-03
   68    0.6464843750000000E-02    0.1028022766113281E-02
   69   -0.2148437500000000E-03    0.7441329956054687E-03
   70   -0.6054687500000000E-03    0.7942581176757813E-03
   71    0.2890625000000000E-02    0.9036254882812500E-03
   72    0.2734375000000000E-02    0.9505462646484375E-03
   73    0.2871093750000000E-02    0.8221817016601563E-03
   74    0.6933593750000000E-02    0.1037483215332031E-02
   75    0.6601562500000000E-02    0.1021957397460937E-02
   76   -0.9570312500000000E-03    0.8869552612304687E-03
   77    0.3710937500000000E-02    0.9391021728515625E-03
   78   -0.4355468750000000E-02    0.1151466369628906E-02
   79   -0.2343750000000000E-03    0.8776855468750000E-03
   80    0.1230468750000000E-02    0.7200241088867188E-03
   81   -0.3105468750000000E-02    0.9534072875976563E-03
   82   -0.6074218750000000E-02    0.1059074401855469E-02
   83   -0.3222656250000000E-02    0.1042289733886719E-02
   84   -0.8398437500000000E-03    0.7615280151367187E-03
   85   -0.2539062500000000E-03    0.7246017456054687E-03
   86   -0.3046875000000000E-02    0.8560180664062500E-03
   87    0.9570312500000000E-03    0.9074783325195312E-03
   88    0.3515625000000000E-03    0.9819793701171876E-03
   89   -0.1230468750000000E-02    0.8478927612304688E-03
   90   -0.6835937500000000E-03    0.9633255004882813E-03
   91   -0.7812500000000000E-03    0.7848358154296875E-03
   92   -0.1328125000000000E-02    0.1081085205078125E-02
   93    0.2734375000000000E-03    0.9666442871093750E-03
   94    0.2714843750000000E-02    0.1022071838378906E-02
   95    0.8203125000000000E-03    0.9780883789062499E-03
   96   -0.1855468750000000E-02    0.1089363098144531E-02
   97    0.2539062500000000E-03    0.1027183532714844E-02
   98   -0.1464843750000000E-02    0.1274375915527344E-02
   99    0.3125000000000000E-03    0.1054611206054687E-02
  100    0.3105468750000000E-02    0.1231498718261719E-02
