# time =    0.4619
    0    0.1000000000000000E+01    0.1000000000000000E+01
    1    0.1819140625000000E+00    0.3418952941894531E-01
    2    0.3615234375000000E-01    0.2327919006347656E-02
    3    0.3945312500000000E-02    0.1051406860351563E-02
    4   -0.1582031250000000E-02    0.1104393005371094E-02
    5   -0.1777343750000000E-02    0.8229446411132812E-03
    6   -0.5644531250000000E-02    0.1061439514160156E-02
    7    0.2148437500000000E-02    0.9422302246093750E-03
    8   -0.1230468750000000E-02    0.1017494201660156E-02
    9    0.2441406250000000E-02    0.8673477172851563E-03
   10   -0.2109375000000000E-02    0.9243774414062500E-03
   11   -0.6328125000000000E-02    0.8361816406250000E-03
   12   -0.1621093750000000E-02    0.9717178344726562E-03
   13   -0.6484375000000000E-02    0.9937286376953125E-03
   14    0.4746093750000000E-02    0.8550643920898438E-03
   15    0.7402343750000000E-02    0.8912277221679687E-03
   16    0.1367187500000000E-03    0.1078681945800781E-02
   17    0.3105468750000000E-02    0.9753799438476562E-03
   18    0.2558593750000000E-02    0.1028099060058594E-02
   19    0.1640625000000000E-02    0.8634948730468751E-03
   20    0.3261718750000000E-02    0.1148262023925781E-02
   21    0.5214843750000000E-02    0.9907150268554687E-03
   22    0.4042968750000000E-02    0.1053733825683594E-02
   23   -0.2128906250000000E-02    0.8739852905273438E-03
   24   -0.1699218750000000E-02    0.9578323364257813E-03
   25   -0.5468750000000000E-02    0.8777618408203125E-03
   26   -0.1269531250000000E-02    0.9769821166992188E-03
   27   -0.1894531250000000E-02    0.7750320434570312E-03
   28   -0.3261718750000000E-02    0.1090049743652344E-02
   29    0.6992187500000000E-02    0.1228256225585938E-02
   30    0.6074218750000000E-02    0.1013908386230469E-02
   31    0.2890625000000000E-02    0.9751892089843749E-03
   32    0.2011718750000000E-02    0.8938980102539063E-03
   33   -0.2402343750000000E-02    0.9825515747070312E-03
   34    0.3730468750000000E-02    0.9539413452148437E-03
   35    0.4960937500000000E-02    0.8317565917968750E-03
   36   -0.2636718750000000E-02    0.8363723754882812E-03
   37    0.7753906250000000E-02    0.9017562866210937E-03
   38   -0.7812500000000000E-03    0.9694671630859374E-03
   39   -0.9765625000000001E-04    0.9920883178710937E-03
   40    0.1484375000000000E-02    0.9949493408203125E-03
   41   -0.6015625000000000E-02    0.9339141845703125E-03
   42   -0.2382812500000000E-02    0.1071548461914062E-02
   43    0.5058593750000000E-02    0.1036033630371094E-02
   44   -0.1562500000000000E-03    0.7127380371093750E-03
   45    0.2675781250000000E-02    0.9969711303710938E-03
   46   -0.2343750000000000E-03    0.9073638916015626E-03
   47    0.1953125000000000E-03    0.8176422119140625E-03
   48    0.1132812500000000E-02    0.1191482543945312E-02
   49    0.9765625000000001E-04    0.8804702758789063E-03
   50    0.3906250000000000E-03    0.1139907836914062E-02
   51   -0.3144531250000000E-02    0.8227920532226562E-03
   52   -0.3027343750000000E-02    0.9535598754882812E-03
   53   -0.2031250000000000E-02    0.9307098388671875E-03
   54   -0.1367187500000000E-02    0.1004104614257813E-02
   55   -0.7421875000000000E-03    0.9817504882812501E-03
   56   -0.5273437500000000E-03    0.1033821105957031E-02
   57   -0.1718750000000000E-02    0.9432220458984375E-03
   58   -0.9960937500000000E-03    0.1014595031738281E-02
   59   -0.1835937500000000E-02    0.8635711669921875E-03
   60   -0.3359375000000000E-02    0.9206390380859375E-03
   61    0.1328125000000000E-02    0.1098022460937500E-02
   62   -0.5273437500000000E-02    0.8535003662109375E-03
   63    0.2578125000000000E-02    0.1031036376953125E-02
   64    0.5507812500000000E-02    0.1163330078125000E-02
   65    0.1367187500000000E-02    0.9729766845703125E-03
   66    0.1367187500000000E-03    0.8911514282226563E-03
   67   -0.2031250000000000E-02    0.7368469238281250E-03
   68   -0.3828125000000000E-02    0.8296203613281250E-03
   69   -0.7812500000000000E-03    0.9493255615234376E-03
   70   -0.3085937500000000E-02    0.1191253662109375E-02
   71   -0.8007812500000000E-03    0.1214637756347656E-02
   72    0.6445312500000000E-03    0.1020393371582031E-02
   73    0.3164062500000000E-02    0.8195495605468750E-03
   74   -0.6367187500000000E-02    0.9565734863281250E-03
   75    0.4511718750000000E-02    0.9807968139648438E-03
   76   -0.3125000000000000E-02    0.1120605468750000E-02
   77   -0.2753906250000000E-02    0.9026718139648437E-03
   78    0.4101562500000000E-03    0.9290695190429688E-03
   79   -0.5546875000000000E-02    0.1053390502929687E-02
   80    0.2539062500000000E-03    0.1114006042480469E-02
   81   -0.9765625000000001E-04    0.1049156188964844E-02
   82    0.5312500000000000E-02    0.1053390502929687E-02
   83    0.9179687499999999E-03    0.8391952514648438E-03
   84    0.3710937500000000E-02    0.1003723144531250E-02
   85    0.5234375000000000E-02    0.1005706787109375E-02
   86   -0.1582031250000000E-02    0.8594894409179688E-03
   87    0.1054687500000000E-02    0.1065826416015625E-02
   88    0.3144531250000000E-02    0.1134681701660156E-02
   89    0.3867187500000000E-02    0.9057617187500000E-03
   90   -0.9570312500000000E-03    0.9471511840820312E-03
   91   -0.6640625000000000E-02    0.9179687499999999E-03
   92   -0.3613281250000000E-02    0.1030082702636719E-02
   93   -0.1054687500000000E-02    0.8354949951171875E-03
   94   -0.4257812500000000E-02    0.9030151367187500E-03
   95   -0.5097656250000000E-02    0.9859848022460939E-03
   96   -0.1582031250000000E-02    0.9501266479492187E-03
   97   -0.1660156250000000E-02    0.8967208862304687E-03
   98   -0.9687500000000000E-02    0.8458709716796875E-03
   99   -0.3652343750000000E-02    0.8755874633789063E-03
  100    0.3906250000000000E-03    0.9702301025390625E-03
