# time =    0.4612
    0    0.1000000000000000E+01    0.1000000000000000E+01
    1    0.1938867187500000E+00    0.3834239959716797E-01
    2    0.3710937500000000E-01    0.2220535278320313E-02
    3    0.1103515625000000E-01    0.1265449523925781E-02
    4    0.2656250000000000E-02    0.7333374023437500E-03
    5    0.1113281250000000E-02    0.1115455627441406E-02
    6   -0.1757812500000000E-02    0.1286544799804687E-02
    7   -0.1132812500000000E-02    0.8612823486328125E-03
    8   -0.1367187500000000E-03    0.1032524108886719E-02
    9    0.4882812500000000E-02    0.9460449218750000E-03
   10    0.1699218750000000E-02    0.9918594360351562E-03
   11    0.5468750000000001E-03    0.9127807617187500E-03
   12   -0.3339843750000000E-02    0.9726333618164062E-03
   13    0.1601562500000000E-02    0.9169006347656251E-03
   14   -0.1542968750000000E-02    0.8520889282226563E-03
   15    0.3144531250000000E-02    0.1256370544433594E-02
   16    0.4882812500000000E-03    0.1233558654785156E-02
   17    0.1562500000000000E-03    0.9700012207031250E-03
   18   -0.3906250000000000E-03    0.1083526611328125E-02
   19   -0.1308593750000000E-02    0.8311080932617188E-03
   20   -0.6406250000000000E-02    0.7425689697265625E-03
   21   -0.7675781250000000E-02    0.9354782104492187E-03
   22   -0.2070312500000000E-02    0.9894561767578125E-03
   23    0.6250000000000000E-03    0.9204864501953125E-03
   24   -0.1054687500000000E-02    0.1213455200195313E-02
   25    0.8613281250000000E-02    0.1112785339355469E-02
   26   -0.1699218750000000E-02    0.9786605834960938E-03
   27   -0.6445312500000000E-03    0.6311416625976562E-03
   28   -0.4941406250000000E-02    0.9334945678710938E-03
   29   -0.1972656250000000E-02    0.9320449829101563E-03
   30    0.1054687500000000E-02    0.1099395751953125E-02
   31    0.5976562500000000E-02    0.7545471191406250E-03
   32    0.5351562500000000E-02    0.9842681884765624E-03
   33    0.5312500000000000E-02    0.9529876708984375E-03
   34   -0.1816406250000000E-02    0.7523727416992187E-03
   35    0.6816406250000000E-02    0.1133995056152344E-02
   36    0.3808593750000000E-02    0.8790969848632812E-03
   37    0.4843750000000000E-02    0.9666442871093750E-03
   38    0.6601562500000000E-02    0.9704589843750000E-03
   39    0.2441406250000000E-02    0.8398056030273438E-03
   40    0.2539062500000000E-03    0.8733749389648437E-03
   41    0.3359375000000000E-02    0.8300018310546875E-03
   42    0.1328125000000000E-02    0.1203918457031250E-02
   43   -0.6250000000000000E-03    0.1018905639648438E-02
   44   -0.1289062500000000E-02    0.9781646728515626E-03
   45   -0.3398437500000000E-02    0.9318542480468750E-03
   46   -0.1894531250000000E-02    0.1190147399902344E-02
   47   -0.2382812500000000E-02    0.8774566650390625E-03
   48    0.1210937500000000E-02    0.9718322753906250E-03
   49   -0.2304687500000000E-02    0.1231155395507813E-02
   50    0.6445312500000000E-03    0.8444595336914063E-03
   51    0.3593750000000000E-02    0.9445190429687500E-03
   52    0.1015625000000000E-02    0.1016082763671875E-02
   53    0.2773437500000000E-02    0.8953094482421875E-03
   54   -0.5605468750000000E-02    0.7302474975585938E-03
   55   -0.7421875000000000E-03    0.9496307373046875E-03
   56    0.5273437500000000E-03    0.7208633422851562E-03
   57   -0.2460937500000000E-02    0.1042404174804687E-02
   58   -0.6347656250000000E-02    0.9868240356445312E-03
   59   -0.2324218750000000E-02    0.1218299865722656E-02
   60   -0.3320312500000000E-03    0.1188850402832031E-02
   61   -0.4882812500000000E-03    0.9435653686523437E-03
   62    0.1406250000000000E-02    0.9225463867187500E-03
   63    0.2792968750000000E-02    0.1026191711425781E-02
   64    0.2929687500000000E-03    0.1156501770019531E-02
   65    0.2539062500000000E-03    0.1001396179199219E-02
   66    0.1308593750000000E-02    0.8295822143554687E-03
   67   -0.3457031250000000E-02    0.8129501342773438E-03
   68   -0.1113281250000000E-02    0.1047248840332031E-02
   69    0.1640625000000000E-02    0.9467315673828125E-03
   70   -0.1582031250000000E-02    0.9751510620117187E-03
   71    0.1113281250000000E-02    0.1085090637207031E-02
   72    0.8593750000000000E-03    0.1024856567382813E-02
   73    0.3281250000000000E-02    0.7881927490234375E-03
   74    0.1191406250000000E-02    0.8489608764648438E-03
   75    0.2617187500000000E-02    0.1057815551757813E-02
   76    0.6796875000000000E-02    0.8845520019531250E-03
   77   -0.1406250000000000E-02    0.1072311401367188E-02
   78   -0.1621093750000000E-02    0.8942794799804688E-03
   79   -0.2968750000000000E-02    0.8528137207031250E-03
   80   -0.6152343750000000E-02    0.8692550659179688E-03
   81    0.1328125000000000E-02    0.1069107055664062E-02
   82    0.9765625000000001E-04    0.8271408081054688E-03
   83   -0.5292968750000000E-02    0.8398056030273438E-03
   84    0.2617187500000000E-02    0.7789611816406250E-03
   85    0.1875000000000000E-02    0.8069610595703125E-03
   86    0.1015625000000000E-02    0.9049987792968750E-03
   87    0.2324218750000000E-02    0.8458328247070312E-03
   88   -0.2675781250000000E-02    0.1060066223144531E-02
   89   -0.3593750000000000E-02    0.1113815307617188E-02
   90   -0.2910156250000000E-02    0.7919692993164063E-03
   91    0.1171875000000000E-02    0.1099090576171875E-02
   92   -0.1953125000000000E-03    0.1055221557617188E-02
   93    0.3984375000000000E-02    0.8639526367187500E-03
   94   -0.3886718750000000E-02    0.7797622680664062E-03
   95   -0.5429687500000000E-02    0.1216506958007812E-02
   96    0.2265625000000000E-02    0.7479858398437500E-03
   97    0.4042968750000000E-02    0.9405136108398438E-03
   98    0.1953125000000000E-04    0.1055488586425781E-02
   99   -0.5468750000000001E-03    0.9101867675781250E-03
  100   -0.4726562500000000E-02    0.1047286987304688E-02
