# time =    0.4264
    0    0.1000000000000000E+01    0.1000000000000000E+01
    1    0.3643359375000000E+00    0.1332897949218750E+00
    2    0.1839453125000000E+00    0.3488418579101563E-01
    3    0.1098632812500000E+00    0.1293117523193359E-01
    4    0.8273437500000000E-01    0.7728271484375000E-02
    5    0.6359375000000000E-01    0.5097961425781250E-02
    6    0.5408203125000000E-01    0.3883247375488281E-02
    7    0.4751953125000000E-01    0.3181114196777344E-02
    8    0.4070312500000000E-01    0.2790222167968750E-02
    9    0.4021484375000000E-01    0.2719306945800781E-02
   10    0.3443359375000000E-01    0.2216072082519531E-02
   11    0.2828125000000000E-01    0.1754837036132812E-02
   12    0.2726562500000000E-01    0.1768417358398437E-02
   13    0.2470703125000000E-01    0.1433906555175781E-02
   14    0.1945312500000000E-01    0.1172103881835937E-02
   15    0.2281250000000000E-01    0.1314086914062500E-02
   16    0.2011718750000000E-01    0.1134796142578125E-02
   17    0.1509765625000000E-01    0.1266365051269531E-02
   18    0.1601562500000000E-01    0.1244125366210937E-02
   19    0.1861328125000000E-01    0.1299247741699219E-02
   20    0.1818359375000000E-01    0.1279411315917969E-02
   21    0.1451171875000000E-01    0.1070137023925781E-02
   22    0.1005859375000000E-01    0.9674453735351563E-03
   23    0.1046875000000000E-01    0.8705902099609375E-03
   24    0.9433593750000000E-02    0.1105003356933594E-02
   25    0.1460937500000000E-01    0.1160736083984375E-02
   26    0.1492187500000000E-01    0.1197891235351562E-02
   27    0.8925781250000001E-02    0.1046257019042969E-02
   28    0.1158203125000000E-01    0.9341812133789062E-03
   29    0.1115234375000000E-01    0.1136894226074219E-02
   30    0.8710937500000000E-02    0.1045455932617188E-02
   31    0.7421875000000000E-02    0.1115570068359375E-02
   32    0.1050781250000000E-01    0.1063766479492188E-02
   33    0.1021484375000000E-01    0.9122848510742188E-03
   34    0.1123046875000000E-01    0.1156578063964844E-02
   35    0.7167968750000000E-02    0.8784866333007812E-03
   36    0.9648437500000001E-02    0.9779357910156251E-03
   37    0.6171875000000000E-02    0.1040954589843750E-02
   38    0.7968750000000000E-02    0.1136016845703125E-02
   39    0.4824218750000000E-02    0.1136360168457031E-02
   40    0.1000000000000000E-01    0.9532165527343750E-03
   41    0.9550781249999999E-02    0.1255455017089844E-02
   42    0.8574218749999999E-02    0.1266593933105469E-02
   43    0.5566406250000000E-02    0.1095008850097656E-02
   44    0.6328125000000000E-02    0.1143951416015625E-02
   45    0.6777343750000000E-02    0.8079147338867187E-03
   46    0.9648437500000001E-02    0.8867645263671875E-03
   47    0.7597656250000000E-02    0.9428787231445312E-03
   48    0.9082031250000001E-02    0.1062202453613281E-02
   49    0.9453125000000000E-02    0.1330490112304687E-02
   50    0.9843750000000000E-02    0.9926605224609376E-03
   51    0.7714843750000000E-02    0.9379196166992188E-03
   52    0.6113281250000000E-02    0.9400558471679688E-03
   53    0.1894531250000000E-02    0.9493637084960938E-03
   54    0.4082031250000000E-02    0.7455825805664062E-03
   55    0.3417968750000000E-02    0.1048774719238281E-02
   56    0.5156250000000000E-02    0.9803771972656250E-03
   57    0.4824218750000000E-02    0.9563827514648438E-03
   58    0.4628906250000000E-02    0.6626510620117188E-03
   59    0.1425781250000000E-02    0.6163406372070312E-03
   60    0.7871093750000000E-02    0.7775497436523438E-03
   61    0.4257812500000000E-02    0.8780670166015625E-03
   62    0.1835937500000000E-02    0.1020050048828125E-02
   63    0.8085937499999999E-02    0.1304321289062500E-02
   64    0.8183593750000001E-02    0.1173591613769531E-02
   65    0.8652343749999999E-02    0.1067085266113281E-02
   66    0.8105468750000001E-02    0.9502792358398438E-03
   67    0.6113281250000000E-02    0.1009941101074219E-02
   68    0.7890625000000000E-02    0.1176223754882812E-02
   69    0.7792968750000000E-02    0.1062049865722656E-02
   70    0.4667968750000000E-02    0.8385848999023438E-03
   71    0.5312500000000000E-02    0.8831024169921875E-03
   72    0.3242187500000000E-02    0.9275817871093750E-03
   73    0.2128906250000000E-02    0.8774948120117188E-03
   74    0.1406250000000000E-02    0.6066894531250000E-03
   75    0.4589843750000000E-02    0.9014511108398438E-03
   76    0.5468750000000001E-03    0.9378051757812500E-03
   77    0.2949218750000000E-02    0.8558273315429687E-03
   78    0.3066406250000000E-02    0.8978652954101563E-03
   79    0.3320312500000000E-02    0.8378601074218749E-03
   80    0.2343750000000000E-02    0.6687164306640625E-03
   81    0.5410156250000000E-02    0.9286880493164062E-03
   82    0.5214843750000000E-02    0.9229660034179687E-03
   83    0.1953125000000000E-02    0.9375000000000000E-03
   84    0.1816406250000000E-02    0.8391189575195312E-03
   85   -0.3144531250000000E-02    0.1064643859863281E-02
   86   -0.2890625000000000E-02    0.8345794677734375E-03
   87   -0.7812500000000000E-03    0.9846496582031250E-03
   88    0.4101562500000000E-03    0.1291236877441406E-02
   89    0.9765625000000001E-04    0.1125526428222656E-02
   90   -0.6835937500000000E-03    0.1173439025878906E-02
   91   -0.4414062500000000E-02    0.1159973144531250E-02
   92   -0.4980468750000000E-02    0.1251869201660156E-02
   93    0.1699218750000000E-02    0.9501266479492187E-03
   94   -0.1250000000000000E-02    0.9004974365234375E-03
   95   -0.3320312500000000E-03    0.1021156311035156E-02
   96    0.2656250000000000E-02    0.1062698364257812E-02
   97    0.2207031250000000E-02    0.1029396057128906E-02
   98    0.5273437500000000E-03    0.8525466918945313E-03
   99   -0.1386718750000000E-02    0.8903121948242187E-03
  100   -0.3203125000000000E-02    0.8878326416015625E-03
