# time =    0.4667
    0    0.1000000000000000E+01    0.1000000000000000E+01
    1    0.2080859375000000E+00    0.4408485412597656E-01
    2    0.4656250000000000E-01    0.3245773315429688E-02
    3    0.1431640625000000E-01    0.1055564880371094E-02
    4    0.1738281250000000E-02    0.7798385620117188E-03
    5   -0.1210937500000000E-02    0.1015014648437500E-02
    6   -0.2050781250000000E-02    0.1022453308105469E-02
    7    0.5390625000000000E-02    0.1285629272460937E-02
    8    0.2636718750000000E-02    0.1076011657714844E-02
    9    0.7265625000000000E-02    0.1064376831054687E-02
   10    0.5156250000000000E-02    0.8946228027343750E-03
   11    0.5019531250000000E-02    0.1019477844238281E-02
   12   -0.3886718750000000E-02    0.1204719543457031E-02
   13   -0.1835937500000000E-02    0.1163101196289062E-02
   14    0.2382812500000000E-02    0.8378601074218749E-03
   15   -0.3671875000000000E-02    0.9175872802734375E-03
   16    0.4804687500000000E-02    0.7960510253906250E-03
   17   -0.4882812500000000E-03    0.9654617309570313E-03
   18   -0.2753906250000000E-02    0.8533859252929688E-03
   19    0.6250000000000000E-03    0.8047485351562500E-03
   20    0.1894531250000000E-02    0.9199905395507812E-03
   21   -0.1835937500000000E-02    0.1130294799804688E-02
   22    0.3808593750000000E-02    0.8758163452148438E-03
   23   -0.4687500000000000E-03    0.9869384765625001E-03
   24   -0.1210937500000000E-02    0.1120681762695312E-02
   25   -0.4863281250000000E-02    0.1060600280761719E-02
   26   -0.5117187500000000E-02    0.9665679931640625E-03
   27   -0.4687500000000000E-03    0.1042480468750000E-02
   28   -0.1503906250000000E-02    0.9891891479492188E-03
   29    0.8847656250000000E-02    0.1116294860839844E-02
   30   -0.1953125000000000E-03    0.8195495605468750E-03
   31    0.2363281250000000E-02    0.9354782104492187E-03
   32    0.4550781250000000E-02    0.9679031372070312E-03
   33   -0.2324218750000000E-02    0.8128738403320313E-03
   34    0.2734375000000000E-02    0.9904479980468749E-03
   35   -0.1484375000000000E-02    0.1076354980468750E-02
   36    0.1289062500000000E-02    0.9297943115234375E-03
   37    0.7031250000000000E-03    0.8003234863281250E-03
   38   -0.2617187500000000E-02    0.9073638916015626E-03
   39    0.7031250000000000E-03    0.1163024902343750E-02
   40   -0.1875000000000000E-02    0.7814025878906250E-03
   41    0.5664062500000000E-03    0.8422470092773437E-03
   42    0.2988281250000000E-02    0.1027717590332031E-02
   43   -0.1210937500000000E-02    0.9601593017578125E-03
   44   -0.9375000000000000E-03    0.1149444580078125E-02
   45   -0.1035156250000000E-02    0.1048316955566406E-02
   46   -0.2851562500000000E-02    0.9419250488281250E-03
   47    0.2324218750000000E-02    0.9784317016601563E-03
   48    0.1953125000000000E-02    0.8682250976562500E-03
   49    0.6425781250000000E-02    0.8494186401367187E-03
   50   -0.7812500000000000E-04    0.1108856201171875E-02
   51   -0.1757812500000000E-03    0.7219314575195312E-03
   52    0.2656250000000000E-02    0.9421539306640625E-03
   53    0.6367187500000000E-02    0.1055068969726562E-02
   54    0.3085937500000000E-02    0.9963989257812500E-03
   55    0.2285156250000000E-02    0.6689071655273437E-03
   56    0.4492187500000000E-03    0.9643173217773437E-03
   57   -0.2382812500000000E-02    0.9816741943359374E-03
   58   -0.5117187500000000E-02    0.8218383789062500E-03
   59   -0.1523437500000000E-02    0.8272552490234376E-03
   60   -0.1289062500000000E-02    0.1127777099609375E-02
   61   -0.5039062500000000E-02    0.1133956909179687E-02
   62    0.2753906250000000E-02    0.1055488586425781E-02
   63    0.5527343750000000E-02    0.1252250671386719E-02
   64    0.6250000000000000E-03    0.1145858764648437E-02
   65    0.1308593750000000E-02    0.9508895874023438E-03
   66   -0.1699218750000000E-02    0.1025047302246094E-02
   67   -0.3574218750000000E-02    0.9420394897460937E-03
   68    0.2460937500000000E-02    0.8554840087890625E-03
   69    0.2304687500000000E-02    0.9529113769531250E-03
   70    0.4335937500000000E-02    0.9270477294921875E-03
   71    0.2753906250000000E-02    0.9523391723632813E-03
   72   -0.1015625000000000E-02    0.9323120117187500E-03
   73   -0.2949218750000000E-02    0.1138648986816406E-02
   74   -0.5820312500000000E-02    0.9524536132812500E-03
   75   -0.4882812500000000E-03    0.9956741333007812E-03
   76    0.1933593750000000E-02    0.1031074523925781E-02
   77   -0.5136718750000000E-02    0.1063804626464844E-02
   78   -0.2929687500000000E-02    0.1099853515625000E-02
   79    0.1757812500000000E-02    0.1103286743164063E-02
   80    0.3613281250000000E-02    0.9617996215820312E-03
   81   -0.7421875000000000E-03    0.8500671386718750E-03
   82   -0.2109375000000000E-02    0.1194458007812500E-02
   83   -0.1132812500000000E-02    0.1026687622070312E-02
   84    0.8984375000000000E-03    0.9416198730468750E-03
   85    0.4804687500000000E-02    0.1411819458007813E-02
   86    0.1621093750000000E-02    0.8565902709960938E-03
   87   -0.3730468750000000E-02    0.8958053588867188E-03
   88   -0.4101562500000000E-03    0.9788131713867187E-03
   89    0.4199218750000000E-02    0.9505081176757812E-03
   90    0.3007812500000000E-02    0.1076126098632813E-02
   91    0.1503906250000000E-02    0.9106826782226562E-03
   92    0.5078125000000000E-03    0.8280181884765625E-03
   93    0.2832031250000000E-02    0.9011459350585937E-03
   94   -0.3320312500000000E-03    0.1106147766113281E-02
   95   -0.4003906250000000E-02    0.9508132934570312E-03
   96   -0.1171875000000000E-02    0.1569747924804688E-02
   97   -0.3945312500000000E-02    0.1248855590820312E-02
   98   -0.1621093750000000E-02    0.9954452514648437E-03
   99   -0.4296875000000000E-03    0.7137298583984375E-03
  100    0.1367187500000000E-02    0.8196258544921876E-03
