# time =    0.4161
    0    0.1000000000000000E+01    0.1000000000000000E+01
    1    0.3716015625000000E+00    0.1387612915039063E+00
    2    0.2140820312500000E+00    0.4656955718994141E-01
    3    0.1528125000000000E+00    0.2428909301757812E-01
    4    0.1237304687500000E+00    0.1618976593017578E-01
    5    0.1049804687500000E+00    0.1191226959228516E-01
    6    0.9314453125000000E-01    0.9537620544433594E-02
    7    0.8585937500000000E-01    0.8206710815429688E-02
    8    0.7654296875000000E-01    0.6618309020996094E-02
    9    0.7656250000000001E-01    0.6767272949218750E-02
   10    0.7488281250000001E-01    0.6490402221679688E-02
   11    0.6978515624999999E-01    0.5858345031738281E-02
   12    0.6550781250000000E-01    0.5196838378906250E-02
   13    0.6439453125000000E-01    0.5018882751464844E-02
   14    0.5933593750000000E-01    0.4387359619140625E-02
   15    0.5789062500000000E-01    0.4286422729492188E-02
   16    0.5287109375000000E-01    0.3570289611816406E-02
   17    0.4994140625000000E-01    0.3465003967285156E-02
   18    0.4964843750000000E-01    0.3478775024414063E-02
   19    0.4843750000000000E-01    0.3147354125976562E-02
   20    0.4640625000000000E-01    0.2908477783203125E-02
   21    0.4783203125000000E-01    0.2918205261230469E-02
   22    0.4783203125000000E-01    0.3158531188964844E-02
   23    0.4285156250000000E-01    0.2580642700195312E-02
   24    0.4429687500000000E-01    0.2719192504882813E-02
   25    0.4675781250000000E-01    0.3047409057617188E-02
   26    0.4658203125000000E-01    0.2999610900878906E-02
   27    0.4535156250000000E-01    0.2805023193359375E-02
   28    0.4044921875000000E-01    0.2299690246582031E-02
   29    0.4039062500000000E-01    0.2426605224609375E-02
   30    0.3826171875000000E-01    0.2154808044433594E-02
   31    0.3722656250000000E-01    0.2185363769531250E-02
   32    0.3515625000000000E-01    0.2048645019531250E-02
   33    0.3503906250000000E-01    0.2115783691406250E-02
   34    0.3546875000000000E-01    0.2200469970703125E-02
   35    0.3341796875000000E-01    0.1982765197753906E-02
   36    0.3312500000000000E-01    0.2144775390625000E-02
   37    0.3310546875000000E-01    0.2035179138183594E-02
   38    0.3185546875000000E-01    0.2019767761230469E-02
   39    0.3089843750000000E-01    0.1947631835937500E-02
   40    0.3140625000000000E-01    0.2006454467773438E-02
   41    0.3076171875000000E-01    0.1971092224121094E-02
   42    0.3130859375000000E-01    0.2178382873535156E-02
   43    0.2861328125000000E-01    0.1815834045410156E-02
   44    0.3001953125000000E-01    0.2013893127441406E-02
   45    0.2960937500000000E-01    0.1986389160156250E-02
   46    0.3111328125000000E-01    0.1969718933105469E-02
   47    0.2611328125000000E-01    0.1651268005371094E-02
   48    0.2638671875000000E-01    0.1747627258300781E-02
   49    0.2671875000000000E-01    0.1790771484375000E-02
   50    0.2931640625000000E-01    0.1892662048339844E-02
   51    0.2980468750000000E-01    0.1997451782226563E-02
   52    0.3013671875000000E-01    0.2076301574707031E-02
   53    0.3021484375000000E-01    0.2017860412597656E-02
   54    0.2894531250000000E-01    0.1983947753906250E-02
   55    0.2751953125000000E-01    0.2010154724121094E-02
   56    0.2572265625000000E-01    0.1851310729980469E-02
   57    0.2476562500000000E-01    0.1658325195312500E-02
   58    0.2636718750000000E-01    0.1568984985351563E-02
   59    0.2755859375000000E-01    0.1725502014160156E-02
   60    0.2574218750000000E-01    0.1593170166015625E-02
   61    0.2517578125000000E-01    0.1563758850097656E-02
   62    0.2568359375000000E-01    0.1668052673339844E-02
   63    0.2375000000000000E-01    0.1486740112304688E-02
   64    0.2259765625000000E-01    0.1446647644042969E-02
   65    0.2269531250000000E-01    0.1410293579101562E-02
   66    0.2302734375000000E-01    0.1514320373535156E-02
   67    0.2392578125000000E-01    0.1641044616699219E-02
   68    0.2441406250000000E-01    0.1459808349609375E-02
   69    0.2222656250000000E-01    0.1546859741210938E-02
   70    0.2218750000000000E-01    0.1454010009765625E-02
   71    0.2414062500000000E-01    0.1445846557617187E-02
   72    0.2167968750000000E-01    0.1232757568359375E-02
   73    0.2078125000000000E-01    0.1273422241210937E-02
   74    0.2060546875000000E-01    0.1314430236816406E-02
   75    0.2101562500000000E-01    0.1393203735351563E-02
   76    0.2328125000000000E-01    0.1438369750976563E-02
   77    0.2310546875000000E-01    0.1470909118652344E-02
   78    0.2457031250000000E-01    0.1632080078125000E-02
   79    0.2173828125000000E-01    0.1512565612792969E-02
   80    0.2033203125000000E-01    0.1500129699707031E-02
   81    0.1984375000000000E-01    0.1357192993164062E-02
   82    0.1923828125000000E-01    0.1431694030761719E-02
   83    0.1853515625000000E-01    0.1343955993652344E-02
   84    0.1988281250000000E-01    0.1417999267578125E-02
   85    0.2089843750000000E-01    0.1288757324218750E-02
   86    0.2345703125000000E-01    0.1459312438964844E-02
   87    0.2107421875000000E-01    0.1375312805175781E-02
   88    0.2027343750000000E-01    0.1502227783203125E-02
   89    0.2025390625000000E-01    0.1444892883300781E-02
   90    0.2255859375000000E-01    0.1493339538574219E-02
   91    0.1994140625000000E-01    0.1397895812988281E-02
   92    0.2111328125000000E-01    0.1569786071777344E-02
   93    0.2060546875000000E-01    0.1562995910644531E-02
   94    0.2158203125000000E-01    0.1643867492675781E-02
   95    0.2115234375000000E-01    0.1483879089355469E-02
   96    0.2218750000000000E-01    0.1579895019531250E-02
   97    0.2164062500000000E-01    0.1465911865234375E-02
   98    0.2205078125000000E-01    0.1458778381347656E-02
   99    0.2210937500000000E-01    0.1591873168945313E-02
  100    0.2066406250000000E-01    0.1510543823242188E-02
