# time =    0.4214
    0    0.1000000000000000E+01    0.1000000000000000E+01
    1    0.3981835937500000E+00    0.1592029190063476E+00
    2    0.2008984375000000E+00    0.4120368957519531E-01
    3    0.1203710937500000E+00    0.1559680938720703E-01
    4    0.7960937500000000E-01    0.7347412109375000E-02
    5    0.5935546875000000E-01    0.4482383728027344E-02
    6    0.4847656250000000E-01    0.3221893310546875E-02
    7    0.3904296875000000E-01    0.2535743713378906E-02
    8    0.3273437500000000E-01    0.1893157958984375E-02
    9    0.2972656250000000E-01    0.1765899658203125E-02
   10    0.2322265625000000E-01    0.1422920227050781E-02
   11    0.2310546875000000E-01    0.1585426330566406E-02
   12    0.1812500000000000E-01    0.1113052368164062E-02
   13    0.1562500000000000E-01    0.1102828979492188E-02
   14    0.1205078125000000E-01    0.8566665649414062E-03
   15    0.1326171875000000E-01    0.1036033630371094E-02
   16    0.1117187500000000E-01    0.1086120605468750E-02
   17    0.1236328125000000E-01    0.1099128723144531E-02
   18    0.1355468750000000E-01    0.8899688720703125E-03
   19    0.1025390625000000E-01    0.9872055053710938E-03
   20    0.5449218750000000E-02    0.1010475158691406E-02
   21    0.7832031250000000E-02    0.1006050109863281E-02
   22    0.8398437500000000E-03    0.8778762817382812E-03
   23    0.3945312500000000E-02    0.9140777587890625E-03
   24    0.5859375000000000E-02    0.1008529663085937E-02
   25    0.2324218750000000E-02    0.1060295104980469E-02
   26    0.2539062500000000E-03    0.1211433410644531E-02
   27    0.7812500000000000E-04    0.9544372558593750E-03
   28    0.2382812500000000E-02    0.8966064453125000E-03
   29   -0.7031250000000000E-03    0.8322143554687500E-03
   30   -0.8593750000000000E-03    0.1053161621093750E-02
   31    0.3125000000000000E-02    0.8252716064453125E-03
   32   -0.4687500000000000E-03    0.8687591552734375E-03
   33   -0.9375000000000000E-03    0.1124038696289063E-02
   34    0.9960937500000000E-03    0.1106681823730469E-02
   35    0.1484375000000000E-02    0.1010589599609375E-02
   36   -0.3320312500000000E-03    0.8761978149414062E-03
   37   -0.2226562500000000E-02    0.1282577514648438E-02
   38   -0.3710937500000000E-02    0.1033401489257812E-02
   39   -0.3300781250000000E-02    0.9894180297851563E-03
   40    0.7812500000000000E-04    0.9958648681640625E-03
   41    0.2011718750000000E-02    0.1154365539550781E-02
   42    0.3457031250000000E-02    0.1149024963378906E-02
   43    0.3007812500000000E-02    0.1305160522460937E-02
   44    0.8984375000000000E-03    0.1143875122070313E-02
   45   -0.4882812500000000E-03    0.1172599792480469E-02
   46   -0.3671875000000000E-02    0.1269531250000000E-02
   47    0.1601562500000000E-02    0.9651947021484375E-03
   48   -0.3867187500000000E-02    0.1149902343750000E-02
   49   -0.1855468750000000E-02    0.1041603088378906E-02
   50   -0.2285156250000000E-02    0.8381271362304688E-03
   51   -0.1171875000000000E-02    0.8629608154296875E-03
   52   -0.2382812500000000E-02    0.1399536132812500E-02
   53   -0.4121093750000000E-02    0.1351814270019531E-02
   54   -0.4394531250000000E-02    0.1392173767089844E-02
   55    0.4511718750000000E-02    0.1169776916503906E-02
   56    0.4511718750000000E-02    0.8019638061523437E-03
   57    0.4433593750000000E-02    0.9945297241210937E-03
   58    0.3085937500000000E-02    0.1154403686523438E-02
   59    0.2441406250000000E-02    0.1192131042480469E-02
   60    0.7539062500000000E-02    0.1138763427734375E-02
   61    0.5390625000000000E-02    0.1348037719726562E-02
   62    0.3105468750000000E-02    0.1173057556152344E-02
   63    0.5761718750000000E-02    0.9525680541992188E-03
   64    0.6191406250000000E-02    0.1140174865722656E-02
   65    0.7226562500000000E-02    0.1066360473632813E-02
   66    0.6855468750000000E-02    0.7481765747070312E-03
   67    0.2089843750000000E-02    0.8002090454101563E-03
   68    0.3300781250000000E-02    0.9677505493164062E-03
   69   -0.7617187500000000E-03    0.9322738647460937E-03
   70    0.5214843750000000E-02    0.1065864562988281E-02
   71   -0.5859375000000000E-04    0.1192588806152344E-02
   72    0.2070312500000000E-02    0.1090316772460937E-02
   73    0.6015625000000000E-02    0.1043243408203125E-02
   74    0.4687500000000000E-02    0.1134643554687500E-02
   75    0.4882812500000000E-02    0.9953308105468751E-03
   76    0.2832031250000000E-02    0.1224479675292969E-02
   77    0.4433593750000000E-02    0.1132469177246094E-02
   78    0.4179687500000000E-02    0.1053924560546875E-02
   79    0.2343750000000000E-03    0.7592010498046875E-03
   80    0.2519531250000000E-02    0.1069908142089844E-02
   81    0.3808593750000000E-02    0.1060981750488281E-02
   82    0.3945312500000000E-02    0.1044616699218750E-02
   83    0.3007812500000000E-02    0.8658599853515625E-03
   84    0.1308593750000000E-02    0.1102027893066406E-02
   85   -0.2421875000000000E-02    0.9822845458984375E-03
   86   -0.1835937500000000E-02    0.9533691406250000E-03
   87   -0.2343750000000000E-03    0.8638000488281250E-03
   88    0.1601562500000000E-02    0.8966064453125000E-03
   89   -0.2734375000000000E-03    0.7061004638671875E-03
   90   -0.3515625000000000E-03    0.1010818481445313E-02
   91   -0.5859375000000000E-04    0.9016036987304687E-03
   92   -0.4707031250000000E-02    0.8590316772460937E-03
   93   -0.5820312500000000E-02    0.1167297363281250E-02
   94   -0.5507812500000000E-02    0.1003265380859375E-02
   95   -0.5839843750000000E-02    0.6094741821289063E-03
   96   -0.6210937500000000E-02    0.9497070312500000E-03
   97   -0.2949218750000000E-02    0.9984970092773438E-03
   98   -0.1953125000000000E-02    0.9626770019531251E-03
   99   -0.2441406250000000E-02    0.1042671203613281E-02
  100   -0.4882812500000000E-03    0.8780288696289062E-03
