# time =    0.4471
    0    0.1000000000000000E+01    0.1000000000000000E+01
    1    0.3131054687500000E+00    0.9879764556884765E-01
    2    0.1135156250000000E+00    0.1388336181640625E-01
    3    0.4822265625000000E-01    0.3460197448730469E-02
    4    0.2214843750000000E-01    0.1571502685546875E-02
    5    0.8339843749999999E-02    0.9025192260742188E-03
    6    0.9082031250000001E-02    0.1055030822753906E-02
    7    0.3085937500000000E-02    0.1056137084960938E-02
    8    0.9453125000000000E-02    0.1061248779296875E-02
    9    0.7421875000000000E-03    0.8505249023437500E-03
   10   -0.1035156250000000E-02    0.8040237426757813E-03
   11   -0.5859375000000000E-04    0.8959579467773438E-03
   12    0.3906250000000000E-04    0.9825897216796874E-03
   13   -0.1718750000000000E-02    0.1037673950195312E-02
   14   -0.1250000000000000E-02    0.9526062011718750E-03
   15   -0.3359375000000000E-02    0.1089096069335938E-02
   16   -0.4121093750000000E-02    0.1056251525878906E-02
   17   -0.8398437500000000E-03    0.1033058166503906E-02
   18   -0.5859375000000000E-04    0.9810256958007813E-03
   19    0.3906250000000000E-03    0.8642578125000000E-03
   20   -0.2753906250000000E-02    0.9891128540039063E-03
   21   -0.3632812500000000E-02    0.1101303100585937E-02
   22   -0.4472656250000000E-02    0.9223556518554687E-03
   23    0.1699218750000000E-02    0.1110801696777344E-02
   24   -0.1816406250000000E-02    0.1142234802246094E-02
   25   -0.1621093750000000E-02    0.1166877746582031E-02
   26   -0.2539062500000000E-03    0.1072807312011719E-02
   27    0.3300781250000000E-02    0.8319473266601563E-03
   28    0.2460937500000000E-02    0.9156799316406250E-03
   29    0.2832031250000000E-02    0.1061744689941406E-02
   30    0.2968750000000000E-02    0.1215362548828125E-02
   31   -0.1425781250000000E-02    0.8395004272460937E-03
   32    0.8593750000000000E-03    0.1072616577148438E-02
   33   -0.4511718750000000E-02    0.9646987915039062E-03
   34   -0.4316406250000000E-02    0.8332443237304688E-03
   35   -0.2539062500000000E-03    0.9052658081054688E-03
   36    0.5820312500000000E-02    0.8521270751953125E-03
   37    0.2968750000000000E-02    0.8165740966796875E-03
   38    0.3085937500000000E-02    0.1089706420898438E-02
   39    0.6445312500000000E-03    0.9637069702148437E-03
   40    0.5429687500000000E-02    0.1077651977539062E-02
   41    0.5761718750000000E-02    0.9788131713867187E-03
   42    0.4433593750000000E-02    0.1103401184082031E-02
   43   -0.8007812500000000E-03    0.1078605651855469E-02
   44    0.2636718750000000E-02    0.1045570373535156E-02
   45    0.2949218750000000E-02    0.1207771301269531E-02
   46    0.8203125000000000E-03    0.8768463134765626E-03
   47    0.3906250000000000E-03    0.7452392578125001E-03
   48   -0.4687500000000000E-03    0.9287261962890625E-03
   49   -0.3964843750000000E-02    0.1277885437011719E-02
   50   -0.3183593750000000E-02    0.9679794311523438E-03
   51   -0.5273437500000000E-02    0.8292388916015625E-03
   52    0.4199218750000000E-02    0.1045570373535156E-02
   53    0.2128906250000000E-02    0.9452438354492187E-03
   54    0.2539062500000000E-02    0.1176681518554687E-02
   55    0.5292968750000000E-02    0.1149253845214844E-02
   56    0.3378906250000000E-02    0.8931350708007812E-03
   57    0.6367187500000000E-02    0.9445953369140625E-03
   58    0.3105468750000000E-02    0.9691238403320313E-03
   59    0.3613281250000000E-02    0.8215713500976563E-03
   60   -0.5468750000000001E-03    0.1120681762695312E-02
   61    0.5859375000000000E-03    0.1078948974609375E-02
   62   -0.2285156250000000E-02    0.7854843139648437E-03
   63    0.5664062500000000E-03    0.7486343383789062E-03
   64    0.4335937500000000E-02    0.1032257080078125E-02
   65    0.1562500000000000E-02    0.8829498291015625E-03
   66    0.2382812500000000E-02    0.1135940551757812E-02
   67    0.1503906250000000E-02    0.1084709167480469E-02
   68    0.3925781250000000E-02    0.1262931823730469E-02
   69    0.1171875000000000E-03    0.1052017211914062E-02
   70   -0.5761718750000000E-02    0.1013450622558594E-02
   71    0.2285156250000000E-02    0.8099746704101563E-03
   72   -0.1816406250000000E-02    0.9086990356445313E-03
   73   -0.2753906250000000E-02    0.7545852661132813E-03
   74    0.1562500000000000E-03    0.1238937377929687E-02
   75   -0.1132812500000000E-02    0.1165771484375000E-02
   76   -0.8007812500000000E-03    0.8893966674804688E-03
   77   -0.2031250000000000E-02    0.1044998168945312E-02
   78   -0.3281250000000000E-02    0.9958648681640625E-03
   79   -0.2910156250000000E-02    0.1256141662597656E-02
   80   -0.4238281250000000E-02    0.9595108032226563E-03
   81   -0.1191406250000000E-02    0.1257133483886719E-02
   82   -0.4003906250000000E-02    0.1124610900878906E-02
   83   -0.4101562500000000E-03    0.1035346984863281E-02
   84   -0.1367187500000000E-02    0.8579254150390625E-03
   85    0.3671875000000000E-02    0.9951782226562500E-03
   86   -0.2675781250000000E-02    0.9511184692382813E-03
   87    0.2968750000000000E-02    0.1041183471679687E-02
   88   -0.1503906250000000E-02    0.1060371398925781E-02
   89    0.5800781250000000E-02    0.1170158386230469E-02
   90    0.5195312500000000E-02    0.7888031005859375E-03
   91   -0.7285156250000000E-02    0.7818984985351562E-03
   92   -0.2402343750000000E-02    0.6779861450195312E-03
   93   -0.2968750000000000E-02    0.9915924072265625E-03
   94   -0.3691406250000000E-02    0.8620071411132812E-03
   95   -0.9570312500000000E-03    0.1309547424316406E-02
   96    0.2031250000000000E-02    0.1001358032226562E-02
   97   -0.2949218750000000E-02    0.8562850952148437E-03
   98    0.2480468750000000E-02    0.9412765502929688E-03
   99   -0.4082031250000000E-02    0.1143379211425781E-02
  100   -0.1074218750000000E-02    0.7674789428710937E-03
