# time =    0.4475
    0    0.1000000000000000E+01    0.1000000000000000E+01
    1    0.2997070312500000E+00    0.9055995941162109E-01
    2    0.1031835937500000E+00    0.1162708282470703E-01
    3    0.3853515625000000E-01    0.2636222839355469E-02
    4    0.1859375000000000E-01    0.1212463378906250E-02
    5    0.9257812500000000E-02    0.1069641113281250E-02
    6    0.3417968750000000E-02    0.1016502380371094E-02
    7    0.7890625000000000E-02    0.8489227294921875E-03
    8    0.3886718750000000E-02    0.8259201049804687E-03
    9    0.1875000000000000E-02    0.6964111328125000E-03
   10   -0.1171875000000000E-03    0.8251190185546875E-03
   11    0.1738281250000000E-02    0.1149940490722656E-02
   12    0.4531250000000000E-02    0.9576416015625000E-03
   13   -0.1347656250000000E-02    0.1187477111816406E-02
   14   -0.5859375000000000E-03    0.1016159057617187E-02
   15   -0.5351562500000000E-02    0.9342193603515625E-03
   16   -0.3730468750000000E-02    0.1136665344238281E-02
   17    0.2480468750000000E-02    0.8812332153320312E-03
   18    0.1757812500000000E-03    0.8725357055664062E-03
   19    0.2500000000000000E-02    0.1211166381835938E-02
   20    0.1152343750000000E-02    0.9804916381835936E-03
   21    0.3613281250000000E-02    0.8632278442382812E-03
   22    0.1171875000000000E-02    0.9961700439453124E-03
   23   -0.5273437500000000E-02    0.8269500732421875E-03
   24   -0.4511718750000000E-02    0.1020317077636719E-02
   25    0.1601562500000000E-02    0.1078643798828125E-02
   26    0.2265625000000000E-02    0.1020584106445313E-02
   27   -0.5390625000000000E-02    0.9056854248046875E-03
   28   -0.3457031250000000E-02    0.7679367065429688E-03
   29    0.2226562500000000E-02    0.8764648437500000E-03
   30   -0.3691406250000000E-02    0.9180831909179687E-03
   31    0.2304687500000000E-02    0.1251373291015625E-02
   32   -0.1015625000000000E-02    0.1012115478515625E-02
   33    0.4492187500000000E-03    0.8697128295898438E-03
   34   -0.2070312500000000E-02    0.9745025634765625E-03
   35    0.1796875000000000E-02    0.8602142333984375E-03
   36    0.1328125000000000E-02    0.8162689208984375E-03
   37   -0.1425781250000000E-02    0.1042976379394531E-02
   38   -0.4296875000000000E-03    0.1052780151367188E-02
   39    0.3183593750000000E-02    0.8140945434570312E-03
   40    0.1269531250000000E-02    0.8906936645507813E-03
   41   -0.1464843750000000E-02    0.8581924438476562E-03
   42   -0.2207031250000000E-02    0.8781814575195313E-03
   43   -0.2265625000000000E-02    0.1046218872070312E-02
   44    0.3085937500000000E-02    0.1036834716796875E-02
   45    0.2050781250000000E-02    0.1027107238769531E-02
   46   -0.2695312500000000E-02    0.9491729736328125E-03
   47   -0.1757812500000000E-03    0.1059150695800781E-02
   48   -0.1542968750000000E-02    0.8529281616210938E-03
   49   -0.8789062500000000E-03    0.8388900756835937E-03
   50    0.1914062500000000E-02    0.8732604980468750E-03
   51    0.1386718750000000E-02    0.9145736694335938E-03
   52   -0.5234375000000000E-02    0.1141128540039062E-02
   53   -0.3300781250000000E-02    0.9555435180664063E-03
   54    0.5664062500000000E-03    0.1012229919433594E-02
   55    0.1679687500000000E-02    0.9922027587890626E-03
   56    0.5273437500000000E-03    0.1129188537597656E-02
   57   -0.1660156250000000E-02    0.9469223022460937E-03
   58   -0.4863281250000000E-02    0.1028327941894531E-02
   59   -0.8789062500000000E-03    0.7448196411132812E-03
   60    0.9765625000000001E-04    0.8432388305664063E-03
   61   -0.1953125000000000E-03    0.1081924438476563E-02
   62   -0.3554687500000000E-02    0.1082458496093750E-02
   63   -0.7031250000000000E-03    0.7711791992187500E-03
   64   -0.2167968750000000E-02    0.9491348266601563E-03
   65   -0.1835937500000000E-02    0.9249877929687500E-03
   66    0.2597656250000000E-02    0.9287643432617187E-03
   67    0.3867187500000000E-02    0.9299468994140625E-03
   68    0.3964843750000000E-02    0.1058464050292969E-02
   69    0.8203125000000000E-03    0.7525634765625000E-03
   70    0.7226562500000000E-03    0.8339309692382813E-03
   71   -0.3671875000000000E-02    0.1115951538085938E-02
   72   -0.5664062500000000E-03    0.1055870056152344E-02
   73    0.1562500000000000E-03    0.9052276611328125E-03
   74   -0.1406250000000000E-02    0.8404541015625000E-03
   75    0.4199218750000000E-02    0.1095771789550781E-02
   76    0.1464843750000000E-02    0.1073875427246094E-02
   77    0.4531250000000000E-02    0.9447479248046875E-03
   78   -0.4296875000000000E-03    0.1100769042968750E-02
   79   -0.7031250000000000E-03    0.9224700927734375E-03
   80    0.2578125000000000E-02    0.8679962158203125E-03
   81    0.3261718750000000E-02    0.1208381652832031E-02
   82    0.4570312500000000E-02    0.1050872802734375E-02
   83    0.6640625000000000E-02    0.1350173950195312E-02
   84    0.4824218750000000E-02    0.1215476989746094E-02
   85    0.1171875000000000E-03    0.1353225708007813E-02
   86   -0.5273437500000000E-03    0.1165351867675781E-02
   87   -0.3144531250000000E-02    0.8276748657226562E-03
   88   -0.2832031250000000E-02    0.1098899841308594E-02
   89   -0.3320312500000000E-02    0.1066741943359375E-02
   90    0.1035156250000000E-02    0.1232719421386719E-02
   91    0.4296875000000000E-03    0.8997344970703126E-03
   92   -0.5312500000000000E-02    0.9732818603515624E-03
   93   -0.7929687499999999E-02    0.9969329833984374E-03
   94   -0.1171875000000000E-02    0.1130142211914062E-02
   95   -0.2773437500000000E-02    0.9266662597656250E-03
   96    0.1308593750000000E-02    0.9370803833007813E-03
   97    0.1738281250000000E-02    0.1009330749511719E-02
   98    0.6015625000000000E-02    0.8037567138671875E-03
   99    0.6757812500000000E-02    0.9897613525390624E-03
  100    0.1074218750000000E-02    0.8712387084960937E-03
