# time =    0.4544
    0    0.1000000000000000E+01    0.1000000000000000E+01
    1    0.2785351562500000E+00    0.7824649810791015E-01
    2    0.9126953124999999E-01    0.9042472839355468E-02
    3    0.3068359375000000E-01    0.1868476867675781E-02
    4    0.1351562500000000E-01    0.1147537231445312E-02
    5    0.9042968750000000E-02    0.9611892700195312E-03
    6    0.5429687500000000E-02    0.9960174560546876E-03
    7    0.1269531250000000E-02    0.7100296020507812E-03
    8    0.5859375000000000E-04    0.9575271606445312E-03
    9   -0.2050781250000000E-02    0.8218002319335938E-03
   10   -0.2714843750000000E-02    0.9820938110351562E-03
   11    0.9570312500000000E-03    0.1124458312988281E-02
   12   -0.1953125000000000E-04    0.1166191101074219E-02
   13   -0.1250000000000000E-02    0.9449005126953125E-03
   14   -0.4921875000000000E-02    0.8688354492187500E-03
   15   -0.1796875000000000E-02    0.9125518798828125E-03
   16   -0.5917968750000000E-02    0.8330154418945313E-03
   17    0.1445312500000000E-02    0.1004257202148437E-02
   18   -0.3027343750000000E-02    0.1195716857910156E-02
   19    0.1640625000000000E-02    0.1080932617187500E-02
   20   -0.5175781250000000E-02    0.9457778930664063E-03
   21   -0.1503906250000000E-02    0.9550857543945313E-03
   22   -0.1894531250000000E-02    0.7666397094726562E-03
   23    0.1386718750000000E-02    0.9405899047851562E-03
   24    0.1816406250000000E-02    0.1059074401855469E-02
   25    0.2597656250000000E-02    0.1188087463378906E-02
   26    0.4316406250000000E-02    0.8494949340820312E-03
   27   -0.1953125000000000E-04    0.9619522094726562E-03
   28    0.1699218750000000E-02    0.9262466430664063E-03
   29   -0.2832031250000000E-02    0.6887435913085938E-03
   30   -0.8398437500000000E-03    0.1064643859863281E-02
   31    0.2910156250000000E-02    0.8964157104492188E-03
   32   -0.8789062500000000E-03    0.9429550170898437E-03
   33    0.1464843750000000E-02    0.8345413208007813E-03
   34    0.3417968750000000E-02    0.8650588989257813E-03
   35    0.2597656250000000E-02    0.1057090759277344E-02
   36    0.3007812500000000E-02    0.1053848266601562E-02
   37    0.3320312500000000E-02    0.8470153808593750E-03
   38   -0.2089843750000000E-02    0.9431838989257812E-03
   39   -0.4199218750000000E-02    0.1027336120605469E-02
   40   -0.1816406250000000E-02    0.9738540649414062E-03
   41   -0.9765625000000000E-03    0.7411193847656250E-03
   42   -0.5859375000000000E-02    0.9679412841796875E-03
   43    0.1679687500000000E-02    0.9685516357421875E-03
   44    0.2089843750000000E-02    0.8036422729492187E-03
   45   -0.7421875000000000E-03    0.9212493896484375E-03
   46   -0.1738281250000000E-02    0.1108665466308594E-02
   47   -0.2382812500000000E-02    0.9797668457031249E-03
   48   -0.2597656250000000E-02    0.9067153930664062E-03
   49   -0.3066406250000000E-02    0.1170158386230469E-02
   50   -0.9570312500000000E-03    0.1258583068847656E-02
   51    0.3906250000000000E-03    0.9027862548828125E-03
   52    0.5078125000000000E-02    0.8790588378906250E-03
   53    0.6386718750000000E-02    0.1014366149902344E-02
   54   -0.3417968750000000E-02    0.9077835083007812E-03
   55    0.5078125000000000E-03    0.1017684936523437E-02
   56    0.3828125000000000E-02    0.1104354858398438E-02
   57   -0.1894531250000000E-02    0.9611892700195312E-03
   58   -0.3867187500000000E-02    0.8117675781250000E-03
   59   -0.2792968750000000E-02    0.8870315551757813E-03
   60   -0.4824218750000000E-02    0.1034965515136719E-02
   61   -0.2968750000000000E-02    0.1186447143554687E-02
   62   -0.8398437500000000E-03    0.8124160766601562E-03
   63   -0.3632812500000000E-02    0.1040191650390625E-02
   64   -0.1066406250000000E-01    0.9995269775390624E-03
   65   -0.6464843750000000E-02    0.1265830993652344E-02
   66   -0.6484375000000000E-02    0.1012344360351562E-02
   67   -0.5488281250000000E-02    0.7182693481445312E-03
   68   -0.1328125000000000E-02    0.8891296386718750E-03
   69    0.5664062500000000E-03    0.1181068420410156E-02
   70    0.2343750000000000E-03    0.9466552734375000E-03
   71   -0.1250000000000000E-02    0.1127090454101562E-02
   72    0.5468750000000000E-02    0.8042907714843750E-03
   73   -0.2207031250000000E-02    0.9109878540039063E-03
   74    0.7636718750000000E-02    0.8840560913085938E-03
   75    0.3808593750000000E-02    0.8710098266601563E-03
   76    0.5859375000000000E-04    0.1167945861816406E-02
   77    0.1601562500000000E-02    0.9187316894531250E-03
   78   -0.3339843750000000E-02    0.1080055236816406E-02
   79   -0.3710937500000000E-03    0.1189918518066406E-02
   80    0.2871093750000000E-02    0.1082572937011719E-02
   81   -0.3710937500000000E-03    0.9158706665039063E-03
   82   -0.3300781250000000E-02    0.7206344604492187E-03
   83    0.2246093750000000E-02    0.7371139526367187E-03
   84   -0.2480468750000000E-02    0.9660720825195312E-03
   85    0.2050781250000000E-02    0.9816360473632812E-03
   86    0.1640625000000000E-02    0.9478759765625000E-03
   87   -0.3925781250000000E-02    0.1058845520019531E-02
   88   -0.2968750000000000E-02    0.9590148925781250E-03
   89   -0.3164062500000000E-02    0.8233642578125000E-03
   90   -0.2753906250000000E-02    0.9885025024414062E-03
   91   -0.6542968750000000E-02    0.9278488159179687E-03
   92   -0.1523437500000000E-02    0.1158370971679688E-02
   93   -0.2109375000000000E-02    0.8171844482421875E-03
   94   -0.1347656250000000E-02    0.1148872375488281E-02
   95    0.5664062500000000E-03    0.1093788146972656E-02
   96   -0.9765625000000000E-03    0.8022308349609375E-03
   97   -0.5019531250000000E-02    0.9578323364257813E-03
   98   -0.4589843750000000E-02    0.9500503540039063E-03
   99   -0.2734375000000000E-03    0.9085083007812500E-03
  100   -0.5000000000000000E-02    0.8113098144531250E-03
