# time =    0.4690
    0    0.1000000000000000E+01    0.1000000000000000E+01
    1    0.1818750000000000E+00    0.3384300231933594E-01
    2    0.3880859375000000E-01    0.2436561584472656E-02
    3    0.1566406250000000E-01    0.1060180664062500E-02
    4   -0.1953125000000000E-04    0.1316032409667969E-02
    5    0.3242187500000000E-02    0.1106948852539063E-02
    6   -0.8398437500000000E-03    0.8937454223632812E-03
    7    0.3730468750000000E-02    0.1031990051269531E-02
    8    0.1953125000000000E-02    0.1100997924804688E-02
    9   -0.3496093750000000E-02    0.9479904174804687E-03
   10   -0.6660156250000000E-02    0.8700942993164063E-03
   11   -0.7167968750000000E-02    0.1025199890136719E-02
   12   -0.1640625000000000E-02    0.1204833984375000E-02
   13    0.7226562500000000E-03    0.8391189575195312E-03
   14    0.2304687500000000E-02    0.9372711181640625E-03
   15    0.4433593750000000E-02    0.9463882446289063E-03
   16   -0.4101562500000000E-03    0.1085243225097656E-02
   17   -0.1093750000000000E-02    0.9913635253906250E-03
   18    0.5976562500000000E-02    0.1091613769531250E-02
   19   -0.2890625000000000E-02    0.7602691650390625E-03
   20    0.1093750000000000E-02    0.8547973632812500E-03
   21    0.2910156250000000E-02    0.7738876342773438E-03
   22    0.4453125000000000E-02    0.9037017822265625E-03
   23    0.3164062500000000E-02    0.8647918701171875E-03
   24    0.1093750000000000E-02    0.9999084472656250E-03
   25   -0.5468750000000001E-03    0.1008148193359375E-02
   26    0.3867187500000000E-02    0.8283996582031250E-03
   27    0.3613281250000000E-02    0.1016883850097656E-02
   28    0.1523437500000000E-02    0.1059875488281250E-02
   29    0.2734375000000000E-03    0.7851409912109375E-03
   30    0.2207031250000000E-02    0.9939193725585938E-03
   31   -0.8203125000000000E-03    0.8943176269531250E-03
   32    0.3027343750000000E-02    0.8656692504882813E-03
   33    0.4882812500000000E-03    0.7940292358398438E-03
   34    0.2167968750000000E-02    0.9817886352539063E-03
   35   -0.1992187500000000E-02    0.1020965576171875E-02
   36    0.1250000000000000E-02    0.9932708740234375E-03
   37    0.2148437500000000E-03    0.9254837036132813E-03
   38   -0.1171875000000000E-03    0.1237258911132812E-02
   39   -0.1210937500000000E-02    0.1106567382812500E-02
   40   -0.1894531250000000E-02    0.1018333435058594E-02
   41   -0.2246093750000000E-02    0.7351303100585938E-03
   42    0.2421875000000000E-02    0.1116485595703125E-02
   43   -0.2304687500000000E-02    0.1029357910156250E-02
   44    0.1367187500000000E-03    0.9221267700195312E-03
   45   -0.1542968750000000E-02    0.9923934936523437E-03
   46    0.1445312500000000E-02    0.1104507446289063E-02
   47    0.5117187500000000E-02    0.1050262451171875E-02
   48   -0.2343750000000000E-02    0.8708953857421875E-03
   49   -0.2480468750000000E-02    0.1125144958496094E-02
   50   -0.1933593750000000E-02    0.1133079528808594E-02
   51   -0.3593750000000000E-02    0.6793975830078125E-03
   52    0.2148437500000000E-03    0.8951187133789063E-03
   53    0.2968750000000000E-02    0.1205139160156250E-02
   54   -0.1757812500000000E-02    0.9922027587890626E-03
   55   -0.1738281250000000E-02    0.8508682250976563E-03
   56   -0.2500000000000000E-02    0.8636474609375000E-03
   57   -0.2265625000000000E-02    0.9536743164062500E-03
   58   -0.5039062500000000E-02    0.9674835205078125E-03
   59   -0.5019531250000000E-02    0.1107063293457031E-02
   60    0.3671875000000000E-02    0.7838439941406250E-03
   61   -0.3515625000000000E-02    0.9071350097656250E-03
   62   -0.2890625000000000E-02    0.1011886596679687E-02
   63   -0.1679687500000000E-02    0.9861755371093749E-03
   64   -0.4316406250000000E-02    0.1233558654785156E-02
   65    0.4101562500000000E-03    0.1055793762207031E-02
   66   -0.2988281250000000E-02    0.8063125610351563E-03
   67   -0.1953125000000000E-02    0.9734344482421875E-03
   68   -0.5078125000000000E-03    0.1076507568359375E-02
   69   -0.3378906250000000E-02    0.1156196594238281E-02
   70   -0.6718750000000000E-02    0.8994293212890625E-03
   71   -0.3398437500000000E-02    0.8630371093750000E-03
   72   -0.2871093750000000E-02    0.1074333190917969E-02
   73    0.3339843750000000E-02    0.9720230102539063E-03
   74    0.3203125000000000E-02    0.9452819824218750E-03
   75    0.3125000000000000E-03    0.1102371215820313E-02
   76   -0.4746093750000000E-02    0.1137886047363281E-02
   77   -0.2968750000000000E-02    0.8271026611328125E-03
   78   -0.1542968750000000E-02    0.8584976196289063E-03
   79   -0.3125000000000000E-03    0.8787536621093751E-03
   80    0.3515625000000000E-03    0.1041336059570313E-02
   81    0.6738281250000000E-02    0.1324119567871094E-02
   82    0.4687500000000000E-02    0.1069641113281250E-02
   83    0.5371093750000000E-02    0.8711624145507813E-03
   84   -0.6445312500000000E-03    0.8998489379882812E-03
   85   -0.1035156250000000E-02    0.1099586486816406E-02
   86   -0.3671875000000000E-02    0.8904266357421875E-03
   87    0.1562500000000000E-02    0.1071548461914062E-02
   88    0.5800781250000000E-02    0.1044578552246094E-02
   89    0.3242187500000000E-02    0.8722686767578125E-03
   90    0.3574218750000000E-02    0.9614944458007813E-03
   91   -0.1679687500000000E-02    0.9954833984374999E-03
   92   -0.5546875000000000E-02    0.1031112670898438E-02
   93   -0.5136718750000000E-02    0.8722305297851563E-03
   94    0.1425781250000000E-02    0.1042518615722656E-02
   95   -0.1074218750000000E-02    0.1018562316894531E-02
   96   -0.1269531250000000E-02    0.9598922729492187E-03
   97   -0.1953125000000000E-04    0.9267807006835937E-03
   98    0.3906250000000000E-03    0.1011810302734375E-02
   99    0.1933593750000000E-02    0.9581375122070312E-03
  100   -0.2343750000000000E-03    0.1036682128906250E-02
