# time =    0.4633
    0    0.1000000000000000E+01    0.1000000000000000E+01
    1    0.2362695312500000E+00    0.5676601409912110E-01
    2    0.6630859375000001E-01    0.5635337829589844E-02
    3    0.1658203125000000E-01    0.1520957946777344E-02
    4   -0.2343750000000000E-03    0.9928894042968749E-03
    5   -0.4804687500000000E-02    0.1046447753906250E-02
    6   -0.1757812500000000E-02    0.8968353271484375E-03
    7    0.4101562500000000E-03    0.6900405883789062E-03
    8   -0.1562500000000000E-02    0.1046600341796875E-02
    9    0.4199218750000000E-02    0.1008033752441406E-02
   10   -0.4199218750000000E-02    0.1094703674316406E-02
   11    0.2343750000000000E-02    0.1229019165039063E-02
   12   -0.2285156250000000E-02    0.1218757629394531E-02
   13   -0.2304687500000000E-02    0.8410644531250000E-03
   14   -0.1445312500000000E-02    0.9792327880859375E-03
   15    0.5292968750000000E-02    0.1118431091308594E-02
   16   -0.3164062500000000E-02    0.9432983398437500E-03
   17    0.2441406250000000E-02    0.1097297668457031E-02
   18    0.3457031250000000E-02    0.1363639831542969E-02
   19   -0.1542968750000000E-02    0.9704208374023437E-03
   20   -0.1171875000000000E-02    0.1010742187500000E-02
   21    0.2558593750000000E-02    0.1064186096191406E-02
   22   -0.2285156250000000E-02    0.9505081176757812E-03
   23   -0.6054687500000000E-02    0.8554077148437500E-03
   24   -0.3125000000000000E-03    0.1116409301757813E-02
   25   -0.4863281250000000E-02    0.9771347045898437E-03
   26    0.3222656250000000E-02    0.1169013977050781E-02
   27    0.5468750000000001E-03    0.1342544555664062E-02
   28    0.4902343750000000E-02    0.9394454956054688E-03
   29    0.1933593750000000E-02    0.9115982055664062E-03
   30   -0.1347656250000000E-02    0.9948348999023438E-03
   31    0.2363281250000000E-02    0.8535385131835938E-03
   32   -0.2792968750000000E-02    0.1178550720214844E-02
   33    0.1113281250000000E-02    0.1078147888183594E-02
   34    0.1484375000000000E-02    0.9567260742187500E-03
   35    0.3007812500000000E-02    0.9538269042968750E-03
   36    0.2441406250000000E-02    0.1069145202636719E-02
   37    0.7031250000000000E-03    0.1220779418945312E-02
   38    0.3535156250000000E-02    0.6667709350585937E-03
   39   -0.3789062500000000E-02    0.9844970703124999E-03
   40   -0.2011718750000000E-02    0.8594131469726562E-03
   41   -0.1972656250000000E-02    0.9005355834960937E-03
   42    0.3847656250000000E-02    0.9672927856445312E-03
   43    0.6699218750000000E-02    0.1126594543457031E-02
   44    0.5468750000000000E-02    0.8976745605468750E-03
   45   -0.5468750000000001E-03    0.8077239990234375E-03
   46   -0.1835937500000000E-02    0.9143066406250000E-03
   47    0.5449218750000000E-02    0.7532882690429687E-03
   48    0.1992187500000000E-02    0.1086654663085938E-02
   49    0.3515625000000000E-03    0.1155395507812500E-02
   50   -0.1953125000000000E-04    0.8313369750976563E-03
   51   -0.2011718750000000E-02    0.7500076293945313E-03
   52   -0.1367187500000000E-03    0.8015823364257812E-03
   53    0.2363281250000000E-02    0.8932113647460938E-03
   54    0.1953125000000000E-04    0.9251785278320313E-03
   55    0.1523437500000000E-02    0.1117477416992187E-02
   56    0.5839843750000000E-02    0.9534072875976563E-03
   57    0.2832031250000000E-02    0.1157035827636719E-02
   58    0.1445312500000000E-02    0.1083831787109375E-02
   59   -0.8593750000000000E-03    0.1065902709960938E-02
   60    0.2011718750000000E-02    0.8946609497070313E-03
   61   -0.3613281250000000E-02    0.9796524047851563E-03
   62    0.1054687500000000E-02    0.9219360351562500E-03
   63    0.1171875000000000E-02    0.8903503417968750E-03
   64   -0.1171875000000000E-02    0.1076049804687500E-02
   65   -0.1992187500000000E-02    0.1005859375000000E-02
   66   -0.4042968750000000E-02    0.8131027221679688E-03
   67   -0.4003906250000000E-02    0.8115768432617188E-03
   68   -0.2929687500000000E-02    0.7469940185546875E-03
   69    0.7812500000000000E-03    0.1109619140625000E-02
   70   -0.4550781250000000E-02    0.1007347106933594E-02
   71   -0.1113281250000000E-02    0.6832504272460938E-03
   72    0.8398437500000000E-03    0.7064437866210937E-03
   73   -0.1562500000000000E-02    0.8692169189453126E-03
   74    0.1093750000000000E-02    0.8770751953125000E-03
   75    0.1171875000000000E-02    0.7574462890625000E-03
   76   -0.5390625000000000E-02    0.1114730834960938E-02
   77   -0.1777343750000000E-02    0.8919143676757813E-03
   78   -0.1855468750000000E-02    0.1120033264160156E-02
   79    0.2910156250000000E-02    0.9814071655273437E-03
   80   -0.1777343750000000E-02    0.9113693237304687E-03
   81   -0.1445312500000000E-02    0.1114120483398438E-02
   82    0.3925781250000000E-02    0.1075172424316406E-02
   83    0.2656250000000000E-02    0.7934570312500000E-03
   84    0.2617187500000000E-02    0.1171798706054688E-02
   85   -0.5859375000000000E-03    0.1236648559570313E-02
   86    0.1953125000000000E-04    0.1017036437988281E-02
   87    0.2812500000000000E-02    0.1102828979492188E-02
   88    0.3183593750000000E-02    0.1238746643066406E-02
   89   -0.2578125000000000E-02    0.9627532958984375E-03
   90    0.3515625000000000E-02    0.1129379272460938E-02
   91    0.1171875000000000E-02    0.9110260009765625E-03
   92   -0.5019531250000000E-02    0.9657669067382812E-03
   93   -0.1269531250000000E-02    0.8444595336914063E-03
   94    0.7226562500000000E-03    0.7397079467773437E-03
   95   -0.5078125000000000E-03    0.1059417724609375E-02
   96   -0.3144531250000000E-02    0.1069221496582031E-02
   97   -0.3710937500000000E-03    0.7773971557617187E-03
   98   -0.5195312500000000E-02    0.9842681884765624E-03
   99   -0.2246093750000000E-02    0.1204414367675781E-02
  100   -0.6250000000000000E-03    0.1048126220703125E-02
