# time =    0.4491
    0    0.1000000000000000E+01    0.1000000000000000E+01
    1    0.2916406250000000E+00    0.8573249816894531E-01
    2    0.9103515625000000E-01    0.9263420104980468E-02
    3    0.2966796875000000E-01    0.1717185974121094E-02
    4    0.1052734375000000E-01    0.1163520812988281E-02
    5    0.4648437500000000E-02    0.1106414794921875E-02
    6   -0.5273437500000000E-03    0.9863662719726562E-03
    7   -0.6640625000000000E-03    0.1231079101562500E-02
    8   -0.1660156250000000E-02    0.1331977844238281E-02
    9   -0.1152343750000000E-02    0.7973861694335938E-03
   10    0.1503906250000000E-02    0.9481430053710938E-03
   11    0.2832031250000000E-02    0.1061363220214844E-02
   12    0.1757812500000000E-02    0.9495544433593750E-03
   13   -0.1816406250000000E-02    0.1040840148925781E-02
   14    0.1386718750000000E-02    0.7203292846679688E-03
   15   -0.5742187500000000E-02    0.1059875488281250E-02
   16   -0.4550781250000000E-02    0.8485794067382812E-03
   17   -0.6640625000000000E-03    0.1213378906250000E-02
   18   -0.6875000000000000E-02    0.1060104370117187E-02
   19   -0.6542968750000000E-02    0.9783554077148439E-03
   20   -0.3125000000000000E-03    0.7537078857421875E-03
   21    0.6445312500000000E-03    0.9479904174804687E-03
   22   -0.1445312500000000E-02    0.1095046997070313E-02
   23   -0.1250000000000000E-02    0.1034164428710938E-02
   24    0.4472656250000000E-02    0.9389114379882812E-03
   25    0.3437500000000000E-02    0.1178283691406250E-02
   26   -0.3847656250000000E-02    0.8708572387695312E-03
   27    0.3398437500000000E-02    0.1026153564453125E-02
   28    0.2050781250000000E-02    0.9965896606445312E-03
   29    0.2792968750000000E-02    0.8842849731445313E-03
   30   -0.5351562500000000E-02    0.1032791137695313E-02
   31    0.1953125000000000E-03    0.1132278442382812E-02
   32    0.3320312500000000E-03    0.1151008605957031E-02
   33   -0.2343750000000000E-02    0.9664916992187501E-03
   34   -0.3691406250000000E-02    0.8732223510742187E-03
   35   -0.6953125000000000E-02    0.9338378906250000E-03
   36    0.3808593750000000E-02    0.9573745727539062E-03
   37   -0.1953125000000000E-03    0.9212493896484375E-03
   38   -0.3144531250000000E-02    0.9587478637695313E-03
   39   -0.2148437500000000E-02    0.9169006347656251E-03
   40    0.5468750000000001E-03    0.8358764648437500E-03
   41   -0.1542968750000000E-02    0.1147422790527344E-02
   42   -0.3984375000000000E-02    0.8005523681640626E-03
   43    0.0000000000000000E+00    0.1041717529296875E-02
   44    0.2812500000000000E-02    0.1232910156250000E-02
   45    0.3867187500000000E-02    0.1108093261718750E-02
   46    0.5058593750000000E-02    0.9885025024414062E-03
   47    0.1972656250000000E-02    0.9733963012695312E-03
   48    0.4101562500000000E-03    0.1102867126464844E-02
   49    0.1093750000000000E-02    0.1062469482421875E-02
   50   -0.2519531250000000E-02    0.1272087097167969E-02
   51   -0.5859375000000000E-04    0.1096534729003906E-02
   52   -0.2773437500000000E-02    0.7844543457031249E-03
   53   -0.3417968750000000E-02    0.1108894348144531E-02
   54    0.6562500000000000E-02    0.1248931884765625E-02
   55    0.1113281250000000E-02    0.9599685668945313E-03
   56   -0.5058593750000000E-02    0.7427597045898438E-03
   57    0.6640625000000000E-03    0.9319305419921875E-03
   58   -0.1835937500000000E-02    0.1012725830078125E-02
   59   -0.4882812500000000E-03    0.9086990356445313E-03
   60   -0.1367187500000000E-03    0.9212875366210937E-03
   61    0.8203125000000000E-03    0.1047058105468750E-02
   62    0.1718750000000000E-02    0.9327697753906250E-03
   63   -0.9179687499999999E-03    0.1033973693847656E-02
   64   -0.2382812500000000E-02    0.6991577148437500E-03
   65   -0.6835937500000000E-03    0.7235336303710937E-03
   66   -0.1562500000000000E-02    0.7885742187500000E-03
   67    0.1660156250000000E-02    0.7703018188476563E-03
   68    0.1718750000000000E-02    0.1162338256835937E-02
   69    0.4101562500000000E-03    0.8411788940429687E-03
   70    0.2558593750000000E-02    0.1038551330566406E-02
   71   -0.2324218750000000E-02    0.1017951965332031E-02
   72    0.1132812500000000E-02    0.8689880371093750E-03
   73   -0.8007812500000000E-03    0.1071662902832031E-02
   74   -0.2089843750000000E-02    0.1078529357910156E-02
   75   -0.8789062500000000E-03    0.1058082580566406E-02
   76   -0.2363281250000000E-02    0.1230430603027344E-02
   77    0.1757812500000000E-02    0.1014938354492188E-02
   78    0.2187500000000000E-02    0.1005859375000000E-02
   79    0.1191406250000000E-02    0.1012611389160156E-02
   80    0.4453125000000000E-02    0.9761810302734375E-03
   81    0.2617187500000000E-02    0.1114501953125000E-02
   82    0.2773437500000000E-02    0.8662414550781250E-03
   83    0.3125000000000000E-03    0.7085418701171875E-03
   84   -0.1269531250000000E-02    0.9974288940429689E-03
   85   -0.6621093750000000E-02    0.8626174926757812E-03
   86    0.1308593750000000E-02    0.7462692260742187E-03
   87   -0.2089843750000000E-02    0.9991073608398438E-03
   88   -0.3320312500000000E-03    0.8241653442382813E-03
   89   -0.3320312500000000E-02    0.8503723144531250E-03
   90   -0.3457031250000000E-02    0.8959579467773438E-03
   91    0.8789062500000000E-03    0.1041221618652344E-02
   92    0.5722656250000000E-02    0.6365585327148438E-03
   93    0.2148437500000000E-02    0.1005859375000000E-02
   94    0.1777343750000000E-02    0.9299850463867187E-03
   95   -0.1894531250000000E-02    0.7743453979492188E-03
   96    0.3769531250000000E-02    0.9893417358398438E-03
   97   -0.2460937500000000E-02    0.9131622314453125E-03
   98   -0.8007812500000000E-03    0.8494186401367187E-03
   99    0.3437500000000000E-02    0.9064483642578125E-03
  100    0.1953125000000000E-03    0.9092712402343751E-03
