# time =    0.4726
    0    0.1000000000000000E+01    0.1000000000000000E+01
    1    0.2341210937500000E+00    0.5556423187255859E-01
    2    0.5242187500000000E-01    0.3791885375976562E-02
    3    0.1388671875000000E-01    0.1203880310058594E-02
    4    0.9765625000000000E-03    0.1050796508789062E-02
    5    0.1425781250000000E-02    0.9696578979492187E-03
    6   -0.4687500000000000E-03    0.8790588378906250E-03
    7   -0.8085937499999999E-02    0.1132049560546875E-02
    8   -0.4062500000000000E-02    0.1044006347656250E-02
    9   -0.2753906250000000E-02    0.8202743530273438E-03
   10    0.9375000000000000E-03    0.9690856933593750E-03
   11   -0.7031250000000000E-02    0.8748626708984375E-03
   12   -0.3417968750000000E-02    0.1100959777832031E-02
   13   -0.1132812500000000E-02    0.8959960937500000E-03
   14   -0.3925781250000000E-02    0.1031074523925781E-02
   15   -0.2109375000000000E-02    0.9093475341796875E-03
   16   -0.3554687500000000E-02    0.9335327148437500E-03
   17    0.2441406250000000E-02    0.9183120727539062E-03
   18   -0.2539062500000000E-03    0.8586502075195313E-03
   19   -0.3007812500000000E-02    0.7483673095703125E-03
   20   -0.3828125000000000E-02    0.1054153442382812E-02
   21   -0.1660156250000000E-02    0.1156349182128906E-02
   22   -0.8789062500000000E-03    0.1092414855957031E-02
   23    0.5312500000000000E-02    0.8876037597656250E-03
   24    0.3750000000000000E-02    0.1072235107421875E-02
   25    0.6640625000000000E-03    0.7694244384765625E-03
   26   -0.2949218750000000E-02    0.1169319152832031E-02
   27   -0.4160156250000000E-02    0.9699630737304688E-03
   28    0.1777343750000000E-02    0.1228599548339844E-02
   29    0.2656250000000000E-02    0.9973144531250000E-03
   30    0.6035156250000000E-02    0.1057548522949219E-02
   31   -0.1328125000000000E-02    0.7994842529296875E-03
   32    0.2148437500000000E-03    0.9670639038085937E-03
   33   -0.2167968750000000E-02    0.8146286010742188E-03
   34    0.3125000000000000E-02    0.1024322509765625E-02
   35   -0.2109375000000000E-02    0.9741973876953125E-03
   36   -0.3125000000000000E-03    0.1179122924804688E-02
   37   -0.2246093750000000E-02    0.1152381896972656E-02
   38    0.1074218750000000E-02    0.1056480407714844E-02
   39    0.6250000000000000E-03    0.7516479492187500E-03
   40   -0.6445312500000000E-03    0.9113693237304687E-03
   41    0.4101562500000000E-03    0.6528854370117188E-03
   42    0.1210937500000000E-02    0.9247589111328125E-03
   43    0.2148437500000000E-02    0.8503723144531250E-03
   44   -0.1992187500000000E-02    0.1087493896484375E-02
   45   -0.8789062500000000E-03    0.8757400512695312E-03
   46   -0.3925781250000000E-02    0.1006813049316406E-02
   47   -0.6542968750000000E-02    0.8569717407226563E-03
   48   -0.5195312500000000E-02    0.1028518676757813E-02
   49    0.3378906250000000E-02    0.1016654968261719E-02
   50   -0.3515625000000000E-03    0.7843780517578125E-03
   51   -0.3632812500000000E-02    0.8891296386718750E-03
   52    0.9960937500000000E-03    0.1063499450683594E-02
   53    0.3808593750000000E-02    0.1005973815917969E-02
   54    0.5078125000000000E-03    0.8826446533203125E-03
   55   -0.5058593750000000E-02    0.1163444519042969E-02
   56   -0.5644531250000000E-02    0.1188774108886719E-02
   57   -0.4824218750000000E-02    0.1162452697753906E-02
   58   -0.6367187500000000E-02    0.1054382324218750E-02
   59   -0.1953125000000000E-03    0.9585571289062500E-03
   60    0.1679687500000000E-02    0.9587097167968750E-03
   61    0.5859375000000000E-02    0.1191329956054688E-02
   62    0.2167968750000000E-02    0.9038925170898437E-03
   63    0.3906250000000000E-02    0.1202011108398438E-02
   64    0.8203125000000000E-03    0.9037780761718750E-03
   65    0.5136718750000000E-02    0.9377670288085938E-03
   66    0.8046875000000000E-02    0.1052017211914062E-02
   67   -0.4121093750000000E-02    0.1131019592285156E-02
   68   -0.3203125000000000E-02    0.8904266357421875E-03
   69   -0.5214843750000000E-02    0.9231948852539062E-03
   70    0.2500000000000000E-02    0.8255767822265625E-03
   71   -0.1367187500000000E-02    0.9449768066406250E-03
   72    0.3105468750000000E-02    0.8198165893554687E-03
   73    0.5136718750000000E-02    0.8456039428710937E-03
   74   -0.1152343750000000E-02    0.9322738647460937E-03
   75   -0.8066406250000000E-02    0.1115379333496094E-02
   76    0.5898437500000000E-02    0.1308288574218750E-02
   77    0.3164062500000000E-02    0.1088027954101563E-02
   78   -0.7421875000000000E-02    0.9589385986328125E-03
   79   -0.3671875000000000E-02    0.9003448486328125E-03
   80   -0.5468750000000001E-03    0.9889221191406250E-03
   81    0.4687500000000000E-03    0.9560394287109375E-03
   82   -0.2753906250000000E-02    0.1187477111816406E-02
   83   -0.1953125000000000E-03    0.8583068847656250E-03
   84   -0.4003906250000000E-02    0.1080665588378906E-02
   85    0.3125000000000000E-02    0.9227752685546875E-03
   86   -0.2773437500000000E-02    0.8470153808593750E-03
   87    0.1660156250000000E-02    0.7536697387695312E-03
   88   -0.3535156250000000E-02    0.9987258911132813E-03
   89   -0.6640625000000000E-03    0.7889556884765625E-03
   90   -0.2500000000000000E-02    0.9501647949218750E-03
   91   -0.2734375000000000E-02    0.8544921875000000E-03
   92    0.5156250000000000E-02    0.1090850830078125E-02
   93    0.3359375000000000E-02    0.8059692382812500E-03
   94    0.2421875000000000E-02    0.9516906738281250E-03
   95    0.5195312500000000E-02    0.9899902343749999E-03
   96    0.3261718750000000E-02    0.8071517944335938E-03
   97   -0.2304687500000000E-02    0.1162490844726563E-02
   98    0.9375000000000000E-03    0.8150482177734375E-03
   99    0.9335937500000000E-02    0.1012878417968750E-02
  100    0.5683593750000000E-02    0.9613418579101562E-03
