# time =    0.4768
    0    0.1000000000000000E+01    0.1000000000000000E+01
    1    0.2191406250000000E+00    0.4862480163574219E-01
    2    0.5767578125000000E-01    0.4604377746582031E-02
    3    0.2029296875000000E-01    0.1423606872558594E-02
    4    0.8730468750000000E-02    0.1279792785644531E-02
    5   -0.3535156250000000E-02    0.1136589050292969E-02
    6   -0.6250000000000000E-03    0.1073608398437500E-02
    7   -0.8398437500000000E-03    0.8953475952148438E-03
    8   -0.5312500000000000E-02    0.1247787475585938E-02
    9   -0.1386718750000000E-02    0.9235763549804688E-03
   10    0.1210937500000000E-02    0.9507751464843750E-03
   11    0.9179687499999999E-03    0.8414840698242188E-03
   12    0.3769531250000000E-02    0.9640121459960938E-03
   13   -0.1152343750000000E-02    0.1019935607910156E-02
   14   -0.3769531250000000E-02    0.1045188903808594E-02
   15    0.5722656250000000E-02    0.1123771667480469E-02
   16   -0.3671875000000000E-02    0.7510375976562500E-03
   17   -0.6718750000000000E-02    0.1186523437500000E-02
   18   -0.6425781250000000E-02    0.9838485717773438E-03
   19   -0.1953125000000000E-04    0.1019248962402344E-02
   20    0.6640625000000000E-03    0.1056213378906250E-02
   21   -0.4902343750000000E-02    0.8565139770507813E-03
   22   -0.3378906250000000E-02    0.1204566955566406E-02
   23    0.2734375000000000E-03    0.1171493530273438E-02
   24   -0.1074218750000000E-02    0.1050300598144531E-02
   25    0.2246093750000000E-02    0.1190605163574219E-02
   26    0.1210937500000000E-02    0.9784698486328125E-03
   27    0.8027343750000001E-02    0.8718490600585938E-03
   28    0.2812500000000000E-02    0.9223175048828125E-03
   29   -0.2382812500000000E-02    0.8304595947265625E-03
   30   -0.1250000000000000E-02    0.8283996582031250E-03
   31   -0.1464843750000000E-02    0.8285903930664063E-03
   32   -0.5664062500000000E-02    0.7498168945312500E-03
   33   -0.4472656250000000E-02    0.1038475036621094E-02
   34   -0.4355468750000000E-02    0.1095542907714844E-02
   35   -0.4628906250000000E-02    0.1114234924316406E-02
   36   -0.5859375000000000E-04    0.8318710327148437E-03
   37   -0.8437500000000001E-02    0.8675384521484375E-03
   38   -0.1464843750000000E-02    0.9156417846679688E-03
   39    0.3515625000000000E-03    0.6311798095703125E-03
   40    0.3593750000000000E-02    0.1172180175781250E-02
   41    0.2343750000000000E-03    0.7866668701171875E-03
   42    0.4179687500000000E-02    0.8734130859375000E-03
   43    0.3359375000000000E-02    0.1041488647460937E-02
   44    0.2968750000000000E-02    0.1042098999023438E-02
   45    0.2343750000000000E-02    0.1074295043945313E-02
   46   -0.1171875000000000E-02    0.1065139770507813E-02
   47    0.2714843750000000E-02    0.1036033630371094E-02
   48   -0.2714843750000000E-02    0.1164283752441406E-02
   49    0.2031250000000000E-02    0.1134796142578125E-02
   50    0.5644531250000000E-02    0.1044807434082031E-02
   51    0.3437500000000000E-02    0.1025924682617187E-02
   52   -0.1953125000000000E-02    0.9027099609374999E-03
   53   -0.4238281250000000E-02    0.8050155639648438E-03
   54   -0.2167968750000000E-02    0.9868240356445312E-03
   55    0.5273437500000000E-03    0.9831619262695313E-03
   56   -0.1562500000000000E-02    0.1072082519531250E-02
   57    0.1562500000000000E-02    0.1195526123046875E-02
   58    0.7285156250000000E-02    0.9463119506835937E-03
   59   -0.1933593750000000E-02    0.7822036743164063E-03
   60   -0.2011718750000000E-02    0.8513259887695312E-03
   61    0.2519531250000000E-02    0.7942581176757813E-03
   62    0.4648437500000000E-02    0.1081085205078125E-02
   63    0.2187500000000000E-02    0.8381652832031250E-03
   64    0.6523437500000000E-02    0.1132354736328125E-02
   65   -0.1328125000000000E-02    0.9607696533203126E-03
   66   -0.2421875000000000E-02    0.1024551391601562E-02
   67   -0.2304687500000000E-02    0.1127090454101562E-02
   68   -0.2011718750000000E-02    0.8690261840820313E-03
   69   -0.7070312500000000E-02    0.1160125732421875E-02
   70   -0.2148437500000000E-03    0.9495925903320313E-03
   71    0.2890625000000000E-02    0.9587860107421875E-03
   72   -0.6562500000000000E-02    0.9529876708984375E-03
   73   -0.5878906250000000E-02    0.8818435668945312E-03
   74   -0.9375000000000000E-03    0.9205627441406250E-03
   75   -0.1425781250000000E-02    0.9756851196289063E-03
   76    0.2109375000000000E-02    0.1218490600585938E-02
   77   -0.6367187500000000E-02    0.1152725219726563E-02
   78   -0.4257812500000000E-02    0.9633636474609375E-03
   79   -0.2031250000000000E-02    0.9571838378906250E-03
   80    0.2304687500000000E-02    0.1069259643554688E-02
   81   -0.1210937500000000E-02    0.1041488647460937E-02
   82    0.2343750000000000E-02    0.8845520019531250E-03
   83    0.7226562500000000E-03    0.9178543090820313E-03
   84    0.6640625000000000E-02    0.1046676635742187E-02
   85    0.3222656250000000E-02    0.9000015258789063E-03
   86   -0.1933593750000000E-02    0.9675979614257813E-03
   87   -0.2480468750000000E-02    0.8602523803710937E-03
   88    0.1562500000000000E-03    0.9432220458984375E-03
   89   -0.1777343750000000E-02    0.1111106872558594E-02
   90    0.3847656250000000E-02    0.1150016784667969E-02
   91   -0.2207031250000000E-02    0.7930374145507812E-03
   92   -0.3671875000000000E-02    0.8007049560546875E-03
   93    0.1542968750000000E-02    0.9200668334960937E-03
   94    0.3281250000000000E-02    0.9327697753906250E-03
   95   -0.2832031250000000E-02    0.1079750061035156E-02
   96   -0.3515625000000000E-02    0.1068344116210938E-02
   97   -0.2207031250000000E-02    0.9102249145507813E-03
   98    0.3125000000000000E-03    0.1040878295898438E-02
   99    0.4316406250000000E-02    0.1022529602050781E-02
  100    0.3496093750000000E-02    0.8039474487304688E-03
