# time =    0.4640
    0    0.1000000000000000E+01    0.1000000000000000E+01
    1    0.1833789062500000E+00    0.3428936004638672E-01
    2    0.4021484375000000E-01    0.2579231262207031E-02
    3    0.9863281250000000E-02    0.1312217712402344E-02
    4    0.6328125000000000E-02    0.9604644775390625E-03
    5    0.6562500000000000E-02    0.1008300781250000E-02
    6    0.8457031250000000E-02    0.7613754272460938E-03
    7    0.1093750000000000E-02    0.1076202392578125E-02
    8   -0.3828125000000000E-02    0.9351348876953124E-03
    9   -0.1953125000000000E-03    0.1099395751953125E-02
   10   -0.6113281250000000E-02    0.9144973754882812E-03
   11   -0.6386718750000000E-02    0.1086463928222656E-02
   12   -0.7031250000000000E-03    0.7071685791015625E-03
   13   -0.2265625000000000E-02    0.9302520751953126E-03
   14   -0.1757812500000000E-03    0.9698867797851562E-03
   15    0.1230468750000000E-02    0.1059455871582031E-02
   16   -0.4277343750000000E-02    0.9336471557617188E-03
   17   -0.1171875000000000E-02    0.1000289916992188E-02
   18    0.3574218750000000E-02    0.1044044494628906E-02
   19    0.7812500000000000E-03    0.7668304443359375E-03
   20   -0.2558593750000000E-02    0.9532546997070312E-03
   21   -0.3574218750000000E-02    0.1000785827636719E-02
   22    0.3125000000000000E-03    0.7819366455078125E-03
   23    0.3828125000000000E-02    0.9123229980468750E-03
   24    0.3515625000000000E-03    0.1079559326171875E-02
   25    0.3515625000000000E-03    0.9300994873046875E-03
   26   -0.1562500000000000E-03    0.9281921386718750E-03
   27   -0.1523437500000000E-02    0.8074951171875000E-03
   28    0.3710937500000000E-03    0.1004447937011719E-02
   29    0.2929687500000000E-02    0.9400177001953125E-03
   30    0.4238281250000000E-02    0.9150314331054688E-03
   31    0.1816406250000000E-02    0.8172988891601562E-03
   32   -0.2265625000000000E-02    0.8225250244140625E-03
   33    0.5527343750000000E-02    0.1199073791503906E-02
   34   -0.2109375000000000E-02    0.8384704589843750E-03
   35   -0.3906250000000000E-03    0.1062240600585937E-02
   36    0.4375000000000000E-02    0.1127471923828125E-02
   37    0.3828125000000000E-02    0.1084213256835938E-02
   38    0.4960937500000000E-02    0.9444427490234375E-03
   39    0.8593750000000001E-02    0.9664154052734375E-03
   40   -0.1699218750000000E-02    0.8507156372070312E-03
   41    0.3593750000000000E-02    0.7641601562500000E-03
   42    0.1796875000000000E-02    0.9378814697265626E-03
   43    0.4101562500000000E-03    0.8446884155273438E-03
   44   -0.2226562500000000E-02    0.1254119873046875E-02
   45    0.3906250000000000E-03    0.1042938232421875E-02
   46    0.1660156250000000E-02    0.9669876098632813E-03
   47   -0.6933593750000000E-02    0.1027183532714844E-02
   48   -0.6953125000000000E-02    0.9587860107421875E-03
   49   -0.1875000000000000E-02    0.1053161621093750E-02
   50    0.5273437500000000E-02    0.9105682373046875E-03
   51    0.5546875000000000E-02    0.1114730834960938E-02
   52    0.3222656250000000E-02    0.1086387634277344E-02
   53   -0.2617187500000000E-02    0.1181411743164062E-02
   54   -0.8593750000000000E-03    0.1007232666015625E-02
   55    0.1171875000000000E-02    0.1086502075195312E-02
   56    0.1484375000000000E-02    0.1046371459960938E-02
   57   -0.5996093750000000E-02    0.1185646057128906E-02
   58   -0.2089843750000000E-02    0.9482955932617188E-03
   59    0.9765625000000000E-03    0.7107543945312500E-03
   60   -0.2285156250000000E-02    0.1020469665527344E-02
   61   -0.3535156250000000E-02    0.1108665466308594E-02
   62    0.3671875000000000E-02    0.1181259155273438E-02
   63    0.9179687499999999E-03    0.8893203735351562E-03
   64    0.2910156250000000E-02    0.1144905090332031E-02
   65   -0.5742187500000000E-02    0.9830474853515625E-03
   66    0.1367187500000000E-03    0.1116523742675781E-02
   67   -0.6523437500000000E-02    0.1016159057617187E-02
   68    0.5078125000000000E-03    0.8829498291015625E-03
   69   -0.3125000000000000E-03    0.9489440917968750E-03
   70    0.1484375000000000E-02    0.9920501708984375E-03
   71   -0.7812500000000000E-03    0.9574127197265625E-03
   72    0.1953125000000000E-02    0.8106994628906250E-03
   73   -0.2089843750000000E-02    0.8381271362304688E-03
   74   -0.2226562500000000E-02    0.8377075195312500E-03
   75   -0.3984375000000000E-02    0.9539794921875000E-03
   76   -0.4160156250000000E-02    0.9661483764648438E-03
   77    0.7031250000000000E-03    0.9584808349609375E-03
   78   -0.1484375000000000E-02    0.9109497070312500E-03
   79    0.4882812500000000E-03    0.1233634948730469E-02
   80   -0.4062500000000000E-02    0.1138153076171875E-02
   81    0.1445312500000000E-02    0.1109161376953125E-02
   82   -0.3710937500000000E-03    0.1245536804199219E-02
   83   -0.5839843750000000E-02    0.1021003723144531E-02
   84   -0.1953125000000000E-02    0.1045455932617188E-02
   85   -0.1445312500000000E-02    0.8800506591796875E-03
   86   -0.8984375000000000E-03    0.8576965332031250E-03
   87   -0.3945312500000000E-02    0.1040344238281250E-02
   88    0.2031250000000000E-02    0.1088256835937500E-02
   89    0.7226562500000000E-03    0.9113693237304687E-03
   90   -0.3730468750000000E-02    0.8378219604492187E-03
   91    0.1328125000000000E-02    0.1162567138671875E-02
   92   -0.2832031250000000E-02    0.1048393249511719E-02
   93   -0.1660156250000000E-02    0.8599472045898438E-03
   94    0.5078125000000000E-03    0.8460235595703125E-03
   95   -0.1835937500000000E-02    0.7733917236328125E-03
   96   -0.2128906250000000E-02    0.1014518737792969E-02
   97    0.1386718750000000E-02    0.6994247436523437E-03
   98   -0.4882812500000000E-03    0.1142005920410156E-02
   99    0.2578125000000000E-02    0.8442687988281250E-03
  100    0.2636718750000000E-02    0.1224861145019531E-02
