# time =    0.4197
    0    0.1000000000000000E+01    0.1000000000000000E+01
    1    0.4409570312500000E+00    0.1951716232299805E+00
    2    0.2666015625000000E+00    0.7218940734863281E-01
    3    0.1974414062500000E+00    0.3986698150634765E-01
    4    0.1590429687500000E+00    0.2620281219482422E-01
    5    0.1387304687500000E+00    0.2014362335205078E-01
    6    0.1223437500000000E+00    0.1589439392089844E-01
    7    0.1122070312500000E+00    0.1358455657958984E-01
    8    0.1027343750000000E+00    0.1145767211914062E-01
    9    0.9773437500000000E-01    0.1050849914550781E-01
   10    0.9218750000000001E-01    0.9464263916015625E-02
   11    0.9105468750000000E-01    0.9147262573242188E-02
   12    0.8490234375000000E-01    0.8147850036621093E-02
   13    0.8167968750000000E-01    0.7807159423828125E-02
   14    0.7939453125000000E-01    0.7449531555175781E-02
   15    0.7597656250000000E-01    0.6876525878906250E-02
   16    0.7042968750000000E-01    0.6085891723632813E-02
   17    0.7199218750000000E-01    0.6286239624023438E-02
   18    0.7101562500000000E-01    0.6194915771484375E-02
   19    0.6898437500000000E-01    0.5960540771484375E-02
   20    0.6568359375000000E-01    0.5403327941894531E-02
   21    0.6582031250000001E-01    0.5348434448242187E-02
   22    0.6267578125000001E-01    0.5084877014160156E-02
   23    0.6402343750000000E-01    0.5271911621093750E-02
   24    0.6234375000000000E-01    0.4928970336914062E-02
   25    0.6187500000000000E-01    0.4898757934570313E-02
   26    0.5982421875000000E-01    0.4542655944824218E-02
   27    0.5542968750000000E-01    0.4052047729492188E-02
   28    0.5826171875000000E-01    0.4348716735839844E-02
   29    0.5550781250000000E-01    0.4108505249023437E-02
   30    0.5648437500000000E-01    0.4386138916015625E-02
   31    0.5537109375000000E-01    0.4220695495605469E-02
   32    0.5320312500000000E-01    0.3811492919921875E-02
   33    0.5240234375000000E-01    0.3751029968261719E-02
   34    0.5384765625000000E-01    0.3999290466308594E-02
   35    0.5310546875000000E-01    0.4007835388183594E-02
   36    0.5140625000000000E-01    0.3672561645507813E-02
   37    0.5332031250000000E-01    0.3859024047851563E-02
   38    0.5250000000000000E-01    0.3791809082031250E-02
   39    0.5052734375000000E-01    0.3554878234863281E-02
   40    0.4865234375000000E-01    0.3470802307128906E-02
   41    0.4962890625000000E-01    0.3553428649902344E-02
   42    0.4820312500000000E-01    0.3467636108398437E-02
   43    0.4787109375000000E-01    0.3390007019042969E-02
   44    0.4769531250000000E-01    0.3254089355468750E-02
   45    0.4851562500000000E-01    0.3251190185546875E-02
   46    0.4712890625000000E-01    0.3173637390136719E-02
   47    0.4572265625000000E-01    0.3184547424316406E-02
   48    0.4570312500000000E-01    0.3046798706054688E-02
   49    0.4494140625000000E-01    0.2988319396972656E-02
   50    0.4585937500000000E-01    0.3106231689453125E-02
   51    0.4468750000000000E-01    0.2984008789062500E-02
   52    0.4373046875000000E-01    0.2920265197753906E-02
   53    0.4269531250000000E-01    0.2801284790039063E-02
   54    0.4226562500000000E-01    0.2740478515625000E-02
   55    0.4369140625000000E-01    0.2829551696777344E-02
   56    0.4408203125000000E-01    0.2846031188964844E-02
   57    0.4380859375000000E-01    0.2889900207519531E-02
   58    0.4253906250000000E-01    0.2757644653320312E-02
   59    0.4279296875000000E-01    0.2771568298339844E-02
   60    0.4183593750000000E-01    0.2721099853515625E-02
   61    0.4183593750000000E-01    0.2792892456054687E-02
   62    0.4228515625000000E-01    0.2780189514160156E-02
   63    0.4343750000000000E-01    0.2820434570312500E-02
   64    0.4001953125000000E-01    0.2451515197753906E-02
   65    0.4201171875000000E-01    0.2529869079589844E-02
   66    0.4150390625000000E-01    0.2590675354003906E-02
   67    0.4148437500000000E-01    0.2586898803710937E-02
   68    0.4166015625000000E-01    0.2541465759277344E-02
   69    0.4125000000000000E-01    0.2533645629882812E-02
   70    0.4271484375000000E-01    0.2785530090332031E-02
   71    0.4208984375000000E-01    0.2697868347167969E-02
   72    0.4130859375000000E-01    0.2535438537597656E-02
   73    0.3958984375000000E-01    0.2560462951660156E-02
   74    0.3955078125000000E-01    0.2450523376464844E-02
   75    0.3966796875000000E-01    0.2442054748535156E-02
   76    0.3847656250000000E-01    0.2326202392578125E-02
   77    0.3892578125000000E-01    0.2414360046386719E-02
   78    0.3789062500000000E-01    0.2299957275390625E-02
   79    0.3703125000000000E-01    0.2265853881835938E-02
   80    0.3865234375000000E-01    0.2536888122558594E-02
   81    0.3863281250000000E-01    0.2429046630859375E-02
   82    0.3949218750000000E-01    0.2456359863281250E-02
   83    0.3892578125000000E-01    0.2380332946777344E-02
   84    0.3822265625000000E-01    0.2286415100097656E-02
   85    0.3812500000000000E-01    0.2328186035156250E-02
   86    0.3667968750000000E-01    0.2214965820312500E-02
   87    0.3849609375000000E-01    0.2425422668457031E-02
   88    0.3781250000000000E-01    0.2266159057617187E-02
   89    0.3714843750000000E-01    0.2167739868164062E-02
   90    0.3669921875000000E-01    0.2145500183105469E-02
   91    0.3751953125000000E-01    0.2223625183105469E-02
   92    0.3515625000000000E-01    0.1983413696289063E-02
   93    0.3679687500000000E-01    0.2139282226562500E-02
   94    0.3462890625000000E-01    0.2055397033691406E-02
   95    0.3564453125000000E-01    0.2206306457519531E-02
   96    0.3511718750000000E-01    0.2187118530273438E-02
   97    0.3517578125000000E-01    0.2094535827636719E-02
   98    0.3687500000000000E-01    0.2190704345703125E-02
   99    0.3650390625000000E-01    0.2174186706542969E-02
  100    0.3408203125000000E-01    0.1989784240722656E-02
