# time =    0.4661
    0    0.1000000000000000E+01    0.1000000000000000E+01
    1    0.2095898437500000E+00    0.4487026214599609E-01
    2    0.4740234375000000E-01    0.3392753601074219E-02
    3    0.1232421875000000E-01    0.1340675354003906E-02
    4    0.5468750000000000E-02    0.1082153320312500E-02
    5    0.3906250000000000E-04    0.1158294677734375E-02
    6    0.2656250000000000E-02    0.1090240478515625E-02
    7    0.4882812500000000E-03    0.9613418579101562E-03
    8    0.3125000000000000E-03    0.1088943481445312E-02
    9    0.4296875000000000E-03    0.1067276000976562E-02
   10   -0.3808593750000000E-02    0.9972763061523438E-03
   11    0.2656250000000000E-02    0.9487152099609375E-03
   12   -0.1250000000000000E-02    0.1071395874023438E-02
   13   -0.2167968750000000E-02    0.1108283996582031E-02
   14   -0.7558593750000000E-02    0.9233474731445313E-03
   15   -0.5859375000000000E-04    0.7119369506835937E-03
   16   -0.4003906250000000E-02    0.9177017211914062E-03
   17   -0.5273437500000000E-02    0.1026077270507813E-02
   18   -0.4687500000000000E-02    0.8687591552734375E-03
   19    0.2148437500000000E-03    0.8917617797851563E-03
   20   -0.2539062500000000E-02    0.8506011962890625E-03
   21   -0.4765625000000000E-02    0.8657836914062500E-03
   22   -0.8984375000000000E-03    0.9894561767578125E-03
   23   -0.4609375000000000E-02    0.1204910278320313E-02
   24    0.4296875000000000E-03    0.8797454833984375E-03
   25    0.3242187500000000E-02    0.9436035156250001E-03
   26   -0.4707031250000000E-02    0.1162147521972656E-02
   27    0.1757812500000000E-02    0.1270675659179688E-02
   28    0.6250000000000000E-02    0.9337615966796875E-03
   29    0.6054687500000000E-03    0.7737350463867188E-03
   30   -0.3906250000000000E-03    0.9191894531250000E-03
   31   -0.1250000000000000E-02    0.9442138671875000E-03
   32   -0.3339843750000000E-02    0.1024131774902344E-02
   33    0.2734375000000000E-03    0.1112289428710937E-02
   34    0.1289062500000000E-02    0.1210784912109375E-02
   35   -0.9375000000000000E-03    0.8926391601562500E-03
   36   -0.3750000000000000E-02    0.6733703613281250E-03
   37    0.8984375000000000E-03    0.8793640136718750E-03
   38    0.2167968750000000E-02    0.7236862182617188E-03
   39    0.2949218750000000E-02    0.8633804321289063E-03
   40   -0.1269531250000000E-02    0.8362197875976563E-03
   41    0.5625000000000000E-02    0.9796905517578125E-03
   42    0.5527343750000000E-02    0.9849929809570312E-03
   43    0.1562500000000000E-03    0.8308410644531250E-03
   44   -0.3085937500000000E-02    0.1080245971679688E-02
   45   -0.2382812500000000E-02    0.9902954101562501E-03
   46    0.1269531250000000E-02    0.1154289245605469E-02
   47    0.1933593750000000E-02    0.1168861389160156E-02
   48   -0.6054687500000000E-03    0.8839797973632812E-03
   49   -0.5781250000000000E-02    0.7530975341796875E-03
   50   -0.6503906250000000E-02    0.1122932434082031E-02
   51   -0.2539062500000000E-02    0.8871459960937500E-03
   52   -0.2734375000000000E-02    0.1163024902343750E-02
   53    0.2441406250000000E-02    0.1180610656738281E-02
   54   -0.2539062500000000E-03    0.8658218383789062E-03
   55   -0.8007812499999999E-02    0.8560180664062500E-03
   56    0.3320312500000000E-03    0.1155738830566406E-02
   57   -0.2519531250000000E-02    0.7235336303710937E-03
   58   -0.4414062500000000E-02    0.1010437011718750E-02
   59    0.7167968750000000E-02    0.8591079711914063E-03
   60    0.7812500000000000E-03    0.9303283691406250E-03
   61    0.6074218750000000E-02    0.9449386596679688E-03
   62   -0.5078125000000000E-03    0.1075286865234375E-02
   63    0.3144531250000000E-02    0.1464805603027344E-02
   64   -0.4296875000000000E-03    0.8246612548828125E-03
   65    0.3906250000000000E-04    0.1057586669921875E-02
   66    0.3535156250000000E-02    0.1110267639160156E-02
   67    0.3164062500000000E-02    0.9593200683593750E-03
   68    0.4296875000000000E-03    0.8248901367187500E-03
   69   -0.1718750000000000E-02    0.9585571289062500E-03
   70   -0.1230468750000000E-02    0.9647750854492187E-03
   71   -0.2519531250000000E-02    0.8919906616210938E-03
   72    0.2539062500000000E-03    0.1048316955566406E-02
   73   -0.2792968750000000E-02    0.9206008911132813E-03
   74   -0.4062500000000000E-02    0.1077804565429688E-02
   75   -0.5488281250000000E-02    0.1021766662597656E-02
   76   -0.6035156250000000E-02    0.8264541625976563E-03
   77   -0.6054687500000000E-03    0.1117897033691406E-02
   78    0.6640625000000000E-03    0.9478759765625000E-03
   79    0.2148437500000000E-02    0.9406280517578125E-03
   80    0.4921875000000000E-02    0.9863281250000000E-03
   81   -0.1445312500000000E-02    0.8354187011718750E-03
   82   -0.7226562500000000E-03    0.1106910705566406E-02
   83    0.4453125000000000E-02    0.1162414550781250E-02
   84    0.3906250000000000E-04    0.8508300781250000E-03
   85   -0.1953125000000000E-03    0.1062316894531250E-02
   86    0.2597656250000000E-02    0.7596969604492188E-03
   87   -0.4082031250000000E-02    0.8703994750976562E-03
   88   -0.4335937500000000E-02    0.9082794189453125E-03
   89   -0.4101562500000000E-03    0.9798812866210938E-03
   90   -0.6054687500000000E-03    0.9664535522460937E-03
   91    0.1582031250000000E-02    0.1016960144042969E-02
   92   -0.3027343750000000E-02    0.9029769897460938E-03
   93    0.2714843750000000E-02    0.1127662658691406E-02
   94    0.1738281250000000E-02    0.8244705200195312E-03
   95    0.1289062500000000E-02    0.9891510009765625E-03
   96   -0.1523437500000000E-02    0.8472442626953125E-03
   97   -0.5566406250000000E-02    0.9933853149414063E-03
   98   -0.2226562500000000E-02    0.8781433105468750E-03
   99    0.9960937500000000E-03    0.7999801635742188E-03
  100   -0.6445312500000000E-03    0.8346176147460937E-03
