# time =    0.4211
    0    0.1000000000000000E+01    0.1000000000000000E+01
    1    0.3905664062500000E+00    0.1529903030395508E+00
    2    0.2067773437500000E+00    0.4351810455322266E-01
    3    0.1301757812500000E+00    0.1782680511474609E-01
    4    0.9964843750000001E-01    0.1078384399414063E-01
    5    0.7660156250000000E-01    0.6883850097656250E-02
    6    0.6201171875000000E-01    0.4677162170410156E-02
    7    0.5402343750000000E-01    0.3595809936523438E-02
    8    0.4884765625000000E-01    0.3282051086425781E-02
    9    0.4371093750000000E-01    0.2754287719726562E-02
   10    0.3679687500000000E-01    0.2214355468750000E-02
   11    0.3259765625000000E-01    0.1896629333496094E-02
   12    0.3314453125000000E-01    0.1823234558105469E-02
   13    0.3376953125000000E-01    0.2036705017089844E-02
   14    0.3220703125000000E-01    0.2209587097167969E-02
   15    0.2593750000000000E-01    0.1602401733398438E-02
   16    0.2291015625000000E-01    0.1319923400878906E-02
   17    0.2273437500000000E-01    0.1302261352539062E-02
   18    0.2238281250000000E-01    0.1241073608398437E-02
   19    0.1929687500000000E-01    0.1321563720703125E-02
   20    0.1912109375000000E-01    0.1216392517089844E-02
   21    0.1636718750000000E-01    0.1178588867187500E-02
   22    0.1031250000000000E-01    0.1081466674804688E-02
   23    0.1343750000000000E-01    0.1116867065429687E-02
   24    0.1464843750000000E-01    0.1188430786132813E-02
   25    0.1455078125000000E-01    0.1209983825683594E-02
   26    0.1464843750000000E-01    0.1111450195312500E-02
   27    0.8007812499999999E-02    0.9273529052734375E-03
   28    0.1314453125000000E-01    0.1112174987792969E-02
   29    0.1052734375000000E-01    0.1314048767089844E-02
   30    0.1250000000000000E-01    0.1206054687500000E-02
   31    0.1050781250000000E-01    0.1199569702148437E-02
   32    0.9589843750000000E-02    0.1249198913574219E-02
   33    0.7773437500000000E-02    0.1054382324218750E-02
   34    0.1005859375000000E-01    0.1051216125488281E-02
   35    0.8125000000000000E-02    0.9996032714843751E-03
   36    0.1224609375000000E-01    0.9289932250976563E-03
   37    0.1220703125000000E-01    0.1148338317871094E-02
   38    0.8593750000000001E-02    0.9761047363281250E-03
   39    0.6835937500000000E-02    0.9890747070312499E-03
   40    0.9804687499999999E-02    0.1068344116210938E-02
   41    0.8105468750000001E-02    0.8550643920898438E-03
   42    0.6914062500000000E-02    0.8803558349609375E-03
   43    0.5058593750000000E-02    0.9177780151367188E-03
   44    0.4394531250000000E-02    0.8703231811523438E-03
   45    0.6269531250000000E-02    0.9176254272460938E-03
   46    0.5781250000000000E-02    0.1127090454101562E-02
   47    0.6894531250000000E-02    0.1230888366699219E-02
   48    0.9570312500000001E-02    0.9997558593749999E-03
   49    0.8925781250000001E-02    0.8791732788085937E-03
   50    0.9218750000000000E-02    0.9352874755859375E-03
   51    0.6679687500000000E-02    0.8996582031250000E-03
   52    0.5000000000000000E-02    0.1055374145507813E-02
   53    0.4785156250000000E-02    0.8105087280273437E-03
   54    0.5683593750000000E-02    0.6886672973632813E-03
   55    0.5605468750000000E-02    0.8156967163085938E-03
   56    0.8867187500000000E-02    0.1030960083007812E-02
   57    0.7031250000000000E-02    0.8882141113281250E-03
   58    0.7539062500000000E-02    0.1057128906250000E-02
   59    0.5410156250000000E-02    0.1147956848144531E-02
   60    0.5800781250000000E-02    0.9315872192382813E-03
   61    0.3867187500000000E-02    0.1356353759765625E-02
   62    0.3496093750000000E-02    0.1081275939941406E-02
   63    0.5585937500000000E-02    0.1142501831054688E-02
   64    0.6484375000000000E-02    0.1314620971679688E-02
   65    0.6425781250000000E-02    0.1145133972167969E-02
   66    0.3437500000000000E-02    0.8409881591796875E-03
   67    0.2460937500000000E-02    0.9438323974609375E-03
   68    0.2343750000000000E-02    0.1026840209960938E-02
   69    0.4804687500000000E-02    0.1189651489257813E-02
   70    0.4218750000000000E-02    0.8128356933593750E-03
   71    0.2597656250000000E-02    0.8729171752929688E-03
   72    0.5957031250000000E-02    0.8877182006835938E-03
   73    0.7187500000000000E-02    0.9320831298828125E-03
   74    0.1640625000000000E-02    0.8419799804687500E-03
   75    0.1367187500000000E-03    0.8628463745117187E-03
   76    0.1503906250000000E-02    0.9064865112304687E-03
   77    0.3789062500000000E-02    0.9835052490234375E-03
   78    0.4687500000000000E-02    0.7022094726562500E-03
   79    0.2890625000000000E-02    0.8198547363281250E-03
   80    0.1386718750000000E-02    0.9337997436523437E-03
   81    0.4433593750000000E-02    0.1152610778808594E-02
   82    0.6992187500000000E-02    0.9989929199218750E-03
   83    0.9042968750000000E-02    0.9323501586914062E-03
   84    0.6191406250000000E-02    0.9450149536132812E-03
   85    0.6406250000000000E-02    0.1051330566406250E-02
   86    0.5488281250000000E-02    0.1008720397949219E-02
   87    0.5683593750000000E-02    0.9876632690429688E-03
   88    0.7968750000000000E-02    0.1150360107421875E-02
   89    0.9160156250000001E-02    0.1159629821777344E-02
   90    0.1060546875000000E-01    0.1042137145996094E-02
   91    0.8984374999999999E-02    0.1093292236328125E-02
   92    0.6191406250000000E-02    0.8768081665039062E-03
   93    0.6269531250000000E-02    0.8543777465820312E-03
   94    0.4277343750000000E-02    0.7866287231445313E-03
   95    0.2343750000000000E-02    0.7843780517578125E-03
   96    0.5585937500000000E-02    0.9933471679687499E-03
   97    0.4335937500000000E-02    0.9999084472656250E-03
   98    0.3300781250000000E-02    0.1040077209472656E-02
   99    0.1191406250000000E-02    0.9801101684570313E-03
  100    0.3007812500000000E-02    0.1067810058593750E-02
