# time =    0.4664
    0    0.1000000000000000E+01    0.1000000000000000E+01
    1    0.2002343750000000E+00    0.4086082458496094E-01
    2    0.4332031250000000E-01    0.2630996704101563E-02
    3    0.1626953125000000E-01    0.1291847229003906E-02
    4    0.3613281250000000E-02    0.1008949279785156E-02
    5    0.3535156250000000E-02    0.1110343933105469E-02
    6    0.0000000000000000E+00    0.9523773193359375E-03
    7   -0.5664062500000000E-03    0.9442520141601563E-03
    8    0.8203125000000000E-03    0.1002807617187500E-02
    9   -0.3144531250000000E-02    0.1157417297363281E-02
   10   -0.9765625000000000E-03    0.9615325927734375E-03
   11    0.3613281250000000E-02    0.1385002136230469E-02
   12    0.2519531250000000E-02    0.9540939331054688E-03
   13    0.5039062500000000E-02    0.9455108642578126E-03
   14    0.7421875000000000E-02    0.8692932128906250E-03
   15    0.3476562500000000E-02    0.1199417114257813E-02
   16    0.3339843750000000E-02    0.1074333190917969E-02
   17    0.7011718750000000E-02    0.1080207824707031E-02
   18    0.2441406250000000E-02    0.1185646057128906E-02
   19   -0.4921875000000000E-02    0.1081924438476563E-02
   20   -0.1347656250000000E-02    0.1062431335449219E-02
   21   -0.1406250000000000E-02    0.1064682006835938E-02
   22   -0.2539062500000000E-02    0.8245849609375000E-03
   23    0.4687500000000000E-03    0.9727478027343750E-03
   24    0.2382812500000000E-02    0.1034927368164063E-02
   25    0.2871093750000000E-02    0.1061210632324219E-02
   26    0.7031250000000000E-03    0.9677124023437500E-03
   27   -0.3320312500000000E-02    0.8889007568359375E-03
   28   -0.6445312500000000E-03    0.8806228637695312E-03
   29   -0.2714843750000000E-02    0.9424972534179687E-03
   30    0.3320312500000000E-03    0.1005897521972656E-02
   31    0.8593750000000000E-03    0.1203231811523438E-02
   32   -0.3281250000000000E-02    0.1241455078125000E-02
   33    0.2421875000000000E-02    0.1048812866210937E-02
   34    0.4804687500000000E-02    0.1028366088867187E-02
   35    0.8203125000000000E-03    0.8907318115234375E-03
   36   -0.1425781250000000E-02    0.9009933471679687E-03
   37   -0.1113281250000000E-02    0.1210517883300781E-02
   38   -0.5859375000000000E-03    0.1059646606445312E-02
   39   -0.4765625000000000E-02    0.1159896850585938E-02
   40   -0.1132812500000000E-02    0.1131668090820313E-02
   41    0.1660156250000000E-02    0.1006736755371094E-02
   42    0.5859375000000000E-04    0.9415054321289063E-03
   43    0.9960937500000000E-03    0.8636856079101562E-03
   44    0.5019531250000000E-02    0.9277725219726563E-03
   45    0.5996093750000000E-02    0.9912490844726563E-03
   46    0.6816406250000000E-02    0.9285354614257812E-03
   47    0.1406250000000000E-02    0.1206817626953125E-02
   48    0.1992187500000000E-02    0.1140441894531250E-02
   49   -0.5664062500000000E-03    0.1223716735839844E-02
   50   -0.2050781250000000E-02    0.1089134216308594E-02
   51    0.2597656250000000E-02    0.9286117553710938E-03
   52    0.6933593750000000E-02    0.7227706909179687E-03
   53    0.2011718750000000E-02    0.1125297546386719E-02
   54    0.2128906250000000E-02    0.1050682067871094E-02
   55    0.6445312500000000E-03    0.1430168151855469E-02
   56    0.1132812500000000E-02    0.1094512939453125E-02
   57    0.5507812500000000E-02    0.1151580810546875E-02
   58   -0.1132812500000000E-02    0.1114120483398438E-02
   59    0.5078125000000000E-03    0.8509826660156250E-03
   60    0.1347656250000000E-02    0.8056259155273437E-03
   61    0.4492187500000000E-03    0.1006278991699219E-02
   62   -0.3593750000000000E-02    0.8626556396484374E-03
   63    0.1757812500000000E-03    0.7516098022460938E-03
   64    0.9765625000000000E-03    0.1123733520507812E-02
   65    0.2695312500000000E-02    0.1393203735351563E-02
   66    0.1953125000000000E-02    0.1144866943359375E-02
   67    0.1191406250000000E-02    0.9356307983398438E-03
   68    0.1132812500000000E-02    0.7254028320312500E-03
   69   -0.3710937500000000E-03    0.1042289733886719E-02
   70   -0.4062500000000000E-02    0.1030502319335937E-02
   71    0.1093750000000000E-02    0.1029968261718750E-02
   72   -0.9765625000000001E-04    0.1117210388183594E-02
   73   -0.5976562500000000E-02    0.8502197265625000E-03
   74   -0.2226562500000000E-02    0.9880828857421874E-03
   75   -0.1953125000000000E-04    0.1032829284667969E-02
   76    0.1542968750000000E-02    0.8082962036132812E-03
   77   -0.2050781250000000E-02    0.1096992492675781E-02
   78    0.4199218750000000E-02    0.9489059448242188E-03
   79    0.6796875000000000E-02    0.1242065429687500E-02
   80   -0.5273437500000000E-03    0.9703445434570313E-03
   81   -0.2539062500000000E-03    0.1123695373535156E-02
   82    0.1796875000000000E-02    0.1061096191406250E-02
   83    0.1640625000000000E-02    0.1068878173828125E-02
   84    0.6523437500000000E-02    0.1145172119140625E-02
   85    0.3476562500000000E-02    0.1008834838867187E-02
   86    0.3906250000000000E-04    0.1232986450195313E-02
   87    0.3242187500000000E-02    0.1147155761718750E-02
   88   -0.2148437500000000E-03    0.1173667907714844E-02
   89    0.1972656250000000E-02    0.1039848327636719E-02
   90   -0.6250000000000000E-03    0.9365844726562500E-03
   91   -0.1093750000000000E-02    0.8160400390625000E-03
   92    0.2207031250000000E-02    0.1076469421386719E-02
   93   -0.2050781250000000E-02    0.1247138977050781E-02
   94   -0.1582031250000000E-02    0.1110115051269531E-02
   95    0.8593750000000000E-03    0.8510589599609375E-03
   96   -0.1132812500000000E-02    0.8061218261718750E-03
   97   -0.9238281250000001E-02    0.1061820983886719E-02
   98   -0.3085937500000000E-02    0.7543182373046875E-03
   99   -0.1601562500000000E-02    0.8739471435546875E-03
  100    0.3906250000000000E-04    0.9147644042968750E-03
