# time =    0.4684
    0    0.1000000000000000E+01    0.1000000000000000E+01
    1    0.2161718750000000E+00    0.4764816284179688E-01
    2    0.4392578125000000E-01    0.2835655212402344E-02
    3    0.9140624999999999E-02    0.1316604614257812E-02
    4   -0.6250000000000000E-03    0.1240921020507813E-02
    5   -0.5039062500000000E-02    0.1149520874023437E-02
    6   -0.2753906250000000E-02    0.1082954406738281E-02
    7   -0.5429687500000000E-02    0.1074142456054687E-02
    8   -0.4570312500000000E-02    0.1074981689453125E-02
    9   -0.2128906250000000E-02    0.1010780334472656E-02
   10   -0.1914062500000000E-02    0.1171188354492187E-02
   11   -0.4062500000000000E-02    0.8172607421875000E-03
   12   -0.4082031250000000E-02    0.1080589294433594E-02
   13    0.3554687500000000E-02    0.7966613769531250E-03
   14   -0.3085937500000000E-02    0.7880401611328125E-03
   15   -0.3339843750000000E-02    0.8716201782226563E-03
   16    0.3417968750000000E-02    0.8848190307617187E-03
   17   -0.3652343750000000E-02    0.1094322204589844E-02
   18   -0.1484375000000000E-02    0.1144485473632812E-02
   19   -0.9179687499999999E-03    0.9378433227539062E-03
   20   -0.2812500000000000E-02    0.1172561645507812E-02
   21   -0.3828125000000000E-02    0.1156997680664063E-02
   22   -0.1738281250000000E-02    0.1216392517089844E-02
   23    0.5664062500000000E-03    0.1297721862792969E-02
   24   -0.2207031250000000E-02    0.1294975280761719E-02
   25    0.2343750000000000E-03    0.1021194458007812E-02
   26    0.1054687500000000E-02    0.1205444335937500E-02
   27   -0.1621093750000000E-02    0.9551620483398437E-03
   28   -0.1933593750000000E-02    0.8938980102539063E-03
   29   -0.1972656250000000E-02    0.9975814819335937E-03
   30   -0.2929687500000000E-03    0.1046180725097656E-02
   31   -0.1425781250000000E-02    0.1006584167480469E-02
   32    0.5566406250000000E-02    0.1200675964355469E-02
   33    0.1757812500000000E-02    0.1128845214843750E-02
   34    0.1406250000000000E-02    0.1111984252929688E-02
   35   -0.5761718750000000E-02    0.9129714965820313E-03
   36    0.7167968750000000E-02    0.1079673767089844E-02
   37    0.4941406250000000E-02    0.9273147583007813E-03
   38   -0.2714843750000000E-02    0.1099510192871094E-02
   39    0.3984375000000000E-02    0.8417510986328125E-03
   40    0.1132812500000000E-02    0.8161926269531250E-03
   41   -0.3886718750000000E-02    0.9938430786132811E-03
   42    0.9570312500000000E-03    0.9940719604492187E-03
   43    0.2343750000000000E-03    0.8805084228515625E-03
   44    0.8242187500000000E-02    0.8841705322265625E-03
   45   -0.6250000000000000E-03    0.9458160400390625E-03
   46   -0.2890625000000000E-02    0.1040649414062500E-02
   47    0.1171875000000000E-02    0.1008148193359375E-02
   48    0.5078125000000000E-03    0.8915710449218750E-03
   49   -0.2578125000000000E-02    0.8819580078125000E-03
   50   -0.2148437500000000E-02    0.1113739013671875E-02
   51    0.2246093750000000E-02    0.8492660522460937E-03
   52   -0.4121093750000000E-02    0.1162223815917969E-02
   53   -0.6425781250000000E-02    0.1124687194824219E-02
   54    0.1503906250000000E-02    0.9948348999023438E-03
   55   -0.8593750000000000E-03    0.8077239990234375E-03
   56   -0.5390625000000000E-02    0.9482574462890625E-03
   57   -0.2597656250000000E-02    0.8938217163085938E-03
   58   -0.1445312500000000E-02    0.7083129882812500E-03
   59    0.1308593750000000E-02    0.8839035034179688E-03
   60    0.7812500000000000E-03    0.8438110351562500E-03
   61    0.2207031250000000E-02    0.1112251281738281E-02
   62    0.3730468750000000E-02    0.9271621704101563E-03
   63   -0.2675781250000000E-02    0.7630538940429688E-03
   64   -0.1562500000000000E-02    0.8992004394531250E-03
   65   -0.2714843750000000E-02    0.1059761047363281E-02
   66   -0.1191406250000000E-02    0.8578872680664062E-03
   67    0.1992187500000000E-02    0.9403991699218750E-03
   68    0.1953125000000000E-02    0.8104705810546875E-03
   69   -0.5859375000000000E-02    0.1027450561523437E-02
   70   -0.4667968750000000E-02    0.1358070373535156E-02
   71   -0.2089843750000000E-02    0.9133529663085938E-03
   72   -0.9218750000000000E-02    0.9560394287109375E-03
   73   -0.5136718750000000E-02    0.8535385131835938E-03
   74    0.9960937500000000E-03    0.9945297241210937E-03
   75    0.2148437500000000E-02    0.9394836425781250E-03
   76    0.4628906250000000E-02    0.9630966186523437E-03
   77    0.3808593750000000E-02    0.7557296752929688E-03
   78    0.2773437500000000E-02    0.9712219238281250E-03
   79   -0.7460937500000000E-02    0.9147644042968750E-03
   80   -0.2421875000000000E-02    0.1383361816406250E-02
   81    0.1582031250000000E-02    0.9418106079101562E-03
   82   -0.8203125000000000E-03    0.1014480590820312E-02
   83    0.3808593750000000E-02    0.9704971313476562E-03
   84    0.3183593750000000E-02    0.9083175659179688E-03
   85   -0.1562500000000000E-02    0.1025314331054687E-02
   86    0.4765625000000000E-02    0.6668853759765625E-03
   87    0.6914062500000000E-02    0.8986663818359375E-03
   88    0.1542968750000000E-02    0.1061058044433594E-02
   89   -0.4609375000000000E-02    0.9918212890625000E-03
   90    0.1777343750000000E-02    0.1241493225097656E-02
   91    0.1953125000000000E-04    0.8098983764648438E-03
   92    0.1445312500000000E-02    0.1073303222656250E-02
   93    0.4218750000000000E-02    0.9929656982421875E-03
   94    0.3710937500000000E-03    0.7405471801757812E-03
   95   -0.1796875000000000E-02    0.1212539672851563E-02
   96   -0.4121093750000000E-02    0.1195716857910156E-02
   97   -0.4687500000000000E-02    0.1179656982421875E-02
   98   -0.2285156250000000E-02    0.1075325012207031E-02
   99    0.2011718750000000E-02    0.9180068969726563E-03
  100   -0.9765625000000001E-04    0.1037788391113281E-02
