# time =    0.4679
    0    0.1000000000000000E+01    0.1000000000000000E+01
    1    0.2219140625000000E+00    0.5031524658203125E-01
    2    0.4886718750000000E-01    0.3360595703125000E-02
    3    0.1556640625000000E-01    0.1142158508300781E-02
    4    0.2460937500000000E-02    0.9313201904296874E-03
    5    0.6835937500000000E-03    0.8286666870117187E-03
    6    0.4082031250000000E-02    0.1104240417480469E-02
    7   -0.7812500000000000E-04    0.6686401367187500E-03
    8   -0.4687500000000000E-03    0.1107254028320312E-02
    9    0.0000000000000000E+00    0.9593200683593750E-03
   10   -0.3710937500000000E-03    0.1016349792480469E-02
   11    0.1953125000000000E-04    0.8539199829101562E-03
   12    0.2343750000000000E-02    0.8489227294921875E-03
   13    0.5117187500000000E-02    0.1233520507812500E-02
   14    0.8203125000000000E-03    0.1038665771484375E-02
   15   -0.5937500000000000E-02    0.9944152832031250E-03
   16    0.4628906250000000E-02    0.8270645141601563E-03
   17   -0.3457031250000000E-02    0.7206344604492187E-03
   18    0.4804687500000000E-02    0.9723663330078125E-03
   19    0.3710937500000000E-02    0.8851623535156250E-03
   20    0.9375000000000000E-03    0.1194992065429687E-02
   21   -0.7421875000000000E-03    0.8716583251953125E-03
   22    0.5859375000000000E-04    0.8844375610351562E-03
   23   -0.3515625000000000E-02    0.9685516357421875E-03
   24   -0.1503906250000000E-02    0.9351730346679688E-03
   25    0.1269531250000000E-02    0.7562637329101562E-03
   26   -0.3984375000000000E-02    0.9932708740234375E-03
   27   -0.3125000000000000E-02    0.1185913085937500E-02
   28    0.2597656250000000E-02    0.8727645874023437E-03
   29   -0.5664062500000000E-03    0.1112327575683594E-02
   30    0.4687500000000000E-03    0.8863067626953125E-03
   31    0.3828125000000000E-02    0.1045532226562500E-02
   32    0.7011718750000000E-02    0.1019706726074219E-02
   33   -0.2851562500000000E-02    0.7820892333984375E-03
   34   -0.5859375000000000E-04    0.1020469665527344E-02
   35    0.4492187500000000E-03    0.6789016723632812E-03
   36    0.6640625000000000E-03    0.1101455688476563E-02
   37   -0.2167968750000000E-02    0.9794235229492188E-03
   38    0.2187500000000000E-02    0.9011840820312500E-03
   39    0.1875000000000000E-02    0.1074295043945313E-02
   40    0.7421875000000000E-03    0.1090316772460937E-02
   41    0.2128906250000000E-02    0.9197616577148438E-03
   42    0.2949218750000000E-02    0.1180686950683594E-02
   43    0.3144531250000000E-02    0.7684707641601562E-03
   44   -0.1523437500000000E-02    0.9706115722656250E-03
   45   -0.8007812500000000E-03    0.7814407348632812E-03
   46   -0.3906250000000000E-03    0.9310150146484375E-03
   47   -0.4355468750000000E-02    0.1034126281738281E-02
   48    0.2148437500000000E-03    0.1129570007324219E-02
   49    0.3730468750000000E-02    0.8028030395507812E-03
   50   -0.4101562500000000E-03    0.1056175231933594E-02
   51    0.2929687500000000E-03    0.9495162963867187E-03
   52    0.5371093750000000E-02    0.1373252868652344E-02
   53    0.6367187500000000E-02    0.8729553222656250E-03
   54    0.2539062500000000E-02    0.1267471313476562E-02
   55    0.4726562500000000E-02    0.1090087890625000E-02
   56    0.4277343750000000E-02    0.1355628967285156E-02
   57    0.1992187500000000E-02    0.8656311035156250E-03
   58    0.4492187500000000E-03    0.9640884399414062E-03
   59   -0.2070312500000000E-02    0.9767913818359375E-03
   60   -0.3203125000000000E-02    0.8353424072265625E-03
   61   -0.9765625000000001E-04    0.1222190856933594E-02
   62    0.3417968750000000E-02    0.1098518371582031E-02
   63    0.2617187500000000E-02    0.8136749267578125E-03
   64    0.6406250000000000E-02    0.9345245361328125E-03
   65    0.6718750000000000E-02    0.1144714355468750E-02
   66   -0.7226562500000000E-03    0.9025192260742188E-03
   67   -0.3320312500000000E-02    0.8232879638671875E-03
   68   -0.9570312500000000E-03    0.8304214477539062E-03
   69   -0.1894531250000000E-02    0.1135826110839844E-02
   70    0.4804687500000000E-02    0.9709167480468750E-03
   71    0.2929687500000000E-03    0.8844375610351562E-03
   72    0.4765625000000000E-02    0.1083526611328125E-02
   73    0.2011718750000000E-02    0.7349777221679687E-03
   74   -0.5292968750000000E-02    0.9068679809570312E-03
   75    0.2050781250000000E-02    0.7646560668945312E-03
   76    0.2324218750000000E-02    0.1164894104003906E-02
   77   -0.1035156250000000E-02    0.7619857788085938E-03
   78   -0.3359375000000000E-02    0.9575653076171875E-03
   79    0.2597656250000000E-02    0.8770370483398437E-03
   80   -0.3515625000000000E-03    0.1096267700195312E-02
   81    0.1269531250000000E-02    0.9167861938476563E-03
   82   -0.3906250000000000E-03    0.9876251220703124E-03
   83   -0.4609375000000000E-02    0.1138381958007813E-02
   84    0.2597656250000000E-02    0.8166885375976563E-03
   85   -0.5097656250000000E-02    0.1265983581542969E-02
   86   -0.5468750000000001E-03    0.8341979980468750E-03
   87    0.4882812500000000E-02    0.9238433837890625E-03
   88    0.1113281250000000E-02    0.1032829284667969E-02
   89    0.6582031250000000E-02    0.1099967956542969E-02
   90   -0.1953125000000000E-04    0.7899856567382813E-03
   91   -0.6425781250000000E-02    0.1054573059082031E-02
   92   -0.3906250000000000E-03    0.1044998168945312E-02
   93   -0.2011718750000000E-02    0.8603286743164063E-03
   94    0.8984375000000000E-03    0.1280059814453125E-02
   95   -0.3613281250000000E-02    0.1243553161621094E-02
   96   -0.3164062500000000E-02    0.9432983398437500E-03
   97    0.7226562500000000E-03    0.1085395812988281E-02
   98    0.4921875000000000E-02    0.9794616699218750E-03
   99    0.1406250000000000E-02    0.7852935791015626E-03
  100    0.1503906250000000E-02    0.9971237182617187E-03
