# time =    0.4757
    0    0.1000000000000000E+01    0.1000000000000000E+01
    1    0.2156250000000000E+00    0.4732810974121094E-01
    2    0.4931640625000000E-01    0.3314247131347656E-02
    3    0.1031250000000000E-01    0.1172332763671875E-02
    4    0.2753906250000000E-02    0.1069984436035156E-02
    5    0.6894531250000000E-02    0.9744644165039062E-03
    6    0.9765625000000001E-04    0.1059379577636719E-02
    7    0.2441406250000000E-02    0.9130477905273437E-03
    8    0.1152343750000000E-02    0.9039688110351562E-03
    9   -0.5664062500000000E-03    0.1067314147949219E-02
   10    0.7871093750000000E-02    0.1115074157714844E-02
   11    0.6835937500000000E-03    0.1054573059082031E-02
   12    0.2753906250000000E-02    0.9852981567382813E-03
   13    0.3105468750000000E-02    0.1097450256347656E-02
   14   -0.5078125000000000E-03    0.1212234497070312E-02
   15   -0.4394531250000000E-02    0.1132621765136719E-02
   16   -0.1738281250000000E-02    0.9553146362304688E-03
   17   -0.2089843750000000E-02    0.9082412719726563E-03
   18   -0.3027343750000000E-02    0.6821060180664063E-03
   19    0.2382812500000000E-02    0.7221221923828125E-03
   20    0.1484375000000000E-02    0.9005737304687500E-03
   21    0.1738281250000000E-02    0.9006881713867188E-03
   22    0.3203125000000000E-02    0.1037521362304688E-02
   23   -0.3710937500000000E-03    0.9849929809570312E-03
   24    0.2167968750000000E-02    0.9477615356445312E-03
   25   -0.1250000000000000E-02    0.8585357666015625E-03
   26    0.1796875000000000E-02    0.1049804687500000E-02
   27   -0.5312500000000000E-02    0.9417724609375000E-03
   28   -0.1269531250000000E-02    0.9463882446289063E-03
   29   -0.2343750000000000E-03    0.9841918945312500E-03
   30   -0.7617187500000000E-03    0.9782791137695312E-03
   31    0.2070312500000000E-02    0.9168243408203125E-03
   32   -0.1074218750000000E-02    0.1051673889160156E-02
   33    0.3398437500000000E-02    0.9639739990234375E-03
   34    0.3730468750000000E-02    0.1149787902832031E-02
   35    0.8183593750000001E-02    0.1164665222167969E-02
   36   -0.1113281250000000E-02    0.9724044799804687E-03
   37   -0.3378906250000000E-02    0.8378982543945313E-03
   38    0.1757812500000000E-03    0.7821273803710938E-03
   39    0.3828125000000000E-02    0.1138610839843750E-02
   40   -0.6640625000000000E-03    0.8194732666015625E-03
   41   -0.2617187500000000E-02    0.8712768554687500E-03
   42    0.7402343750000000E-02    0.9465408325195312E-03
   43   -0.6445312500000000E-03    0.1022911071777344E-02
   44   -0.6757812500000000E-02    0.9451293945312500E-03
   45   -0.5136718750000000E-02    0.9634780883789062E-03
   46   -0.2695312500000000E-02    0.9292602539062500E-03
   47   -0.6835937500000000E-03    0.8529281616210938E-03
   48    0.4238281250000000E-02    0.8140945434570312E-03
   49    0.2187500000000000E-02    0.7555389404296875E-03
   50   -0.2949218750000000E-02    0.1243247985839844E-02
   51   -0.3339843750000000E-02    0.8815383911132813E-03
   52    0.1093750000000000E-02    0.1020812988281250E-02
   53    0.3105468750000000E-02    0.9359359741210937E-03
   54   -0.6054687500000000E-02    0.1071243286132812E-02
   55   -0.8203125000000000E-02    0.9373474121093750E-03
   56   -0.1894531250000000E-02    0.9867477416992188E-03
   57   -0.1093750000000000E-02    0.9103393554687499E-03
   58    0.2558593750000000E-02    0.8245468139648438E-03
   59    0.9375000000000000E-03    0.9997558593749999E-03
   60    0.2968750000000000E-02    0.8649444580078125E-03
   61    0.1171875000000000E-02    0.1007995605468750E-02
   62    0.7421875000000000E-03    0.1024246215820312E-02
   63   -0.2343750000000000E-03    0.8282470703125000E-03
   64    0.8007812500000000E-03    0.1024971008300781E-02
   65    0.4492187500000000E-03    0.9924697875976563E-03
   66   -0.4824218750000000E-02    0.8744430541992187E-03
   67    0.2363281250000000E-02    0.1129493713378906E-02
   68    0.4218750000000000E-02    0.7721710205078125E-03
   69    0.6894531250000000E-02    0.1156044006347656E-02
   70    0.2910156250000000E-02    0.1092567443847656E-02
   71    0.9765625000000000E-03    0.1037139892578125E-02
   72    0.5566406250000000E-02    0.7768630981445313E-03
   73   -0.3320312500000000E-03    0.9900283813476561E-03
   74    0.7167968750000000E-02    0.1045188903808594E-02
   75    0.3242187500000000E-02    0.8911895751953125E-03
   76   -0.7421875000000000E-03    0.9707641601562500E-03
   77   -0.4062500000000000E-02    0.8745574951171875E-03
   78    0.2832031250000000E-02    0.8222579956054688E-03
   79   -0.2480468750000000E-02    0.9957504272460936E-03
   80    0.8984375000000000E-03    0.9441375732421875E-03
   81   -0.4570312500000000E-02    0.9560394287109375E-03
   82   -0.5332031250000000E-02    0.8638381958007812E-03
   83   -0.5585937500000000E-02    0.9307098388671875E-03
   84    0.9960937500000000E-03    0.1044731140136719E-02
   85   -0.1171875000000000E-03    0.8575439453125000E-03
   86    0.2539062500000000E-02    0.9190368652343750E-03
   87   -0.2226562500000000E-02    0.9320068359375000E-03
   88   -0.1074218750000000E-02    0.1021232604980469E-02
   89    0.2402343750000000E-02    0.9483718872070313E-03
   90   -0.9375000000000000E-03    0.1171112060546875E-02
   91   -0.4296875000000000E-03    0.8899688720703125E-03
   92   -0.2343750000000000E-03    0.8295440673828125E-03
   93   -0.8398437500000000E-03    0.1025047302246094E-02
   94   -0.3261718750000000E-02    0.8860397338867188E-03
   95    0.1855468750000000E-02    0.9984207153320313E-03
   96    0.3710937500000000E-03    0.9500503540039063E-03
   97   -0.1816406250000000E-02    0.8097457885742188E-03
   98    0.3242187500000000E-02    0.1017150878906250E-02
   99    0.4277343750000000E-02    0.1023597717285156E-02
  100    0.6640625000000000E-03    0.1019821166992187E-02
