# time =    0.4086
    0    0.1000000000000000E+01    0.1000000000000000E+01
    1    0.3832812500000000E+00    0.1476425170898437E+00
    2    0.2290039062500000E+00    0.5330051422119141E-01
    3    0.1709179687500000E+00    0.3012470245361328E-01
    4    0.1384570312500000E+00    0.2002079010009766E-01
    5    0.1178320312500000E+00    0.1478084564208984E-01
    6    0.1074804687500000E+00    0.1262149810791016E-01
    7    0.1013671875000000E+00    0.1108001708984375E-01
    8    0.9330078125000001E-01    0.9590644836425782E-02
    9    0.8724609375000000E-01    0.8705101013183593E-02
   10    0.8367187500000001E-01    0.8010406494140625E-02
   11    0.8025390625000001E-01    0.7340583801269531E-02
   12    0.7464843750000000E-01    0.6544494628906250E-02
   13    0.7324218750000000E-01    0.6259918212890625E-02
   14    0.7066406250000000E-01    0.5954360961914063E-02
   15    0.6988281250000000E-01    0.5937805175781250E-02
   16    0.6757812500000000E-01    0.5676422119140625E-02
   17    0.6898437500000000E-01    0.5916595458984375E-02
   18    0.6814453125000000E-01    0.5774955749511718E-02
   19    0.6462890625000001E-01    0.5343894958496093E-02
   20    0.6484375000000001E-01    0.5457458496093750E-02
   21    0.6335937500000000E-01    0.5151062011718750E-02
   22    0.6042968750000000E-01    0.4766159057617188E-02
   23    0.5865234375000000E-01    0.4573478698730469E-02
   24    0.5703125000000000E-01    0.4268569946289063E-02
   25    0.5636718750000000E-01    0.4295196533203125E-02
   26    0.5603515625000000E-01    0.4162559509277344E-02
   27    0.5515625000000000E-01    0.4120254516601562E-02
   28    0.5167968750000000E-01    0.3726654052734375E-02
   29    0.5136718750000000E-01    0.3739700317382813E-02
   30    0.5046875000000000E-01    0.3581848144531250E-02
   31    0.5099609375000000E-01    0.3907203674316406E-02
   32    0.4896484375000000E-01    0.3838233947753906E-02
   33    0.4873046875000000E-01    0.3705711364746094E-02
   34    0.5015625000000000E-01    0.3717727661132813E-02
   35    0.4861328125000000E-01    0.3584175109863281E-02
   36    0.4779296875000000E-01    0.3438301086425781E-02
   37    0.4835937500000000E-01    0.3489913940429688E-02
   38    0.4851562500000000E-01    0.3470077514648437E-02
   39    0.4837890625000000E-01    0.3439750671386719E-02
   40    0.4636718750000000E-01    0.3123703002929688E-02
   41    0.4660156250000000E-01    0.3060073852539062E-02
   42    0.4595703125000000E-01    0.3043785095214844E-02
   43    0.4503906250000000E-01    0.3051986694335937E-02
   44    0.4402343750000000E-01    0.2898406982421875E-02
   45    0.4228515625000000E-01    0.2811698913574219E-02
   46    0.4232421875000000E-01    0.2811393737792969E-02
   47    0.4259765625000000E-01    0.2886772155761719E-02
   48    0.4095703125000000E-01    0.2712440490722656E-02
   49    0.4046875000000000E-01    0.2758178710937500E-02
   50    0.4074218750000000E-01    0.2720794677734375E-02
   51    0.4041015625000000E-01    0.2669410705566406E-02
   52    0.4126953125000000E-01    0.2734031677246094E-02
   53    0.4097656250000000E-01    0.2804412841796875E-02
   54    0.4072265625000000E-01    0.2812843322753906E-02
   55    0.4064453125000000E-01    0.2841529846191406E-02
   56    0.4144531250000000E-01    0.2873001098632812E-02
   57    0.3996093750000000E-01    0.2629013061523437E-02
   58    0.4056640625000000E-01    0.2658882141113281E-02
   59    0.3892578125000000E-01    0.2636146545410156E-02
   60    0.3923828125000000E-01    0.2604255676269531E-02
   61    0.3777343750000000E-01    0.2527923583984375E-02
   62    0.3871093750000000E-01    0.2635726928710938E-02
   63    0.3712890625000000E-01    0.2538032531738281E-02
   64    0.3767578125000000E-01    0.2590980529785156E-02
   65    0.3652343750000000E-01    0.2398147583007812E-02
   66    0.3769531250000000E-01    0.2538299560546875E-02
   67    0.3710937500000000E-01    0.2464370727539062E-02
   68    0.3824218750000000E-01    0.2593460083007813E-02
   69    0.3623046875000000E-01    0.2386207580566406E-02
   70    0.3503906250000000E-01    0.2456359863281250E-02
   71    0.3634765625000000E-01    0.2368659973144531E-02
   72    0.3716796875000000E-01    0.2411994934082031E-02
   73    0.3623046875000000E-01    0.2413902282714844E-02
   74    0.3570312500000000E-01    0.2423782348632812E-02
   75    0.3611328125000000E-01    0.2506904602050781E-02
   76    0.3554687500000000E-01    0.2487258911132812E-02
   77    0.3566406250000000E-01    0.2401885986328125E-02
   78    0.3474609375000000E-01    0.2298774719238281E-02
   79    0.3380859375000000E-01    0.2281837463378906E-02
   80    0.3435546875000000E-01    0.2310142517089844E-02
   81    0.3525390625000000E-01    0.2307090759277344E-02
   82    0.3402343750000000E-01    0.2124557495117188E-02
   83    0.3507812500000000E-01    0.2130050659179687E-02
   84    0.3375000000000000E-01    0.2053146362304688E-02
   85    0.3388671875000000E-01    0.2046699523925781E-02
   86    0.3337890625000000E-01    0.2075920104980469E-02
   87    0.3310546875000000E-01    0.2123680114746094E-02
   88    0.3291015625000000E-01    0.2008399963378906E-02
   89    0.3552734375000000E-01    0.2273292541503906E-02
   90    0.3425781250000000E-01    0.2147827148437500E-02
   91    0.3400390625000000E-01    0.2171669006347656E-02
   92    0.3324218750000000E-01    0.2138671875000000E-02
   93    0.3357421875000000E-01    0.2189445495605469E-02
   94    0.3464843750000000E-01    0.2190628051757812E-02
   95    0.3357421875000000E-01    0.2100715637207031E-02
   96    0.3431640625000000E-01    0.2108268737792969E-02
   97    0.3298828125000000E-01    0.2085685729980469E-02
   98    0.3158203125000000E-01    0.2042121887207031E-02
   99    0.3062500000000000E-01    0.2087326049804687E-02
  100    0.3119140625000000E-01    0.2115898132324219E-02
