# time =    0.4676
    0    0.1000000000000000E+01    0.1000000000000000E+01
    1    0.2368945312500000E+00    0.5693248748779297E-01
    2    0.6341796875000000E-01    0.4950294494628906E-02
    3    0.1984375000000000E-01    0.1345520019531250E-02
    4    0.3378906250000000E-02    0.8264541625976563E-03
    5    0.2929687500000000E-02    0.9457397460937500E-03
    6   -0.2011718750000000E-02    0.8372879028320313E-03
    7    0.3046875000000000E-02    0.9115600585937500E-03
    8   -0.1074218750000000E-02    0.9961318969726562E-03
    9    0.8593750000000000E-03    0.9445953369140625E-03
   10    0.5644531250000000E-02    0.1000022888183594E-02
   11   -0.1582031250000000E-02    0.1182289123535156E-02
   12   -0.8789062500000000E-03    0.8095169067382813E-03
   13   -0.1113281250000000E-02    0.8592605590820312E-03
   14   -0.2558593750000000E-02    0.1272010803222656E-02
   15   -0.5312500000000000E-02    0.1122207641601563E-02
   16   -0.2109375000000000E-02    0.9635925292968750E-03
   17    0.3125000000000000E-03    0.8741760253906250E-03
   18   -0.8789062500000000E-03    0.9935379028320312E-03
   19   -0.1933593750000000E-02    0.7135391235351563E-03
   20   -0.1562500000000000E-02    0.7614135742187500E-03
   21   -0.6035156250000000E-02    0.9627914428710937E-03
   22    0.1308593750000000E-02    0.9243392944335938E-03
   23    0.1699218750000000E-02    0.1063346862792969E-02
   24    0.6445312500000000E-03    0.1129951477050781E-02
   25    0.1054687500000000E-02    0.1007690429687500E-02
   26   -0.1210937500000000E-02    0.9704589843750000E-03
   27    0.4101562500000000E-03    0.7802200317382813E-03
   28   -0.2109375000000000E-02    0.1108932495117187E-02
   29    0.1054687500000000E-02    0.1025390625000000E-02
   30   -0.1542968750000000E-02    0.9919357299804686E-03
   31    0.1699218750000000E-02    0.8549118041992188E-03
   32    0.3398437500000000E-02    0.8506774902343750E-03
   33    0.2070312500000000E-02    0.9404754638671875E-03
   34    0.1054687500000000E-02    0.1004486083984375E-02
   35    0.1855468750000000E-02    0.8700180053710937E-03
   36    0.3164062500000000E-02    0.9854888916015624E-03
   37    0.2148437500000000E-02    0.1034088134765625E-02
   38    0.2109375000000000E-02    0.9066772460937500E-03
   39    0.7812500000000000E-04    0.9698486328125000E-03
   40    0.2500000000000000E-02    0.8584594726562500E-03
   41   -0.1386718750000000E-02    0.9177017211914062E-03
   42    0.1386718750000000E-02    0.9392929077148437E-03
   43    0.1191406250000000E-02    0.8293533325195312E-03
   44    0.2324218750000000E-02    0.7565689086914063E-03
   45   -0.5214843750000000E-02    0.8967208862304687E-03
   46   -0.4589843750000000E-02    0.8742141723632812E-03
   47   -0.1367187500000000E-03    0.8514022827148437E-03
   48   -0.5859375000000000E-03    0.1208648681640625E-02
   49    0.5742187500000000E-02    0.1141891479492187E-02
   50    0.6933593750000000E-02    0.9277725219726563E-03
   51    0.2539062500000000E-03    0.8546829223632813E-03
   52   -0.2167968750000000E-02    0.9711074829101562E-03
   53   -0.3066406250000000E-02    0.1016654968261719E-02
   54   -0.4804687500000000E-02    0.1050872802734375E-02
   55   -0.4882812500000000E-03    0.8514022827148437E-03
   56   -0.5351562500000000E-02    0.7625579833984375E-03
   57   -0.1953125000000000E-04    0.9336471557617188E-03
   58    0.2695312500000000E-02    0.1082305908203125E-02
   59    0.2246093750000000E-02    0.8735275268554688E-03
   60   -0.1601562500000000E-02    0.1173171997070313E-02
   61    0.2871093750000000E-02    0.8524703979492187E-03
   62    0.3828125000000000E-02    0.8246612548828125E-03
   63   -0.7226562500000000E-03    0.7068252563476562E-03
   64    0.0000000000000000E+00    0.8559417724609375E-03
   65    0.2714843750000000E-02    0.7915115356445313E-03
   66   -0.1914062500000000E-02    0.1005630493164063E-02
   67    0.4687500000000000E-03    0.9730529785156250E-03
   68   -0.3730468750000000E-02    0.9363937377929687E-03
   69   -0.1953125000000000E-04    0.1030158996582031E-02
   70    0.1992187500000000E-02    0.8605957031250000E-03
   71    0.1132812500000000E-02    0.1195068359375000E-02
   72    0.1347656250000000E-02    0.1049537658691406E-02
   73    0.1171875000000000E-02    0.9085083007812500E-03
   74    0.4179687500000000E-02    0.1245651245117188E-02
   75    0.2226562500000000E-02    0.1131820678710937E-02
   76    0.2851562500000000E-02    0.7492828369140625E-03
   77    0.2578125000000000E-02    0.6727600097656251E-03
   78    0.1250000000000000E-02    0.1138763427734375E-02
   79    0.1523437500000000E-02    0.1230621337890625E-02
   80   -0.1953125000000000E-02    0.8919525146484375E-03
   81   -0.1191406250000000E-02    0.1041297912597656E-02
   82   -0.3750000000000000E-02    0.8805847167968750E-03
   83    0.3593750000000000E-02    0.1041183471679687E-02
   84    0.4296875000000000E-03    0.9145355224609375E-03
   85    0.2148437500000000E-03    0.9577560424804687E-03
   86   -0.2558593750000000E-02    0.1050910949707031E-02
   87    0.2539062500000000E-03    0.9656906127929688E-03
   88    0.1250000000000000E-02    0.9645843505859376E-03
   89   -0.1914062500000000E-02    0.8145904541015625E-03
   90   -0.7988281250000000E-02    0.1231346130371094E-02
   91   -0.1328125000000000E-02    0.1019058227539062E-02
   92    0.5078125000000000E-03    0.1085205078125000E-02
   93   -0.8984375000000000E-03    0.1055679321289063E-02
   94    0.1953125000000000E-04    0.1029090881347656E-02
   95   -0.2128906250000000E-02    0.1125373840332031E-02
   96   -0.1445312500000000E-02    0.1121902465820313E-02
   97   -0.4179687500000000E-02    0.8551788330078125E-03
   98   -0.7089843750000000E-02    0.7521438598632812E-03
   99    0.1992187500000000E-02    0.8863830566406251E-03
  100   -0.1210937500000000E-02    0.7975006103515625E-03
