# time =    0.4575
    0    0.1000000000000000E+01    0.1000000000000000E+01
    1    0.2675195312500000E+00    0.7238643646240234E-01
    2    0.8500000000000001E-01    0.8064346313476562E-02
    3    0.3044921875000000E-01    0.1820487976074219E-02
    4    0.6855468750000000E-02    0.8948898315429688E-03
    5    0.6582031250000000E-02    0.1218986511230469E-02
    6   -0.8203125000000000E-03    0.1172027587890625E-02
    7    0.9960937500000000E-03    0.9696578979492187E-03
    8    0.5078125000000000E-03    0.7509613037109376E-03
    9    0.2734375000000000E-02    0.9093475341796875E-03
   10    0.1074218750000000E-02    0.9108352661132813E-03
   11    0.3066406250000000E-02    0.1067161560058594E-02
   12   -0.2324218750000000E-02    0.8796310424804688E-03
   13   -0.1953125000000000E-02    0.9861755371093749E-03
   14    0.2539062500000000E-03    0.9654617309570313E-03
   15    0.2617187500000000E-02    0.7351684570312500E-03
   16   -0.2578125000000000E-02    0.9179687499999999E-03
   17    0.1152343750000000E-02    0.1076545715332031E-02
   18    0.9375000000000000E-03    0.8866119384765625E-03
   19    0.3066406250000000E-02    0.1050758361816406E-02
   20   -0.2519531250000000E-02    0.9961318969726562E-03
   21   -0.8593750000000000E-03    0.9634399414062500E-03
   22    0.3105468750000000E-02    0.1085319519042969E-02
   23   -0.2187500000000000E-02    0.7002258300781250E-03
   24   -0.1523437500000000E-02    0.9160614013671874E-03
   25   -0.1074218750000000E-02    0.8648300170898438E-03
   26   -0.6640625000000000E-03    0.9194183349609375E-03
   27    0.2421875000000000E-02    0.1183776855468750E-02
   28   -0.5468750000000001E-03    0.9674072265625000E-03
   29    0.4882812500000000E-03    0.9496688842773437E-03
   30   -0.4628906250000000E-02    0.1081275939941406E-02
   31   -0.2753906250000000E-02    0.1091575622558594E-02
   32    0.2929687500000000E-03    0.9016036987304687E-03
   33   -0.2871093750000000E-02    0.9506607055664063E-03
   34   -0.8593750000000000E-03    0.9051513671875000E-03
   35    0.1718750000000000E-02    0.8708953857421875E-03
   36   -0.6640625000000000E-03    0.9824371337890626E-03
   37    0.2011718750000000E-02    0.8550643920898438E-03
   38   -0.1171875000000000E-02    0.9617614746093750E-03
   39   -0.2890625000000000E-02    0.1000823974609375E-02
   40   -0.2773437500000000E-02    0.7365417480468750E-03
   41   -0.4785156250000000E-02    0.1022605895996094E-02
   42   -0.2636718750000000E-02    0.9333419799804687E-03
   43   -0.8398437500000000E-03    0.9895706176757813E-03
   44   -0.7421875000000000E-03    0.8598327636718750E-03
   45   -0.2324218750000000E-02    0.8871841430664062E-03
   46   -0.9570312500000000E-03    0.9718704223632813E-03
   47    0.2226562500000000E-02    0.7952117919921875E-03
   48    0.5078125000000000E-03    0.1004180908203125E-02
   49   -0.2089843750000000E-02    0.9572982788085937E-03
   50   -0.5371093750000000E-02    0.8781051635742187E-03
   51   -0.1107421875000000E-01    0.1194572448730469E-02
   52   -0.7617187500000000E-03    0.1155052185058594E-02
   53    0.2441406250000000E-02    0.9317398071289062E-03
   54    0.4687500000000000E-02    0.1135330200195313E-02
   55   -0.1933593750000000E-02    0.1154136657714844E-02
   56   -0.2636718750000000E-02    0.8543777465820312E-03
   57    0.1406250000000000E-02    0.7441711425781250E-03
   58    0.2265625000000000E-02    0.9605407714843750E-03
   59    0.1953125000000000E-03    0.9333801269531250E-03
   60   -0.2675781250000000E-02    0.9808731079101562E-03
   61    0.5859375000000000E-02    0.9654235839843750E-03
   62    0.3476562500000000E-02    0.1012954711914063E-02
   63   -0.8203125000000000E-03    0.1019210815429688E-02
   64   -0.7812500000000000E-03    0.9113311767578125E-03
   65   -0.1113281250000000E-02    0.9804916381835936E-03
   66    0.1816406250000000E-02    0.8904647827148438E-03
   67   -0.5605468750000000E-02    0.9972763061523438E-03
   68   -0.5332031250000000E-02    0.9565353393554688E-03
   69   -0.2480468750000000E-02    0.9205245971679688E-03
   70   -0.6250000000000000E-02    0.7513427734375000E-03
   71   -0.4785156250000000E-02    0.1106758117675781E-02
   72   -0.2382812500000000E-02    0.9828186035156249E-03
   73   -0.3750000000000000E-02    0.8239746093750000E-03
   74   -0.8593750000000000E-03    0.1146621704101562E-02
   75   -0.4472656250000000E-02    0.9854507446289062E-03
   76   -0.6738281250000000E-02    0.1188316345214844E-02
   77   -0.3085937500000000E-02    0.8204650878906250E-03
   78   -0.5195312500000000E-02    0.9804534912109374E-03
   79   -0.5078125000000000E-03    0.9143829345703125E-03
   80   -0.5195312500000000E-02    0.1154022216796875E-02
   81   -0.5371093750000000E-02    0.1037940979003906E-02
   82   -0.1367187500000000E-03    0.9986495971679688E-03
   83   -0.5859375000000000E-04    0.1060981750488281E-02
   84    0.3515625000000000E-03    0.8806610107421876E-03
   85   -0.1972656250000000E-02    0.7908248901367188E-03
   86    0.2539062500000000E-02    0.9854888916015624E-03
   87    0.3281250000000000E-02    0.9333801269531250E-03
   88   -0.2460937500000000E-02    0.1179275512695312E-02
   89   -0.1171875000000000E-02    0.9714508056640625E-03
   90    0.1015625000000000E-02    0.8550262451171874E-03
   91   -0.1308593750000000E-02    0.1012077331542969E-02
   92   -0.1601562500000000E-02    0.8206939697265624E-03
   93   -0.1367187500000000E-03    0.1042900085449219E-02
   94   -0.1308593750000000E-02    0.8230972290039063E-03
   95    0.2031250000000000E-02    0.1101303100585937E-02
   96   -0.1386718750000000E-02    0.1113090515136719E-02
   97    0.1171875000000000E-02    0.8415222167968750E-03
   98    0.3964843750000000E-02    0.1169166564941406E-02
   99    0.1621093750000000E-02    0.1062049865722656E-02
  100    0.1503906250000000E-02    0.1086769104003906E-02
