# time =    0.4665
    0    0.1000000000000000E+01    0.1000000000000000E+01
    1    0.2172070312500000E+00    0.4795818328857422E-01
    2    0.4804687500000000E-01    0.3268127441406250E-02
    3    0.1003906250000000E-01    0.1196670532226562E-02
    4    0.1542968750000000E-02    0.8921432495117188E-03
    5    0.3164062500000000E-02    0.1137542724609375E-02
    6   -0.5273437500000000E-03    0.1009025573730469E-02
    7    0.4726562500000000E-02    0.9664154052734375E-03
    8    0.2910156250000000E-02    0.1029548645019531E-02
    9    0.4492187500000000E-03    0.1042976379394531E-02
   10   -0.4414062500000000E-02    0.1133575439453125E-02
   11   -0.3984375000000000E-02    0.1099548339843750E-02
   12   -0.6445312500000000E-03    0.9325790405273437E-03
   13    0.1269531250000000E-02    0.8508682250976563E-03
   14    0.6640625000000000E-03    0.8348846435546876E-03
   15    0.8398437500000000E-03    0.1219825744628906E-02
   16    0.5175781250000000E-02    0.9285354614257812E-03
   17    0.1191406250000000E-02    0.1021385192871094E-02
   18   -0.8789062500000000E-03    0.1068611145019531E-02
   19   -0.3437500000000000E-02    0.1177673339843750E-02
   20    0.1445312500000000E-02    0.1040649414062500E-02
   21    0.2324218750000000E-02    0.8688735961914063E-03
   22   -0.4453125000000000E-02    0.9154510498046875E-03
   23   -0.1542968750000000E-02    0.8291244506835937E-03
   24    0.6445312500000000E-03    0.1014518737792969E-02
   25    0.5351562500000000E-02    0.8628082275390625E-03
   26    0.2011718750000000E-02    0.8423233032226563E-03
   27    0.1406250000000000E-02    0.1136169433593750E-02
   28   -0.1503906250000000E-02    0.9372329711914062E-03
   29    0.1152343750000000E-02    0.1036567687988281E-02
   30    0.1875000000000000E-02    0.9203338623046875E-03
   31   -0.8789062500000000E-03    0.9234237670898437E-03
   32   -0.4375000000000000E-02    0.1095199584960938E-02
   33    0.2187500000000000E-02    0.9880065917968750E-03
   34   -0.3437500000000000E-02    0.9989166259765626E-03
   35    0.7636718750000000E-02    0.8903884887695312E-03
   36    0.6503906250000000E-02    0.8614730834960938E-03
   37    0.3300781250000000E-02    0.1009407043457031E-02
   38   -0.3906250000000000E-04    0.1043624877929687E-02
   39    0.8984375000000000E-03    0.9862518310546876E-03
   40   -0.1289062500000000E-02    0.7067871093750000E-03
   41   -0.6835937500000000E-03    0.1019172668457031E-02
   42   -0.1386718750000000E-02    0.8830642700195313E-03
   43   -0.2636718750000000E-02    0.9155654907226562E-03
   44    0.3476562500000000E-02    0.8669281005859375E-03
   45    0.1425781250000000E-02    0.8600234985351562E-03
   46    0.3085937500000000E-02    0.8998107910156250E-03
   47   -0.1054687500000000E-02    0.9057617187500000E-03
   48   -0.4414062500000000E-02    0.1198806762695312E-02
   49    0.4687500000000000E-02    0.6936645507812500E-03
   50    0.1640625000000000E-02    0.9204864501953125E-03
   51   -0.9179687499999999E-03    0.1029167175292969E-02
   52    0.5019531250000000E-02    0.1087837219238281E-02
   53    0.1738281250000000E-02    0.1194343566894531E-02
   54    0.5078125000000000E-03    0.8943176269531250E-03
   55   -0.9511718750000000E-02    0.1070137023925781E-02
   56    0.4921875000000000E-02    0.1431350708007813E-02
   57    0.1386718750000000E-02    0.1107444763183594E-02
   58   -0.4589843750000000E-02    0.8676528930664062E-03
   59   -0.4179687500000000E-02    0.1134185791015625E-02
   60   -0.1894531250000000E-02    0.1005058288574219E-02
   61   -0.1562500000000000E-02    0.1334686279296875E-02
   62    0.9765625000000000E-03    0.1037292480468750E-02
   63    0.1640625000000000E-02    0.9347534179687500E-03
   64    0.4453125000000000E-02    0.9491729736328125E-03
   65    0.5722656250000000E-02    0.8381271362304688E-03
   66    0.3847656250000000E-02    0.8351516723632813E-03
   67    0.7812500000000000E-03    0.9245300292968751E-03
   68    0.2226562500000000E-02    0.9054565429687501E-03
   69    0.1191406250000000E-02    0.1120033264160156E-02
   70   -0.1816406250000000E-02    0.1067314147949219E-02
   71   -0.1308593750000000E-02    0.1192893981933594E-02
   72    0.3144531250000000E-02    0.8771896362304687E-03
   73    0.3750000000000000E-02    0.9788513183593751E-03
   74   -0.5429687500000000E-02    0.1253662109375000E-02
   75   -0.2070312500000000E-02    0.8136749267578125E-03
   76   -0.4687500000000000E-02    0.9451293945312500E-03
   77   -0.2539062500000000E-03    0.7781600952148438E-03
   78    0.9765625000000000E-03    0.1236419677734375E-02
   79   -0.7500000000000000E-02    0.9722900390625000E-03
   80    0.1445312500000000E-02    0.8392333984375000E-03
   81    0.3300781250000000E-02    0.1175117492675781E-02
   82    0.7812500000000000E-04    0.9656524658203124E-03
   83    0.7812500000000000E-04    0.8007812500000000E-03
   84    0.1425781250000000E-02    0.1033744812011719E-02
   85   -0.1542968750000000E-02    0.1229515075683594E-02
   86   -0.1523437500000000E-02    0.9885406494140624E-03
   87   -0.1210937500000000E-02    0.1157913208007813E-02
   88    0.2675781250000000E-02    0.1164283752441406E-02
   89    0.1582031250000000E-02    0.1201744079589844E-02
   90   -0.5859375000000000E-04    0.1074180603027344E-02
   91    0.7832031250000000E-02    0.9946823120117188E-03
   92    0.3496093750000000E-02    0.8835220336914063E-03
   93    0.3046875000000000E-02    0.1168441772460938E-02
   94   -0.4589843750000000E-02    0.1254463195800781E-02
   95   -0.4238281250000000E-02    0.7690048217773438E-03
   96    0.3378906250000000E-02    0.9286117553710938E-03
   97    0.3066406250000000E-02    0.8091354370117188E-03
   98    0.2226562500000000E-02    0.9656524658203124E-03
   99   -0.3515625000000000E-02    0.7670593261718750E-03
  100   -0.1113281250000000E-02    0.1016273498535156E-02
