# time =    0.4466
    0    0.1000000000000000E+01    0.1000000000000000E+01
    1    0.3195703125000000E+00    0.1029386138916016E+00
    2    0.1428320312500000E+00    0.2160312652587891E-01
    3    0.8212890624999999E-01    0.7509193420410156E-02
    4    0.5269531250000000E-01    0.3788604736328125E-02
    5    0.4158203125000000E-01    0.2514839172363281E-02
    6    0.2859375000000000E-01    0.1547317504882813E-02
    7    0.2011718750000000E-01    0.1331710815429688E-02
    8    0.1216796875000000E-01    0.1032218933105469E-02
    9    0.1009765625000000E-01    0.1280784606933594E-02
   10    0.9492187500000001E-02    0.1054916381835938E-02
   11    0.5859375000000000E-02    0.9149169921875000E-03
   12    0.3417968750000000E-02    0.9257125854492187E-03
   13    0.7773437500000000E-02    0.1247100830078125E-02
   14    0.4609375000000000E-02    0.9665679931640625E-03
   15    0.6972656250000000E-02    0.1277809143066406E-02
   16    0.9843750000000000E-02    0.1138763427734375E-02
   17    0.4062500000000000E-02    0.8382415771484375E-03
   18    0.5253906250000000E-02    0.1068458557128906E-02
   19    0.1777343750000000E-02    0.1497535705566406E-02
   20    0.4511718750000000E-02    0.9370803833007813E-03
   21    0.4414062500000000E-02    0.7638549804687500E-03
   22    0.7617187500000000E-02    0.1011886596679687E-02
   23    0.8496093749999999E-02    0.9645462036132812E-03
   24    0.7871093750000000E-02    0.9844589233398437E-03
   25    0.7011718750000000E-02    0.7668685913085938E-03
   26    0.2832031250000000E-02    0.8382034301757812E-03
   27    0.5859375000000000E-02    0.1153182983398438E-02
   28    0.5781250000000000E-02    0.9847259521484374E-03
   29    0.5468750000000000E-02    0.1225738525390625E-02
   30    0.5468750000000001E-03    0.1097030639648437E-02
   31    0.1738281250000000E-02    0.1033821105957031E-02
   32    0.3320312500000000E-03    0.1150398254394531E-02
   33   -0.2460937500000000E-02    0.9797668457031249E-03
   34   -0.3007812500000000E-02    0.1058197021484375E-02
   35    0.1640625000000000E-02    0.8330535888671875E-03
   36    0.3691406250000000E-02    0.1051445007324219E-02
   37    0.1347656250000000E-02    0.1046791076660156E-02
   38    0.3613281250000000E-02    0.8021926879882812E-03
   39    0.3359375000000000E-02    0.9375000000000000E-03
   40    0.4082031250000000E-02    0.8879470825195313E-03
   41    0.1679687500000000E-02    0.7630920410156250E-03
   42    0.5351562500000000E-02    0.8740997314453124E-03
   43    0.7578125000000000E-02    0.8882141113281250E-03
   44    0.8339843749999999E-02    0.8133316040039063E-03
   45    0.7714843750000000E-02    0.9281539916992188E-03
   46    0.6132812500000000E-02    0.1003341674804687E-02
   47    0.4179687500000000E-02    0.8798217773437499E-03
   48   -0.2343750000000000E-03    0.8757019042968750E-03
   49   -0.8007812500000000E-03    0.1095619201660156E-02
   50    0.3378906250000000E-02    0.1180686950683594E-02
   51    0.6445312500000000E-03    0.1232566833496094E-02
   52    0.5859375000000000E-03    0.8922576904296875E-03
   53    0.3437500000000000E-02    0.8636474609375000E-03
   54    0.8398437500000000E-02    0.1059188842773438E-02
   55    0.8144531250000000E-02    0.1079292297363281E-02
   56    0.4785156250000000E-02    0.7049942016601563E-03
   57    0.5722656250000000E-02    0.7650375366210938E-03
   58    0.4843750000000000E-02    0.1153640747070313E-02
   59    0.5703125000000000E-02    0.9783935546875001E-03
   60    0.3925781250000000E-02    0.9780502319335937E-03
   61    0.2773437500000000E-02    0.8531188964843749E-03
   62    0.1347656250000000E-02    0.9713363647460937E-03
   63    0.5468750000000001E-03    0.9449768066406250E-03
   64    0.5195312500000000E-02    0.8058166503906250E-03
   65    0.2402343750000000E-02    0.8724594116210938E-03
   66    0.3476562500000000E-02    0.7724761962890625E-03
   67    0.1757812500000000E-02    0.9194946289062500E-03
   68    0.3535156250000000E-02    0.7035446166992188E-03
   69   -0.9765625000000001E-04    0.9563827514648438E-03
   70   -0.1718750000000000E-02    0.1098098754882813E-02
   71   -0.3886718750000000E-02    0.9140396118164063E-03
   72    0.5312500000000000E-02    0.9757232666015625E-03
   73   -0.1660156250000000E-02    0.7976150512695313E-03
   74   -0.4804687500000000E-02    0.9387207031250000E-03
   75   -0.3417968750000000E-02    0.9015274047851563E-03
   76   -0.4687500000000000E-03    0.1023635864257812E-02
   77    0.2929687500000000E-02    0.1138381958007813E-02
   78    0.4023437500000000E-02    0.9278106689453125E-03
   79    0.2363281250000000E-02    0.9154891967773438E-03
   80    0.8593750000000000E-03    0.1066894531250000E-02
   81    0.4609375000000000E-02    0.8294677734375000E-03
   82    0.4101562500000000E-02    0.8600616455078125E-03
   83    0.2753906250000000E-02    0.9405899047851562E-03
   84    0.3671875000000000E-02    0.8668518066406250E-03
   85    0.7812500000000000E-04    0.9461975097656250E-03
   86   -0.1757812500000000E-02    0.9210968017578125E-03
   87    0.9570312500000000E-03    0.9418106079101562E-03
   88    0.2753906250000000E-02    0.1094779968261719E-02
   89    0.1757812500000000E-02    0.1020736694335937E-02
   90    0.5859375000000000E-03    0.1174697875976562E-02
   91    0.2382812500000000E-02    0.9459686279296875E-03
   92   -0.1484375000000000E-02    0.1063766479492188E-02
   93    0.3007812500000000E-02    0.1277542114257812E-02
   94   -0.3710937500000000E-03    0.1108818054199219E-02
   95    0.1171875000000000E-02    0.1045532226562500E-02
   96    0.3105468750000000E-02    0.1045341491699219E-02
   97    0.4335937500000000E-02    0.8809661865234375E-03
   98    0.6953125000000000E-02    0.9306335449218750E-03
   99    0.4863281250000000E-02    0.8498764038085937E-03
  100    0.1621093750000000E-02    0.8918380737304687E-03
