# time =    0.4762
    0    0.1000000000000000E+01    0.1000000000000000E+01
    1    0.2232226562500000E+00    0.5076160430908203E-01
    2    0.6337890625000001E-01    0.4853858947753907E-02
    3    0.2185546875000000E-01    0.1304054260253906E-02
    4    0.6171875000000000E-02    0.8612060546875000E-03
    5    0.2441406250000000E-02    0.9239578247070313E-03
    6    0.3320312500000000E-03    0.1226921081542969E-02
    7    0.1406250000000000E-02    0.1206512451171875E-02
    8    0.4628906250000000E-02    0.1016807556152344E-02
    9    0.2363281250000000E-02    0.8317184448242188E-03
   10   -0.3476562500000000E-02    0.1066970825195312E-02
   11   -0.3632812500000000E-02    0.8773803710937500E-03
   12   -0.1060546875000000E-01    0.9936904907226563E-03
   13   -0.1699218750000000E-02    0.8082962036132812E-03
   14    0.1699218750000000E-02    0.1093559265136719E-02
   15    0.4687500000000000E-03    0.7363128662109375E-03
   16    0.3964843750000000E-02    0.7664108276367187E-03
   17   -0.3828125000000000E-02    0.9128570556640625E-03
   18    0.1953125000000000E-04    0.9737014770507812E-03
   19   -0.5898437500000000E-02    0.1077499389648437E-02
   20   -0.2753906250000000E-02    0.7609939575195313E-03
   21    0.1367187500000000E-02    0.1135482788085938E-02
   22   -0.3398437500000000E-02    0.8530426025390625E-03
   23   -0.4296875000000000E-02    0.1150512695312500E-02
   24   -0.1914062500000000E-02    0.7439422607421875E-03
   25    0.5976562500000000E-02    0.6963348388671875E-03
   26    0.3964843750000000E-02    0.7657241821289062E-03
   27   -0.1777343750000000E-02    0.9011459350585937E-03
   28    0.6250000000000000E-03    0.8918762207031250E-03
   29   -0.4277343750000000E-02    0.1181526184082031E-02
   30   -0.1738281250000000E-02    0.1039695739746094E-02
   31    0.4511718750000000E-02    0.8365249633789062E-03
   32   -0.3925781250000000E-02    0.1002540588378906E-02
   33    0.4726562500000000E-02    0.1092147827148438E-02
   34    0.1894531250000000E-02    0.9590530395507812E-03
   35   -0.3906250000000000E-03    0.1034469604492188E-02
   36   -0.2070312500000000E-02    0.8596801757812501E-03
   37   -0.1386718750000000E-02    0.8839035034179688E-03
   38    0.2070312500000000E-02    0.1240234375000000E-02
   39    0.2207031250000000E-02    0.9574508666992188E-03
   40    0.1152343750000000E-02    0.9725570678710937E-03
   41    0.3476562500000000E-02    0.8743286132812500E-03
   42    0.2285156250000000E-02    0.1060218811035156E-02
   43   -0.1738281250000000E-02    0.1009101867675781E-02
   44    0.3593750000000000E-02    0.9213256835937500E-03
   45    0.2871093750000000E-02    0.1120338439941406E-02
   46    0.2167968750000000E-02    0.1080055236816406E-02
   47    0.3378906250000000E-02    0.8143997192382813E-03
   48    0.9375000000000000E-03    0.9020233154296875E-03
   49   -0.1210937500000000E-02    0.8853149414062500E-03
   50    0.3710937500000000E-03    0.9074783325195312E-03
   51    0.4277343750000000E-02    0.1247673034667969E-02
   52   -0.2753906250000000E-02    0.1231651306152344E-02
   53    0.2929687500000000E-02    0.1023025512695313E-02
   54   -0.3144531250000000E-02    0.1031608581542969E-02
   55   -0.6445312500000000E-03    0.7889938354492188E-03
   56   -0.2128906250000000E-02    0.7207870483398437E-03
   57   -0.2304687500000000E-02    0.8640289306640625E-03
   58   -0.4238281250000000E-02    0.9622573852539062E-03
   59   -0.2460937500000000E-02    0.9470367431640625E-03
   60   -0.2539062500000000E-02    0.9535217285156250E-03
   61    0.8203125000000000E-03    0.8957672119140625E-03
   62    0.5566406250000000E-02    0.9504318237304688E-03
   63    0.5878906250000000E-02    0.7742691040039062E-03
   64   -0.4687500000000000E-03    0.9835052490234375E-03
   65   -0.9570312500000000E-03    0.7180404663085937E-03
   66   -0.9179687499999999E-03    0.9753799438476562E-03
   67    0.1523437500000000E-02    0.1020584106445313E-02
   68    0.4804687500000000E-02    0.1071701049804687E-02
   69    0.3847656250000000E-02    0.9952163696289062E-03
   70   -0.2871093750000000E-02    0.8724594116210938E-03
   71    0.1171875000000000E-02    0.7105255126953125E-03
   72   -0.1796875000000000E-02    0.1078491210937500E-02
   73    0.2578125000000000E-02    0.1206970214843750E-02
   74    0.3730468750000000E-02    0.9303665161132812E-03
   75    0.2441406250000000E-02    0.1000251770019531E-02
   76   -0.2011718750000000E-02    0.7333755493164062E-03
   77   -0.1093750000000000E-02    0.8914947509765625E-03
   78    0.9765625000000000E-03    0.1328201293945313E-02
   79   -0.6250000000000000E-03    0.1266708374023438E-02
   80    0.4648437500000000E-02    0.1034622192382813E-02
   81   -0.4003906250000000E-02    0.9104537963867187E-03
   82   -0.9960937500000000E-03    0.8389663696289063E-03
   83   -0.3105468750000000E-02    0.8876419067382812E-03
   84    0.1269531250000000E-02    0.7522201538085937E-03
   85    0.1406250000000000E-02    0.1614837646484375E-02
   86   -0.3515625000000000E-02    0.9024810791015625E-03
   87   -0.1582031250000000E-02    0.7918167114257812E-03
   88    0.3769531250000000E-02    0.1082572937011719E-02
   89    0.5019531250000000E-02    0.9943008422851562E-03
   90   -0.1816406250000000E-02    0.9263992309570312E-03
   91    0.1250000000000000E-02    0.1115493774414063E-02
   92   -0.3183593750000000E-02    0.1049919128417969E-02
   93   -0.3222656250000000E-02    0.8782577514648437E-03
   94   -0.2714843750000000E-02    0.8671951293945313E-03
   95    0.2382812500000000E-02    0.8390808105468750E-03
   96   -0.4257812500000000E-02    0.1009445190429688E-02
   97   -0.6230468750000000E-02    0.7197952270507812E-03
   98   -0.6230468750000000E-02    0.1214637756347656E-02
   99   -0.1953125000000000E-02    0.1006851196289062E-02
  100   -0.8789062500000000E-03    0.9841537475585938E-03
