# time =    0.4734
    0    0.1000000000000000E+01    0.1000000000000000E+01
    1    0.2023437500000000E+00    0.4187896728515625E-01
    2    0.4427734375000000E-01    0.2908821105957031E-02
    3    0.6152343750000000E-02    0.1009254455566406E-02
    4    0.2949218750000000E-02    0.8244705200195312E-03
    5    0.2480468750000000E-02    0.1292304992675781E-02
    6    0.2753906250000000E-02    0.8017349243164062E-03
    7    0.8984375000000000E-03    0.9545898437500000E-03
    8   -0.1054687500000000E-02    0.7454681396484375E-03
    9    0.3867187500000000E-02    0.1051559448242188E-02
   10    0.5058593750000000E-02    0.9947586059570312E-03
   11    0.2753906250000000E-02    0.8741378784179688E-03
   12   -0.3671875000000000E-02    0.1144866943359375E-02
   13   -0.6835937500000000E-03    0.1062965393066406E-02
   14   -0.2226562500000000E-02    0.1178512573242187E-02
   15    0.1035156250000000E-02    0.9379959106445312E-03
   16   -0.3828125000000000E-02    0.1088027954101563E-02
   17   -0.3671875000000000E-02    0.9687042236328125E-03
   18   -0.1640625000000000E-02    0.1009521484375000E-02
   19    0.1953125000000000E-03    0.1063919067382812E-02
   20    0.2148437500000000E-02    0.1009063720703125E-02
   21    0.8789062500000000E-03    0.8444595336914063E-03
   22   -0.3593750000000000E-02    0.1085815429687500E-02
   23   -0.2480468750000000E-02    0.9294509887695313E-03
   24    0.6445312500000000E-03    0.1064262390136719E-02
   25    0.2500000000000000E-02    0.1052169799804687E-02
   26    0.1171875000000000E-02    0.8210754394531250E-03
   27   -0.1015625000000000E-02    0.1105270385742188E-02
   28    0.1894531250000000E-02    0.8989334106445313E-03
   29    0.1699218750000000E-02    0.9202957153320312E-03
   30   -0.3964843750000000E-02    0.8744430541992187E-03
   31    0.1953125000000000E-03    0.7601165771484375E-03
   32   -0.8203125000000000E-03    0.9176635742187500E-03
   33    0.1855468750000000E-02    0.1010475158691406E-02
   34    0.3164062500000000E-02    0.8148193359375000E-03
   35    0.3203125000000000E-02    0.1013259887695313E-02
   36    0.9960937500000000E-03    0.1035118103027344E-02
   37   -0.1445312500000000E-02    0.1108322143554688E-02
   38   -0.1582031250000000E-02    0.8524703979492187E-03
   39    0.1093750000000000E-02    0.7765960693359375E-03
   40   -0.2519531250000000E-02    0.9674453735351563E-03
   41    0.5468750000000001E-03    0.1108703613281250E-02
   42   -0.5683593750000000E-02    0.9897994995117189E-03
   43    0.6054687500000000E-03    0.1059837341308594E-02
   44    0.1035156250000000E-02    0.1172981262207031E-02
   45   -0.3906250000000000E-03    0.9415435791015625E-03
   46    0.1015625000000000E-02    0.9851074218750000E-03
   47   -0.3007812500000000E-02    0.6390380859375000E-03
   48    0.1894531250000000E-02    0.1254844665527344E-02
   49    0.7285156250000000E-02    0.1032524108886719E-02
   50   -0.8398437500000000E-03    0.8729934692382812E-03
   51   -0.3378906250000000E-02    0.9434127807617188E-03
   52    0.3320312500000000E-02    0.1222534179687500E-02
   53   -0.9570312500000000E-03    0.1046028137207031E-02
   54    0.4765625000000000E-02    0.1043853759765625E-02
   55   -0.1093750000000000E-02    0.1027603149414062E-02
   56    0.9375000000000000E-03    0.1107406616210938E-02
   57    0.1042968750000000E-01    0.9980010986328125E-03
   58    0.2792968750000000E-02    0.1068534851074219E-02
   59    0.3398437500000000E-02    0.1035079956054687E-02
   60    0.9960937500000000E-03    0.7515335083007812E-03
   61    0.8789062500000000E-03    0.9391403198242187E-03
   62   -0.2011718750000000E-02    0.9354782104492187E-03
   63   -0.3125000000000000E-02    0.9835815429687499E-03
   64   -0.4414062500000000E-02    0.1015548706054688E-02
   65   -0.5175781250000000E-02    0.1003837585449219E-02
   66   -0.7226562500000000E-03    0.9983444213867187E-03
   67   -0.4394531250000000E-02    0.9551620483398437E-03
   68   -0.3164062500000000E-02    0.8380889892578125E-03
   69    0.5273437500000000E-03    0.9189987182617187E-03
   70   -0.2128906250000000E-02    0.7348251342773437E-03
   71    0.4687500000000000E-03    0.7210540771484375E-03
   72   -0.3515625000000000E-02    0.1122665405273438E-02
   73    0.3203125000000000E-02    0.7350158691406250E-03
   74   -0.1015625000000000E-02    0.1025466918945312E-02
   75   -0.4355468750000000E-02    0.7726669311523438E-03
   76   -0.7421875000000000E-02    0.1103897094726562E-02
   77   -0.5898437500000000E-02    0.8939361572265625E-03
   78   -0.1777343750000000E-02    0.9492874145507812E-03
   79   -0.1406250000000000E-02    0.7954406738281250E-03
   80    0.4296875000000000E-03    0.1137924194335938E-02
   81    0.2675781250000000E-02    0.7338333129882813E-03
   82    0.2968750000000000E-02    0.8251953125000000E-03
   83    0.1250000000000000E-02    0.8423614501953125E-03
   84   -0.2929687500000000E-03    0.1154899597167969E-02
   85   -0.6308593750000000E-02    0.9352493286132812E-03
   86   -0.2988281250000000E-02    0.8473587036132812E-03
   87    0.1757812500000000E-03    0.9047317504882812E-03
   88   -0.4824218750000000E-02    0.1031150817871094E-02
   89   -0.3671875000000000E-02    0.8187103271484375E-03
   90    0.1054687500000000E-02    0.8906555175781250E-03
   91    0.1425781250000000E-02    0.1192131042480469E-02
   92   -0.2050781250000000E-02    0.7851791381835938E-03
   93   -0.3066406250000000E-02    0.9157180786132813E-03
   94    0.1152343750000000E-02    0.1004981994628906E-02
   95    0.1582031250000000E-02    0.9859085083007812E-03
   96   -0.7226562500000000E-03    0.8124923706054688E-03
   97    0.2167968750000000E-02    0.1195716857910156E-02
   98   -0.1328125000000000E-02    0.8673858642578125E-03
   99   -0.2148437500000000E-02    0.8567047119140625E-03
  100   -0.1191406250000000E-02    0.1005287170410156E-02
