# time =    0.4734
    0    0.1000000000000000E+01    0.1000000000000000E+01
    1    0.2188085937500000E+00    0.4869373321533203E-01
    2    0.5720703125000000E-01    0.4082298278808594E-02
    3    0.1154296875000000E-01    0.9576797485351563E-03
    4    0.2656250000000000E-02    0.9010314941406250E-03
    5    0.2734375000000000E-02    0.1097869873046875E-02
    6   -0.3359375000000000E-02    0.7458496093750000E-03
    7    0.4296875000000000E-03    0.9310913085937500E-03
    8    0.1601562500000000E-02    0.8512115478515624E-03
    9    0.0000000000000000E+00    0.8370971679687500E-03
   10   -0.3906250000000000E-04    0.8623504638671875E-03
   11   -0.3125000000000000E-03    0.9906005859375000E-03
   12    0.4687500000000000E-03    0.1012191772460937E-02
   13    0.4101562500000000E-03    0.1138648986816406E-02
   14   -0.3027343750000000E-02    0.1226463317871094E-02
   15   -0.1855468750000000E-02    0.9625625610351563E-03
   16    0.1621093750000000E-02    0.9323501586914062E-03
   17    0.6054687500000000E-03    0.9356307983398438E-03
   18    0.2617187500000000E-02    0.9493255615234376E-03
   19    0.1679687500000000E-02    0.1011199951171875E-02
   20   -0.1367187500000000E-02    0.1087417602539063E-02
   21   -0.4667968750000000E-02    0.8917617797851563E-03
   22   -0.1445312500000000E-02    0.1047515869140625E-02
   23    0.1914062500000000E-02    0.9694671630859374E-03
   24    0.3906250000000000E-03    0.9046173095703124E-03
   25    0.2226562500000000E-02    0.7401275634765625E-03
   26   -0.6640625000000000E-03    0.1223449707031250E-02
   27    0.4589843750000000E-02    0.8340072631835937E-03
   28    0.3261718750000000E-02    0.8607101440429687E-03
   29   -0.1777343750000000E-02    0.9057998657226562E-03
   30    0.7812500000000000E-04    0.1000442504882812E-02
   31   -0.1796875000000000E-02    0.8145904541015625E-03
   32    0.1875000000000000E-02    0.1022491455078125E-02
   33   -0.3515625000000000E-03    0.9391021728515625E-03
   34    0.3476562500000000E-02    0.1148529052734375E-02
   35    0.2343750000000000E-03    0.9897613525390624E-03
   36   -0.7031250000000000E-03    0.1024093627929687E-02
   37   -0.1191406250000000E-02    0.9814071655273437E-03
   38   -0.2656250000000000E-02    0.9234619140625000E-03
   39    0.1503906250000000E-02    0.9836196899414063E-03
   40    0.3476562500000000E-02    0.1138534545898437E-02
   41    0.4824218750000000E-02    0.8058547973632812E-03
   42   -0.2148437500000000E-02    0.9418487548828125E-03
   43    0.1484375000000000E-02    0.8467102050781250E-03
   44   -0.3613281250000000E-02    0.8661270141601563E-03
   45    0.1953125000000000E-02    0.1035995483398437E-02
   46   -0.9960937500000000E-03    0.1035423278808594E-02
   47   -0.5468750000000001E-03    0.9881591796875001E-03
   48   -0.1035156250000000E-02    0.9148025512695313E-03
   49    0.2480468750000000E-02    0.8278274536132812E-03
   50   -0.3417968750000000E-02    0.1359748840332031E-02
   51   -0.6171875000000000E-02    0.1002426147460937E-02
   52   -0.3339843750000000E-02    0.1112861633300781E-02
   53    0.2070312500000000E-02    0.6905364990234375E-03
   54    0.3281250000000000E-02    0.9162902832031250E-03
   55    0.5859375000000000E-04    0.1141548156738281E-02
   56   -0.3554687500000000E-02    0.8608245849609375E-03
   57   -0.1210937500000000E-02    0.1251296997070312E-02
   58    0.7812500000000000E-04    0.9217834472656249E-03
   59    0.3828125000000000E-02    0.9493255615234376E-03
   60    0.3105468750000000E-02    0.9193801879882812E-03
   61    0.3808593750000000E-02    0.8209609985351563E-03
   62   -0.9960937500000000E-03    0.1133308410644531E-02
   63    0.8789062500000000E-03    0.1023826599121094E-02
   64    0.7812500000000000E-04    0.1034317016601562E-02
   65   -0.1777343750000000E-02    0.9332656860351563E-03
   66   -0.5644531250000000E-02    0.1145744323730469E-02
   67   -0.1328125000000000E-02    0.1205520629882812E-02
   68   -0.2148437500000000E-03    0.8563613891601563E-03
   69    0.1367187500000000E-03    0.1126518249511719E-02
   70    0.3515625000000000E-03    0.1136856079101562E-02
   71   -0.2441406250000000E-02    0.1012535095214844E-02
   72   -0.2246093750000000E-02    0.7362747192382812E-03
   73   -0.3183593750000000E-02    0.1058845520019531E-02
   74   -0.5429687500000000E-02    0.1031188964843750E-02
   75   -0.5605468750000000E-02    0.9817123413085938E-03
   76    0.3906250000000000E-03    0.8273315429687500E-03
   77   -0.2324218750000000E-02    0.1341056823730469E-02
   78    0.3242187500000000E-02    0.1069641113281250E-02
   79   -0.5585937500000000E-02    0.8583831787109375E-03
   80   -0.5585937500000000E-02    0.1034851074218750E-02
   81   -0.6835937500000000E-03    0.9375381469726563E-03
   82    0.1406250000000000E-02    0.1161346435546875E-02
   83   -0.6054687500000000E-03    0.1040458679199219E-02
   84   -0.1953125000000000E-02    0.8648681640625000E-03
   85   -0.1250000000000000E-02    0.1104278564453125E-02
   86   -0.1679687500000000E-02    0.6985473632812500E-03
   87    0.1660156250000000E-02    0.9965896606445312E-03
   88    0.3125000000000000E-02    0.9141540527343749E-03
   89    0.1933593750000000E-02    0.1081275939941406E-02
   90    0.1562500000000000E-03    0.1199264526367187E-02
   91   -0.1816406250000000E-02    0.7657241821289062E-03
   92   -0.1367187500000000E-02    0.8852386474609375E-03
   93    0.3125000000000000E-02    0.8393859863281250E-03
   94   -0.2343750000000000E-02    0.8475494384765625E-03
   95   -0.2148437500000000E-02    0.1011276245117188E-02
   96    0.6015625000000000E-02    0.9857940673828126E-03
   97   -0.1718750000000000E-02    0.8400726318359375E-03
   98   -0.3476562500000000E-02    0.1167907714843750E-02
   99    0.7617187500000000E-03    0.8009719848632812E-03
  100    0.9570312500000000E-03    0.8906936645507813E-03
