# time =    0.4159
    0    0.1000000000000000E+01    0.1000000000000000E+01
    1    0.3835156250000000E+00    0.1478667449951172E+00
    2    0.2121289062500000E+00    0.4586811065673828E-01
    3    0.1437695312500000E+00    0.2157886505126953E-01
    4    0.1087890625000000E+00    0.1276924133300781E-01
    5    0.9050781250000001E-01    0.9004287719726563E-02
    6    0.7660156250000000E-01    0.6846160888671875E-02
    7    0.7140625000000000E-01    0.6025161743164063E-02
    8    0.6283203125000000E-01    0.4841117858886719E-02
    9    0.5650390625000000E-01    0.4002189636230469E-02
   10    0.5265625000000000E-01    0.3517227172851562E-02
   11    0.4777343750000000E-01    0.3123321533203125E-02
   12    0.4521484375000000E-01    0.2911491394042969E-02
   13    0.4191406250000000E-01    0.2693634033203125E-02
   14    0.4128906250000000E-01    0.2639770507812500E-02
   15    0.3832031250000000E-01    0.2284240722656250E-02
   16    0.3472656250000000E-01    0.2032470703125000E-02
   17    0.3326171875000000E-01    0.1978950500488281E-02
   18    0.3322265625000000E-01    0.1771736145019531E-02
   19    0.3103515625000000E-01    0.1799736022949219E-02
   20    0.3498046875000000E-01    0.2252769470214844E-02
   21    0.3357421875000000E-01    0.2035255432128906E-02
   22    0.3460937500000000E-01    0.2086410522460938E-02
   23    0.3298828125000000E-01    0.2074470520019531E-02
   24    0.2878906250000000E-01    0.1768951416015625E-02
   25    0.2812500000000000E-01    0.1699905395507813E-02
   26    0.3066406250000000E-01    0.1868972778320312E-02
   27    0.2933593750000000E-01    0.1734695434570313E-02
   28    0.2759765625000000E-01    0.1671714782714844E-02
   29    0.2728515625000000E-01    0.1945533752441406E-02
   30    0.2806640625000000E-01    0.1775093078613281E-02
   31    0.2365234375000000E-01    0.1721382141113281E-02
   32    0.2574218750000000E-01    0.1588439941406250E-02
   33    0.2589843750000000E-01    0.1737823486328125E-02
   34    0.2367187500000000E-01    0.1658477783203125E-02
   35    0.2458984375000000E-01    0.1734809875488281E-02
   36    0.2214843750000000E-01    0.1694259643554687E-02
   37    0.2447265625000000E-01    0.1709938049316406E-02
   38    0.2583984375000000E-01    0.1865043640136719E-02
   39    0.2312500000000000E-01    0.1744842529296875E-02
   40    0.2326171875000000E-01    0.1579475402832031E-02
   41    0.2173828125000000E-01    0.1744804382324219E-02
   42    0.2162109375000000E-01    0.1629142761230469E-02
   43    0.2177734375000000E-01    0.1619071960449219E-02
   44    0.2289062500000000E-01    0.1530609130859375E-02
   45    0.2337890625000000E-01    0.1647605895996094E-02
   46    0.2492187500000000E-01    0.1654129028320313E-02
   47    0.2453125000000000E-01    0.1776733398437500E-02
   48    0.2226562500000000E-01    0.1774291992187500E-02
   49    0.2205078125000000E-01    0.1874046325683594E-02
   50    0.2320312500000000E-01    0.2158584594726563E-02
   51    0.2457031250000000E-01    0.1865768432617188E-02
   52    0.2328125000000000E-01    0.2069320678710938E-02
   53    0.2191406250000000E-01    0.1919631958007813E-02
   54    0.2306640625000000E-01    0.1844749450683594E-02
   55    0.1789062500000000E-01    0.1715774536132812E-02
   56    0.2048828125000000E-01    0.1612739562988281E-02
   57    0.2025390625000000E-01    0.1642951965332031E-02
   58    0.1761718750000000E-01    0.1347808837890625E-02
   59    0.2021484375000000E-01    0.1639137268066406E-02
   60    0.1839843750000000E-01    0.1617660522460938E-02
   61    0.1984375000000000E-01    0.1679000854492187E-02
   62    0.1759765625000000E-01    0.1590156555175781E-02
   63    0.2208984375000000E-01    0.1667671203613281E-02
   64    0.2130859375000000E-01    0.1623039245605469E-02
   65    0.2283203125000000E-01    0.1527290344238281E-02
   66    0.2433593750000000E-01    0.1623382568359375E-02
   67    0.2406250000000000E-01    0.1662673950195313E-02
   68    0.2513671875000000E-01    0.1626625061035156E-02
   69    0.2039062500000000E-01    0.1490707397460937E-02
   70    0.2201171875000000E-01    0.1503028869628906E-02
   71    0.2376953125000000E-01    0.1577491760253906E-02
   72    0.2246093750000000E-01    0.1541519165039063E-02
   73    0.2349609375000000E-01    0.1744575500488281E-02
   74    0.2044921875000000E-01    0.1639213562011719E-02
   75    0.1980468750000000E-01    0.1593627929687500E-02
   76    0.2029296875000000E-01    0.1604881286621094E-02
   77    0.2083984375000000E-01    0.1467018127441406E-02
   78    0.2283203125000000E-01    0.1435737609863281E-02
   79    0.2125000000000000E-01    0.1456985473632812E-02
   80    0.1974609375000000E-01    0.1240653991699219E-02
   81    0.1914062500000000E-01    0.1325531005859375E-02
   82    0.1738281250000000E-01    0.1344070434570312E-02
   83    0.2136718750000000E-01    0.1456222534179688E-02
   84    0.2125000000000000E-01    0.1664123535156250E-02
   85    0.1796875000000000E-01    0.1393661499023437E-02
   86    0.1828125000000000E-01    0.1600952148437500E-02
   87    0.2080078125000000E-01    0.1621589660644531E-02
   88    0.1996093750000000E-01    0.1409149169921875E-02
   89    0.2148437500000000E-01    0.1656341552734375E-02
   90    0.2085937500000000E-01    0.1567993164062500E-02
   91    0.2103515625000000E-01    0.1563987731933594E-02
   92    0.1812500000000000E-01    0.1508483886718750E-02
   93    0.1933593750000000E-01    0.1507644653320313E-02
   94    0.2064453125000000E-01    0.1491355895996094E-02
   95    0.1990234375000000E-01    0.1672325134277344E-02
   96    0.1871093750000000E-01    0.1557693481445312E-02
   97    0.2085937500000000E-01    0.1566848754882813E-02
   98    0.1869140625000000E-01    0.1570549011230469E-02
   99    0.1779296875000000E-01    0.1500968933105469E-02
  100    0.1769531250000000E-01    0.1509246826171875E-02
