# time =    0.4650
    0    0.1000000000000000E+01    0.1000000000000000E+01
    1    0.1910742187500000E+00    0.3753444671630859E-01
    2    0.3794921875000000E-01    0.2264213562011719E-02
    3    0.7421875000000000E-02    0.7523345947265625E-03
    4    0.1660156250000000E-02    0.9341049194335938E-03
    5   -0.1171875000000000E-03    0.1046371459960938E-02
    6   -0.1425781250000000E-02    0.1047096252441406E-02
    7    0.4746093750000000E-02    0.9450912475585938E-03
    8    0.5019531250000000E-02    0.1039695739746094E-02
    9    0.5273437500000000E-03    0.1078224182128906E-02
   10    0.7226562500000000E-03    0.1196327209472656E-02
   11   -0.9765625000000001E-04    0.8730697631835938E-03
   12   -0.4414062500000000E-02    0.8896636962890625E-03
   13   -0.1093750000000000E-02    0.1073455810546875E-02
   14    0.2558593750000000E-02    0.1021156311035156E-02
   15    0.2148437500000000E-02    0.9298706054687500E-03
   16   -0.1054687500000000E-02    0.1014556884765625E-02
   17    0.5664062500000000E-03    0.1086769104003906E-02
   18    0.1503906250000000E-02    0.9333419799804687E-03
   19   -0.4218750000000000E-02    0.9643554687500000E-03
   20   -0.5820312500000000E-02    0.1026229858398437E-02
   21   -0.4218750000000000E-02    0.9579467773437500E-03
   22    0.1132812500000000E-02    0.1068954467773438E-02
   23    0.3437500000000000E-02    0.1043243408203125E-02
   24    0.3769531250000000E-02    0.8620834350585938E-03
   25   -0.2070312500000000E-02    0.1035385131835938E-02
   26   -0.5273437500000000E-03    0.1281013488769531E-02
   27   -0.5488281250000000E-02    0.8466720581054687E-03
   28   -0.1503906250000000E-02    0.1028480529785156E-02
   29   -0.3046875000000000E-02    0.8661651611328125E-03
   30   -0.5664062500000000E-03    0.8593368530273438E-03
   31   -0.1757812500000000E-02    0.9028625488281250E-03
   32    0.2226562500000000E-02    0.1038360595703125E-02
   33    0.5800781250000000E-02    0.8204269409179687E-03
   34   -0.3906250000000000E-03    0.1122131347656250E-02
   35    0.2714843750000000E-02    0.8853530883789063E-03
   36    0.1562500000000000E-03    0.1075973510742188E-02
   37    0.5371093750000000E-02    0.1083259582519531E-02
   38    0.1289062500000000E-02    0.1165390014648438E-02
   39    0.3886718750000000E-02    0.8845901489257812E-03
   40   -0.2812500000000000E-02    0.1066818237304688E-02
   41   -0.2011718750000000E-02    0.1047859191894531E-02
   42   -0.6250000000000000E-02    0.9230041503906250E-03
   43   -0.3222656250000000E-02    0.7931137084960937E-03
   44   -0.1660156250000000E-02    0.8365249633789062E-03
   45   -0.2460937500000000E-02    0.8495330810546875E-03
   46   -0.2968750000000000E-02    0.1327362060546875E-02
   47   -0.8593750000000000E-03    0.7983398437500000E-03
   48   -0.3906250000000000E-04    0.9540557861328125E-03
   49    0.1093750000000000E-02    0.1087188720703125E-02
   50   -0.3515625000000000E-03    0.9314727783203125E-03
   51    0.4980468750000000E-02    0.1155281066894531E-02
   52    0.1894531250000000E-02    0.8463668823242188E-03
   53    0.5273437500000000E-03    0.1069297790527344E-02
   54   -0.2968750000000000E-02    0.8809661865234375E-03
   55    0.1855468750000000E-02    0.6764602661132813E-03
   56    0.1152343750000000E-02    0.1029701232910156E-02
   57   -0.2304687500000000E-02    0.9645843505859376E-03
   58    0.5664062500000000E-03    0.9664535522460937E-03
   59    0.3535156250000000E-02    0.8659744262695312E-03
   60   -0.1171875000000000E-02    0.9031677246093750E-03
   61   -0.2929687500000000E-02    0.8267974853515625E-03
   62   -0.5390625000000000E-02    0.8588409423828124E-03
   63   -0.2382812500000000E-02    0.1081008911132812E-02
   64   -0.8398437500000000E-03    0.1088142395019531E-02
   65   -0.2832031250000000E-02    0.1142387390136719E-02
   66   -0.7617187500000000E-03    0.1231346130371094E-02
   67   -0.1113281250000000E-02    0.1152992248535156E-02
   68   -0.4765625000000000E-02    0.8883666992187500E-03
   69   -0.2460937500000000E-02    0.7684326171875000E-03
   70    0.8007812500000000E-03    0.7781600952148438E-03
   71    0.3593750000000000E-02    0.1154937744140625E-02
   72    0.1738281250000000E-02    0.9426498413085938E-03
   73   -0.9570312500000000E-03    0.8644485473632813E-03
   74    0.5468750000000001E-03    0.8551788330078125E-03
   75    0.4882812500000000E-02    0.1099395751953125E-02
   76   -0.7812500000000000E-03    0.8054351806640624E-03
   77    0.1953125000000000E-02    0.9691619873046875E-03
   78    0.1406250000000000E-02    0.7311248779296875E-03
   79   -0.2031250000000000E-02    0.1038589477539062E-02
   80    0.1542968750000000E-02    0.1016044616699219E-02
   81   -0.1425781250000000E-02    0.1039009094238281E-02
   82    0.9960937500000000E-03    0.8001327514648438E-03
   83    0.1855468750000000E-02    0.8972549438476563E-03
   84    0.7031250000000000E-03    0.7022094726562500E-03
   85    0.3808593750000000E-02    0.1084632873535156E-02
   86    0.8593750000000000E-03    0.1021270751953125E-02
   87   -0.5117187500000000E-02    0.1104965209960938E-02
   88    0.3222656250000000E-02    0.9387588500976563E-03
   89    0.5273437500000000E-02    0.9952545166015624E-03
   90   -0.2617187500000000E-02    0.1053237915039063E-02
   91    0.7441406250000000E-02    0.1092720031738281E-02
   92    0.3652343750000000E-02    0.9761428833007812E-03
   93   -0.8398437500000000E-03    0.8425521850585938E-03
   94   -0.8593750000000000E-03    0.7770538330078125E-03
   95   -0.2539062500000000E-02    0.1109542846679688E-02
   96   -0.1757812500000000E-02    0.6806945800781250E-03
   97    0.2343750000000000E-02    0.9458923339843750E-03
   98    0.2148437500000000E-02    0.1300277709960938E-02
   99    0.2734375000000000E-02    0.1011505126953125E-02
  100    0.1835937500000000E-02    0.1124267578125000E-02
