# time =    0.4066
    0    0.1000000000000000E+01    0.1000000000000000E+01
    1    0.4342578125000000E+00    0.1892559814453125E+00
    2    0.2797070312500000E+00    0.7893512725830078E-01
    3    0.2173242187500000E+00    0.4785655975341797E-01
    4    0.1809570312500000E+00    0.3342037200927735E-01
    5    0.1602539062500000E+00    0.2624393463134765E-01
    6    0.1474609375000000E+00    0.2243324279785156E-01
    7    0.1361523437500000E+00    0.1936214447021484E-01
    8    0.1274414062500000E+00    0.1716915130615234E-01
    9    0.1205078125000000E+00    0.1543869018554687E-01
   10    0.1135156250000000E+00    0.1383331298828125E-01
   11    0.1077929687500000E+00    0.1258739471435547E-01
   12    0.1032226562500000E+00    0.1171741485595703E-01
   13    0.9958984375000000E-01    0.1087383270263672E-01
   14    0.9634765625000000E-01    0.1021907806396484E-01
   15    0.9117187500000000E-01    0.9339370727539063E-02
   16    0.8955078125000000E-01    0.9058570861816407E-02
   17    0.8716796875000000E-01    0.8586311340332031E-02
   18    0.8335937500000000E-01    0.7938385009765625E-02
   19    0.7978515625000000E-01    0.7420921325683593E-02
   20    0.7820312500000000E-01    0.7224044799804688E-02
   21    0.7609375000000000E-01    0.6813049316406250E-02
   22    0.7500000000000000E-01    0.6634368896484375E-02
   23    0.7162109375000000E-01    0.6143074035644531E-02
   24    0.7015625000000000E-01    0.5944290161132812E-02
   25    0.6935546875000000E-01    0.5848045349121094E-02
   26    0.6927734375000000E-01    0.5807456970214844E-02
   27    0.6714843750000000E-01    0.5536346435546875E-02
   28    0.6531250000000000E-01    0.5225677490234375E-02
   29    0.6433593750000000E-01    0.5055923461914063E-02
   30    0.6261718750000000E-01    0.4782333374023438E-02
   31    0.6240234375000000E-01    0.4789619445800781E-02
   32    0.6279296875000000E-01    0.4867515563964844E-02
   33    0.6144531250000000E-01    0.4697952270507812E-02
   34    0.6066406250000000E-01    0.4612426757812500E-02
   35    0.5962890625000000E-01    0.4552040100097656E-02
   36    0.5855468750000000E-01    0.4302673339843750E-02
   37    0.5777343750000000E-01    0.4222717285156250E-02
   38    0.5580078125000000E-01    0.3994483947753907E-02
   39    0.5501953125000000E-01    0.3865242004394531E-02
   40    0.5396484375000000E-01    0.3737525939941406E-02
   41    0.5312500000000000E-01    0.3651733398437500E-02
   42    0.5191406250000000E-01    0.3603439331054688E-02
   43    0.5203125000000000E-01    0.3663177490234375E-02
   44    0.5068359375000000E-01    0.3481254577636719E-02
   45    0.5083984375000000E-01    0.3494758605957031E-02
   46    0.4998046875000000E-01    0.3272819519042969E-02
   47    0.4820312500000000E-01    0.3124237060546875E-02
   48    0.4857421875000000E-01    0.3189506530761719E-02
   49    0.4767578125000000E-01    0.3083381652832031E-02
   50    0.4615234375000000E-01    0.2842750549316406E-02
   51    0.4615234375000000E-01    0.2911567687988281E-02
   52    0.4542968750000000E-01    0.2844772338867188E-02
   53    0.4460937500000000E-01    0.2756195068359375E-02
   54    0.4367187500000000E-01    0.2656478881835937E-02
   55    0.4353515625000000E-01    0.2716331481933594E-02
   56    0.4275390625000000E-01    0.2629814147949219E-02
   57    0.4210937500000000E-01    0.2674179077148437E-02
   58    0.4191406250000000E-01    0.2696990966796875E-02
   59    0.4257812500000000E-01    0.2694015502929688E-02
   60    0.4146484375000000E-01    0.2667198181152344E-02
   61    0.4123046875000000E-01    0.2545204162597656E-02
   62    0.4054687500000000E-01    0.2463073730468750E-02
   63    0.4064453125000000E-01    0.2434654235839844E-02
   64    0.4123046875000000E-01    0.2562294006347656E-02
   65    0.4111328125000000E-01    0.2513465881347656E-02
   66    0.4164062500000000E-01    0.2617416381835937E-02
   67    0.4169921875000000E-01    0.2575187683105469E-02
   68    0.3941406250000000E-01    0.2335433959960938E-02
   69    0.4027343750000000E-01    0.2451705932617188E-02
   70    0.3945312500000000E-01    0.2347793579101563E-02
   71    0.3972656250000000E-01    0.2317504882812500E-02
   72    0.3826171875000000E-01    0.2219352722167969E-02
   73    0.3794921875000000E-01    0.2252845764160156E-02
   74    0.3802734375000000E-01    0.2242469787597656E-02
   75    0.3845703125000000E-01    0.2281761169433594E-02
   76    0.3771484375000000E-01    0.2294349670410156E-02
   77    0.3644531250000000E-01    0.2091522216796875E-02
   78    0.3523437500000000E-01    0.2027587890625000E-02
   79    0.3494140625000000E-01    0.2010231018066406E-02
   80    0.3494140625000000E-01    0.2012977600097656E-02
   81    0.3412109375000000E-01    0.1899375915527344E-02
   82    0.3392578125000000E-01    0.1919059753417969E-02
   83    0.3490234375000000E-01    0.2012290954589844E-02
   84    0.3345703125000000E-01    0.1891975402832031E-02
   85    0.3427734375000000E-01    0.1948280334472656E-02
   86    0.3441406250000000E-01    0.2018203735351562E-02
   87    0.3486328125000000E-01    0.2045860290527344E-02
   88    0.3464843750000000E-01    0.2057800292968750E-02
   89    0.3382812500000000E-01    0.1979370117187500E-02
   90    0.3339843750000000E-01    0.1929168701171875E-02
   91    0.3234375000000000E-01    0.1888504028320313E-02
   92    0.3187500000000000E-01    0.1869964599609375E-02
   93    0.3208984375000000E-01    0.1872673034667969E-02
   94    0.3119140625000000E-01    0.1818885803222656E-02
   95    0.3203125000000000E-01    0.1920852661132813E-02
   96    0.3210937500000000E-01    0.1892929077148438E-02
   97    0.3228515625000000E-01    0.1893348693847656E-02
   98    0.3130859375000000E-01    0.1784553527832031E-02
   99    0.3171875000000000E-01    0.1782379150390625E-02
  100    0.3121093750000000E-01    0.1779937744140625E-02
