# time =    0.4714
    0    0.1000000000000000E+01    0.1000000000000000E+01
    1    0.1920703125000000E+00    0.3776374816894532E-01
    2    0.4257812500000000E-01    0.3106536865234375E-02
    3    0.9980468750000001E-02    0.1017112731933594E-02
    4    0.5214843750000000E-02    0.8388137817382812E-03
    5    0.4042968750000000E-02    0.1124687194824219E-02
    6   -0.5058593750000000E-02    0.8624649047851563E-03
    7   -0.1367187500000000E-03    0.1156425476074219E-02
    8    0.1367187500000000E-03    0.1084098815917969E-02
    9   -0.7812500000000000E-03    0.9000396728515625E-03
   10   -0.2363281250000000E-02    0.9595870971679688E-03
   11    0.1250000000000000E-02    0.8729553222656250E-03
   12    0.4082031250000000E-02    0.8936691284179688E-03
   13   -0.1523437500000000E-02    0.9257507324218750E-03
   14   -0.5976562500000000E-02    0.1292800903320312E-02
   15   -0.3164062500000000E-02    0.7679748535156250E-03
   16    0.1718750000000000E-02    0.9242248535156250E-03
   17    0.5468750000000000E-02    0.9520721435546875E-03
   18    0.3085937500000000E-02    0.8529663085937500E-03
   19    0.5273437500000000E-02    0.9910583496093750E-03
   20    0.1210937500000000E-02    0.9911346435546875E-03
   21   -0.1191406250000000E-02    0.1306343078613281E-02
   22    0.3437500000000000E-02    0.8727264404296875E-03
   23    0.3437500000000000E-02    0.7990264892578125E-03
   24   -0.7246093750000000E-02    0.9090805053710938E-03
   25   -0.1367187500000000E-02    0.1049270629882813E-02
   26   -0.7031250000000000E-03    0.8708190917968750E-03
   27   -0.6992187500000000E-02    0.9306335449218750E-03
   28   -0.3515625000000000E-03    0.9882354736328125E-03
   29    0.2988281250000000E-02    0.9115982055664062E-03
   30   -0.2246093750000000E-02    0.1091880798339844E-02
   31   -0.4960937500000000E-02    0.8048248291015625E-03
   32   -0.2050781250000000E-02    0.8304977416992188E-03
   33   -0.6054687500000000E-03    0.8664321899414062E-03
   34    0.2089843750000000E-02    0.8739852905273438E-03
   35   -0.6875000000000000E-02    0.1041183471679687E-02
   36   -0.5078125000000000E-03    0.6486511230468750E-03
   37   -0.5468750000000001E-03    0.9368896484375000E-03
   38   -0.3750000000000000E-02    0.9996795654296875E-03
   39   -0.9042968750000000E-02    0.9776687622070313E-03
   40   -0.3476562500000000E-02    0.7923126220703125E-03
   41   -0.3222656250000000E-02    0.9873580932617187E-03
   42    0.4296875000000000E-02    0.8353424072265625E-03
   43    0.1914062500000000E-02    0.8416748046874999E-03
   44    0.2363281250000000E-02    0.6528091430664062E-03
   45    0.7031250000000000E-03    0.6804656982421875E-03
   46    0.1250000000000000E-02    0.1355361938476563E-02
   47   -0.1054687500000000E-02    0.1171035766601563E-02
   48    0.1757812500000000E-02    0.7216644287109375E-03
   49    0.1953125000000000E-03    0.1110610961914062E-02
   50   -0.2421875000000000E-02    0.8715820312500000E-03
   51   -0.9765625000000000E-02    0.9864044189453124E-03
   52   -0.7031250000000000E-03    0.1064529418945313E-02
   53    0.6699218750000000E-02    0.9495162963867187E-03
   54    0.2500000000000000E-02    0.9377288818359375E-03
   55    0.3886718750000000E-02    0.9935379028320312E-03
   56    0.2148437500000000E-03    0.7720565795898437E-03
   57    0.3535156250000000E-02    0.8710861206054687E-03
   58    0.3847656250000000E-02    0.1029777526855469E-02
   59    0.3066406250000000E-02    0.9811782836914062E-03
   60    0.1035156250000000E-02    0.1002159118652344E-02
   61   -0.4570312500000000E-02    0.1071548461914062E-02
   62    0.3730468750000000E-02    0.8629226684570313E-03
   63   -0.2031250000000000E-02    0.1239929199218750E-02
   64    0.1250000000000000E-02    0.1009826660156250E-02
   65    0.1328125000000000E-02    0.7035064697265625E-03
   66   -0.1562500000000000E-03    0.8382415771484375E-03
   67    0.5507812500000000E-02    0.9446716308593749E-03
   68    0.2871093750000000E-02    0.8682632446289063E-03
   69    0.2656250000000000E-02    0.1052780151367188E-02
   70    0.1425781250000000E-02    0.1280174255371094E-02
   71   -0.1835937500000000E-02    0.7878875732421875E-03
   72    0.4453125000000000E-02    0.7461547851562500E-03
   73    0.2148437500000000E-02    0.8535766601562500E-03
   74    0.7773437500000000E-02    0.1119308471679688E-02
   75   -0.1445312500000000E-02    0.9808349609375000E-03
   76    0.1894531250000000E-02    0.1133613586425781E-02
   77    0.0000000000000000E+00    0.9007263183593750E-03
   78   -0.2519531250000000E-02    0.1272163391113281E-02
   79    0.2050781250000000E-02    0.9036636352539062E-03
   80    0.1953125000000000E-03    0.1023635864257812E-02
   81    0.1445312500000000E-02    0.9674835205078125E-03
   82    0.3320312500000000E-02    0.8413696289062500E-03
   83    0.4746093750000000E-02    0.9036636352539062E-03
   84    0.4257812500000000E-02    0.9042358398437500E-03
   85    0.6835937500000000E-03    0.1233558654785156E-02
   86    0.2363281250000000E-02    0.8948898315429688E-03
   87    0.1777343750000000E-02    0.1000633239746094E-02
   88    0.1562500000000000E-03    0.8903503417968750E-03
   89    0.2343750000000000E-02    0.9136199951171875E-03
   90    0.3515625000000000E-02    0.1020889282226563E-02
   91   -0.5039062500000000E-02    0.9983825683593751E-03
   92   -0.5917968750000000E-02    0.9945297241210937E-03
   93    0.2460937500000000E-02    0.1116561889648437E-02
   94    0.5292968750000000E-02    0.9785842895507811E-03
   95   -0.1992187500000000E-02    0.1079177856445312E-02
   96    0.4687500000000000E-03    0.8541107177734375E-03
   97   -0.3457031250000000E-02    0.1077690124511719E-02
   98   -0.4746093750000000E-02    0.9473037719726563E-03
   99    0.2050781250000000E-02    0.8142471313476562E-03
  100   -0.2773437500000000E-02    0.8955383300781250E-03
