# time =    0.4537
    0    0.1000000000000000E+01    0.1000000000000000E+01
    1    0.1779687500000000E+00    0.3248588562011719E-01
    2    0.3548828125000000E-01    0.2107963562011719E-02
    3    0.7636718750000000E-02    0.9972000122070313E-03
    4   -0.3320312500000000E-03    0.8515548706054687E-03
    5    0.2734375000000000E-02    0.8969116210937500E-03
    6   -0.2148437500000000E-02    0.1040344238281250E-02
    7    0.5468750000000001E-03    0.1123504638671875E-02
    8   -0.3144531250000000E-02    0.9739303588867188E-03
    9   -0.5820312500000000E-02    0.9899139404296875E-03
   10   -0.3515625000000000E-02    0.9752655029296875E-03
   11    0.1660156250000000E-02    0.7969284057617187E-03
   12   -0.1074218750000000E-02    0.8881759643554688E-03
   13    0.9765625000000001E-04    0.9836196899414063E-03
   14   -0.1289062500000000E-02    0.8146667480468750E-03
   15   -0.6835937500000000E-03    0.7992935180664063E-03
   16   -0.2246093750000000E-02    0.9168624877929687E-03
   17    0.2363281250000000E-02    0.9050369262695312E-03
   18   -0.4296875000000000E-02    0.1245803833007812E-02
   19    0.4492187500000000E-02    0.9216308593750000E-03
   20    0.5859375000000000E-04    0.9223556518554687E-03
   21    0.6093750000000000E-02    0.7867431640625000E-03
   22   -0.1035156250000000E-02    0.8857345581054687E-03
   23   -0.2167968750000000E-02    0.1101188659667969E-02
   24   -0.4687500000000000E-02    0.9799957275390624E-03
   25   -0.7929687499999999E-02    0.9307861328125000E-03
   26   -0.2148437500000000E-02    0.9553527832031250E-03
   27   -0.1738281250000000E-02    0.7293319702148437E-03
   28    0.8203125000000000E-03    0.1278533935546875E-02
   29    0.7421875000000000E-03    0.1346664428710937E-02
   30    0.3457031250000000E-02    0.1146736145019531E-02
   31    0.2207031250000000E-02    0.7677078247070312E-03
   32    0.2871093750000000E-02    0.9520339965820312E-03
   33   -0.1171875000000000E-03    0.9235382080078125E-03
   34   -0.1367187500000000E-03    0.1284980773925781E-02
   35   -0.7324218750000000E-02    0.7376480102539063E-03
   36   -0.5292968750000000E-02    0.9074783325195312E-03
   37   -0.1933593750000000E-02    0.1435356140136719E-02
   38   -0.2753906250000000E-02    0.8746719360351562E-03
   39   -0.3183593750000000E-02    0.8624649047851563E-03
   40   -0.3417968750000000E-02    0.9218978881835937E-03
   41    0.2187500000000000E-02    0.8057403564453125E-03
   42   -0.6484375000000000E-02    0.9971618652343749E-03
   43   -0.1289062500000000E-02    0.1112136840820313E-02
   44   -0.9375000000000000E-03    0.8255767822265625E-03
   45    0.4257812500000000E-02    0.1082687377929687E-02
   46   -0.1132812500000000E-02    0.1141510009765625E-02
   47    0.2480468750000000E-02    0.1201820373535156E-02
   48    0.1757812500000000E-03    0.8560562133789062E-03
   49    0.1230468750000000E-02    0.1107521057128906E-02
   50   -0.5468750000000001E-03    0.9835815429687499E-03
   51    0.1386718750000000E-02    0.8434677124023438E-03
   52    0.1542968750000000E-02    0.7656478881835938E-03
   53    0.8203125000000000E-03    0.8892059326171875E-03
   54    0.5371093750000000E-02    0.9644699096679688E-03
   55    0.4062500000000000E-02    0.7675933837890625E-03
   56    0.5664062500000000E-03    0.9956741333007812E-03
   57    0.4257812500000000E-02    0.1058120727539062E-02
   58   -0.6640625000000000E-03    0.1027297973632813E-02
   59    0.2031250000000000E-02    0.9142303466796875E-03
   60    0.1347656250000000E-02    0.1066474914550781E-02
   61   -0.5468750000000001E-03    0.8380126953125000E-03
   62   -0.6425781250000000E-02    0.1027488708496094E-02
   63    0.3359375000000000E-02    0.1293792724609375E-02
   64   -0.3203125000000000E-02    0.9411621093750000E-03
   65    0.4765625000000000E-02    0.9947967529296874E-03
   66    0.3906250000000000E-03    0.1028976440429688E-02
   67   -0.2832031250000000E-02    0.9151840209960937E-03
   68    0.1562500000000000E-03    0.1127777099609375E-02
   69    0.3066406250000000E-02    0.7780075073242187E-03
   70    0.1152343750000000E-02    0.7368850708007812E-03
   71   -0.1386718750000000E-02    0.9473800659179687E-03
   72    0.3183593750000000E-02    0.1039619445800781E-02
   73    0.3144531250000000E-02    0.1154289245605469E-02
   74    0.5292968750000000E-02    0.1021003723144531E-02
   75    0.4414062500000000E-02    0.1235885620117188E-02
   76    0.2792968750000000E-02    0.9166336059570312E-03
   77    0.1445312500000000E-02    0.8937072753906250E-03
   78   -0.2363281250000000E-02    0.9938430786132811E-03
   79    0.2011718750000000E-02    0.9167098999023438E-03
   80    0.4394531250000000E-02    0.1020011901855469E-02
   81    0.1738281250000000E-02    0.8378219604492187E-03
   82    0.1425781250000000E-02    0.9977340698242188E-03
   83   -0.2890625000000000E-02    0.8287811279296875E-03
   84    0.7578125000000000E-02    0.1035461425781250E-02
   85    0.1777343750000000E-02    0.1080131530761719E-02
   86    0.1523437500000000E-02    0.1273880004882812E-02
   87   -0.3320312500000000E-02    0.1227951049804687E-02
   88   -0.1386718750000000E-02    0.8916854858398438E-03
   89   -0.2246093750000000E-02    0.1132316589355469E-02
   90   -0.3671875000000000E-02    0.1070404052734375E-02
   91   -0.5644531250000000E-02    0.1006507873535156E-02
   92    0.1054687500000000E-02    0.1094207763671875E-02
   93   -0.2285156250000000E-02    0.1007499694824219E-02
   94   -0.2070312500000000E-02    0.1069183349609375E-02
   95    0.2226562500000000E-02    0.9588623046875001E-03
   96    0.2265625000000000E-02    0.1146469116210938E-02
   97    0.4804687500000000E-02    0.9069061279296875E-03
   98    0.9179687499999999E-03    0.1382942199707031E-02
   99    0.5078125000000000E-03    0.9735107421875000E-03
  100    0.2285156250000000E-02    0.1055488586425781E-02
