# time =    0.4613
    0    0.1000000000000000E+01    0.1000000000000000E+01
    1    0.2649218750000000E+00    0.7102752685546875E-01
    2    0.8093750000000000E-01    0.7522583007812500E-02
    3    0.2658203125000000E-01    0.1745643615722656E-02
    4    0.1283203125000000E-01    0.1256752014160156E-02
    5    0.3203125000000000E-02    0.1027221679687500E-02
    6   -0.3164062500000000E-02    0.1411285400390625E-02
    7    0.2226562500000000E-02    0.9442901611328125E-03
    8    0.4355468750000000E-02    0.8489608764648438E-03
    9   -0.1953125000000000E-04    0.1050071716308594E-02
   10    0.8398437500000000E-03    0.9735488891601563E-03
   11    0.3183593750000000E-02    0.1014671325683594E-02
   12   -0.1601562500000000E-02    0.1047515869140625E-02
   13    0.5800781250000000E-02    0.8810806274414062E-03
   14   -0.7812500000000000E-04    0.1036682128906250E-02
   15    0.1015625000000000E-02    0.1209945678710938E-02
   16    0.2167968750000000E-02    0.1012077331542969E-02
   17   -0.2421875000000000E-02    0.9060668945312500E-03
   18    0.7226562500000000E-03    0.8707809448242188E-03
   19    0.3867187500000000E-02    0.8850860595703125E-03
   20   -0.2539062500000000E-02    0.1174926757812500E-02
   21    0.2324218750000000E-02    0.9528732299804687E-03
   22    0.3222656250000000E-02    0.1023902893066406E-02
   23   -0.4687500000000000E-03    0.9626007080078125E-03
   24   -0.9765625000000000E-03    0.8809661865234375E-03
   25    0.3828125000000000E-02    0.9055328369140625E-03
   26   -0.8007812500000000E-03    0.8460617065429687E-03
   27   -0.3339843750000000E-02    0.1172523498535156E-02
   28    0.4101562500000000E-03    0.1128959655761719E-02
   29   -0.6445312500000000E-03    0.1122779846191406E-02
   30   -0.2968750000000000E-02    0.1001968383789063E-02
   31    0.1953125000000000E-02    0.7989501953125000E-03
   32    0.4023437500000000E-02    0.1145935058593750E-02
   33   -0.3906250000000000E-04    0.8961486816406250E-03
   34    0.3906250000000000E-04    0.9696960449218750E-03
   35   -0.4296875000000000E-02    0.8988189697265625E-03
   36   -0.3906250000000000E-04    0.1074371337890625E-02
   37    0.2226562500000000E-02    0.8832550048828125E-03
   38   -0.3242187500000000E-02    0.9318542480468750E-03
   39    0.2343750000000000E-03    0.8958435058593750E-03
   40   -0.1953125000000000E-02    0.9983825683593751E-03
   41    0.4296875000000000E-02    0.8754730224609375E-03
   42   -0.9765625000000000E-03    0.9896087646484376E-03
   43   -0.4882812500000000E-03    0.1059226989746094E-02
   44    0.2187500000000000E-02    0.1173171997070313E-02
   45   -0.2753906250000000E-02    0.9226608276367188E-03
   46    0.2402343750000000E-02    0.9550094604492187E-03
   47   -0.3906250000000000E-03    0.9232330322265625E-03
   48    0.3183593750000000E-02    0.8390426635742187E-03
   49    0.2343750000000000E-03    0.8158874511718750E-03
   50    0.1992187500000000E-02    0.7764434814453125E-03
   51    0.2148437500000000E-03    0.8081436157226562E-03
   52    0.5507812500000000E-02    0.9830474853515625E-03
   53    0.9375000000000000E-03    0.8779144287109374E-03
   54    0.2089843750000000E-02    0.1047706604003906E-02
   55   -0.3828125000000000E-02    0.9581756591796875E-03
   56   -0.1386718750000000E-02    0.8132553100585937E-03
   57   -0.2031250000000000E-02    0.7916259765625000E-03
   58   -0.2402343750000000E-02    0.8534622192382812E-03
   59   -0.2832031250000000E-02    0.8255386352539062E-03
   60    0.2539062500000000E-02    0.1022796630859375E-02
   61    0.3222656250000000E-02    0.1063117980957031E-02
   62   -0.4414062500000000E-02    0.9637451171874999E-03
   63   -0.1562500000000000E-02    0.9446716308593749E-03
   64    0.2675781250000000E-02    0.9917068481445314E-03
   65   -0.3203125000000000E-02    0.9140777587890625E-03
   66    0.3222656250000000E-02    0.1122703552246094E-02
   67   -0.1015625000000000E-02    0.8993530273437500E-03
   68   -0.9179687499999999E-03    0.9191513061523437E-03
   69   -0.4882812500000000E-03    0.9450912475585938E-03
   70    0.2402343750000000E-02    0.7593154907226563E-03
   71   -0.2265625000000000E-02    0.1107788085937500E-02
   72    0.3105468750000000E-02    0.8498001098632813E-03
   73   -0.7421875000000000E-03    0.1476821899414062E-02
   74   -0.1171875000000000E-02    0.1171112060546875E-02
   75   -0.1015625000000000E-02    0.7943725585937500E-03
   76    0.4101562500000000E-03    0.1067924499511719E-02
   77    0.1757812500000000E-03    0.1106605529785156E-02
   78   -0.4335937500000000E-02    0.1061248779296875E-02
   79   -0.4609375000000000E-02    0.8865356445312500E-03
   80   -0.5859375000000000E-04    0.8107376098632813E-03
   81    0.5097656250000000E-02    0.9784317016601563E-03
   82   -0.7617187500000000E-03    0.8304214477539062E-03
   83   -0.1113281250000000E-02    0.9885025024414062E-03
   84    0.2617187500000000E-02    0.1023025512695313E-02
   85    0.8984375000000000E-03    0.9971618652343749E-03
   86   -0.1953125000000000E-04    0.9638595581054687E-03
   87   -0.4492187500000000E-02    0.1182785034179688E-02
   88   -0.3574218750000000E-02    0.9125900268554687E-03
   89   -0.2968750000000000E-02    0.7210540771484375E-03
   90    0.3554687500000000E-02    0.9585571289062500E-03
   91   -0.4296875000000000E-03    0.6623840332031249E-03
   92    0.1367187500000000E-02    0.6914520263671875E-03
   93    0.1386718750000000E-02    0.1047172546386719E-02
   94    0.3515625000000000E-03    0.1146850585937500E-02
   95    0.6816406250000000E-02    0.1045341491699219E-02
   96    0.1542968750000000E-02    0.9996414184570313E-03
   97   -0.5273437500000000E-03    0.9238052368164062E-03
   98    0.2539062500000000E-03    0.9672164916992188E-03
   99   -0.5585937500000000E-02    0.9381103515625000E-03
  100    0.2343750000000000E-03    0.9366607666015625E-03
