# time =    0.4696
    0    0.1000000000000000E+01    0.1000000000000000E+01
    1    0.2212695312500000E+00    0.4972713470458984E-01
    2    0.5232421875000000E-01    0.3774375915527344E-02
    3    0.1507812500000000E-01    0.1080169677734375E-02
    4    0.1367187500000000E-03    0.9217453002929687E-03
    5    0.2382812500000000E-02    0.1183242797851563E-02
    6    0.5292968750000000E-02    0.9281539916992188E-03
    7    0.5527343750000000E-02    0.8772659301757812E-03
    8    0.4335937500000000E-02    0.1032028198242188E-02
    9    0.3222656250000000E-02    0.1254539489746094E-02
   10    0.1015625000000000E-02    0.1065063476562500E-02
   11   -0.1035156250000000E-02    0.9276962280273437E-03
   12   -0.4570312500000000E-02    0.8462524414062500E-03
   13   -0.1171875000000000E-02    0.1184768676757812E-02
   14   -0.9765625000000001E-04    0.8649826049804688E-03
   15    0.1542968750000000E-02    0.1010627746582031E-02
   16    0.1406250000000000E-02    0.9649658203125000E-03
   17    0.4687500000000000E-03    0.8403778076171875E-03
   18    0.3789062500000000E-02    0.7815551757812500E-03
   19    0.5429687500000000E-02    0.8126068115234375E-03
   20   -0.9765625000000001E-04    0.9086227416992187E-03
   21    0.1464843750000000E-02    0.8568954467773437E-03
   22   -0.1855468750000000E-02    0.8802413940429688E-03
   23    0.0000000000000000E+00    0.1133651733398438E-02
   24    0.1171875000000000E-03    0.1057357788085938E-02
   25    0.4179687500000000E-02    0.1150436401367187E-02
   26   -0.3125000000000000E-02    0.9712982177734375E-03
   27   -0.4160156250000000E-02    0.9817123413085938E-03
   28   -0.5156250000000000E-02    0.1062850952148438E-02
   29   -0.3105468750000000E-02    0.6969070434570312E-03
   30   -0.2285156250000000E-02    0.9010696411132813E-03
   31   -0.7031250000000000E-03    0.9523010253906249E-03
   32    0.1210937500000000E-02    0.1022872924804687E-02
   33   -0.1425781250000000E-02    0.9583663940429687E-03
   34   -0.5312500000000000E-02    0.1037673950195312E-02
   35   -0.2148437500000000E-03    0.8325576782226562E-03
   36   -0.5292968750000000E-02    0.1132316589355469E-02
   37   -0.2480468750000000E-02    0.8529281616210938E-03
   38    0.3183593750000000E-02    0.9299087524414063E-03
   39    0.4160156250000000E-02    0.1119575500488281E-02
   40    0.7402343750000000E-02    0.1197395324707031E-02
   41    0.1406250000000000E-02    0.1176605224609375E-02
   42    0.2734375000000000E-03    0.9555816650390625E-03
   43    0.2382812500000000E-02    0.9975433349609375E-03
   44    0.3867187500000000E-02    0.1367111206054687E-02
   45    0.3183593750000000E-02    0.1064414978027344E-02
   46   -0.1269531250000000E-02    0.8868026733398437E-03
   47   -0.6074218750000000E-02    0.8172225952148437E-03
   48   -0.2089843750000000E-02    0.1166114807128906E-02
   49    0.1601562500000000E-02    0.8469390869140625E-03
   50    0.3457031250000000E-02    0.1050071716308594E-02
   51    0.5703125000000000E-02    0.1009674072265625E-02
   52   -0.3105468750000000E-02    0.1097221374511719E-02
   53   -0.8007812500000000E-03    0.8266830444335938E-03
   54    0.3046875000000000E-02    0.1227493286132812E-02
   55    0.2480468750000000E-02    0.1070976257324219E-02
   56   -0.5488281250000000E-02    0.1241493225097656E-02
   57   -0.6835937500000000E-03    0.9502792358398438E-03
   58    0.3281250000000000E-02    0.1102294921875000E-02
   59    0.3300781250000000E-02    0.9054183959960937E-03
   60    0.1855468750000000E-02    0.9535598754882812E-03
   61    0.2929687500000000E-02    0.9050750732421875E-03
   62    0.3359375000000000E-02    0.1006546020507813E-02
   63    0.1367187500000000E-02    0.7173156738281250E-03
   64   -0.3085937500000000E-02    0.9504699707031250E-03
   65   -0.5078125000000000E-02    0.9542846679687500E-03
   66   -0.2167968750000000E-02    0.9318161010742188E-03
   67   -0.1953125000000000E-04    0.7924270629882812E-03
   68   -0.1445312500000000E-02    0.8420562744140625E-03
   69   -0.4042968750000000E-02    0.9584426879882812E-03
   70   -0.3398437500000000E-02    0.1092987060546875E-02
   71   -0.1308593750000000E-02    0.1207542419433594E-02
   72    0.1816406250000000E-02    0.8449172973632813E-03
   73    0.4199218750000000E-02    0.1042823791503906E-02
   74   -0.1953125000000000E-03    0.1148147583007813E-02
   75    0.1953125000000000E-03    0.9560394287109375E-03
   76   -0.1445312500000000E-02    0.9223937988281250E-03
   77   -0.3710937500000000E-03    0.7610702514648437E-03
   78   -0.4960937500000000E-02    0.9138488769531250E-03
   79   -0.6171875000000000E-02    0.8901214599609375E-03
   80   -0.2519531250000000E-02    0.1020851135253906E-02
   81    0.3554687500000000E-02    0.1014862060546875E-02
   82    0.3457031250000000E-02    0.1055717468261719E-02
   83   -0.5683593750000000E-02    0.1003990173339844E-02
   84   -0.1171875000000000E-03    0.1087722778320312E-02
   85    0.2343750000000000E-02    0.1119766235351563E-02
   86    0.3710937500000000E-03    0.8922195434570312E-03
   87    0.0000000000000000E+00    0.1147003173828125E-02
   88    0.2792968750000000E-02    0.9261703491210937E-03
   89   -0.4296875000000000E-02    0.7731628417968750E-03
   90   -0.1347656250000000E-02    0.8511734008789062E-03
   91   -0.4941406250000000E-02    0.7796859741210937E-03
   92   -0.2187500000000000E-02    0.1163787841796875E-02
   93    0.2636718750000000E-02    0.7645034790039062E-03
   94    0.4882812500000000E-02    0.9191131591796875E-03
   95    0.1718750000000000E-02    0.1293411254882813E-02
   96   -0.2890625000000000E-02    0.1056594848632813E-02
   97   -0.2832031250000000E-02    0.8356857299804687E-03
   98   -0.2519531250000000E-02    0.1204185485839844E-02
   99    0.7812500000000000E-04    0.7927703857421875E-03
  100    0.3417968750000000E-02    0.8668136596679687E-03
