# time =    0.4479
    0    0.1000000000000000E+01    0.1000000000000000E+01
    1    0.3132031250000000E+00    0.9894088745117187E-01
    2    0.1035351562500000E+00    0.1149799346923828E-01
    3    0.4396484375000000E-01    0.2970390319824219E-02
    4    0.1917968750000000E-01    0.1647644042968750E-02
    5    0.7988281250000000E-02    0.9040451049804688E-03
    6    0.7597656250000000E-02    0.9115219116210937E-03
    7    0.4785156250000000E-02    0.7658767700195313E-03
    8    0.5292968750000000E-02    0.1014060974121094E-02
    9    0.1933593750000000E-02    0.9186172485351563E-03
   10   -0.6250000000000000E-03    0.8258056640625000E-03
   11    0.5000000000000000E-02    0.8918762207031250E-03
   12    0.8535156250000000E-02    0.9939956665039062E-03
   13    0.6582031250000000E-02    0.1360740661621094E-02
   14    0.1210937500000000E-02    0.9587097167968750E-03
   15   -0.1113281250000000E-02    0.9662246704101562E-03
   16   -0.5664062500000000E-03    0.8255386352539062E-03
   17   -0.1152343750000000E-02    0.1117439270019531E-02
   18   -0.4824218750000000E-02    0.9673690795898438E-03
   19    0.1269531250000000E-02    0.1071662902832031E-02
   20    0.8984375000000000E-03    0.1154251098632812E-02
   21    0.2226562500000000E-02    0.8183288574218750E-03
   22   -0.2226562500000000E-02    0.1035537719726562E-02
   23    0.5058593750000000E-02    0.8183670043945313E-03
   24    0.9765625000000000E-03    0.8634185791015625E-03
   25    0.3144531250000000E-02    0.8353042602539062E-03
   26    0.2480468750000000E-02    0.8707809448242188E-03
   27    0.1171875000000000E-02    0.7885742187500000E-03
   28    0.9179687499999999E-03    0.8401107788085937E-03
   29   -0.1367187500000000E-02    0.6850433349609375E-03
   30    0.8984375000000000E-03    0.9772491455078125E-03
   31   -0.1953125000000000E-04    0.1141548156738281E-02
   32    0.1015625000000000E-02    0.8319091796875000E-03
   33   -0.4746093750000000E-02    0.8789443969726562E-03
   34   -0.1953125000000000E-02    0.1032333374023438E-02
   35   -0.2304687500000000E-02    0.1162872314453125E-02
   36    0.3085937500000000E-02    0.9561920166015625E-03
   37    0.4550781250000000E-02    0.8309555053710938E-03
   38    0.4726562500000000E-02    0.1033935546875000E-02
   39    0.4414062500000000E-02    0.1033172607421875E-02
   40    0.8593750000000000E-03    0.9265136718750000E-03
   41   -0.1562500000000000E-03    0.7471466064453126E-03
   42    0.5957031250000000E-02    0.7972335815429688E-03
   43   -0.1015625000000000E-02    0.9625244140625000E-03
   44   -0.2851562500000000E-02    0.8463287353515626E-03
   45    0.1015625000000000E-02    0.1186065673828125E-02
   46    0.3789062500000000E-02    0.9491729736328125E-03
   47   -0.3906250000000000E-04    0.7719421386718751E-03
   48    0.6054687500000000E-03    0.1021537780761719E-02
   49   -0.8984375000000000E-03    0.9500122070312500E-03
   50   -0.1601562500000000E-02    0.8866882324218750E-03
   51    0.1035156250000000E-02    0.7581710815429688E-03
   52    0.1406250000000000E-02    0.9024810791015625E-03
   53   -0.4687500000000000E-03    0.1127090454101562E-02
   54    0.6445312500000000E-03    0.9851455688476562E-03
   55    0.5312500000000000E-02    0.9936523437500001E-03
   56    0.3574218750000000E-02    0.9909439086914062E-03
   57    0.7421875000000000E-03    0.1143264770507812E-02
   58   -0.1445312500000000E-02    0.1061401367187500E-02
   59   -0.2167968750000000E-02    0.9937667846679687E-03
   60   -0.3554687500000000E-02    0.1254882812500000E-02
   61   -0.1152343750000000E-02    0.1251182556152344E-02
   62    0.1601562500000000E-02    0.8384704589843750E-03
   63   -0.3125000000000000E-03    0.7621765136718750E-03
   64   -0.3066406250000000E-02    0.7529067993164063E-03
   65   -0.1054687500000000E-02    0.9283447265625001E-03
   66   -0.2285156250000000E-02    0.1103019714355469E-02
   67   -0.9375000000000000E-03    0.9102630615234375E-03
   68    0.1171875000000000E-03    0.1126174926757813E-02
   69   -0.3574218750000000E-02    0.1126365661621094E-02
   70   -0.1425781250000000E-02    0.1033897399902344E-02
   71   -0.3535156250000000E-02    0.1132392883300781E-02
   72    0.1679687500000000E-02    0.8370971679687500E-03
   73   -0.2285156250000000E-02    0.9477615356445312E-03
   74    0.7226562500000000E-02    0.8404541015625000E-03
   75    0.3906250000000000E-02    0.9825134277343750E-03
   76    0.3789062500000000E-02    0.1104049682617188E-02
   77   -0.2089843750000000E-02    0.1018409729003906E-02
   78    0.1464843750000000E-02    0.1115074157714844E-02
   79    0.6621093750000000E-02    0.9180068969726563E-03
   80    0.9375000000000000E-03    0.9358215332031250E-03
   81   -0.6250000000000000E-03    0.1028137207031250E-02
   82   -0.4121093750000000E-02    0.8027267456054688E-03
   83    0.1992187500000000E-02    0.9876251220703124E-03
   84    0.9765625000000000E-03    0.7908630371093750E-03
   85   -0.2226562500000000E-02    0.9755706787109375E-03
   86    0.1289062500000000E-02    0.8857727050781250E-03
   87    0.3125000000000000E-03    0.1073074340820313E-02
   88   -0.7421875000000000E-03    0.8241271972656250E-03
   89    0.0000000000000000E+00    0.9798431396484376E-03
   90   -0.3906250000000000E-04    0.9068298339843750E-03
   91   -0.1972656250000000E-02    0.7873153686523437E-03
   92    0.1191406250000000E-02    0.8150100708007813E-03
   93    0.1015625000000000E-02    0.9333038330078125E-03
   94    0.2617187500000000E-02    0.8587646484375000E-03
   95    0.3671875000000000E-02    0.1115875244140625E-02
   96    0.3378906250000000E-02    0.1054420471191406E-02
   97    0.5078125000000000E-03    0.1392059326171875E-02
   98   -0.3574218750000000E-02    0.9156417846679688E-03
   99   -0.1503906250000000E-02    0.8697891235351562E-03
  100   -0.4667968750000000E-02    0.6267166137695312E-03
