# time =    0.4631
    0    0.1000000000000000E+01    0.1000000000000000E+01
    1    0.1993945312500000E+00    0.4061153411865234E-01
    2    0.4472656250000000E-01    0.3305130004882812E-02
    3    0.1019531250000000E-01    0.9613037109375000E-03
    4   -0.1015625000000000E-02    0.1001892089843750E-02
    5   -0.9960937500000000E-03    0.1139411926269531E-02
    6    0.3378906250000000E-02    0.8948135375976562E-03
    7    0.4179687500000000E-02    0.1084823608398437E-02
    8   -0.2792968750000000E-02    0.8463668823242188E-03
    9   -0.2109375000000000E-02    0.9947204589843750E-03
   10   -0.2324218750000000E-02    0.9866714477539062E-03
   11    0.1132812500000000E-02    0.8514404296875000E-03
   12    0.5527343750000000E-02    0.9157943725585937E-03
   13   -0.1972656250000000E-02    0.1054267883300781E-02
   14   -0.1015625000000000E-02    0.1051025390625000E-02
   15   -0.8984375000000000E-03    0.9002685546875000E-03
   16   -0.6562500000000000E-02    0.1115722656250000E-02
   17    0.3984375000000000E-02    0.1178894042968750E-02
   18   -0.1523437500000000E-02    0.9248352050781250E-03
   19   -0.4687500000000000E-03    0.1052932739257812E-02
   20   -0.1308593750000000E-02    0.1007347106933594E-02
   21   -0.1503906250000000E-02    0.8697128295898438E-03
   22    0.3652343750000000E-02    0.1028633117675781E-02
   23    0.4316406250000000E-02    0.8888626098632812E-03
   24   -0.9960937500000000E-03    0.1165885925292969E-02
   25    0.1953125000000000E-02    0.7868957519531250E-03
   26   -0.1035156250000000E-02    0.9857559204101563E-03
   27    0.2402343750000000E-02    0.7715225219726562E-03
   28    0.2871093750000000E-02    0.9193801879882812E-03
   29    0.3789062500000000E-02    0.8429718017578125E-03
   30    0.3320312500000000E-03    0.8357620239257813E-03
   31   -0.1523437500000000E-02    0.8734893798828125E-03
   32   -0.3750000000000000E-02    0.1129226684570312E-02
   33   -0.1035156250000000E-02    0.9427261352539062E-03
   34   -0.2382812500000000E-02    0.9964752197265626E-03
   35    0.1152343750000000E-02    0.7600021362304687E-03
   36   -0.1562500000000000E-02    0.1001815795898438E-02
   37   -0.2929687500000000E-03    0.7181167602539062E-03
   38    0.2402343750000000E-02    0.8491134643554688E-03
   39    0.3359375000000000E-02    0.8921051025390626E-03
   40   -0.1230468750000000E-02    0.8282089233398438E-03
   41    0.1171875000000000E-03    0.7877349853515625E-03
   42   -0.1113281250000000E-02    0.7329940795898438E-03
   43    0.5371093750000000E-02    0.1026954650878906E-02
   44    0.4023437500000000E-02    0.1005020141601562E-02
   45    0.5664062500000000E-02    0.1077270507812500E-02
   46   -0.1953125000000000E-03    0.1015014648437500E-02
   47    0.2109375000000000E-02    0.1110000610351563E-02
   48   -0.4570312500000000E-02    0.9399414062500000E-03
   49   -0.4179687500000000E-02    0.1040725708007812E-02
   50   -0.2128906250000000E-02    0.9067153930664062E-03
   51   -0.5468750000000000E-02    0.9399414062500000E-03
   52   -0.4101562500000000E-03    0.1058235168457031E-02
   53   -0.4550781250000000E-02    0.8784866333007812E-03
   54    0.3476562500000000E-02    0.9757995605468750E-03
   55    0.5136718750000000E-02    0.1003532409667969E-02
   56    0.1621093750000000E-02    0.1007118225097656E-02
   57    0.1093750000000000E-02    0.9723663330078125E-03
   58    0.6250000000000000E-03    0.1038894653320312E-02
   59   -0.1582031250000000E-02    0.1065940856933594E-02
   60   -0.2167968750000000E-02    0.6535720825195313E-03
   61   -0.3027343750000000E-02    0.8861160278320312E-03
   62   -0.1992187500000000E-02    0.9519958496093750E-03
   63    0.8164062499999999E-02    0.9599304199218749E-03
   64    0.1425781250000000E-02    0.8380508422851562E-03
   65   -0.6152343750000000E-02    0.1376228332519531E-02
   66    0.3847656250000000E-02    0.1188697814941406E-02
   67    0.1074218750000000E-02    0.1038093566894531E-02
   68   -0.7812500000000000E-03    0.1053924560546875E-02
   69   -0.2304687500000000E-02    0.7912445068359375E-03
   70   -0.3906250000000000E-04    0.1073760986328125E-02
   71    0.1503906250000000E-02    0.8034896850585937E-03
   72   -0.5976562500000000E-02    0.8737182617187500E-03
   73    0.1425781250000000E-02    0.1150093078613281E-02
   74    0.3906250000000000E-03    0.9139251708984375E-03
   75    0.2910156250000000E-02    0.7194900512695313E-03
   76    0.1250000000000000E-02    0.9671783447265625E-03
   77   -0.3535156250000000E-02    0.1122169494628906E-02
   78   -0.3261718750000000E-02    0.8663558959960938E-03
   79   -0.5625000000000000E-02    0.1103439331054687E-02
   80    0.4042968750000000E-02    0.9087753295898437E-03
   81    0.4492187500000000E-03    0.1127967834472656E-02
   82    0.1347656250000000E-02    0.1043434143066406E-02
   83    0.3867187500000000E-02    0.8666992187500000E-03
   84    0.2089843750000000E-02    0.1218605041503906E-02
   85    0.4101562500000000E-03    0.7844924926757813E-03
   86   -0.2597656250000000E-02    0.9270095825195312E-03
   87   -0.6191406250000000E-02    0.1042747497558594E-02
   88   -0.3378906250000000E-02    0.1034660339355469E-02
   89    0.9765625000000001E-04    0.7794570922851563E-03
   90    0.2910156250000000E-02    0.1164436340332031E-02
   91   -0.5273437500000000E-03    0.1233100891113281E-02
   92    0.9375000000000000E-03    0.1055984497070312E-02
   93   -0.2578125000000000E-02    0.9412384033203125E-03
   94   -0.6347656250000000E-02    0.1025047302246094E-02
   95   -0.4257812500000000E-02    0.1030578613281250E-02
   96    0.2265625000000000E-02    0.9569549560546876E-03
   97    0.5898437500000000E-02    0.9468078613281250E-03
   98    0.1074218750000000E-02    0.1101722717285156E-02
   99    0.1953125000000000E-04    0.8106613159179687E-03
  100    0.2265625000000000E-02    0.9524536132812500E-03
