# time =    0.4100
    0    0.1000000000000000E+01    0.1000000000000000E+01
    1    0.4191406250000000E+00    0.1762488555908203E+00
    2    0.2474414062500000E+00    0.6208011627197266E-01
    3    0.1831640625000000E+00    0.3423080444335937E-01
    4    0.1445898437500000E+00    0.2165088653564453E-01
    5    0.1271679687500000E+00    0.1685787200927734E-01
    6    0.1148437500000000E+00    0.1399314880371094E-01
    7    0.1007226562500000E+00    0.1088932037353516E-01
    8    0.9490234375000001E-01    0.9726905822753906E-02
    9    0.8910156250000000E-01    0.8606262207031250E-02
   10    0.8339843750000001E-01    0.7648849487304687E-02
   11    0.7904296875000000E-01    0.7066917419433594E-02
   12    0.7865234375000001E-01    0.6989860534667968E-02
   13    0.7257812499999999E-01    0.6041717529296875E-02
   14    0.7001953125000000E-01    0.5661048889160156E-02
   15    0.6908203125000000E-01    0.5510063171386719E-02
   16    0.6976562500000000E-01    0.5569305419921875E-02
   17    0.6638671875000000E-01    0.5261344909667969E-02
   18    0.6466796875000000E-01    0.4933891296386719E-02
   19    0.6373046875000000E-01    0.4847908020019531E-02
   20    0.6261718750000000E-01    0.4692764282226563E-02
   21    0.6388671875000000E-01    0.4841041564941406E-02
   22    0.6251953125000000E-01    0.4777412414550781E-02
   23    0.5943359375000000E-01    0.4430198669433593E-02
   24    0.5839843750000000E-01    0.4276657104492187E-02
   25    0.5662109375000000E-01    0.4028663635253906E-02
   26    0.5484375000000000E-01    0.3917083740234375E-02
   27    0.5248046875000000E-01    0.3601112365722656E-02
   28    0.5183593750000000E-01    0.3495864868164062E-02
   29    0.5076171875000000E-01    0.3465232849121094E-02
   30    0.5019531250000000E-01    0.3349151611328125E-02
   31    0.5000000000000000E-01    0.3293228149414062E-02
   32    0.4894531250000000E-01    0.3077621459960937E-02
   33    0.4755859375000000E-01    0.3041419982910156E-02
   34    0.4589843750000000E-01    0.2921905517578125E-02
   35    0.4550781250000000E-01    0.2972488403320313E-02
   36    0.4642578125000000E-01    0.3150596618652344E-02
   37    0.4375000000000000E-01    0.2778472900390625E-02
   38    0.4150390625000000E-01    0.2537269592285156E-02
   39    0.4117187500000000E-01    0.2508697509765625E-02
   40    0.4140625000000000E-01    0.2522811889648438E-02
   41    0.4281250000000000E-01    0.2633514404296875E-02
   42    0.4240234375000000E-01    0.2632102966308594E-02
   43    0.4076171875000000E-01    0.2473106384277344E-02
   44    0.4060546875000000E-01    0.2531700134277344E-02
   45    0.4216796875000000E-01    0.2764549255371094E-02
   46    0.4160156250000000E-01    0.2654876708984375E-02
   47    0.4017578125000000E-01    0.2543830871582031E-02
   48    0.4130859375000000E-01    0.2544670104980469E-02
   49    0.4134765625000000E-01    0.2600440979003906E-02
   50    0.3951171875000000E-01    0.2476539611816406E-02
   51    0.4019531250000000E-01    0.2566680908203125E-02
   52    0.4048828125000000E-01    0.2536506652832031E-02
   53    0.3982421875000000E-01    0.2378425598144531E-02
   54    0.4103515625000000E-01    0.2527732849121094E-02
   55    0.4076171875000000E-01    0.2588691711425781E-02
   56    0.3826171875000000E-01    0.2387809753417969E-02
   57    0.3835937500000000E-01    0.2269821166992187E-02
   58    0.3888671875000000E-01    0.2299079895019531E-02
   59    0.3914062500000000E-01    0.2446441650390625E-02
   60    0.3960937500000000E-01    0.2389755249023438E-02
   61    0.3908203125000000E-01    0.2343254089355469E-02
   62    0.3712890625000000E-01    0.2209510803222656E-02
   63    0.3695312500000000E-01    0.2072143554687500E-02
   64    0.3736328125000000E-01    0.2186393737792969E-02
   65    0.3646484375000000E-01    0.2189216613769531E-02
   66    0.3681640625000000E-01    0.2277183532714844E-02
   67    0.3730468750000000E-01    0.2380905151367187E-02
   68    0.3417968750000000E-01    0.2054519653320313E-02
   69    0.3656250000000000E-01    0.2295074462890625E-02
   70    0.3396484375000000E-01    0.2055473327636719E-02
   71    0.3423828125000000E-01    0.2124595642089844E-02
   72    0.3292968750000000E-01    0.2046966552734375E-02
   73    0.3335937500000000E-01    0.2127304077148437E-02
   74    0.3234375000000000E-01    0.2053375244140625E-02
   75    0.3255859375000000E-01    0.2083625793457031E-02
   76    0.3103515625000000E-01    0.1943397521972656E-02
   77    0.3091796875000000E-01    0.1917839050292969E-02
   78    0.3082031250000000E-01    0.2003707885742187E-02
   79    0.3171875000000000E-01    0.2040405273437500E-02
   80    0.3128906250000000E-01    0.1965713500976562E-02
   81    0.3082031250000000E-01    0.1973495483398438E-02
   82    0.3179687500000000E-01    0.2052383422851562E-02
   83    0.3109375000000000E-01    0.2001724243164063E-02
   84    0.2916015625000000E-01    0.1822013854980469E-02
   85    0.2880859375000000E-01    0.1747169494628906E-02
   86    0.2925781250000000E-01    0.1780929565429688E-02
   87    0.2974609375000000E-01    0.1855888366699219E-02
   88    0.2957031250000000E-01    0.1907730102539063E-02
   89    0.2892578125000000E-01    0.1755714416503906E-02
   90    0.2808593750000000E-01    0.1783142089843750E-02
   91    0.3042968750000000E-01    0.1873397827148438E-02
   92    0.2984375000000000E-01    0.1865158081054687E-02
   93    0.2822265625000000E-01    0.1721458435058594E-02
   94    0.2865234375000000E-01    0.1793632507324219E-02
   95    0.2812500000000000E-01    0.1765136718750000E-02
   96    0.2792968750000000E-01    0.1714859008789063E-02
   97    0.2865234375000000E-01    0.1799964904785156E-02
   98    0.2923828125000000E-01    0.1853752136230469E-02
   99    0.2919921875000000E-01    0.1836509704589844E-02
  100    0.2869140625000000E-01    0.1802558898925781E-02
