# time =    0.4666
    0    0.1000000000000000E+01    0.1000000000000000E+01
    1    0.2458007812500000E+00    0.6133144378662109E-01
    2    0.7265625000000001E-01    0.6178054809570312E-02
    3    0.2179687500000000E-01    0.1613235473632812E-02
    4    0.6914062500000000E-02    0.1116333007812500E-02
    5    0.1796875000000000E-02    0.8419036865234375E-03
    6    0.6660156250000000E-02    0.9908676147460938E-03
    7   -0.2421875000000000E-02    0.9686279296875000E-03
    8    0.4101562500000000E-03    0.8920669555664062E-03
    9    0.4843750000000000E-02    0.9062957763671875E-03
   10    0.3339843750000000E-02    0.8514022827148437E-03
   11   -0.1406250000000000E-02    0.7814025878906250E-03
   12    0.2695312500000000E-02    0.7504272460937500E-03
   13    0.7812500000000000E-04    0.8684539794921875E-03
   14    0.1699218750000000E-02    0.1022834777832031E-02
   15    0.1777343750000000E-02    0.1380424499511719E-02
   16   -0.1738281250000000E-02    0.1022377014160156E-02
   17    0.2441406250000000E-02    0.9679794311523438E-03
   18   -0.2070312500000000E-02    0.1131134033203125E-02
   19   -0.5683593750000000E-02    0.1087837219238281E-02
   20   -0.3417968750000000E-02    0.7752609252929687E-03
   21   -0.1347656250000000E-02    0.9115982055664062E-03
   22   -0.1269531250000000E-02    0.9247970581054688E-03
   23   -0.2304687500000000E-02    0.8432006835937500E-03
   24   -0.3300781250000000E-02    0.1204414367675781E-02
   25   -0.5078125000000000E-03    0.8757781982421875E-03
   26   -0.1562500000000000E-02    0.1120147705078125E-02
   27    0.5078125000000000E-03    0.1017379760742187E-02
   28    0.6718750000000000E-02    0.1310958862304688E-02
   29    0.5878906250000000E-02    0.1031837463378906E-02
   30    0.2343750000000000E-02    0.8701324462890625E-03
   31   -0.1601562500000000E-02    0.1129684448242187E-02
   32    0.5644531250000000E-02    0.8396530151367188E-03
   33   -0.1562500000000000E-03    0.1188583374023437E-02
   34   -0.1542968750000000E-02    0.8207321166992188E-03
   35    0.2929687500000000E-02    0.1190185546875000E-02
   36    0.1953125000000000E-03    0.6510925292968750E-03
   37    0.6113281250000000E-02    0.9285354614257812E-03
   38   -0.1230468750000000E-02    0.9294509887695313E-03
   39    0.1914062500000000E-02    0.9842681884765624E-03
   40   -0.5078125000000000E-03    0.1374588012695312E-02
   41    0.5019531250000000E-02    0.1095237731933594E-02
   42    0.8242187500000000E-02    0.9714508056640625E-03
   43   -0.2187500000000000E-02    0.9457397460937500E-03
   44   -0.2734375000000000E-03    0.7798767089843750E-03
   45    0.3710937500000000E-03    0.1139717102050781E-02
   46    0.8789062500000000E-03    0.1103096008300781E-02
   47    0.1289062500000000E-02    0.9477996826171875E-03
   48   -0.1953125000000000E-02    0.9060668945312500E-03
   49    0.2246093750000000E-02    0.9415054321289063E-03
   50   -0.1796875000000000E-02    0.5780029296875000E-03
   51    0.1972656250000000E-02    0.9318923950195312E-03
   52    0.5957031250000000E-02    0.9267044067382813E-03
   53    0.2089843750000000E-02    0.1018638610839844E-02
   54   -0.9765625000000000E-03    0.7817840576171875E-03
   55    0.1210937500000000E-02    0.9584045410156250E-03
   56    0.1347656250000000E-02    0.8814620971679687E-03
   57    0.7109375000000000E-02    0.1100158691406250E-02
   58    0.4414062500000000E-02    0.1121292114257812E-02
   59    0.3027343750000000E-02    0.9848403930664063E-03
   60    0.7226562500000000E-03    0.6514358520507813E-03
   61    0.5761718750000000E-02    0.9831619262695313E-03
   62    0.2773437500000000E-02    0.9649658203125000E-03
   63    0.3281250000000000E-02    0.1106414794921875E-02
   64   -0.6875000000000000E-02    0.1063385009765625E-02
   65   -0.4746093750000000E-02    0.9733200073242188E-03
   66    0.2578125000000000E-02    0.8727264404296875E-03
   67    0.3613281250000000E-02    0.8118057250976563E-03
   68    0.1621093750000000E-02    0.7561874389648437E-03
   69    0.1835937500000000E-02    0.1238250732421875E-02
   70   -0.1015625000000000E-02    0.1198043823242188E-02
   71    0.8613281250000000E-02    0.1264457702636719E-02
   72   -0.5859375000000000E-03    0.1023788452148437E-02
   73   -0.4843750000000000E-02    0.9182739257812500E-03
   74   -0.5292968750000000E-02    0.1066169738769531E-02
   75   -0.5859375000000000E-03    0.9310150146484375E-03
   76   -0.3515625000000000E-03    0.8142852783203125E-03
   77    0.8789062500000000E-03    0.9514999389648438E-03
   78    0.4296875000000000E-02    0.9737396240234375E-03
   79   -0.2207031250000000E-02    0.1190223693847656E-02
   80   -0.3261718750000000E-02    0.9152603149414063E-03
   81   -0.4648437500000000E-02    0.1128768920898437E-02
   82   -0.8984375000000000E-03    0.1032104492187500E-02
   83    0.1367187500000000E-03    0.1252708435058594E-02
   84    0.1777343750000000E-02    0.1084098815917969E-02
   85    0.1835937500000000E-02    0.1239929199218750E-02
   86   -0.1250000000000000E-02    0.7102966308593750E-03
   87    0.1953125000000000E-04    0.7212448120117187E-03
   88    0.1328125000000000E-02    0.8479309082031250E-03
   89   -0.1113281250000000E-02    0.1151466369628906E-02
   90   -0.4960937500000000E-02    0.9786224365234376E-03
   91   -0.5273437500000000E-03    0.9062576293945312E-03
   92    0.1171875000000000E-02    0.1193313598632812E-02
   93    0.1484375000000000E-02    0.1132049560546875E-02
   94   -0.1113281250000000E-02    0.1137809753417969E-02
   95    0.1347656250000000E-02    0.1016197204589844E-02
   96    0.8007812500000000E-03    0.1180076599121094E-02
   97    0.2500000000000000E-02    0.1344528198242187E-02
   98    0.5996093750000000E-02    0.1083793640136719E-02
   99    0.2675781250000000E-02    0.9699630737304688E-03
  100    0.1484375000000000E-02    0.9436798095703125E-03
