# time =    0.4338
    0    0.1000000000000000E+01    0.1000000000000000E+01
    1    0.3387695312500000E+00    0.1154291915893555E+00
    2    0.1266601562500000E+00    0.1679439544677734E-01
    3    0.5742187500000000E-01    0.4077072143554687E-02
    4    0.2544921875000000E-01    0.1508750915527344E-02
    5    0.1218750000000000E-01    0.1172790527343750E-02
    6    0.2617187500000000E-02    0.9850311279296876E-03
    7    0.5878906250000000E-02    0.8485031127929688E-03
    8    0.5429687500000000E-02    0.8748626708984375E-03
    9    0.6562500000000000E-02    0.1202392578125000E-02
   10    0.1796875000000000E-02    0.1026229858398437E-02
   11   -0.3515625000000000E-03    0.1093292236328125E-02
   12    0.1484375000000000E-02    0.1073379516601562E-02
   13   -0.4296875000000000E-02    0.1156539916992188E-02
   14    0.2734375000000000E-03    0.9939575195312500E-03
   15    0.3125000000000000E-03    0.1264572143554688E-02
   16   -0.4101562500000000E-02    0.9878540039062499E-03
   17   -0.4726562500000000E-02    0.9531402587890626E-03
   18   -0.1425781250000000E-02    0.7712936401367187E-03
   19    0.3710937500000000E-03    0.9332656860351563E-03
   20   -0.1406250000000000E-02    0.1070022583007812E-02
   21   -0.1757812500000000E-02    0.1141433715820313E-02
   22   -0.9765625000000000E-03    0.1053924560546875E-02
   23   -0.1308593750000000E-02    0.8174514770507812E-03
   24    0.3339843750000000E-02    0.7894515991210937E-03
   25    0.5859375000000000E-04    0.7434463500976562E-03
   26    0.3027343750000000E-02    0.9192276000976562E-03
   27    0.2128906250000000E-02    0.8201980590820312E-03
   28    0.2226562500000000E-02    0.9369659423828125E-03
   29    0.2148437500000000E-03    0.1101036071777344E-02
   30    0.8203125000000000E-03    0.1056213378906250E-02
   31    0.1093750000000000E-02    0.1027908325195312E-02
   32   -0.1171875000000000E-03    0.8589172363281250E-03
   33   -0.3808593750000000E-02    0.8406448364257813E-03
   34   -0.7167968750000000E-02    0.1092720031738281E-02
   35   -0.3320312500000000E-02    0.1205291748046875E-02
   36   -0.3496093750000000E-02    0.8397293090820312E-03
   37   -0.2382812500000000E-02    0.1132659912109375E-02
   38    0.1601562500000000E-02    0.1059417724609375E-02
   39    0.3730468750000000E-02    0.1076011657714844E-02
   40   -0.1855468750000000E-02    0.9513473510742187E-03
   41    0.1445312500000000E-02    0.1081771850585937E-02
   42   -0.1835937500000000E-02    0.1047134399414062E-02
   43   -0.4902343750000000E-02    0.1128807067871094E-02
   44   -0.5664062500000000E-03    0.9963607788085937E-03
   45   -0.1757812500000000E-02    0.9003448486328125E-03
   46   -0.3906250000000000E-02    0.1162414550781250E-02
   47   -0.1562500000000000E-02    0.8421325683593750E-03
   48   -0.1425781250000000E-02    0.1236991882324219E-02
   49    0.4238281250000000E-02    0.1077232360839844E-02
   50    0.8593750000000000E-03    0.1042327880859375E-02
   51   -0.1542968750000000E-02    0.1273307800292969E-02
   52    0.3828125000000000E-02    0.1026611328125000E-02
   53    0.3730468750000000E-02    0.1039161682128906E-02
   54    0.2304687500000000E-02    0.9004974365234375E-03
   55   -0.1875000000000000E-02    0.9789276123046875E-03
   56   -0.5507812500000000E-02    0.1296768188476562E-02
   57   -0.3105468750000000E-02    0.1080665588378906E-02
   58    0.4863281250000000E-02    0.9139633178710938E-03
   59    0.1914062500000000E-02    0.1037521362304688E-02
   60   -0.3750000000000000E-02    0.7093048095703125E-03
   61   -0.1328125000000000E-02    0.1033248901367188E-02
   62   -0.4785156250000000E-02    0.1166038513183594E-02
   63    0.5859375000000000E-03    0.9004211425781250E-03
   64    0.3320312500000000E-03    0.9453201293945313E-03
   65    0.2070312500000000E-02    0.9630584716796875E-03
   66    0.1738281250000000E-02    0.1061210632324219E-02
   67    0.1171875000000000E-02    0.1060104370117187E-02
   68   -0.1953125000000000E-02    0.9088897705078125E-03
   69   -0.4335937500000000E-02    0.8126068115234375E-03
   70   -0.1933593750000000E-02    0.7674026489257812E-03
   71    0.5468750000000001E-03    0.1121826171875000E-02
   72   -0.4687500000000000E-03    0.1165695190429687E-02
   73    0.8984375000000000E-03    0.8370971679687500E-03
   74    0.5664062500000000E-03    0.1097145080566406E-02
   75    0.1386718750000000E-02    0.1200675964355469E-02
   76    0.8808593750000000E-02    0.9235763549804688E-03
   77    0.5410156250000000E-02    0.1018104553222656E-02
   78    0.4003906250000000E-02    0.1106376647949219E-02
   79    0.5156250000000000E-02    0.9644317626953125E-03
   80    0.6562500000000000E-02    0.1051025390625000E-02
   81    0.1152343750000000E-02    0.9716415405273438E-03
   82    0.4199218750000000E-02    0.1112480163574219E-02
   83   -0.9960937500000000E-03    0.1121406555175781E-02
   84   -0.1367187500000000E-02    0.9618377685546874E-03
   85    0.1093750000000000E-02    0.9477233886718750E-03
   86   -0.1562500000000000E-03    0.9494018554687500E-03
   87   -0.1972656250000000E-02    0.1082878112792969E-02
   88   -0.6523437500000000E-02    0.9698486328125000E-03
   89    0.1171875000000000E-03    0.6506347656250000E-03
   90    0.5859375000000000E-03    0.7981109619140625E-03
   91   -0.1464843750000000E-02    0.1057777404785156E-02
   92   -0.2617187500000000E-02    0.1222991943359375E-02
   93   -0.4785156250000000E-02    0.1022682189941406E-02
   94   -0.3105468750000000E-02    0.8697128295898438E-03
   95   -0.9765625000000000E-03    0.1011352539062500E-02
   96    0.2285156250000000E-02    0.7348251342773437E-03
   97    0.8203125000000000E-03    0.8449554443359375E-03
   98    0.2167968750000000E-02    0.1114845275878906E-02
   99   -0.9375000000000000E-03    0.1038513183593750E-02
  100    0.1250000000000000E-02    0.9584808349609375E-03
