# time =    0.4655
    0    0.1000000000000000E+01    0.1000000000000000E+01
    1    0.2524609375000000E+00    0.6439483642578125E-01
    2    0.7734375000000000E-01    0.7083892822265625E-02
    3    0.2408203125000000E-01    0.1601219177246094E-02
    4    0.6289062500000000E-02    0.1037063598632813E-02
    5   -0.1894531250000000E-02    0.1224708557128906E-02
    6    0.4433593750000000E-02    0.1079673767089844E-02
    7    0.1054687500000000E-02    0.9777832031250000E-03
    8   -0.3496093750000000E-02    0.1074180603027344E-02
    9    0.3125000000000000E-02    0.9441375732421875E-03
   10    0.1679687500000000E-02    0.1045379638671875E-02
   11    0.1308593750000000E-02    0.9438705444335938E-03
   12    0.5136718750000000E-02    0.8630752563476562E-03
   13    0.3320312500000000E-03    0.1003837585449219E-02
   14    0.3632812500000000E-02    0.1244964599609375E-02
   15    0.4687500000000000E-03    0.1118011474609375E-02
   16   -0.1406250000000000E-02    0.1051864624023438E-02
   17   -0.1835937500000000E-02    0.9971618652343749E-03
   18   -0.5839843750000000E-02    0.9894180297851563E-03
   19   -0.2656250000000000E-02    0.1010665893554687E-02
   20   -0.8300781250000000E-02    0.1261863708496094E-02
   21   -0.1406250000000000E-02    0.9922790527343750E-03
   22   -0.3398437500000000E-02    0.8059692382812500E-03
   23    0.1562500000000000E-03    0.1017532348632813E-02
   24    0.1269531250000000E-02    0.8071517944335938E-03
   25   -0.1953125000000000E-04    0.1019859313964844E-02
   26   -0.4589843750000000E-02    0.1060218811035156E-02
   27   -0.4648437500000000E-02    0.1087417602539063E-02
   28    0.6152343750000000E-02    0.1056327819824219E-02
   29    0.2656250000000000E-02    0.1026458740234375E-02
   30   -0.5488281250000000E-02    0.8043289184570312E-03
   31   -0.1308593750000000E-02    0.8247756958007813E-03
   32    0.2343750000000000E-02    0.9578704833984375E-03
   33   -0.3789062500000000E-02    0.1199722290039062E-02
   34    0.1523437500000000E-02    0.1150817871093750E-02
   35   -0.9765625000000001E-04    0.9368515014648438E-03
   36   -0.1562500000000000E-03    0.1173782348632812E-02
   37    0.4042968750000000E-02    0.1031455993652344E-02
   38    0.4218750000000000E-02    0.1268463134765625E-02
   39    0.4003906250000000E-02    0.1011848449707031E-02
   40   -0.4824218750000000E-02    0.9610366821289063E-03
   41   -0.2578125000000000E-02    0.9296417236328125E-03
   42    0.4199218750000000E-02    0.7427597045898438E-03
   43    0.5292968750000000E-02    0.9350204467773438E-03
   44   -0.4414062500000000E-02    0.1253356933593750E-02
   45   -0.1171875000000000E-02    0.1199798583984375E-02
   46   -0.7226562500000000E-03    0.8837509155273437E-03
   47   -0.1328125000000000E-02    0.1196060180664063E-02
   48   -0.1230468750000000E-02    0.9482955932617188E-03
   49    0.2167968750000000E-02    0.7873916625976562E-03
   50   -0.1386718750000000E-02    0.8167648315429688E-03
   51   -0.1621093750000000E-02    0.1004295349121094E-02
   52    0.2539062500000000E-03    0.9603500366210938E-03
   53    0.2500000000000000E-02    0.1121826171875000E-02
   54    0.2421875000000000E-02    0.9387207031250000E-03
   55    0.8085937499999999E-02    0.1106872558593750E-02
   56    0.4179687500000000E-02    0.1079940795898438E-02
   57    0.1054687500000000E-02    0.1135253906250000E-02
   58    0.1152343750000000E-02    0.1063423156738281E-02
   59   -0.7617187500000000E-03    0.1082496643066406E-02
   60   -0.1972656250000000E-02    0.1126136779785156E-02
   61    0.5664062500000000E-03    0.1258583068847656E-02
   62    0.2148437500000000E-03    0.9257125854492187E-03
   63    0.5371093750000000E-02    0.8768081665039062E-03
   64   -0.1699218750000000E-02    0.8712387084960937E-03
   65    0.2304687500000000E-02    0.8604431152343750E-03
   66    0.5468750000000000E-02    0.9351348876953124E-03
   67   -0.2734375000000000E-02    0.1069869995117187E-02
   68    0.5429687500000000E-02    0.8445739746093750E-03
   69    0.6328125000000000E-02    0.1053924560546875E-02
   70    0.1171875000000000E-03    0.8765411376953125E-03
   71    0.1601562500000000E-02    0.9930419921875000E-03
   72    0.2226562500000000E-02    0.8217620849609375E-03
   73   -0.3261718750000000E-02    0.7558059692382812E-03
   74    0.1562500000000000E-03    0.1039657592773438E-02
   75   -0.1035156250000000E-02    0.9939956665039062E-03
   76    0.1210937500000000E-02    0.8562469482421875E-03
   77   -0.2968750000000000E-02    0.8364105224609375E-03
   78   -0.1542968750000000E-02    0.8353042602539062E-03
   79   -0.2089843750000000E-02    0.1009330749511719E-02
   80   -0.4667968750000000E-02    0.1104545593261719E-02
   81    0.7421875000000000E-03    0.9387969970703125E-03
   82    0.3261718750000000E-02    0.8298110961914063E-03
   83   -0.8203125000000000E-03    0.1050415039062500E-02
   84    0.1308593750000000E-02    0.1049919128417969E-02
   85    0.1464843750000000E-02    0.9939956665039062E-03
   86   -0.1542968750000000E-02    0.8681869506835938E-03
   87   -0.1015625000000000E-02    0.8712768554687500E-03
   88   -0.1835937500000000E-02    0.8315277099609375E-03
   89   -0.3906250000000000E-04    0.7811737060546875E-03
   90    0.1328125000000000E-02    0.1076049804687500E-02
   91    0.6250000000000000E-03    0.8636474609375000E-03
   92   -0.1601562500000000E-02    0.8168792724609374E-03
   93   -0.2187500000000000E-02    0.1109008789062500E-02
   94    0.1074218750000000E-02    0.8210372924804687E-03
   95   -0.1953125000000000E-02    0.7745361328125000E-03
   96    0.2226562500000000E-02    0.9170532226562500E-03
   97   -0.7031250000000000E-03    0.8956146240234375E-03
   98    0.1484375000000000E-02    0.8377075195312500E-03
   99   -0.6953125000000000E-02    0.1313018798828125E-02
  100   -0.4785156250000000E-02    0.1035194396972656E-02
