# time =    0.4541
    0    0.1000000000000000E+01    0.1000000000000000E+01
    1    0.2912695312500000E+00    0.8562587738037110E-01
    2    0.1301367187500000E+00    0.1790348052978516E-01
    3    0.7308593750000000E-01    0.6353530883789062E-02
    4    0.4697265625000000E-01    0.3160591125488281E-02
    5    0.3935546875000000E-01    0.2365150451660156E-02
    6    0.2517578125000000E-01    0.1449394226074219E-02
    7    0.2337890625000000E-01    0.1540641784667969E-02
    8    0.1931640625000000E-01    0.1210975646972656E-02
    9    0.1818359375000000E-01    0.1241798400878906E-02
   10    0.1533203125000000E-01    0.1131935119628906E-02
   11    0.1085937500000000E-01    0.8992004394531250E-03
   12    0.1082031250000000E-01    0.8839416503906250E-03
   13    0.7578125000000000E-02    0.9351348876953124E-03
   14    0.4042968750000000E-02    0.8454513549804687E-03
   15    0.4433593750000000E-02    0.1055946350097656E-02
   16    0.4453125000000000E-02    0.1084518432617188E-02
   17    0.3066406250000000E-02    0.1131782531738281E-02
   18    0.1640625000000000E-02    0.9863281250000000E-03
   19    0.1875000000000000E-02    0.8685302734375000E-03
   20   -0.3457031250000000E-02    0.6397628784179688E-03
   21   -0.7421875000000000E-03    0.8692169189453126E-03
   22    0.3203125000000000E-02    0.7907104492187500E-03
   23   -0.1230468750000000E-02    0.1095695495605469E-02
   24    0.3710937500000000E-03    0.1093177795410156E-02
   25    0.3027343750000000E-02    0.9222793579101563E-03
   26    0.5390625000000000E-02    0.9873962402343749E-03
   27    0.4023437500000000E-02    0.9536743164062500E-03
   28    0.6425781250000000E-02    0.1263618469238281E-02
   29    0.4492187500000000E-02    0.1026611328125000E-02
   30   -0.4296875000000000E-03    0.6745910644531250E-03
   31    0.3437500000000000E-02    0.1078338623046875E-02
   32    0.5214843750000000E-02    0.9571456909179687E-03
   33    0.2324218750000000E-02    0.9933853149414063E-03
   34    0.4453125000000000E-02    0.1250686645507813E-02
   35    0.6171875000000000E-02    0.9306335449218750E-03
   36    0.2890625000000000E-02    0.1046524047851562E-02
   37    0.3613281250000000E-02    0.9998703002929688E-03
   38    0.4492187500000000E-02    0.1223678588867187E-02
   39    0.3261718750000000E-02    0.1035957336425781E-02
   40    0.3457031250000000E-02    0.1101493835449219E-02
   41    0.4316406250000000E-02    0.8658218383789062E-03
   42    0.1757812500000000E-03    0.7261276245117187E-03
   43   -0.2480468750000000E-02    0.8990097045898437E-03
   44   -0.3359375000000000E-02    0.9911346435546875E-03
   45   -0.5585937500000000E-02    0.1145629882812500E-02
   46   -0.1660156250000000E-02    0.8766555786132813E-03
   47   -0.3046875000000000E-02    0.8505249023437500E-03
   48    0.3105468750000000E-02    0.8619308471679687E-03
   49   -0.2656250000000000E-02    0.1261901855468750E-02
   50   -0.8007812500000000E-03    0.9546279907226562E-03
   51   -0.1542968750000000E-02    0.1188163757324219E-02
   52    0.1093750000000000E-02    0.9358215332031250E-03
   53   -0.7812500000000000E-04    0.8747863769531250E-03
   54    0.1152343750000000E-02    0.8597946166992187E-03
   55    0.9765625000000000E-03    0.9930419921875000E-03
   56    0.3027343750000000E-02    0.1031303405761719E-02
   57    0.1152343750000000E-02    0.1085548400878906E-02
   58   -0.1425781250000000E-02    0.9317398071289062E-03
   59    0.3671875000000000E-02    0.9890747070312499E-03
   60   -0.2148437500000000E-02    0.8616638183593750E-03
   61   -0.2656250000000000E-02    0.8251953125000000E-03
   62   -0.8984375000000000E-03    0.1217727661132813E-02
   63   -0.2304687500000000E-02    0.9185028076171875E-03
   64   -0.2656250000000000E-02    0.1016693115234375E-02
   65   -0.4101562500000000E-03    0.9314346313476562E-03
   66    0.1015625000000000E-02    0.1148910522460938E-02
   67   -0.2734375000000000E-03    0.7908630371093750E-03
   68   -0.5214843750000000E-02    0.9431076049804687E-03
   69   -0.2246093750000000E-02    0.1014518737792969E-02
   70    0.8789062500000000E-03    0.1144676208496094E-02
   71    0.2265625000000000E-02    0.8552551269531250E-03
   72   -0.3632812500000000E-02    0.7974243164062500E-03
   73   -0.1230468750000000E-02    0.8098220825195312E-03
   74    0.1621093750000000E-02    0.8308029174804687E-03
   75    0.1445312500000000E-02    0.1168594360351562E-02
   76   -0.1523437500000000E-02    0.1144256591796875E-02
   77    0.6054687500000000E-03    0.1025047302246094E-02
   78    0.2929687500000000E-03    0.1002464294433594E-02
   79   -0.2031250000000000E-02    0.1061859130859375E-02
   80   -0.1953125000000000E-03    0.8174896240234375E-03
   81   -0.6835937500000000E-03    0.8966445922851563E-03
   82    0.8593750000000000E-03    0.9641265869140625E-03
   83   -0.4609375000000000E-02    0.1031417846679687E-02
   84    0.1894531250000000E-02    0.1001777648925781E-02
   85   -0.2285156250000000E-02    0.1065254211425781E-02
   86   -0.4648437500000000E-02    0.1067657470703125E-02
   87   -0.7226562500000000E-03    0.1160850524902344E-02
   88   -0.2363281250000000E-02    0.9740829467773437E-03
   89   -0.3906250000000000E-03    0.1021347045898438E-02
   90    0.2441406250000000E-02    0.9983444213867187E-03
   91   -0.2089843750000000E-02    0.1227302551269531E-02
   92   -0.3105468750000000E-02    0.9968185424804688E-03
   93    0.4687500000000000E-03    0.8128356933593750E-03
   94   -0.1191406250000000E-02    0.9951400756835938E-03
   95   -0.3320312500000000E-03    0.1124610900878906E-02
   96   -0.1953125000000000E-02    0.1117630004882813E-02
   97    0.2109375000000000E-02    0.1227951049804687E-02
   98   -0.1113281250000000E-02    0.7567977905273437E-03
   99    0.4296875000000000E-02    0.1018447875976563E-02
  100    0.5429687500000000E-02    0.7948303222656251E-03
