# time =    0.4755
    0    0.1000000000000000E+01    0.1000000000000000E+01
    1    0.2146679687500000E+00    0.4684757232666015E-01
    2    0.5210937500000000E-01    0.3660049438476563E-02
    3    0.2058593750000000E-01    0.1388702392578125E-02
    4    0.6484375000000000E-02    0.1033935546875000E-02
    5    0.4316406250000000E-02    0.8842086791992187E-03
    6   -0.1015625000000000E-02    0.8310699462890626E-03
    7    0.3476562500000000E-02    0.1080245971679688E-02
    8    0.1542968750000000E-02    0.1016349792480469E-02
    9    0.1718750000000000E-02    0.1049346923828125E-02
   10    0.5273437500000000E-02    0.9328460693359375E-03
   11    0.2109375000000000E-02    0.1153106689453125E-02
   12   -0.4433593750000000E-02    0.9795761108398438E-03
   13   -0.2402343750000000E-02    0.6795883178710938E-03
   14   -0.4296875000000000E-03    0.9209442138671875E-03
   15   -0.2011718750000000E-02    0.7456588745117187E-03
   16   -0.5898437500000000E-02    0.1113204956054687E-02
   17    0.4218750000000000E-02    0.8314514160156250E-03
   18    0.1796875000000000E-02    0.1002960205078125E-02
   19   -0.3027343750000000E-02    0.1067390441894531E-02
   20   -0.1113281250000000E-02    0.1293983459472656E-02
   21    0.1738281250000000E-02    0.1130180358886719E-02
   22    0.9960937500000000E-03    0.9293746948242187E-03
   23    0.1074218750000000E-02    0.8762741088867188E-03
   24   -0.2578125000000000E-02    0.9730529785156250E-03
   25   -0.9570312500000000E-03    0.1243934631347656E-02
   26    0.5078125000000000E-03    0.9276580810546875E-03
   27    0.5019531250000000E-02    0.7686233520507813E-03
   28    0.6718750000000000E-02    0.1115493774414063E-02
   29   -0.3847656250000000E-02    0.1209373474121094E-02
   30   -0.3125000000000000E-03    0.9570312500000000E-03
   31    0.4316406250000000E-02    0.8996963500976562E-03
   32   -0.4101562500000000E-03    0.8813858032226563E-03
   33   -0.2343750000000000E-02    0.8541107177734375E-03
   34    0.2812500000000000E-02    0.7025909423828125E-03
   35    0.3339843750000000E-02    0.8154678344726563E-03
   36    0.8398437500000000E-03    0.1030464172363281E-02
   37    0.1757812500000000E-03    0.1382255554199219E-02
   38   -0.1562500000000000E-03    0.8733367919921875E-03
   39    0.1660156250000000E-02    0.8110427856445313E-03
   40    0.3066406250000000E-02    0.1154289245605469E-02
   41   -0.3906250000000000E-03    0.9933471679687499E-03
   42    0.3027343750000000E-02    0.9796524047851563E-03
   43   -0.2265625000000000E-02    0.8235931396484375E-03
   44    0.2656250000000000E-02    0.9010314941406250E-03
   45    0.3359375000000000E-02    0.8774566650390625E-03
   46    0.1835937500000000E-02    0.1141967773437500E-02
   47   -0.9375000000000000E-03    0.9503936767578124E-03
   48   -0.5078125000000000E-03    0.8045196533203125E-03
   49    0.9375000000000000E-03    0.9043884277343750E-03
   50    0.1660156250000000E-02    0.7219314575195312E-03
   51    0.3320312500000000E-02    0.9362030029296875E-03
   52    0.3867187500000000E-02    0.8705902099609375E-03
   53    0.1523437500000000E-02    0.8560943603515625E-03
   54    0.5625000000000000E-02    0.1123657226562500E-02
   55    0.3378906250000000E-02    0.8671951293945313E-03
   56   -0.2675781250000000E-02    0.9313583374023438E-03
   57    0.1660156250000000E-02    0.1159172058105469E-02
   58   -0.5859375000000000E-04    0.9357070922851562E-03
   59   -0.4843750000000000E-02    0.1143798828125000E-02
   60   -0.1699218750000000E-02    0.7675552368164063E-03
   61   -0.1777343750000000E-02    0.1103706359863281E-02
   62   -0.2910156250000000E-02    0.9027481079101563E-03
   63    0.8984375000000000E-03    0.1093978881835937E-02
   64    0.9765625000000000E-03    0.9746551513671875E-03
   65    0.4101562500000000E-02    0.1097946166992187E-02
   66    0.3222656250000000E-02    0.1027336120605469E-02
   67    0.2519531250000000E-02    0.1137733459472656E-02
   68   -0.9960937500000000E-03    0.8345413208007813E-03
   69    0.4082031250000000E-02    0.1199684143066406E-02
   70    0.1367187500000000E-03    0.1148262023925781E-02
   71   -0.3300781250000000E-02    0.9345626831054688E-03
   72    0.1621093750000000E-02    0.9285354614257812E-03
   73   -0.3730468750000000E-02    0.1031227111816406E-02
   74    0.3906250000000000E-03    0.1033935546875000E-02
   75   -0.1757812500000000E-03    0.7535171508789063E-03
   76   -0.3183593750000000E-02    0.1101112365722656E-02
   77   -0.3476562500000000E-02    0.9833526611328124E-03
   78   -0.2402343750000000E-02    0.9083175659179688E-03
   79   -0.5390625000000000E-02    0.8274078369140625E-03
   80    0.7617187500000000E-03    0.9692764282226563E-03
   81    0.4492187500000000E-03    0.8840560913085938E-03
   82   -0.1406250000000000E-02    0.9179687499999999E-03
   83   -0.1699218750000000E-02    0.1189689636230469E-02
   84   -0.1523437500000000E-02    0.1184234619140625E-02
   85    0.4589843750000000E-02    0.9888076782226562E-03
   86    0.1660156250000000E-02    0.9951400756835938E-03
   87   -0.6328125000000000E-02    0.1105041503906250E-02
   88   -0.1503906250000000E-02    0.9493637084960938E-03
   89    0.1074218750000000E-02    0.1398200988769531E-02
   90    0.5078125000000000E-03    0.8818817138671875E-03
   91    0.1367187500000000E-03    0.1075172424316406E-02
   92    0.1855468750000000E-02    0.1105918884277344E-02
   93    0.5292968750000000E-02    0.1057777404785156E-02
   94   -0.3925781250000000E-02    0.1025428771972656E-02
   95    0.1230468750000000E-02    0.9550857543945313E-03
   96    0.1367187500000000E-02    0.1161575317382812E-02
   97   -0.5800781250000000E-02    0.9837722778320312E-03
   98   -0.2734375000000000E-03    0.1086654663085938E-02
   99   -0.3593750000000000E-02    0.9038543701171875E-03
  100   -0.4570312500000000E-02    0.8598327636718750E-03
