# time =    0.4777
    0    0.1000000000000000E+01    0.1000000000000000E+01
    1    0.2019531250000000E+00    0.4179550170898438E-01
    2    0.4900390625000000E-01    0.3400001525878906E-02
    3    0.1570312500000000E-01    0.1539993286132812E-02
    4    0.8222656250000000E-02    0.1054725646972656E-02
    5    0.2480468750000000E-02    0.9663772583007813E-03
    6   -0.8203125000000000E-03    0.9558105468750000E-03
    7   -0.1406250000000000E-02    0.8190917968750000E-03
    8    0.7031250000000000E-02    0.1084976196289063E-02
    9    0.2675781250000000E-02    0.1192817687988281E-02
   10   -0.9179687499999999E-03    0.9476089477539062E-03
   11    0.1835937500000000E-02    0.9706115722656250E-03
   12   -0.1484375000000000E-02    0.1033554077148437E-02
   13   -0.1699218750000000E-02    0.1245765686035156E-02
   14    0.1074218750000000E-02    0.9645462036132812E-03
   15    0.4023437500000000E-02    0.9687042236328125E-03
   16    0.3847656250000000E-02    0.9867477416992188E-03
   17    0.1250000000000000E-02    0.8967590332031250E-03
   18    0.3652343750000000E-02    0.1185188293457031E-02
   19    0.2226562500000000E-02    0.9160614013671874E-03
   20   -0.4921875000000000E-02    0.1025695800781250E-02
   21    0.2187500000000000E-02    0.9972381591796876E-03
   22   -0.3789062500000000E-02    0.8826446533203125E-03
   23    0.2207031250000000E-02    0.9452438354492187E-03
   24    0.1425781250000000E-02    0.9280014038085938E-03
   25   -0.3515625000000000E-03    0.1013946533203125E-02
   26   -0.4101562500000000E-02    0.8930206298828125E-03
   27   -0.1250000000000000E-02    0.9984588623046875E-03
   28   -0.5839843750000000E-02    0.1250953674316406E-02
   29   -0.7226562500000000E-03    0.1233863830566406E-02
   30    0.3906250000000000E-04    0.1020736694335937E-02
   31   -0.2734375000000000E-03    0.1072845458984375E-02
   32   -0.1933593750000000E-02    0.9954452514648437E-03
   33   -0.5664062500000000E-03    0.1055641174316406E-02
   34    0.3964843750000000E-02    0.1323814392089844E-02
   35    0.2636718750000000E-02    0.8445358276367187E-03
   36    0.5468750000000001E-03    0.1148452758789063E-02
   37    0.1875000000000000E-02    0.1003189086914063E-02
   38   -0.2382812500000000E-02    0.1070938110351563E-02
   39    0.8789062500000000E-03    0.8718490600585938E-03
   40   -0.2539062500000000E-03    0.9177780151367188E-03
   41    0.3710937500000000E-03    0.7464218139648437E-03
   42    0.9375000000000000E-03    0.9435272216796875E-03
   43    0.6835937500000000E-03    0.1302604675292969E-02
   44    0.3183593750000000E-02    0.9502792358398438E-03
   45    0.4296875000000000E-03    0.1132125854492187E-02
   46    0.4101562500000000E-03    0.8549880981445312E-03
   47    0.1562500000000000E-03    0.9871673583984374E-03
   48    0.1621093750000000E-02    0.1060523986816406E-02
   49    0.3339843750000000E-02    0.1006813049316406E-02
   50    0.2988281250000000E-02    0.7804489135742188E-03
   51    0.3183593750000000E-02    0.1002998352050781E-02
   52    0.4882812500000000E-03    0.1050758361816406E-02
   53   -0.2890625000000000E-02    0.9789276123046875E-03
   54    0.9570312500000000E-03    0.1200981140136719E-02
   55    0.3964843750000000E-02    0.1087913513183594E-02
   56    0.1269531250000000E-02    0.1107521057128906E-02
   57    0.3281250000000000E-02    0.1038131713867187E-02
   58   -0.1621093750000000E-02    0.1032676696777344E-02
   59    0.1679687500000000E-02    0.1012649536132812E-02
   60   -0.2910156250000000E-02    0.1012840270996094E-02
   61    0.3457031250000000E-02    0.9011459350585937E-03
   62   -0.2695312500000000E-02    0.9514617919921875E-03
   63   -0.2636718750000000E-02    0.1029624938964844E-02
   64    0.7734375000000000E-02    0.9249114990234375E-03
   65    0.5097656250000000E-02    0.1024513244628906E-02
   66    0.2929687500000000E-03    0.9238052368164062E-03
   67    0.2246093750000000E-02    0.8943557739257812E-03
   68   -0.5761718750000000E-02    0.7631301879882813E-03
   69    0.4804687500000000E-02    0.1090698242187500E-02
   70    0.5351562500000000E-02    0.1174163818359375E-02
   71   -0.2011718750000000E-02    0.1157035827636719E-02
   72   -0.2226562500000000E-02    0.8197021484375000E-03
   73   -0.5058593750000000E-02    0.9557723999023438E-03
   74    0.9570312500000000E-03    0.9931564331054688E-03
   75   -0.3085937500000000E-02    0.8282470703125000E-03
   76   -0.4882812500000000E-03    0.1110725402832031E-02
   77   -0.2226562500000000E-02    0.9408569335937499E-03
   78    0.0000000000000000E+00    0.9587860107421875E-03
   79    0.4101562500000000E-02    0.1154632568359375E-02
   80    0.2929687500000000E-02    0.1161041259765625E-02
   81    0.2343750000000000E-03    0.1012420654296875E-02
   82    0.3554687500000000E-02    0.9500885009765625E-03
   83    0.2578125000000000E-02    0.9415435791015625E-03
   84    0.3144531250000000E-02    0.7268142700195313E-03
   85    0.1640625000000000E-02    0.1030578613281250E-02
   86   -0.3457031250000000E-02    0.1302146911621094E-02
   87    0.1601562500000000E-02    0.8670806884765625E-03
   88   -0.4160156250000000E-02    0.1242485046386719E-02
   89   -0.3007812500000000E-02    0.1181182861328125E-02
   90   -0.3125000000000000E-03    0.1060638427734375E-02
   91   -0.1191406250000000E-02    0.1038398742675781E-02
   92    0.5468750000000000E-02    0.6571960449218750E-03
   93    0.7812500000000000E-03    0.7882690429687499E-03
   94   -0.1230468750000000E-02    0.1165122985839844E-02
   95    0.1445312500000000E-02    0.9494781494140625E-03
   96    0.1796875000000000E-02    0.9575653076171875E-03
   97   -0.5859375000000000E-03    0.7653808593749999E-03
   98    0.3203125000000000E-02    0.7566070556640625E-03
   99   -0.1425781250000000E-02    0.1006736755371094E-02
  100   -0.1171875000000000E-02    0.1081924438476563E-02
