# time =    0.4568
    0    0.1000000000000000E+01    0.1000000000000000E+01
    1    0.2921484375000000E+00    0.8611793518066406E-01
    2    0.1164062500000000E+00    0.1469169616699219E-01
    3    0.6101562500000000E-01    0.4666290283203125E-02
    4    0.3492187500000000E-01    0.2149353027343750E-02
    5    0.2281250000000000E-01    0.1443862915039062E-02
    6    0.1718750000000000E-01    0.1146240234375000E-02
    7    0.1250000000000000E-01    0.9803009033203126E-03
    8    0.7128906250000000E-02    0.8136367797851562E-03
    9    0.2636718750000000E-02    0.8452987670898438E-03
   10    0.3476562500000000E-02    0.1059494018554688E-02
   11    0.4570312500000000E-02    0.1110763549804688E-02
   12   -0.1953125000000000E-03    0.1158828735351562E-02
   13    0.2402343750000000E-02    0.1331748962402344E-02
   14    0.1171875000000000E-03    0.9265899658203125E-03
   15   -0.2812500000000000E-02    0.9275054931640624E-03
   16   -0.2089843750000000E-02    0.1257133483886719E-02
   17   -0.1503906250000000E-02    0.1038932800292969E-02
   18   -0.1367187500000000E-02    0.1012344360351562E-02
   19    0.2812500000000000E-02    0.1010513305664062E-02
   20    0.9765625000000000E-03    0.9790802001953126E-03
   21    0.1386718750000000E-02    0.1131401062011719E-02
   22    0.6640625000000000E-02    0.1129302978515625E-02
   23    0.3398437500000000E-02    0.9870910644531250E-03
   24    0.4238281250000000E-02    0.1238288879394531E-02
   25    0.7382812500000000E-02    0.9253692626953125E-03
   26    0.8007812499999999E-02    0.1053161621093750E-02
   27    0.5507812500000000E-02    0.7818603515625000E-03
   28    0.5332031250000000E-02    0.1200752258300781E-02
   29    0.2636718750000000E-02    0.9021377563476563E-03
   30   -0.1250000000000000E-02    0.8256530761718750E-03
   31   -0.9726562500000001E-02    0.9070587158203125E-03
   32   -0.2207031250000000E-02    0.1044654846191406E-02
   33   -0.1796875000000000E-02    0.9513092041015625E-03
   34    0.1171875000000000E-03    0.1064682006835938E-02
   35    0.2890625000000000E-02    0.1184234619140625E-02
   36   -0.3691406250000000E-02    0.1183052062988281E-02
   37    0.9960937500000000E-03    0.8671188354492188E-03
   38    0.1289062500000000E-02    0.8383941650390625E-03
   39    0.2675781250000000E-02    0.8360671997070312E-03
   40    0.2148437500000000E-03    0.1053657531738281E-02
   41    0.9179687499999999E-03    0.8423995971679688E-03
   42   -0.1406250000000000E-02    0.1033706665039063E-02
   43    0.5078125000000000E-03    0.1156158447265625E-02
   44    0.6835937500000000E-03    0.8170700073242187E-03
   45   -0.6835937500000000E-02    0.1016769409179688E-02
   46    0.2363281250000000E-02    0.1064720153808594E-02
   47    0.3710937500000000E-03    0.9675216674804687E-03
   48    0.5175781250000000E-02    0.8098983764648438E-03
   49    0.2636718750000000E-02    0.8953475952148438E-03
   50    0.5449218750000000E-02    0.7799911499023437E-03
   51   -0.4296875000000000E-03    0.8011627197265625E-03
   52    0.6445312500000000E-03    0.8464431762695312E-03
   53   -0.3906250000000000E-04    0.7930755615234375E-03
   54    0.1171875000000000E-03    0.8161163330078125E-03
   55   -0.1953125000000000E-02    0.7690429687500000E-03
   56   -0.9765625000000000E-03    0.9995269775390624E-03
   57   -0.2871093750000000E-02    0.1038703918457031E-02
   58   -0.1171875000000000E-03    0.1090240478515625E-02
   59    0.7812500000000000E-04    0.8322143554687500E-03
   60    0.2519531250000000E-02    0.9787368774414062E-03
   61   -0.5273437500000000E-03    0.9678268432617188E-03
   62    0.1425781250000000E-02    0.9297561645507812E-03
   63    0.2441406250000000E-02    0.9929275512695313E-03
   64    0.3125000000000000E-02    0.9807586669921876E-03
   65    0.4726562500000000E-02    0.1246566772460937E-02
   66   -0.3261718750000000E-02    0.1023750305175781E-02
   67    0.1601562500000000E-02    0.1126327514648437E-02
   68    0.1894531250000000E-02    0.1109428405761719E-02
   69    0.6835937500000000E-03    0.1010093688964844E-02
   70    0.3125000000000000E-02    0.1115112304687500E-02
   71    0.9765625000000000E-03    0.8869934082031250E-03
   72   -0.2812500000000000E-02    0.8748626708984375E-03
   73   -0.5800781250000000E-02    0.8900070190429688E-03
   74   -0.7031250000000000E-03    0.8784484863281250E-03
   75    0.2929687500000000E-02    0.1115341186523437E-02
   76    0.1582031250000000E-02    0.9384536743164062E-03
   77   -0.6835937500000000E-03    0.1106986999511719E-02
   78    0.5859375000000000E-04    0.1022605895996094E-02
   79   -0.1171875000000000E-03    0.1019821166992187E-02
   80    0.9960937500000000E-03    0.8417892456054687E-03
   81   -0.2617187500000000E-02    0.8161163330078125E-03
   82    0.1582031250000000E-02    0.8895492553710937E-03
   83   -0.2265625000000000E-02    0.8015441894531250E-03
   84   -0.4785156250000000E-02    0.8631515502929688E-03
   85   -0.2304687500000000E-02    0.9062957763671875E-03
   86   -0.4511718750000000E-02    0.9121322631835938E-03
   87   -0.7402343750000000E-02    0.9473800659179687E-03
   88   -0.4589843750000000E-02    0.1183891296386719E-02
   89   -0.4941406250000000E-02    0.7109451293945313E-03
   90   -0.4609375000000000E-02    0.9452056884765625E-03
   91   -0.8007812500000000E-03    0.1018409729003906E-02
   92   -0.2539062500000000E-02    0.9929656982421875E-03
   93   -0.1914062500000000E-02    0.9012603759765625E-03
   94    0.2597656250000000E-02    0.1048851013183594E-02
   95   -0.5078125000000000E-03    0.8358001708984375E-03
   96   -0.3339843750000000E-02    0.7932662963867187E-03
   97    0.1367187500000000E-03    0.9564590454101562E-03
   98    0.1757812500000000E-02    0.1099319458007813E-02
   99    0.5878906250000000E-02    0.1137199401855469E-02
  100    0.4042968750000000E-02    0.7833480834960937E-03
