# time =    0.4702
    0    0.1000000000000000E+01    0.1000000000000000E+01
    1    0.2008203125000000E+00    0.4113533020019531E-01
    2    0.4576171875000000E-01    0.3170127868652344E-02
    3    0.1011718750000000E-01    0.1098785400390625E-02
    4    0.9316406249999999E-02    0.1184043884277344E-02
    5    0.5429687500000000E-02    0.1056137084960938E-02
    6    0.6113281250000000E-02    0.1133308410644531E-02
    7    0.1054687500000000E-02    0.9764099121093750E-03
    8   -0.1132812500000000E-02    0.8274078369140625E-03
    9    0.2949218750000000E-02    0.9049606323242187E-03
   10   -0.1933593750000000E-02    0.1113624572753906E-02
   11    0.5019531250000000E-02    0.1097373962402344E-02
   12    0.1152343750000000E-02    0.9412002563476562E-03
   13   -0.7812500000000000E-03    0.9319305419921875E-03
   14   -0.4921875000000000E-02    0.1065750122070312E-02
   15    0.3105468750000000E-02    0.9225845336914062E-03
   16    0.2460937500000000E-02    0.1153793334960937E-02
   17   -0.2070312500000000E-02    0.1095886230468750E-02
   18    0.3847656250000000E-02    0.9671401977539063E-03
   19   -0.2968750000000000E-02    0.1066894531250000E-02
   20   -0.9179687499999999E-03    0.7210159301757812E-03
   21    0.3906250000000000E-04    0.6653594970703125E-03
   22    0.7148437500000000E-02    0.8156585693359375E-03
   23    0.6210937500000000E-02    0.1080017089843750E-02
   24    0.6054687500000000E-03    0.1046943664550781E-02
   25    0.2597656250000000E-02    0.9283065795898437E-03
   26   -0.3007812500000000E-02    0.1033248901367188E-02
   27    0.9960937500000000E-03    0.7943344116210937E-03
   28   -0.3515625000000000E-02    0.7209014892578125E-03
   29   -0.1953125000000000E-04    0.7970046997070313E-03
   30   -0.1523437500000000E-02    0.1026535034179688E-02
   31   -0.2656250000000000E-02    0.9185028076171875E-03
   32   -0.5429687500000000E-02    0.1164932250976562E-02
   33   -0.3378906250000000E-02    0.1038780212402344E-02
   34    0.5664062500000000E-03    0.6411361694335937E-03
   35    0.2441406250000000E-02    0.1132850646972656E-02
   36    0.2480468750000000E-02    0.6877517700195312E-03
   37   -0.1074218750000000E-02    0.1078681945800781E-02
   38   -0.2460937500000000E-02    0.9709167480468750E-03
   39    0.1953125000000000E-04    0.6666183471679688E-03
   40   -0.4296875000000000E-02    0.9368896484375000E-03
   41    0.6250000000000000E-03    0.9915161132812501E-03
   42    0.3906250000000000E-04    0.1304550170898438E-02
   43    0.1093750000000000E-02    0.8835601806640625E-03
   44    0.3769531250000000E-02    0.8018875122070313E-03
   45   -0.1093750000000000E-02    0.9101104736328125E-03
   46    0.2011718750000000E-02    0.8362960815429687E-03
   47    0.2812500000000000E-02    0.9442138671875000E-03
   48    0.3925781250000000E-02    0.7223892211914063E-03
   49   -0.1464843750000000E-02    0.8585739135742187E-03
   50   -0.1328125000000000E-02    0.8683013916015625E-03
   51    0.8242187500000000E-02    0.1028594970703125E-02
   52   -0.3906250000000000E-03    0.1122589111328125E-02
   53   -0.5664062500000000E-03    0.9114456176757813E-03
   54    0.2304687500000000E-02    0.9297943115234375E-03
   55   -0.1347656250000000E-02    0.1017646789550781E-02
   56   -0.3593750000000000E-02    0.7558441162109374E-03
   57    0.3710937500000000E-03    0.7843399047851563E-03
   58   -0.3261718750000000E-02    0.9232711791992188E-03
   59    0.3808593750000000E-02    0.9585952758789062E-03
   60   -0.1406250000000000E-02    0.8290100097656250E-03
   61   -0.6796875000000000E-02    0.1074829101562500E-02
   62   -0.3769531250000000E-02    0.8423233032226563E-03
   63   -0.1328125000000000E-02    0.1081314086914062E-02
   64   -0.1132812500000000E-02    0.1009750366210937E-02
   65   -0.2792968750000000E-02    0.1016578674316406E-02
   66    0.0000000000000000E+00    0.8943939208984375E-03
   67    0.1953125000000000E-03    0.8578491210937500E-03
   68   -0.1250000000000000E-02    0.9831237792968751E-03
   69    0.2421875000000000E-02    0.7256317138671875E-03
   70   -0.1503906250000000E-02    0.9575271606445312E-03
   71   -0.6289062500000000E-02    0.9239959716796875E-03
   72    0.7617187500000000E-03    0.9042739868164063E-03
   73   -0.1250000000000000E-02    0.1025772094726562E-02
   74   -0.2734375000000000E-02    0.1314544677734375E-02
   75   -0.1445312500000000E-02    0.8790588378906250E-03
   76    0.2500000000000000E-02    0.9930419921875000E-03
   77    0.3417968750000000E-02    0.1092872619628906E-02
   78    0.5566406250000000E-02    0.1046791076660156E-02
   79   -0.6250000000000000E-03    0.1089859008789062E-02
   80    0.1289062500000000E-02    0.8848571777343750E-03
   81    0.1328125000000000E-02    0.7644653320312500E-03
   82    0.2890625000000000E-02    0.8617401123046875E-03
   83   -0.2929687500000000E-03    0.1118736267089844E-02
   84    0.5566406250000000E-02    0.7272720336914063E-03
   85   -0.3339843750000000E-02    0.7887649536132813E-03
   86    0.1367187500000000E-02    0.7928466796875000E-03
   87    0.6250000000000000E-03    0.1035766601562500E-02
   88   -0.1074218750000000E-02    0.9846878051757812E-03
   89    0.1679687500000000E-02    0.1013412475585938E-02
   90    0.5273437500000000E-03    0.7825851440429688E-03
   91    0.3378906250000000E-02    0.1066474914550781E-02
   92   -0.1406250000000000E-02    0.1133956909179687E-02
   93   -0.1171875000000000E-02    0.1095886230468750E-02
   94    0.1953125000000000E-02    0.8306884765625000E-03
   95    0.1855468750000000E-02    0.8941268920898437E-03
   96   -0.3515625000000000E-03    0.8982086181640625E-03
   97   -0.5917968750000000E-02    0.9495925903320313E-03
   98   -0.2304687500000000E-02    0.1121902465820313E-02
   99    0.4003906250000000E-02    0.9849166870117187E-03
  100    0.2929687500000000E-03    0.8721542358398437E-03
