# time =    0.4367
    0    0.1000000000000000E+01    0.1000000000000000E+01
    1    0.3462695312500000E+00    0.1205803298950195E+00
    2    0.1444335937500000E+00    0.2191852569580078E-01
    3    0.7082031250000000E-01    0.6136169433593750E-02
    4    0.3708984375000000E-01    0.2251243591308594E-02
    5    0.1916015625000000E-01    0.1343421936035156E-02
    6    0.6074218750000000E-02    0.1263923645019531E-02
    7    0.5644531250000000E-02    0.1033515930175781E-02
    8    0.7226562500000000E-03    0.1136589050292969E-02
    9    0.1503906250000000E-02    0.1190299987792969E-02
   10    0.1660156250000000E-02    0.1036872863769531E-02
   11   -0.5273437500000000E-03    0.8513259887695312E-03
   12   -0.3964843750000000E-02    0.1057548522949219E-02
   13   -0.1113281250000000E-02    0.1169624328613281E-02
   14    0.1894531250000000E-02    0.8501052856445312E-03
   15   -0.1328125000000000E-02    0.9446716308593749E-03
   16   -0.2539062500000000E-03    0.9783554077148439E-03
   17    0.3593750000000000E-02    0.9052276611328125E-03
   18    0.1191406250000000E-02    0.1070899963378906E-02
   19   -0.2695312500000000E-02    0.9867095947265626E-03
   20   -0.9179687499999999E-03    0.8946609497070313E-03
   21   -0.1191406250000000E-02    0.1552085876464844E-02
   22    0.1308593750000000E-02    0.1092109680175781E-02
   23    0.1953125000000000E-02    0.9849548339843750E-03
   24   -0.3710937500000000E-03    0.1309089660644531E-02
   25    0.0000000000000000E+00    0.1059341430664062E-02
   26   -0.3769531250000000E-02    0.1105079650878906E-02
   27   -0.4257812500000000E-02    0.1097412109375000E-02
   28   -0.9765625000000000E-03    0.1070022583007812E-02
   29    0.1640625000000000E-02    0.1074676513671875E-02
   30   -0.6250000000000000E-03    0.8870697021484375E-03
   31    0.1074218750000000E-02    0.1114540100097656E-02
   32    0.2343750000000000E-02    0.9471130371093750E-03
   33   -0.9765625000000001E-04    0.9566116333007813E-03
   34    0.2675781250000000E-02    0.1021461486816406E-02
   35    0.3125000000000000E-03    0.8723449707031250E-03
   36    0.1015625000000000E-02    0.8953094482421875E-03
   37   -0.9375000000000000E-03    0.6942749023437500E-03
   38   -0.1250000000000000E-02    0.8256530761718750E-03
   39   -0.3007812500000000E-02    0.1094284057617188E-02
   40    0.4023437500000000E-02    0.8857727050781250E-03
   41    0.4160156250000000E-02    0.1043739318847656E-02
   42   -0.3710937500000000E-03    0.8816909790039062E-03
   43    0.4882812500000000E-03    0.1189918518066406E-02
   44    0.1328125000000000E-02    0.1018600463867187E-02
   45   -0.2714843750000000E-02    0.1031913757324219E-02
   46    0.3125000000000000E-03    0.9350585937500000E-03
   47    0.2460937500000000E-02    0.7109832763671875E-03
   48   -0.1054687500000000E-02    0.8085632324218750E-03
   49   -0.2148437500000000E-03    0.1113929748535156E-02
   50   -0.3906250000000000E-04    0.9458923339843750E-03
   51   -0.3300781250000000E-02    0.9862136840820311E-03
   52    0.4492187500000000E-03    0.1106834411621094E-02
   53    0.4492187500000000E-03    0.9199905395507812E-03
   54    0.4121093750000000E-02    0.9337234497070313E-03
   55    0.3085937500000000E-02    0.1231307983398437E-02
   56   -0.5664062500000000E-03    0.1229591369628906E-02
   57    0.1367187500000000E-02    0.9185028076171875E-03
   58   -0.3496093750000000E-02    0.1381874084472656E-02
   59   -0.2539062500000000E-03    0.7967758178710938E-03
   60    0.4101562500000000E-02    0.8583068847656250E-03
   61    0.1894531250000000E-02    0.9739303588867188E-03
   62   -0.5468750000000001E-03    0.7380676269531250E-03
   63    0.3496093750000000E-02    0.8848190307617187E-03
   64    0.2089843750000000E-02    0.9501266479492187E-03
   65    0.4335937500000000E-02    0.9101867675781250E-03
   66    0.3906250000000000E-04    0.8578491210937500E-03
   67   -0.7324218750000000E-02    0.9424209594726563E-03
   68   -0.4003906250000000E-02    0.9347152709960938E-03
   69    0.2285156250000000E-02    0.9081649780273437E-03
   70   -0.1328125000000000E-02    0.8533477783203125E-03
   71   -0.1503906250000000E-02    0.8189010620117187E-03
   72    0.5664062500000000E-03    0.1039772033691406E-02
   73   -0.2226562500000000E-02    0.1012573242187500E-02
   74   -0.2636718750000000E-02    0.9152603149414063E-03
   75   -0.3496093750000000E-02    0.1010627746582031E-02
   76   -0.2734375000000000E-02    0.1211624145507813E-02
   77   -0.3710937500000000E-03    0.1387138366699219E-02
   78   -0.2265625000000000E-02    0.1340103149414063E-02
   79   -0.3574218750000000E-02    0.1162910461425781E-02
   80   -0.4140625000000000E-02    0.1440200805664063E-02
   81   -0.1777343750000000E-02    0.9127426147460938E-03
   82   -0.8203125000000000E-03    0.9714508056640625E-03
   83    0.1699218750000000E-02    0.1053886413574219E-02
   84    0.6601562500000000E-02    0.1224060058593750E-02
   85    0.1953125000000000E-04    0.1153755187988281E-02
   86   -0.1464843750000000E-02    0.1034584045410156E-02
   87   -0.2734375000000000E-03    0.1099548339843750E-02
   88   -0.1210937500000000E-02    0.1030044555664062E-02
   89    0.2539062500000000E-03    0.8999252319335937E-03
   90   -0.1484375000000000E-02    0.1081542968750000E-02
   91    0.8593750000000000E-03    0.1068649291992187E-02
   92   -0.2558593750000000E-02    0.7955551147460938E-03
   93   -0.5488281250000000E-02    0.9052658081054688E-03
   94   -0.3535156250000000E-02    0.9804916381835936E-03
   95   -0.5078125000000000E-03    0.1055831909179687E-02
   96    0.2343750000000000E-03    0.1030578613281250E-02
   97    0.1074218750000000E-02    0.8855056762695312E-03
   98    0.1835937500000000E-02    0.1016921997070312E-02
   99   -0.1445312500000000E-02    0.8679199218750000E-03
  100   -0.3515625000000000E-02    0.1018066406250000E-02
