# time =    0.4632
    0    0.1000000000000000E+01    0.1000000000000000E+01
    1    0.1947265625000000E+00    0.3866104125976563E-01
    2    0.4103515625000000E-01    0.2664070129394531E-02
    3    0.6933593750000000E-02    0.7016372680664063E-03
    4    0.3261718750000000E-02    0.9780502319335937E-03
    5    0.2519531250000000E-02    0.9818649291992187E-03
    6    0.9960937500000000E-03    0.1139183044433594E-02
    7    0.2753906250000000E-02    0.1063346862792969E-02
    8   -0.4492187500000000E-03    0.9681320190429687E-03
    9    0.1503906250000000E-02    0.1146888732910156E-02
   10    0.3906250000000000E-02    0.1233673095703125E-02
   11    0.3378906250000000E-02    0.7422256469726562E-03
   12   -0.1132812500000000E-02    0.9482574462890625E-03
   13    0.2988281250000000E-02    0.8248519897460937E-03
   14   -0.3496093750000000E-02    0.1123542785644531E-02
   15    0.2324218750000000E-02    0.9111404418945312E-03
   16   -0.1796875000000000E-02    0.8577728271484376E-03
   17    0.3417968750000000E-02    0.1029090881347656E-02
   18   -0.1152343750000000E-02    0.1125297546386719E-02
   19   -0.2695312500000000E-02    0.9951782226562500E-03
   20   -0.2988281250000000E-02    0.9946060180664063E-03
   21    0.3046875000000000E-02    0.9934234619140626E-03
   22    0.2324218750000000E-02    0.1063041687011719E-02
   23   -0.2226562500000000E-02    0.9008789062500000E-03
   24   -0.3320312500000000E-02    0.8009338378906250E-03
   25    0.6054687500000000E-03    0.8926010131835938E-03
   26   -0.2343750000000000E-03    0.8348846435546876E-03
   27   -0.2480468750000000E-02    0.7448196411132812E-03
   28   -0.1308593750000000E-02    0.1073188781738281E-02
   29    0.2402343750000000E-02    0.8122634887695313E-03
   30    0.3515625000000000E-02    0.1204528808593750E-02
   31   -0.1894531250000000E-02    0.1131706237792969E-02
   32    0.2539062500000000E-03    0.6623458862304687E-03
   33   -0.7167968750000000E-02    0.1044807434082031E-02
   34   -0.1894531250000000E-02    0.9951400756835938E-03
   35    0.4316406250000000E-02    0.7191848754882813E-03
   36    0.5644531250000000E-02    0.1113243103027344E-02
   37    0.1816406250000000E-02    0.1075096130371094E-02
   38   -0.7421875000000000E-03    0.1119689941406250E-02
   39   -0.1171875000000000E-03    0.1155242919921875E-02
   40   -0.3808593750000000E-02    0.1276206970214844E-02
   41    0.2734375000000000E-03    0.1084213256835938E-02
   42   -0.3359375000000000E-02    0.9583282470703125E-03
   43   -0.1484375000000000E-02    0.1076431274414063E-02
   44   -0.3710937500000000E-03    0.1013069152832031E-02
   45    0.1914062500000000E-02    0.1128692626953125E-02
   46   -0.2343750000000000E-03    0.1199111938476562E-02
   47   -0.7226562500000000E-03    0.9177017211914062E-03
   48   -0.1171875000000000E-02    0.9481048583984375E-03
   49    0.3125000000000000E-03    0.9783935546875001E-03
   50    0.1015625000000000E-02    0.8884429931640625E-03
   51    0.2949218750000000E-02    0.8367538452148437E-03
   52    0.8613281250000000E-02    0.8895492553710937E-03
   53    0.4218750000000000E-02    0.9597778320312500E-03
   54    0.3183593750000000E-02    0.9602737426757812E-03
   55   -0.6445312500000000E-03    0.1087303161621094E-02
   56    0.1894531250000000E-02    0.1073875427246094E-02
   57   -0.4121093750000000E-02    0.1251869201660156E-02
   58    0.1074218750000000E-02    0.1038246154785156E-02
   59    0.3906250000000000E-03    0.8643341064453125E-03
   60    0.4765625000000000E-02    0.7991790771484375E-03
   61   -0.1855468750000000E-02    0.1072273254394531E-02
   62   -0.4882812500000000E-03    0.1065788269042969E-02
   63   -0.1445312500000000E-02    0.1194381713867188E-02
   64   -0.2734375000000000E-03    0.8209228515625000E-03
   65   -0.9570312500000000E-03    0.1003684997558594E-02
   66   -0.4472656250000000E-02    0.9025955200195313E-03
   67   -0.7011718750000000E-02    0.1017036437988281E-02
   68   -0.6914062500000000E-02    0.1120834350585937E-02
   69   -0.2343750000000000E-03    0.1115875244140625E-02
   70    0.3320312500000000E-02    0.1086349487304687E-02
   71   -0.3066406250000000E-02    0.9616470336914063E-03
   72    0.1621093750000000E-02    0.1085624694824219E-02
   73   -0.1699218750000000E-02    0.7391738891601563E-03
   74    0.4687500000000000E-03    0.8007049560546875E-03
   75    0.2929687500000000E-03    0.9190750122070313E-03
   76    0.1191406250000000E-02    0.6549453735351562E-03
   77    0.4941406250000000E-02    0.1351203918457031E-02
   78    0.3125000000000000E-02    0.1056442260742187E-02
   79   -0.2148437500000000E-03    0.1267127990722656E-02
   80   -0.5175781250000000E-02    0.1043739318847656E-02
   81    0.3515625000000000E-03    0.1093826293945313E-02
   82   -0.2753906250000000E-02    0.1030311584472656E-02
   83    0.2324218750000000E-02    0.1072196960449219E-02
   84   -0.3457031250000000E-02    0.8514785766601563E-03
   85    0.7500000000000000E-02    0.9528350830078125E-03
   86    0.9765625000000001E-04    0.1090965270996094E-02
   87    0.2070312500000000E-02    0.8812713623046875E-03
   88   -0.1093750000000000E-02    0.9906768798828125E-03
   89   -0.3476562500000000E-02    0.7963562011718750E-03
   90   -0.1640625000000000E-02    0.8171844482421875E-03
   91   -0.9570312500000000E-03    0.1191902160644531E-02
   92   -0.1367187500000000E-03    0.1025886535644531E-02
   93   -0.1640625000000000E-02    0.7942199707031250E-03
   94   -0.5546875000000000E-02    0.1056594848632813E-02
   95    0.1601562500000000E-02    0.9117889404296875E-03
   96   -0.8007812500000000E-03    0.8942794799804688E-03
   97   -0.5000000000000000E-02    0.1038742065429688E-02
   98   -0.3144531250000000E-02    0.1037864685058594E-02
   99   -0.3007812500000000E-02    0.1011886596679687E-02
  100   -0.2519531250000000E-02    0.1043739318847656E-02
