# time =    0.4452
    0    0.1000000000000000E+01    0.1000000000000000E+01
    1    0.3298828125000000E+00    0.1095739746093750E+00
    2    0.1426367187500000E+00    0.2131633758544922E-01
    3    0.7314453125000001E-01    0.6187400817871094E-02
    4    0.4738281250000000E-01    0.3039016723632812E-02
    5    0.3322265625000000E-01    0.1827659606933594E-02
    6    0.2234375000000000E-01    0.1911697387695312E-02
    7    0.1212890625000000E-01    0.1040077209472656E-02
    8    0.1326171875000000E-01    0.1247825622558594E-02
    9    0.1218750000000000E-01    0.1036682128906250E-02
   10    0.8320312500000000E-02    0.1067047119140625E-02
   11    0.4843750000000000E-02    0.1086273193359375E-02
   12    0.5468750000000000E-02    0.9976959228515626E-03
   13    0.5175781250000000E-02    0.1245307922363281E-02
   14    0.5996093750000000E-02    0.9365463256835937E-03
   15    0.1933593750000000E-02    0.8212661743164062E-03
   16    0.1113281250000000E-02    0.8689498901367187E-03
   17    0.6835937500000000E-02    0.9313964843750000E-03
   18    0.2285156250000000E-02    0.9787368774414062E-03
   19    0.3144531250000000E-02    0.1027259826660156E-02
   20   -0.8007812500000000E-03    0.8634567260742187E-03
   21   -0.5234375000000000E-02    0.1110076904296875E-02
   22   -0.1093750000000000E-02    0.1108627319335938E-02
   23   -0.3964843750000000E-02    0.1005134582519531E-02
   24   -0.2285156250000000E-02    0.1136589050292969E-02
   25    0.1503906250000000E-02    0.1231956481933594E-02
   26   -0.1074218750000000E-02    0.9383010864257812E-03
   27   -0.5839843750000000E-02    0.1295433044433594E-02
   28    0.5468750000000001E-03    0.1122589111328125E-02
   29    0.3710937500000000E-03    0.9005355834960937E-03
   30   -0.2089843750000000E-02    0.1072807312011719E-02
   31   -0.3769531250000000E-02    0.1005973815917969E-02
   32   -0.3203125000000000E-02    0.1096801757812500E-02
   33   -0.7675781250000000E-02    0.1096000671386719E-02
   34   -0.1132812500000000E-02    0.1273193359375000E-02
   35   -0.3867187500000000E-02    0.8722686767578125E-03
   36   -0.4101562500000000E-03    0.7995223999023438E-03
   37    0.4296875000000000E-03    0.9284973144531250E-03
   38   -0.4101562500000000E-02    0.1084213256835938E-02
   39    0.1132812500000000E-02    0.8908081054687500E-03
   40   -0.9609375000000000E-02    0.9931945800781251E-03
   41   -0.2382812500000000E-02    0.8937835693359375E-03
   42   -0.3652343750000000E-02    0.9405899047851562E-03
   43   -0.8085937499999999E-02    0.1180038452148437E-02
   44   -0.4589843750000000E-02    0.1217842102050781E-02
   45   -0.4023437500000000E-02    0.1325683593750000E-02
   46    0.1953125000000000E-04    0.1025505065917969E-02
   47   -0.1757812500000000E-02    0.9300994873046875E-03
   48   -0.7812500000000000E-03    0.1254806518554687E-02
   49   -0.6640625000000000E-03    0.8747863769531250E-03
   50   -0.5839843750000000E-02    0.9224319458007813E-03
   51   -0.8398437500000000E-03    0.9657669067382812E-03
   52   -0.4785156250000000E-02    0.1010246276855469E-02
   53   -0.2578125000000000E-02    0.7727813720703125E-03
   54   -0.1777343750000000E-02    0.8481216430664063E-03
   55   -0.3574218750000000E-02    0.8903121948242187E-03
   56   -0.6933593750000000E-02    0.8481216430664063E-03
   57   -0.2207031250000000E-02    0.1111793518066406E-02
   58   -0.4296875000000000E-02    0.9809875488281251E-03
   59   -0.2128906250000000E-02    0.1000633239746094E-02
   60   -0.5917968750000000E-02    0.1016731262207031E-02
   61   -0.4375000000000000E-02    0.8486938476562500E-03
   62    0.1328125000000000E-02    0.9055328369140625E-03
   63    0.2304687500000000E-02    0.8930969238281250E-03
   64    0.1191406250000000E-02    0.9853744506835938E-03
   65    0.7324218750000000E-02    0.1235237121582031E-02
   66    0.8789062500000000E-03    0.1025657653808594E-02
   67    0.1777343750000000E-02    0.8723068237304687E-03
   68    0.5000000000000000E-02    0.1062088012695313E-02
   69    0.3222656250000000E-02    0.9669876098632813E-03
   70    0.2070312500000000E-02    0.9033966064453125E-03
   71    0.8789062500000000E-03    0.1176719665527344E-02
   72   -0.5468750000000001E-03    0.8870697021484375E-03
   73    0.1289062500000000E-02    0.7743835449218750E-03
   74   -0.2011718750000000E-02    0.7641220092773438E-03
   75   -0.2910156250000000E-02    0.6245040893554688E-03
   76    0.2304687500000000E-02    0.1172637939453125E-02
   77    0.3515625000000000E-03    0.9748840332031250E-03
   78    0.2246093750000000E-02    0.1036415100097656E-02
   79   -0.8203125000000000E-03    0.8220672607421875E-03
   80   -0.1406250000000000E-02    0.7864379882812500E-03
   81    0.2714843750000000E-02    0.9082412719726563E-03
   82    0.4101562500000000E-03    0.1091880798339844E-02
   83    0.6816406250000000E-02    0.1186866760253906E-02
   84    0.6074218750000000E-02    0.1076469421386719E-02
   85    0.5136718750000000E-02    0.9538650512695313E-03
   86    0.5253906250000000E-02    0.8342361450195312E-03
   87    0.1972656250000000E-02    0.9564590454101562E-03
   88    0.1015625000000000E-02    0.9532165527343750E-03
   89   -0.2871093750000000E-02    0.9984207153320313E-03
   90    0.3144531250000000E-02    0.9192276000976562E-03
   91   -0.7031250000000000E-03    0.1095809936523437E-02
   92   -0.4101562500000000E-03    0.9154129028320312E-03
   93   -0.1484375000000000E-02    0.1010284423828125E-02
   94   -0.3906250000000000E-02    0.8287048339843750E-03
   95   -0.4843750000000000E-02    0.7981109619140625E-03
   96   -0.4882812500000000E-03    0.9345626831054688E-03
   97    0.5078125000000000E-03    0.1365737915039062E-02
   98    0.3867187500000000E-02    0.1243972778320313E-02
   99   -0.5996093750000000E-02    0.1123542785644531E-02
  100   -0.2890625000000000E-02    0.9721374511718750E-03
