# time =    0.4125
    0    0.1000000000000000E+01    0.1000000000000000E+01
    1    0.4323242187500000E+00    0.1874692153930664E+00
    2    0.2559179687500000E+00    0.6618053436279298E-01
    3    0.1840625000000000E+00    0.3469680786132812E-01
    4    0.1517187500000000E+00    0.2388580322265625E-01
    5    0.1329687500000000E+00    0.1849807739257812E-01
    6    0.1162890625000000E+00    0.1429504394531250E-01
    7    0.1066992187500000E+00    0.1213840484619141E-01
    8    0.9580078124999999E-01    0.9944419860839843E-02
    9    0.8867187500000000E-01    0.8629684448242187E-02
   10    0.8462890625000000E-01    0.7880058288574219E-02
   11    0.8093750000000000E-01    0.7190704345703125E-02
   12    0.7683593750000001E-01    0.6572875976562500E-02
   13    0.7455078125000000E-01    0.6242713928222656E-02
   14    0.7167968750000001E-01    0.6009674072265625E-02
   15    0.6744140625000000E-01    0.5344505310058594E-02
   16    0.6746093750000000E-01    0.5421829223632812E-02
   17    0.6636718749999999E-01    0.5147323608398437E-02
   18    0.6429687500000000E-01    0.5051574707031250E-02
   19    0.6144531250000000E-01    0.4840927124023437E-02
   20    0.5857421875000000E-01    0.4416236877441406E-02
   21    0.5875000000000000E-01    0.4500885009765625E-02
   22    0.5820312500000000E-01    0.4377822875976562E-02
   23    0.5470703125000000E-01    0.3962516784667969E-02
   24    0.5287109375000000E-01    0.3733253479003906E-02
   25    0.5083984375000000E-01    0.3551216125488281E-02
   26    0.5078125000000000E-01    0.3560714721679687E-02
   27    0.5181640625000000E-01    0.3772544860839844E-02
   28    0.5193359375000000E-01    0.3924217224121094E-02
   29    0.5226562500000000E-01    0.3787994384765625E-02
   30    0.5011718750000000E-01    0.3530044555664062E-02
   31    0.4970703125000000E-01    0.3556098937988281E-02
   32    0.4839843750000000E-01    0.3577423095703125E-02
   33    0.4914062500000000E-01    0.3492660522460938E-02
   34    0.4873046875000000E-01    0.3450126647949219E-02
   35    0.4621093750000000E-01    0.3104324340820312E-02
   36    0.4742187500000000E-01    0.3175888061523437E-02
   37    0.4857421875000000E-01    0.3239097595214844E-02
   38    0.4673828125000000E-01    0.3120307922363281E-02
   39    0.4490234375000000E-01    0.3004493713378906E-02
   40    0.4773437500000000E-01    0.3261108398437500E-02
   41    0.4492187500000000E-01    0.3014526367187500E-02
   42    0.4259765625000000E-01    0.2707633972167969E-02
   43    0.4271484375000000E-01    0.2725791931152344E-02
   44    0.4064453125000000E-01    0.2616996765136719E-02
   45    0.3814453125000000E-01    0.2243995666503906E-02
   46    0.3906250000000000E-01    0.2368469238281250E-02
   47    0.4019531250000000E-01    0.2543029785156250E-02
   48    0.4007812500000000E-01    0.2560424804687500E-02
   49    0.3773437500000000E-01    0.2317810058593750E-02
   50    0.3824218750000000E-01    0.2543945312500000E-02
   51    0.3759765625000000E-01    0.2565422058105469E-02
   52    0.3576171875000000E-01    0.2294807434082031E-02
   53    0.3812500000000000E-01    0.2472152709960937E-02
   54    0.3828125000000000E-01    0.2413864135742187E-02
   55    0.3898437500000000E-01    0.2393417358398437E-02
   56    0.3781250000000000E-01    0.2325744628906250E-02
   57    0.3531250000000000E-01    0.2187194824218750E-02
   58    0.3517578125000000E-01    0.2227516174316406E-02
   59    0.3324218750000000E-01    0.2086486816406250E-02
   60    0.3414062500000000E-01    0.2202758789062500E-02
   61    0.3357421875000000E-01    0.2061805725097656E-02
   62    0.3527343750000000E-01    0.2199325561523437E-02
   63    0.3617187500000000E-01    0.2203979492187500E-02
   64    0.3759765625000000E-01    0.2346534729003906E-02
   65    0.3548828125000000E-01    0.2204399108886719E-02
   66    0.3552734375000000E-01    0.2265663146972656E-02
   67    0.3697265625000000E-01    0.2280769348144531E-02
   68    0.3714843750000000E-01    0.2385711669921875E-02
   69    0.3613281250000000E-01    0.2222061157226562E-02
   70    0.3597656250000000E-01    0.2214126586914062E-02
   71    0.3462890625000000E-01    0.2098426818847656E-02
   72    0.3363281250000000E-01    0.2020950317382812E-02
   73    0.3263671875000000E-01    0.2004814147949219E-02
   74    0.3287109375000000E-01    0.1991081237792969E-02
   75    0.3367187500000000E-01    0.1937866210937500E-02
   76    0.3150390625000000E-01    0.1880302429199219E-02
   77    0.3250000000000000E-01    0.2134246826171875E-02
   78    0.3123046875000000E-01    0.1965293884277344E-02
   79    0.3244140625000000E-01    0.1990623474121094E-02
   80    0.2988281250000000E-01    0.1932296752929688E-02
   81    0.3097656250000000E-01    0.1855316162109375E-02
   82    0.3158203125000000E-01    0.1994972229003906E-02
   83    0.3058593750000000E-01    0.2000808715820312E-02
   84    0.3296875000000000E-01    0.2184371948242188E-02
   85    0.3181640625000000E-01    0.2038307189941406E-02
   86    0.3103515625000000E-01    0.2109413146972656E-02
   87    0.3130859375000000E-01    0.2054786682128906E-02
   88    0.3060546875000000E-01    0.1990089416503906E-02
   89    0.3150390625000000E-01    0.1950569152832031E-02
   90    0.3105468750000000E-01    0.1861648559570312E-02
   91    0.3123046875000000E-01    0.1938285827636719E-02
   92    0.2841796875000000E-01    0.1743583679199219E-02
   93    0.2916015625000000E-01    0.1790962219238281E-02
   94    0.2876953125000000E-01    0.1852989196777344E-02
   95    0.2947265625000000E-01    0.1879844665527344E-02
   96    0.2898437500000000E-01    0.1820068359375000E-02
   97    0.3003906250000000E-01    0.1872100830078125E-02
   98    0.3062500000000000E-01    0.1979751586914063E-02
   99    0.3000000000000000E-01    0.1922225952148437E-02
  100    0.2994140625000000E-01    0.1998786926269531E-02
