# time =    0.4636
    0    0.1000000000000000E+01    0.1000000000000000E+01
    1    0.1856054687500000E+00    0.3512210845947265E-01
    2    0.3462890625000000E-01    0.2283897399902344E-02
    3    0.6269531250000000E-02    0.9492111206054688E-03
    4   -0.2734375000000000E-03    0.1069641113281250E-02
    5    0.5019531250000000E-02    0.9693527221679688E-03
    6   -0.4453125000000000E-02    0.8012390136718750E-03
    7    0.6054687500000000E-03    0.9825515747070312E-03
    8   -0.3261718750000000E-02    0.1079292297363281E-02
    9   -0.3417968750000000E-02    0.9966659545898437E-03
   10    0.6347656250000000E-02    0.7525253295898438E-03
   11   -0.4414062500000000E-02    0.1143569946289062E-02
   12    0.2929687500000000E-03    0.1157264709472656E-02
   13    0.8203125000000000E-03    0.1084060668945313E-02
   14   -0.3066406250000000E-02    0.8901596069335937E-03
   15    0.1093750000000000E-02    0.1020507812500000E-02
   16   -0.4042968750000000E-02    0.1010017395019531E-02
   17    0.2363281250000000E-02    0.1118049621582031E-02
   18    0.8203125000000000E-03    0.6781768798828125E-03
   19   -0.2812500000000000E-02    0.8573150634765625E-03
   20   -0.5937500000000000E-02    0.1009750366210937E-02
   21    0.6445312500000000E-03    0.9146499633789063E-03
   22   -0.1953125000000000E-03    0.9374237060546875E-03
   23   -0.2558593750000000E-02    0.8043289184570312E-03
   24   -0.1953125000000000E-03    0.9458160400390625E-03
   25    0.3203125000000000E-02    0.8100128173828125E-03
   26    0.3730468750000000E-02    0.1083106994628906E-02
   27    0.7812500000000000E-03    0.8896636962890625E-03
   28   -0.3964843750000000E-02    0.9791946411132812E-03
   29   -0.5859375000000000E-04    0.1093940734863281E-02
   30    0.2753906250000000E-02    0.1031150817871094E-02
   31    0.1484375000000000E-02    0.9384155273437500E-03
   32   -0.1113281250000000E-02    0.9463882446289063E-03
   33    0.4550781250000000E-02    0.9969711303710938E-03
   34   -0.4492187500000000E-03    0.8981704711914062E-03
   35   -0.1191406250000000E-02    0.9877395629882813E-03
   36    0.5742187500000000E-02    0.1092147827148438E-02
   37    0.4980468750000000E-02    0.1069755554199219E-02
   38    0.6562500000000000E-02    0.1231842041015625E-02
   39    0.2734375000000000E-03    0.9105682373046875E-03
   40   -0.1601562500000000E-02    0.9123229980468750E-03
   41   -0.2265625000000000E-02    0.9488677978515625E-03
   42   -0.5703125000000000E-02    0.1075439453125000E-02
   43   -0.3906250000000000E-02    0.8827972412109375E-03
   44   -0.3457031250000000E-02    0.9432601928710938E-03
   45   -0.2734375000000000E-02    0.8559417724609375E-03
   46   -0.3144531250000000E-02    0.9969711303710938E-03
   47   -0.2910156250000000E-02    0.8732986450195313E-03
   48    0.1621093750000000E-02    0.1224632263183594E-02
   49    0.2480468750000000E-02    0.9856796264648437E-03
   50   -0.1328125000000000E-02    0.1239395141601562E-02
   51   -0.5468750000000001E-03    0.7406616210937500E-03
   52    0.5859375000000000E-03    0.8992767333984375E-03
   53   -0.1367187500000000E-02    0.1112518310546875E-02
   54    0.9765625000000000E-03    0.1147689819335938E-02
   55    0.3613281250000000E-02    0.8980941772460938E-03
   56    0.8378906250000000E-02    0.1185874938964844E-02
   57    0.3984375000000000E-02    0.7879638671875000E-03
   58    0.4277343750000000E-02    0.7166671752929688E-03
   59   -0.3281250000000000E-02    0.1090545654296875E-02
   60    0.2011718750000000E-02    0.8971023559570312E-03
   61    0.2285156250000000E-02    0.1043891906738281E-02
   62    0.2910156250000000E-02    0.1256752014160156E-02
   63    0.3378906250000000E-02    0.8626937866210938E-03
   64    0.2929687500000000E-02    0.9934997558593750E-03
   65    0.1914062500000000E-02    0.1044845581054687E-02
   66    0.1367187500000000E-02    0.1052932739257812E-02
   67    0.1015625000000000E-02    0.9851837158203125E-03
   68    0.1152343750000000E-02    0.9492111206054688E-03
   69    0.5605468750000000E-02    0.1042137145996094E-02
   70    0.7421875000000000E-03    0.8700561523437500E-03
   71   -0.2285156250000000E-02    0.1122322082519531E-02
   72    0.5156250000000000E-02    0.9120941162109375E-03
   73    0.2675781250000000E-02    0.1207389831542969E-02
   74   -0.3359375000000000E-02    0.8950042724609375E-03
   75    0.5117187500000000E-02    0.1026458740234375E-02
   76   -0.3925781250000000E-02    0.1120643615722656E-02
   77   -0.2304687500000000E-02    0.1003341674804687E-02
   78    0.1484375000000000E-02    0.8447265625000000E-03
   79    0.3027343750000000E-02    0.8004379272460938E-03
   80   -0.2851562500000000E-02    0.1116561889648437E-02
   81   -0.1484375000000000E-02    0.1109771728515625E-02
   82    0.1367187500000000E-03    0.1126976013183594E-02
   83   -0.1152343750000000E-02    0.8694076538085937E-03
   84   -0.5234375000000000E-02    0.1009216308593750E-02
   85    0.2226562500000000E-02    0.9312438964843750E-03
   86    0.2382812500000000E-02    0.1165924072265625E-02
   87   -0.3339843750000000E-02    0.1171989440917969E-02
   88    0.2167968750000000E-02    0.1006889343261719E-02
   89   -0.3710937500000000E-03    0.7829666137695312E-03
   90   -0.5214843750000000E-02    0.1113777160644531E-02
   91   -0.2460937500000000E-02    0.1363906860351563E-02
   92    0.3417968750000000E-02    0.1062202453613281E-02
   93    0.2089843750000000E-02    0.1123847961425781E-02
   94   -0.2773437500000000E-02    0.8796691894531250E-03
   95   -0.3281250000000000E-02    0.9030914306640625E-03
   96   -0.1328125000000000E-02    0.1100540161132812E-02
   97    0.4980468750000000E-02    0.8595657348632813E-03
   98    0.2792968750000000E-02    0.1067924499511719E-02
   99    0.2636718750000000E-02    0.1258430480957031E-02
  100    0.1484375000000000E-02    0.7875823974609375E-03
