# time =    0.4789
    0    0.1000000000000000E+01    0.1000000000000000E+01
    1    0.2454296875000000E+00    0.6111450195312500E-01
    2    0.7867187500000000E-01    0.7065124511718750E-02
    3    0.3203125000000000E-01    0.2000350952148437E-02
    4    0.1310546875000000E-01    0.1012229919433594E-02
    5    0.7500000000000000E-02    0.1079711914062500E-02
    6    0.1835937500000000E-02    0.9683227539062500E-03
    7   -0.3378906250000000E-02    0.1300315856933594E-02
    8    0.3652343750000000E-02    0.1090202331542969E-02
    9    0.5507812500000000E-02    0.1382522583007813E-02
   10   -0.7226562500000000E-03    0.9395980834960938E-03
   11    0.7480468750000000E-02    0.1066093444824219E-02
   12    0.5371093750000000E-02    0.9193038940429688E-03
   13    0.5175781250000000E-02    0.8387374877929688E-03
   14    0.1894531250000000E-02    0.7748794555664062E-03
   15    0.3261718750000000E-02    0.1074790954589844E-02
   16    0.1367187500000000E-02    0.1154174804687500E-02
   17   -0.1113281250000000E-02    0.1078071594238281E-02
   18   -0.3906250000000000E-02    0.7437133789062500E-03
   19    0.1601562500000000E-02    0.1002960205078125E-02
   20   -0.2558593750000000E-02    0.1080741882324219E-02
   21    0.6445312500000000E-03    0.1183204650878906E-02
   22   -0.4882812500000000E-03    0.9813308715820312E-03
   23   -0.2402343750000000E-02    0.8876419067382812E-03
   24   -0.4003906250000000E-02    0.8994674682617187E-03
   25   -0.3906250000000000E-03    0.9707641601562500E-03
   26    0.2539062500000000E-02    0.8535766601562500E-03
   27    0.2421875000000000E-02    0.1116256713867188E-02
   28    0.2207031250000000E-02    0.8477401733398437E-03
   29   -0.4687500000000000E-03    0.1015243530273437E-02
   30   -0.1230468750000000E-02    0.1089286804199219E-02
   31    0.1230468750000000E-02    0.8491897583007813E-03
   32    0.5078125000000000E-03    0.8824920654296875E-03
   33   -0.2382812500000000E-02    0.1264877319335937E-02
   34   -0.3457031250000000E-02    0.1088218688964844E-02
   35    0.1191406250000000E-02    0.1030921936035156E-02
   36    0.2148437500000000E-02    0.9037017822265625E-03
   37   -0.1054687500000000E-02    0.9809875488281251E-03
   38    0.2812500000000000E-02    0.7131195068359375E-03
   39    0.3125000000000000E-03    0.8098602294921875E-03
   40    0.4882812500000000E-03    0.1324729919433594E-02
   41    0.4101562500000000E-02    0.1025772094726562E-02
   42    0.1171875000000000E-02    0.9391021728515625E-03
   43    0.3574218750000000E-02    0.1080513000488281E-02
   44   -0.1406250000000000E-02    0.9535980224609375E-03
   45    0.1738281250000000E-02    0.1085548400878906E-02
   46    0.6464843750000000E-02    0.8055496215820312E-03
   47    0.5175781250000000E-02    0.9170150756835937E-03
   48    0.3125000000000000E-03    0.9060668945312500E-03
   49   -0.3125000000000000E-02    0.8251953125000000E-03
   50    0.1191406250000000E-02    0.8499526977539063E-03
   51    0.6914062500000000E-02    0.1095275878906250E-02
   52    0.9179687499999999E-03    0.9861373901367187E-03
   53   -0.4121093750000000E-02    0.9803390502929688E-03
   54    0.1308593750000000E-02    0.1100578308105469E-02
   55   -0.2968750000000000E-02    0.1017532348632813E-02
   56   -0.3476562500000000E-02    0.1062088012695313E-02
   57   -0.1191406250000000E-02    0.8496475219726562E-03
   58    0.9570312500000000E-03    0.1061897277832031E-02
   59   -0.8007812500000000E-03    0.9292221069335938E-03
   60    0.3828125000000000E-02    0.1058120727539062E-02
   61   -0.1367187500000000E-02    0.1043319702148438E-02
   62   -0.1718750000000000E-02    0.9766387939453124E-03
   63    0.5078125000000000E-02    0.1499557495117188E-02
   64    0.6777343750000000E-02    0.1133232116699219E-02
   65    0.1503906250000000E-02    0.1205787658691406E-02
   66   -0.9570312500000000E-03    0.9260177612304688E-03
   67   -0.1308593750000000E-02    0.1120109558105469E-02
   68    0.4687500000000000E-03    0.1147537231445312E-02
   69    0.1542968750000000E-02    0.8593368530273438E-03
   70    0.8789062500000000E-03    0.9085464477539062E-03
   71   -0.5078125000000000E-02    0.1036453247070312E-02
   72   -0.8203125000000000E-03    0.9053802490234375E-03
   73   -0.2207031250000000E-02    0.1051292419433594E-02
   74   -0.1972656250000000E-02    0.7250595092773437E-03
   75    0.2929687500000000E-03    0.1039390563964844E-02
   76    0.5859375000000000E-03    0.9146118164062500E-03
   77   -0.1914062500000000E-02    0.7343292236328125E-03
   78    0.1367187500000000E-03    0.8774185180664062E-03
   79   -0.2753906250000000E-02    0.9910964965820313E-03
   80   -0.5585937500000000E-02    0.1074676513671875E-02
   81   -0.4492187500000000E-03    0.8314132690429687E-03
   82   -0.2460937500000000E-02    0.7287597656250000E-03
   83   -0.2050781250000000E-02    0.1033058166503906E-02
   84    0.1542968750000000E-02    0.9630203247070312E-03
   85   -0.2792968750000000E-02    0.9353256225585937E-03
   86    0.4296875000000000E-03    0.1018066406250000E-02
   87   -0.4394531250000000E-02    0.9730911254882813E-03
   88    0.1757812500000000E-02    0.1092147827148438E-02
   89    0.7421875000000000E-03    0.1144638061523438E-02
   90   -0.1523437500000000E-02    0.9884643554687500E-03
   91    0.1425781250000000E-02    0.1032295227050781E-02
   92   -0.1347656250000000E-02    0.9324264526367188E-03
   93    0.2089843750000000E-02    0.8924484252929687E-03
   94    0.5859375000000000E-04    0.1035957336425781E-02
   95    0.5078125000000000E-03    0.9776306152343749E-03
   96    0.2011718750000000E-02    0.9831619262695313E-03
   97   -0.3085937500000000E-02    0.9364318847656250E-03
   98    0.5800781250000000E-02    0.1024131774902344E-02
   99   -0.3281250000000000E-02    0.9832763671875000E-03
  100    0.1757812500000000E-03    0.6946182250976563E-03
