# time =    0.4611
    0    0.1000000000000000E+01    0.1000000000000000E+01
    1    0.1889062500000000E+00    0.3647514343261719E-01
    2    0.4021484375000000E-01    0.2729835510253906E-02
    3    0.7187500000000000E-02    0.9071350097656250E-03
    4    0.4687500000000000E-02    0.1055450439453125E-02
    5   -0.1562500000000000E-02    0.1013946533203125E-02
    6   -0.6992187500000000E-02    0.9930419921875000E-03
    7   -0.9179687499999999E-03    0.9852218627929687E-03
    8   -0.4687500000000000E-03    0.1052856445312500E-02
    9   -0.3847656250000000E-02    0.8452224731445312E-03
   10   -0.3515625000000000E-02    0.8992004394531250E-03
   11   -0.4648437500000000E-02    0.9029388427734375E-03
   12    0.3906250000000000E-04    0.1400375366210938E-02
   13   -0.8203125000000000E-03    0.9809875488281251E-03
   14   -0.1523437500000000E-02    0.7834625244140625E-03
   15   -0.3144531250000000E-02    0.9801864624023437E-03
   16   -0.2304687500000000E-02    0.8237457275390625E-03
   17    0.1093750000000000E-02    0.1085052490234375E-02
   18    0.1523437500000000E-02    0.1169662475585938E-02
   19   -0.3515625000000000E-03    0.1051406860351563E-02
   20    0.2695312500000000E-02    0.1037673950195312E-02
   21   -0.1015625000000000E-02    0.8151245117187500E-03
   22   -0.4804687500000000E-02    0.9360504150390625E-03
   23   -0.3925781250000000E-02    0.1001243591308594E-02
   24    0.7812500000000000E-03    0.1157150268554687E-02
   25    0.6992187500000000E-02    0.1218643188476562E-02
   26    0.1601562500000000E-02    0.1147842407226562E-02
   27    0.1855468750000000E-02    0.8510208129882813E-03
   28    0.2128906250000000E-02    0.1057548522949219E-02
   29   -0.9765625000000001E-04    0.1149559020996094E-02
   30    0.2343750000000000E-02    0.1000976562500000E-02
   31    0.1699218750000000E-02    0.1066627502441406E-02
   32    0.1406250000000000E-02    0.1067810058593750E-02
   33   -0.1386718750000000E-02    0.9561538696289063E-03
   34    0.1875000000000000E-02    0.8894348144531250E-03
   35    0.1328125000000000E-02    0.1044387817382812E-02
   36   -0.1347656250000000E-02    0.8188247680664063E-03
   37   -0.4707031250000000E-02    0.1061668395996094E-02
   38    0.4492187500000000E-03    0.8845901489257812E-03
   39   -0.1250000000000000E-02    0.1145324707031250E-02
   40   -0.2128906250000000E-02    0.1152305603027344E-02
   41    0.2070312500000000E-02    0.9244537353515625E-03
   42    0.3613281250000000E-02    0.8867263793945312E-03
   43    0.3847656250000000E-02    0.7729721069335937E-03
   44    0.8593750000000000E-03    0.1111068725585937E-02
   45    0.3652343750000000E-02    0.9268569946289062E-03
   46    0.2988281250000000E-02    0.1025733947753906E-02
   47    0.2929687500000000E-02    0.9664154052734375E-03
   48   -0.2792968750000000E-02    0.1050605773925781E-02
   49   -0.6308593750000000E-02    0.9500503540039063E-03
   50   -0.4238281250000000E-02    0.1018333435058594E-02
   51   -0.1425781250000000E-02    0.1018028259277344E-02
   52    0.2636718750000000E-02    0.9379196166992188E-03
   53    0.4179687500000000E-02    0.1030883789062500E-02
   54    0.2167968750000000E-02    0.8913040161132813E-03
   55    0.1660156250000000E-02    0.1063957214355469E-02
   56    0.2734375000000000E-02    0.9873962402343749E-03
   57    0.9140624999999999E-02    0.1054763793945312E-02
   58   -0.2460937500000000E-02    0.8552551269531250E-03
   59    0.1718750000000000E-02    0.7343292236328125E-03
   60    0.1835937500000000E-02    0.8550262451171874E-03
   61    0.2656250000000000E-02    0.8503723144531250E-03
   62    0.1425781250000000E-02    0.1225624084472656E-02
   63   -0.1523437500000000E-02    0.1047515869140625E-02
   64    0.2324218750000000E-02    0.8890914916992187E-03
   65    0.6210937500000000E-02    0.8634948730468751E-03
   66    0.1757812500000000E-03    0.9701919555664063E-03
   67   -0.1562500000000000E-02    0.8988189697265625E-03
   68    0.1132812500000000E-02    0.1064147949218750E-02
   69   -0.2324218750000000E-02    0.9104537963867187E-03
   70    0.1250000000000000E-02    0.1032257080078125E-02
   71    0.2792968750000000E-02    0.1004981994628906E-02
   72    0.2597656250000000E-02    0.1157951354980469E-02
   73    0.5332031250000000E-02    0.9558486938476562E-03
   74   -0.1367187500000000E-03    0.8054733276367188E-03
   75   -0.5078125000000000E-02    0.9177398681640625E-03
   76   -0.7031250000000000E-03    0.1129455566406250E-02
   77    0.1171875000000000E-02    0.8283996582031250E-03
   78    0.4511718750000000E-02    0.8764266967773438E-03
   79    0.3300781250000000E-02    0.1026039123535156E-02
   80    0.2324218750000000E-02    0.1088676452636719E-02
   81   -0.2675781250000000E-02    0.7563400268554688E-03
   82   -0.1601562500000000E-02    0.8338165283203125E-03
   83    0.3476562500000000E-02    0.8177185058593751E-03
   84    0.2753906250000000E-02    0.1132011413574219E-02
   85   -0.8984375000000000E-03    0.1130599975585937E-02
   86   -0.1074218750000000E-02    0.7522964477539063E-03
   87   -0.3105468750000000E-02    0.8237838745117187E-03
   88   -0.2363281250000000E-02    0.9666061401367187E-03
   89   -0.1679687500000000E-02    0.1242523193359375E-02
   90   -0.4179687500000000E-02    0.1179504394531250E-02
   91    0.3652343750000000E-02    0.9730148315429687E-03
   92   -0.2656250000000000E-02    0.1074600219726562E-02
   93   -0.1582031250000000E-02    0.8945083618164063E-03
   94   -0.1269531250000000E-02    0.9563064575195312E-03
   95   -0.1718750000000000E-02    0.1162490844726563E-02
   96    0.3906250000000000E-03    0.7515716552734375E-03
   97    0.8398437500000000E-03    0.8668136596679687E-03
   98    0.1601562500000000E-02    0.9990692138671874E-03
   99    0.8203125000000000E-03    0.9584045410156250E-03
  100    0.3066406250000000E-02    0.1002311706542969E-02
