# time =    0.4618
    0    0.1000000000000000E+01    0.1000000000000000E+01
    1    0.2490820312500000E+00    0.6290439605712890E-01
    2    0.6759765625000000E-01    0.5402488708496094E-02
    3    0.2660156250000000E-01    0.1767883300781250E-02
    4    0.1312500000000000E-01    0.1152801513671875E-02
    5   -0.1328125000000000E-02    0.9349060058593750E-03
    6   -0.2910156250000000E-02    0.9562301635742187E-03
    7   -0.1250000000000000E-02    0.1018524169921875E-02
    8   -0.9960937500000000E-03    0.9022140502929687E-03
    9    0.3906250000000000E-04    0.7680511474609375E-03
   10    0.9765625000000001E-04    0.1114921569824219E-02
   11    0.6445312500000000E-03    0.1188621520996094E-02
   12    0.3476562500000000E-02    0.1096115112304687E-02
   13    0.3164062500000000E-02    0.8172607421875000E-03
   14   -0.8984375000000000E-03    0.8245086669921874E-03
   15    0.2812500000000000E-02    0.1012191772460937E-02
   16    0.5371093750000000E-02    0.1290550231933594E-02
   17   -0.5859375000000000E-04    0.9342575073242187E-03
   18    0.1699218750000000E-02    0.1011543273925781E-02
   19   -0.6171875000000000E-02    0.9804534912109374E-03
   20   -0.2714843750000000E-02    0.9971237182617187E-03
   21    0.3457031250000000E-02    0.8626937866210938E-03
   22   -0.2539062500000000E-02    0.1045532226562500E-02
   23   -0.8984375000000000E-03    0.8419036865234375E-03
   24    0.4785156250000000E-02    0.7297134399414062E-03
   25    0.3046875000000000E-02    0.9949493408203125E-03
   26   -0.1953125000000000E-04    0.1055641174316406E-02
   27    0.2832031250000000E-02    0.1020851135253906E-02
   28   -0.4003906250000000E-02    0.1043891906738281E-02
   29    0.5468750000000001E-03    0.1083145141601562E-02
   30    0.2070312500000000E-02    0.8000183105468750E-03
   31    0.4101562500000000E-03    0.9984970092773438E-03
   32    0.2773437500000000E-02    0.1018981933593750E-02
   33    0.5156250000000000E-02    0.1051254272460937E-02
   34    0.2480468750000000E-02    0.8746719360351562E-03
   35   -0.2929687500000000E-03    0.8755111694335937E-03
   36    0.1347656250000000E-02    0.1152763366699219E-02
   37    0.1035156250000000E-02    0.1089820861816406E-02
   38   -0.1464843750000000E-02    0.1067008972167969E-02
   39   -0.5859375000000000E-04    0.7360458374023437E-03
   40    0.1289062500000000E-02    0.1006927490234375E-02
   41   -0.2343750000000000E-02    0.6549072265625000E-03
   42   -0.2539062500000000E-03    0.9201431274414063E-03
   43    0.1718750000000000E-02    0.9365844726562500E-03
   44   -0.1093750000000000E-02    0.1034164428710938E-02
   45   -0.2539062500000000E-02    0.9091186523437500E-03
   46   -0.2363281250000000E-02    0.9998703002929688E-03
   47    0.2363281250000000E-02    0.8893203735351562E-03
   48    0.3417968750000000E-02    0.1163749694824219E-02
   49   -0.2089843750000000E-02    0.8467483520507812E-03
   50    0.3300781250000000E-02    0.8839797973632812E-03
   51    0.1308593750000000E-02    0.7426834106445312E-03
   52    0.4238281250000000E-02    0.9945297241210937E-03
   53   -0.1503906250000000E-02    0.7509994506835938E-03
   54    0.2636718750000000E-02    0.8296585083007813E-03
   55   -0.7812500000000000E-04    0.1034469604492188E-02
   56    0.1152343750000000E-02    0.7590103149414062E-03
   57    0.8007812500000000E-03    0.9794998168945312E-03
   58    0.3222656250000000E-02    0.9985733032226562E-03
   59   -0.8203125000000000E-03    0.9568023681640625E-03
   60   -0.6250000000000000E-03    0.9741973876953125E-03
   61   -0.1289062500000000E-02    0.9626770019531251E-03
   62   -0.4550781250000000E-02    0.9521865844726563E-03
   63   -0.1816406250000000E-02    0.1077766418457031E-02
   64   -0.8867187500000000E-02    0.1083984375000000E-02
   65    0.3183593750000000E-02    0.9843063354492186E-03
   66    0.2929687500000000E-03    0.8047866821289062E-03
   67   -0.7617187500000000E-03    0.1047477722167969E-02
   68    0.3710937500000000E-03    0.9320449829101563E-03
   69   -0.3476562500000000E-02    0.1011352539062500E-02
   70   -0.1972656250000000E-02    0.9534835815429687E-03
   71   -0.4394531250000000E-02    0.1007881164550781E-02
   72   -0.4238281250000000E-02    0.9295272827148437E-03
   73   -0.2167968750000000E-02    0.9686660766601563E-03
   74   -0.7128906250000000E-02    0.1042747497558594E-02
   75   -0.6835937500000000E-03    0.8940505981445313E-03
   76    0.4160156250000000E-02    0.1029167175292969E-02
   77    0.2558593750000000E-02    0.9798812866210938E-03
   78   -0.3613281250000000E-02    0.7979202270507812E-03
   79    0.2636718750000000E-02    0.9723281860351562E-03
   80    0.1933593750000000E-02    0.8342361450195312E-03
   81   -0.4492187500000000E-03    0.1065330505371094E-02
   82    0.5156250000000000E-02    0.8743286132812500E-03
   83    0.2343750000000000E-03    0.7029724121093750E-03
   84   -0.9667968750000000E-02    0.1025810241699219E-02
   85    0.2695312500000000E-02    0.7905578613281250E-03
   86    0.4550781250000000E-02    0.9595870971679688E-03
   87    0.1757812500000000E-03    0.9265518188476562E-03
   88   -0.4316406250000000E-02    0.7020950317382813E-03
   89   -0.3125000000000000E-03    0.1152572631835937E-02
   90    0.5410156250000000E-02    0.7782363891601562E-03
   91    0.3691406250000000E-02    0.1069068908691406E-02
   92    0.3105468750000000E-02    0.1155967712402344E-02
   93    0.3457031250000000E-02    0.9846878051757812E-03
   94   -0.1953125000000000E-03    0.8620452880859375E-03
   95    0.2714843750000000E-02    0.1067466735839844E-02
   96    0.4980468750000000E-02    0.9826278686523437E-03
   97   -0.4238281250000000E-02    0.8716201782226563E-03
   98   -0.3417968750000000E-02    0.9766006469726562E-03
   99   -0.5878906250000000E-02    0.9412002563476562E-03
  100    0.1250000000000000E-02    0.9871673583984374E-03
