# time =    0.4569
    0    0.1000000000000000E+01    0.1000000000000000E+01
    1    0.1947656250000000E+00    0.3868247985839843E-01
    2    0.3820312500000000E-01    0.2534103393554687E-02
    3    0.9277343750000000E-02    0.1423149108886719E-02
    4    0.3515625000000000E-03    0.8786773681640625E-03
    5    0.5859375000000000E-04    0.8927536010742188E-03
    6    0.4257812500000000E-02    0.9812164306640626E-03
    7    0.4335937500000000E-02    0.8640289306640625E-03
    8   -0.6445312500000000E-03    0.9977340698242188E-03
    9    0.5214843750000000E-02    0.8853530883789063E-03
   10    0.3125000000000000E-03    0.9175109863281250E-03
   11   -0.1132812500000000E-02    0.1108093261718750E-02
   12   -0.4687500000000000E-03    0.9902191162109374E-03
   13   -0.8203125000000000E-03    0.8066558837890625E-03
   14   -0.8984375000000000E-03    0.7774353027343750E-03
   15   -0.5253906250000000E-02    0.1043968200683594E-02
   16   -0.7226562500000000E-02    0.1206130981445313E-02
   17    0.1816406250000000E-02    0.8657455444335937E-03
   18   -0.2753906250000000E-02    0.1020469665527344E-02
   19   -0.7031250000000000E-02    0.1063766479492188E-02
   20   -0.2500000000000000E-02    0.1160202026367187E-02
   21    0.5273437500000000E-03    0.1005821228027344E-02
   22   -0.3242187500000000E-02    0.1107025146484375E-02
   23    0.1914062500000000E-02    0.1057815551757813E-02
   24   -0.1386718750000000E-02    0.8698654174804688E-03
   25    0.4316406250000000E-02    0.1176185607910156E-02
   26    0.6367187500000000E-02    0.1089706420898438E-02
   27    0.6171875000000000E-02    0.9598541259765625E-03
   28    0.6093750000000000E-02    0.1217727661132813E-02
   29   -0.6250000000000000E-03    0.8999633789062500E-03
   30    0.5117187500000000E-02    0.1073989868164063E-02
   31    0.2031250000000000E-02    0.1201248168945312E-02
   32    0.6445312500000000E-03    0.1188926696777344E-02
   33   -0.1953125000000000E-02    0.8473968505859374E-03
   34    0.6835937500000000E-03    0.8777236938476563E-03
   35    0.1054687500000000E-02    0.9700012207031250E-03
   36   -0.1445312500000000E-02    0.7968902587890625E-03
   37    0.2304687500000000E-02    0.7135009765625000E-03
   38    0.2285156250000000E-02    0.1109352111816406E-02
   39    0.2187500000000000E-02    0.1069030761718750E-02
   40    0.6582031250000000E-02    0.1194725036621094E-02
   41    0.4003906250000000E-02    0.1464195251464844E-02
   42    0.4238281250000000E-02    0.1292304992675781E-02
   43   -0.2402343750000000E-02    0.1159858703613281E-02
   44   -0.2011718750000000E-02    0.9035110473632812E-03
   45    0.8203125000000000E-03    0.8336639404296875E-03
   46   -0.4648437500000000E-02    0.1118698120117187E-02
   47   -0.3281250000000000E-02    0.1251068115234375E-02
   48    0.2226562500000000E-02    0.8197784423828125E-03
   49    0.1328125000000000E-02    0.9587097167968750E-03
   50   -0.2148437500000000E-03    0.6484603881835938E-03
   51   -0.1035156250000000E-02    0.9611129760742187E-03
   52    0.1679687500000000E-02    0.8275604248046875E-03
   53   -0.1386718750000000E-02    0.8515548706054687E-03
   54   -0.2226562500000000E-02    0.9506225585937500E-03
   55   -0.1601562500000000E-02    0.1052398681640625E-02
   56   -0.1191406250000000E-02    0.8137893676757813E-03
   57    0.3808593750000000E-02    0.7566452026367187E-03
   58   -0.4824218750000000E-02    0.8567428588867188E-03
   59   -0.3105468750000000E-02    0.8746719360351562E-03
   60   -0.1367187500000000E-02    0.8977508544921875E-03
   61   -0.1738281250000000E-02    0.1023063659667969E-02
   62   -0.3105468750000000E-02    0.1224555969238281E-02
   63   -0.8085937499999999E-02    0.8692932128906250E-03
   64   -0.1367187500000000E-02    0.9421539306640625E-03
   65    0.3007812500000000E-02    0.8856201171875000E-03
   66    0.3652343750000000E-02    0.9695816040039062E-03
   67   -0.1875000000000000E-02    0.1203689575195313E-02
   68    0.2382812500000000E-02    0.9465026855468750E-03
   69   -0.1484375000000000E-02    0.7803344726562500E-03
   70    0.7812500000000000E-03    0.1139450073242187E-02
   71    0.8203125000000000E-03    0.6834411621093750E-03
   72    0.5878906250000000E-02    0.1261787414550781E-02
   73    0.3203125000000000E-02    0.6931304931640625E-03
   74    0.1406250000000000E-02    0.8757019042968750E-03
   75    0.2734375000000000E-02    0.9954071044921875E-03
   76   -0.4042968750000000E-02    0.1095237731933594E-02
   77    0.1777343750000000E-02    0.9529495239257813E-03
   78    0.4882812500000000E-03    0.8026504516601562E-03
   79   -0.2226562500000000E-02    0.9023284912109375E-03
   80    0.1035156250000000E-02    0.8098983764648438E-03
   81    0.3867187500000000E-02    0.1067581176757813E-02
   82    0.3808593750000000E-02    0.1328849792480469E-02
   83    0.6328125000000000E-02    0.9600067138671875E-03
   84    0.1582031250000000E-02    0.8077621459960938E-03
   85   -0.3710937500000000E-03    0.9245681762695313E-03
   86   -0.1230468750000000E-02    0.1102180480957031E-02
   87    0.1152343750000000E-02    0.9447860717773437E-03
   88   -0.2539062500000000E-03    0.8066940307617187E-03
   89    0.5468750000000001E-03    0.8501434326171876E-03
   90    0.5859375000000000E-04    0.1102790832519531E-02
   91   -0.4296875000000000E-02    0.9700775146484375E-03
   92   -0.1562500000000000E-02    0.1078338623046875E-02
   93    0.3125000000000000E-02    0.1099090576171875E-02
   94   -0.1054687500000000E-02    0.7626342773437500E-03
   95    0.5703125000000000E-02    0.1129531860351563E-02
   96    0.2617187500000000E-02    0.1270599365234375E-02
   97    0.2246093750000000E-02    0.1158485412597656E-02
   98    0.4765625000000000E-02    0.7364654541015625E-03
   99   -0.9570312500000000E-03    0.9950637817382813E-03
  100    0.1894531250000000E-02    0.1105842590332031E-02
