# time =    0.4714
    0    0.1000000000000000E+01    0.1000000000000000E+01
    1    0.1895117187500000E+00    0.3672954559326172E-01
    2    0.3628906250000000E-01    0.2186737060546875E-02
    3    0.1078125000000000E-01    0.1019134521484375E-02
    4    0.5332031250000000E-02    0.9952926635742188E-03
    5    0.1289062500000000E-02    0.1043472290039063E-02
    6    0.1562500000000000E-03    0.1041107177734375E-02
    7    0.1972656250000000E-02    0.8435440063476562E-03
    8   -0.3906250000000000E-02    0.1097412109375000E-02
    9   -0.3750000000000000E-02    0.1034011840820313E-02
   10    0.3437500000000000E-02    0.9708404541015625E-03
   11    0.1562500000000000E-03    0.1092147827148438E-02
   12    0.3554687500000000E-02    0.1092987060546875E-02
   13    0.1523437500000000E-02    0.1006393432617187E-02
   14    0.3925781250000000E-02    0.1111640930175781E-02
   15    0.2988281250000000E-02    0.9325790405273437E-03
   16    0.1025390625000000E-01    0.1126365661621094E-02
   17    0.3417968750000000E-02    0.1149787902832031E-02
   18   -0.4316406250000000E-02    0.1045799255371094E-02
   19   -0.2656250000000000E-02    0.1044921875000000E-02
   20    0.7617187500000000E-03    0.8934402465820313E-03
   21   -0.7929687499999999E-02    0.1037445068359375E-02
   22    0.2597656250000000E-02    0.1017112731933594E-02
   23    0.2402343750000000E-02    0.1034431457519531E-02
   24   -0.9375000000000000E-03    0.9918975830078124E-03
   25   -0.2675781250000000E-02    0.1135826110839844E-02
   26    0.8593750000000000E-03    0.1176834106445312E-02
   27   -0.5664062500000000E-03    0.1010704040527344E-02
   28    0.2539062500000000E-02    0.1189422607421875E-02
   29   -0.5429687500000000E-02    0.7989501953125000E-03
   30    0.1406250000000000E-02    0.9169006347656251E-03
   31   -0.1250000000000000E-02    0.8997344970703126E-03
   32   -0.2578125000000000E-02    0.9566497802734375E-03
   33   -0.5058593750000000E-02    0.9096145629882812E-03
   34    0.3320312500000000E-02    0.1010131835937500E-02
   35    0.1562500000000000E-02    0.1018218994140625E-02
   36   -0.9375000000000000E-03    0.9895324707031249E-03
   37    0.5859375000000000E-03    0.8246612548828125E-03
   38   -0.1171875000000000E-03    0.1077804565429688E-02
   39    0.5117187500000000E-02    0.1043319702148438E-02
   40   -0.4238281250000000E-02    0.1088218688964844E-02
   41   -0.1757812500000000E-03    0.9422683715820312E-03
   42    0.3515625000000000E-03    0.9336090087890625E-03
   43    0.6074218750000000E-02    0.1031608581542969E-02
   44    0.5625000000000000E-02    0.1213455200195313E-02
   45   -0.2343750000000000E-02    0.8425140380859376E-03
   46   -0.1621093750000000E-02    0.1015434265136719E-02
   47   -0.1933593750000000E-02    0.1171607971191406E-02
   48    0.6464843750000000E-02    0.1134452819824219E-02
   49   -0.1367187500000000E-03    0.1203651428222656E-02
   50   -0.5351562500000000E-02    0.8870697021484375E-03
   51   -0.4726562500000000E-02    0.8222961425781250E-03
   52   -0.7695312500000000E-02    0.8505249023437500E-03
   53   -0.5117187500000000E-02    0.1001358032226562E-02
   54   -0.2324218750000000E-02    0.8685684204101562E-03
   55    0.7675781250000000E-02    0.9780502319335937E-03
   56   -0.3046875000000000E-02    0.9407806396484375E-03
   57   -0.1699218750000000E-02    0.9787368774414062E-03
   58   -0.4296875000000000E-03    0.8884429931640625E-03
   59    0.1035156250000000E-02    0.7815933227539062E-03
   60    0.2089843750000000E-02    0.1168785095214844E-02
   61    0.1953125000000000E-03    0.1100769042968750E-02
   62    0.1542968750000000E-02    0.1008415222167969E-02
   63    0.2480468750000000E-02    0.9039688110351562E-03
   64    0.3925781250000000E-02    0.8580398559570313E-03
   65    0.1718750000000000E-02    0.9978485107421874E-03
   66   -0.1425781250000000E-02    0.8089065551757813E-03
   67    0.3554687500000000E-02    0.1225128173828125E-02
   68   -0.6054687500000000E-03    0.8040237426757813E-03
   69   -0.3183593750000000E-02    0.7288742065429687E-03
   70    0.3281250000000000E-02    0.1072235107421875E-02
   71    0.1113281250000000E-02    0.1045722961425781E-02
   72   -0.2773437500000000E-02    0.7974243164062500E-03
   73   -0.4960937500000000E-02    0.1377944946289063E-02
   74    0.1835937500000000E-02    0.7923889160156250E-03
   75   -0.4687500000000000E-03    0.1119766235351563E-02
   76   -0.4628906250000000E-02    0.1185798645019531E-02
   77    0.2871093750000000E-02    0.8810043334960937E-03
   78    0.4199218750000000E-02    0.9573745727539062E-03
   79   -0.1699218750000000E-02    0.8024978637695313E-03
   80   -0.6269531250000000E-02    0.8466720581054687E-03
   81   -0.6640625000000000E-03    0.6625366210937500E-03
   82   -0.4023437500000000E-02    0.1181488037109375E-02
   83    0.4863281250000000E-02    0.8190536499023438E-03
   84    0.5957031250000000E-02    0.9370040893554687E-03
   85   -0.1308593750000000E-02    0.7635116577148438E-03
   86   -0.2539062500000000E-03    0.6841659545898437E-03
   87    0.1132812500000000E-02    0.7708740234375000E-03
   88    0.7421875000000000E-03    0.9698486328125000E-03
   89   -0.2265625000000000E-02    0.9717559814453125E-03
   90   -0.3417968750000000E-02    0.1029167175292969E-02
   91   -0.4863281250000000E-02    0.1163978576660156E-02
   92    0.4687500000000000E-03    0.9221649169921875E-03
   93    0.1875000000000000E-02    0.7881927490234375E-03
   94    0.2832031250000000E-02    0.1116218566894531E-02
   95   -0.2109375000000000E-02    0.1122512817382812E-02
   96    0.2382812500000000E-02    0.9882354736328125E-03
   97    0.9765625000000000E-03    0.8033752441406250E-03
   98   -0.4707031250000000E-02    0.8067703247070313E-03
   99    0.4687500000000000E-03    0.9980010986328125E-03
  100   -0.6074218750000000E-02    0.1026420593261719E-02
