# time =    0.4651
    0    0.1000000000000000E+01    0.1000000000000000E+01
    1    0.1838671875000000E+00    0.3447029113769531E-01
    2    0.3822265625000000E-01    0.2401237487792969E-02
    3    0.1171875000000000E-01    0.1073837280273438E-02
    4    0.4296875000000000E-02    0.1094589233398437E-02
    5   -0.1757812500000000E-03    0.1046257019042969E-02
    6   -0.5468750000000001E-03    0.1056900024414063E-02
    7   -0.4257812500000000E-02    0.1198196411132813E-02
    8   -0.2929687500000000E-03    0.9761428833007812E-03
    9   -0.4003906250000000E-02    0.1131706237792969E-02
   10   -0.3613281250000000E-02    0.8176040649414063E-03
   11   -0.6406250000000000E-02    0.9257507324218750E-03
   12   -0.3906250000000000E-03    0.1216888427734375E-02
   13   -0.3515625000000000E-03    0.9402465820312500E-03
   14    0.4667968750000000E-02    0.1118202209472656E-02
   15    0.3476562500000000E-02    0.8440399169921875E-03
   16    0.3378906250000000E-02    0.1224937438964844E-02
   17   -0.4667968750000000E-02    0.8714675903320312E-03
   18    0.1093750000000000E-02    0.1017150878906250E-02
   19    0.3964843750000000E-02    0.1018867492675781E-02
   20   -0.3183593750000000E-02    0.1005897521972656E-02
   21    0.1757812500000000E-03    0.9626388549804687E-03
   22    0.9765625000000000E-03    0.9443664550781250E-03
   23    0.1250000000000000E-02    0.9433746337890625E-03
   24    0.1230468750000000E-02    0.1126518249511719E-02
   25   -0.2539062500000000E-03    0.8760452270507813E-03
   26   -0.3183593750000000E-02    0.8742141723632812E-03
   27   -0.3437500000000000E-02    0.1015396118164063E-02
   28    0.3398437500000000E-02    0.8586883544921875E-03
   29   -0.2539062500000000E-03    0.1173515319824219E-02
   30   -0.6250000000000000E-02    0.1121368408203125E-02
   31   -0.3046875000000000E-02    0.8887481689453125E-03
   32   -0.8593750000000000E-03    0.8596801757812501E-03
   33    0.5859375000000000E-02    0.1027679443359375E-02
   34    0.2109375000000000E-02    0.9736633300781250E-03
   35   -0.5468750000000001E-03    0.1092147827148438E-02
   36   -0.3808593750000000E-02    0.1044654846191406E-02
   37    0.2812500000000000E-02    0.9391784667968750E-03
   38    0.2714843750000000E-02    0.8104324340820312E-03
   39   -0.1699218750000000E-02    0.1009407043457031E-02
   40    0.9960937500000000E-03    0.9531021118164062E-03
   41   -0.1679687500000000E-02    0.8966064453125000E-03
   42   -0.2343750000000000E-03    0.9516906738281250E-03
   43   -0.7812500000000000E-03    0.1069488525390625E-02
   44   -0.4921875000000000E-02    0.1022872924804687E-02
   45    0.7226562500000000E-03    0.8478927612304688E-03
   46    0.1953125000000000E-03    0.1291427612304688E-02
   47   -0.4589843750000000E-02    0.1014518737792969E-02
   48    0.3164062500000000E-02    0.7992553710937500E-03
   49    0.4843750000000000E-02    0.1048202514648437E-02
   50    0.4687500000000000E-03    0.8969879150390624E-03
   51   -0.2089843750000000E-02    0.1070747375488281E-02
   52   -0.1074218750000000E-02    0.1194343566894531E-02
   53    0.3886718750000000E-02    0.9419631958007813E-03
   54   -0.2929687500000000E-03    0.9498214721679688E-03
   55    0.1621093750000000E-02    0.9501266479492187E-03
   56    0.5917968750000000E-02    0.8746719360351562E-03
   57    0.2382812500000000E-02    0.7412719726562500E-03
   58    0.6562500000000000E-02    0.8288574218750000E-03
   59    0.1021484375000000E-01    0.1004905700683594E-02
   60    0.4726562500000000E-02    0.1092910766601562E-02
   61    0.4550781250000000E-02    0.9233474731445313E-03
   62   -0.4101562500000000E-03    0.8227157592773437E-03
   63    0.4296875000000000E-03    0.6690979003906250E-03
   64   -0.3613281250000000E-02    0.9560775756835937E-03
   65   -0.7031250000000000E-03    0.1091232299804688E-02
   66    0.9179687499999999E-03    0.9751510620117187E-03
   67    0.0000000000000000E+00    0.8277893066406250E-03
   68    0.3300781250000000E-02    0.8485794067382812E-03
   69   -0.1210937500000000E-02    0.8569335937499999E-03
   70    0.0000000000000000E+00    0.1011047363281250E-02
   71   -0.4296875000000000E-02    0.1076126098632813E-02
   72    0.1562500000000000E-02    0.8083343505859375E-03
   73   -0.5039062500000000E-02    0.7944488525390625E-03
   74   -0.6640625000000000E-03    0.9493255615234376E-03
   75    0.2148437500000000E-03    0.7863235473632812E-03
   76    0.2968750000000000E-02    0.9058380126953125E-03
   77    0.4101562500000000E-02    0.9780883789062499E-03
   78    0.2734375000000000E-02    0.9957122802734374E-03
   79   -0.3476562500000000E-02    0.9430694580078125E-03
   80    0.1933593750000000E-02    0.9033584594726563E-03
   81   -0.9960937500000000E-03    0.9009170532226562E-03
   82   -0.3261718750000000E-02    0.9261703491210937E-03
   83   -0.5410156250000000E-02    0.1133079528808594E-02
   84   -0.3691406250000000E-02    0.9827041625976563E-03
   85   -0.1992187500000000E-02    0.9359741210937501E-03
   86    0.8593750000000000E-03    0.8038330078125000E-03
   87    0.1347656250000000E-02    0.1106605529785156E-02
   88   -0.2617187500000000E-02    0.9386444091796875E-03
   89   -0.3769531250000000E-02    0.9505844116210937E-03
   90   -0.3769531250000000E-02    0.1114006042480469E-02
   91   -0.6835937500000000E-03    0.1140327453613281E-02
   92   -0.2539062500000000E-02    0.9936523437500001E-03
   93    0.5468750000000001E-03    0.1066818237304688E-02
   94   -0.3906250000000000E-04    0.8993530273437500E-03
   95   -0.2968750000000000E-02    0.1029586791992187E-02
   96   -0.1093750000000000E-02    0.1014404296875000E-02
   97    0.3183593750000000E-02    0.1090278625488281E-02
   98   -0.3691406250000000E-02    0.1069755554199219E-02
   99    0.4062500000000000E-02    0.9602355957031250E-03
  100    0.1796875000000000E-02    0.8734130859375000E-03
