# time =    0.4688
    0    0.1000000000000000E+01    0.1000000000000000E+01
    1    0.1796093750000000E+00    0.3304290771484375E-01
    2    0.3599609375000000E-01    0.2637062072753906E-02
    3    0.9687500000000000E-02    0.9730529785156250E-03
    4    0.1835937500000000E-02    0.1134567260742188E-02
    5   -0.2011718750000000E-02    0.7190322875976563E-03
    6   -0.6250000000000000E-03    0.9243011474609375E-03
    7    0.1972656250000000E-02    0.1150703430175781E-02
    8   -0.6230468750000000E-02    0.1278419494628906E-02
    9    0.4179687500000000E-02    0.1009292602539062E-02
   10    0.3496093750000000E-02    0.7957839965820313E-03
   11    0.5078125000000000E-03    0.1023406982421875E-02
   12    0.2890625000000000E-02    0.8438110351562500E-03
   13    0.6445312500000000E-03    0.1147575378417969E-02
   14    0.3027343750000000E-02    0.9200668334960937E-03
   15    0.9277343750000000E-02    0.8132553100585937E-03
   16    0.7812500000000000E-03    0.7896423339843750E-03
   17    0.1269531250000000E-02    0.1057014465332031E-02
   18   -0.1718750000000000E-02    0.8646392822265625E-03
   19    0.3261718750000000E-02    0.1028099060058594E-02
   20   -0.8203125000000000E-03    0.6715393066406250E-03
   21    0.2539062500000000E-03    0.7983779907226562E-03
   22   -0.3085937500000000E-02    0.8517456054687500E-03
   23   -0.8593750000000000E-03    0.7857513427734375E-03
   24    0.5078125000000000E-02    0.1049575805664062E-02
   25    0.1855468750000000E-02    0.1113243103027344E-02
   26   -0.4804687500000000E-02    0.1222381591796875E-02
   27   -0.9765625000000001E-04    0.9850692749023438E-03
   28   -0.8007812500000000E-03    0.1070518493652344E-02
   29   -0.3359375000000000E-02    0.9651184082031250E-03
   30   -0.4101562500000000E-02    0.1407928466796875E-02
   31   -0.6054687500000000E-03    0.8615493774414062E-03
   32   -0.1542968750000000E-02    0.7278060913085937E-03
   33   -0.3515625000000000E-02    0.1063995361328125E-02
   34    0.1037109375000000E-01    0.1185569763183594E-02
   35    0.5507812500000000E-02    0.6505584716796875E-03
   36   -0.1699218750000000E-02    0.1098747253417969E-02
   37   -0.4687500000000000E-03    0.8480072021484375E-03
   38    0.3593750000000000E-02    0.9143066406250000E-03
   39    0.3945312500000000E-02    0.1411972045898437E-02
   40   -0.1757812500000000E-03    0.9779739379882813E-03
   41    0.2148437500000000E-02    0.7656860351562500E-03
   42    0.2285156250000000E-02    0.8092117309570312E-03
   43    0.5078125000000000E-03    0.9599304199218749E-03
   44   -0.3125000000000000E-03    0.9912109374999999E-03
   45   -0.1152343750000000E-02    0.1243095397949219E-02
   46   -0.3906250000000000E-04    0.9889984130859375E-03
   47    0.3515625000000000E-02    0.1074752807617188E-02
   48    0.2343750000000000E-02    0.1049346923828125E-02
   49   -0.1953125000000000E-02    0.8837890625000000E-03
   50   -0.3339843750000000E-02    0.8084487915039063E-03
   51   -0.8203125000000000E-03    0.7939910888671874E-03
   52   -0.3710937500000000E-03    0.1046409606933594E-02
   53    0.2949218750000000E-02    0.9366989135742188E-03
   54   -0.3652343750000000E-02    0.9801101684570313E-03
   55   -0.1855468750000000E-02    0.1074714660644531E-02
   56   -0.2011718750000000E-02    0.1034202575683594E-02
   57   -0.3144531250000000E-02    0.1255760192871094E-02
   58    0.4882812500000000E-03    0.1135215759277344E-02
   59    0.3066406250000000E-02    0.9680557250976563E-03
   60    0.4746093750000000E-02    0.1043510437011719E-02
   61   -0.2343750000000000E-03    0.9867858886718750E-03
   62   -0.5664062500000000E-03    0.1156044006347656E-02
   63    0.1816406250000000E-02    0.9778976440429688E-03
   64    0.1835937500000000E-02    0.9318542480468750E-03
   65    0.9960937500000000E-03    0.1224861145019531E-02
   66   -0.3203125000000000E-02    0.7314300537109375E-03
   67   -0.3085937500000000E-02    0.1178665161132813E-02
   68    0.8203125000000000E-03    0.9587097167968750E-03
   69   -0.4277343750000000E-02    0.1041069030761719E-02
   70   -0.6445312500000000E-03    0.1088142395019531E-02
   71   -0.2109375000000000E-02    0.1074981689453125E-02
   72    0.4902343750000000E-02    0.9476089477539062E-03
   73    0.2558593750000000E-02    0.1172676086425781E-02
   74    0.4355468750000000E-02    0.9550094604492187E-03
   75   -0.2363281250000000E-02    0.1066246032714844E-02
   76   -0.8789062500000000E-03    0.8597946166992187E-03
   77    0.6835937500000000E-02    0.9712219238281250E-03
   78    0.8476562500000000E-02    0.1101074218750000E-02
   79    0.9375000000000000E-03    0.1023101806640625E-02
   80    0.4609375000000000E-02    0.1267623901367188E-02
   81    0.3535156250000000E-02    0.1017036437988281E-02
   82    0.2031250000000000E-02    0.1054306030273437E-02
   83    0.1484375000000000E-02    0.9207153320312501E-03
   84    0.5937500000000000E-02    0.1202163696289062E-02
   85   -0.1484375000000000E-02    0.9786987304687500E-03
   86   -0.3027343750000000E-02    0.1092643737792969E-02
   87   -0.4687500000000000E-03    0.1339111328125000E-02
   88   -0.5468750000000001E-03    0.1336822509765625E-02
   89    0.1699218750000000E-02    0.9993362426757814E-03
   90    0.7050781250000000E-02    0.9708786010742187E-03
   91    0.3339843750000000E-02    0.9447097778320313E-03
   92    0.1796875000000000E-02    0.9326171875000000E-03
   93    0.3046875000000000E-02    0.1123809814453125E-02
   94   -0.2773437500000000E-02    0.9151458740234375E-03
   95    0.1953125000000000E-02    0.7860565185546875E-03
   96   -0.1835937500000000E-02    0.1136474609375000E-02
   97   -0.2226562500000000E-02    0.9121704101562500E-03
   98    0.1367187500000000E-03    0.9433364868164062E-03
   99    0.5527343750000000E-02    0.9710311889648438E-03
  100    0.1757812500000000E-03    0.9498214721679688E-03
