# time =    0.4654
    0    0.1000000000000000E+01    0.1000000000000000E+01
    1    0.1990039062500000E+00    0.4024364471435547E-01
    2    0.4578125000000000E-01    0.2977828979492188E-02
    3    0.1212890625000000E-01    0.9103775024414063E-03
    4    0.6660156250000000E-02    0.9257888793945312E-03
    5    0.6113281250000000E-02    0.1237907409667969E-02
    6    0.6406250000000000E-02    0.1039428710937500E-02
    7    0.5078125000000000E-03    0.9081268310546875E-03
    8   -0.9765625000000001E-04    0.1268272399902344E-02
    9    0.3457031250000000E-02    0.1303291320800781E-02
   10    0.3320312500000000E-02    0.9602355957031250E-03
   11    0.6621093750000000E-02    0.9965133666992188E-03
   12    0.1503906250000000E-02    0.7588577270507813E-03
   13    0.2441406250000000E-02    0.7987594604492187E-03
   14   -0.5371093750000000E-02    0.1065406799316406E-02
   15   -0.1484375000000000E-02    0.9897613525390624E-03
   16    0.2089843750000000E-02    0.1040687561035156E-02
   17   -0.4511718750000000E-02    0.8195877075195312E-03
   18   -0.2539062500000000E-03    0.7274246215820312E-03
   19    0.1035156250000000E-02    0.8220291137695313E-03
   20   -0.3906250000000000E-04    0.8796691894531250E-03
   21    0.1738281250000000E-02    0.1170005798339844E-02
   22    0.4921875000000000E-02    0.8006286621093750E-03
   23    0.1367187500000000E-03    0.9637832641601563E-03
   24   -0.1582031250000000E-02    0.1010246276855469E-02
   25    0.6640625000000000E-03    0.1011047363281250E-02
   26    0.3339843750000000E-02    0.1084938049316406E-02
   27   -0.7031250000000000E-03    0.6910705566406250E-03
   28    0.3867187500000000E-02    0.7801818847656250E-03
   29    0.4765625000000000E-02    0.1041107177734375E-02
   30    0.4667968750000000E-02    0.9328079223632813E-03
   31    0.9218750000000000E-02    0.9809112548828124E-03
   32   -0.1445312500000000E-02    0.1127395629882813E-02
   33   -0.4746093750000000E-02    0.9885025024414062E-03
   34    0.3125000000000000E-03    0.1308288574218750E-02
   35   -0.5078125000000000E-03    0.5355072021484375E-03
   36   -0.2714843750000000E-02    0.8527755737304688E-03
   37   -0.4882812500000000E-02    0.1073455810546875E-02
   38    0.1367187500000000E-02    0.7825469970703124E-03
   39   -0.3906250000000000E-02    0.1106414794921875E-02
   40   -0.1054687500000000E-02    0.9605407714843750E-03
   41   -0.6054687500000000E-03    0.8315658569335938E-03
   42    0.2265625000000000E-02    0.8471679687500000E-03
   43    0.1757812500000000E-02    0.8208465576171875E-03
   44    0.2480468750000000E-02    0.8563613891601563E-03
   45    0.1230468750000000E-02    0.7005691528320313E-03
   46    0.1679687500000000E-02    0.6825256347656250E-03
   47   -0.1445312500000000E-02    0.7141876220703125E-03
   48   -0.2148437500000000E-03    0.8169937133789062E-03
   49   -0.8593750000000000E-03    0.7912445068359375E-03
   50   -0.2207031250000000E-02    0.9309005737304688E-03
   51   -0.2167968750000000E-02    0.9191513061523437E-03
   52   -0.1562500000000000E-02    0.8660125732421875E-03
   53   -0.1621093750000000E-02    0.8716964721679687E-03
   54   -0.5273437500000000E-03    0.9205245971679688E-03
   55    0.5351562500000000E-02    0.9289550781250000E-03
   56   -0.1757812500000000E-03    0.8195114135742188E-03
   57   -0.2714843750000000E-02    0.1303901672363281E-02
   58    0.4277343750000000E-02    0.9065628051757813E-03
   59   -0.6113281250000000E-02    0.9955978393554688E-03
   60   -0.3710937500000000E-03    0.1000099182128906E-02
   61   -0.7617187500000000E-03    0.9506607055664063E-03
   62    0.8789062500000000E-03    0.9755325317382812E-03
   63    0.1503906250000000E-02    0.1055183410644531E-02
   64   -0.1132812500000000E-02    0.1086196899414063E-02
   65   -0.1562500000000000E-02    0.8985900878906250E-03
   66    0.3339843750000000E-02    0.1031837463378906E-02
   67   -0.2343750000000000E-02    0.1017074584960938E-02
   68    0.3125000000000000E-02    0.1169204711914062E-02
   69    0.1718750000000000E-02    0.9790039062499999E-03
   70   -0.3300781250000000E-02    0.9635543823242188E-03
   71   -0.1718750000000000E-02    0.9425354003906250E-03
   72   -0.1718750000000000E-02    0.1000595092773438E-02
   73    0.3085937500000000E-02    0.1209030151367187E-02
   74    0.4589843750000000E-02    0.9848403930664063E-03
   75    0.8300781250000000E-02    0.1159477233886719E-02
   76    0.5957031250000000E-02    0.8431625366210938E-03
   77    0.7656250000000000E-02    0.9885406494140624E-03
   78    0.6250000000000000E-03    0.9371185302734375E-03
   79    0.4609375000000000E-02    0.1168518066406250E-02
   80   -0.4589843750000000E-02    0.9465408325195312E-03
   81   -0.1269531250000000E-02    0.8755111694335937E-03
   82    0.2285156250000000E-02    0.6689834594726563E-03
   83    0.1250000000000000E-02    0.1054229736328125E-02
   84   -0.1953125000000000E-04    0.8987808227539063E-03
   85    0.1328125000000000E-02    0.1013565063476562E-02
   86   -0.4921875000000000E-02    0.1048431396484375E-02
   87   -0.4531250000000000E-02    0.1084747314453125E-02
   88    0.3242187500000000E-02    0.1217575073242188E-02
   89    0.4687500000000000E-03    0.9515380859375000E-03
   90   -0.5937500000000000E-02    0.7955932617187500E-03
   91   -0.1621093750000000E-02    0.9681320190429687E-03
   92   -0.4316406250000000E-02    0.1075096130371094E-02
   93   -0.7050781250000000E-02    0.7538223266601563E-03
   94   -0.1250000000000000E-02    0.9289550781250000E-03
   95   -0.4882812500000000E-03    0.1260337829589844E-02
   96    0.4902343750000000E-02    0.8678054809570313E-03
   97   -0.1816406250000000E-02    0.9652328491210938E-03
   98   -0.1816406250000000E-02    0.9044265747070313E-03
   99    0.3710937500000000E-02    0.8675384521484375E-03
  100   -0.3417968750000000E-02    0.1205863952636719E-02
