# time =    0.4696
    0    0.1000000000000000E+01    0.1000000000000000E+01
    1    0.2166406250000000E+00    0.4766784667968750E-01
    2    0.5515625000000000E-01    0.3984680175781250E-02
    3    0.1796875000000000E-01    0.1473770141601562E-02
    4    0.3125000000000000E-02    0.8982849121093750E-03
    5    0.1347656250000000E-02    0.8221054077148437E-03
    6    0.3515625000000000E-03    0.7993316650390625E-03
    7   -0.2890625000000000E-02    0.9756469726562500E-03
    8   -0.2089843750000000E-02    0.1001243591308594E-02
    9    0.1152343750000000E-02    0.1013145446777344E-02
   10   -0.6054687500000000E-03    0.8604812622070312E-03
   11   -0.5078125000000000E-03    0.1091690063476563E-02
   12    0.1367187500000000E-03    0.1227607727050781E-02
   13    0.8398437500000000E-03    0.9318923950195312E-03
   14   -0.5664062500000000E-03    0.9679794311523438E-03
   15    0.4023437500000000E-02    0.1104354858398438E-02
   16   -0.2343750000000000E-02    0.9469604492187500E-03
   17   -0.2988281250000000E-02    0.1327629089355469E-02
   18   -0.5234375000000000E-02    0.8374023437500000E-03
   19   -0.3710937500000000E-02    0.9415435791015625E-03
   20    0.2265625000000000E-02    0.1124954223632812E-02
   21    0.3515625000000000E-02    0.1163101196289062E-02
   22    0.1464843750000000E-02    0.9902572631835937E-03
   23   -0.4492187500000000E-03    0.9460830688476562E-03
   24    0.3515625000000000E-02    0.1053009033203125E-02
   25    0.1582031250000000E-02    0.1229133605957031E-02
   26    0.4882812500000000E-03    0.1308937072753906E-02
   27   -0.6269531250000000E-02    0.9820175170898438E-03
   28   -0.6699218750000000E-02    0.1144676208496094E-02
   29    0.9804687499999999E-02    0.9906768798828125E-03
   30   -0.1191406250000000E-02    0.9231948852539062E-03
   31   -0.1601562500000000E-02    0.1046066284179688E-02
   32    0.4101562500000000E-03    0.9174728393554687E-03
   33   -0.2128906250000000E-02    0.8732223510742187E-03
   34   -0.5722656250000000E-02    0.9677505493164062E-03
   35    0.4531250000000000E-02    0.9979248046875001E-03
   36    0.7812500000000000E-03    0.7781982421875000E-03
   37    0.1699218750000000E-02    0.8665084838867188E-03
   38   -0.1171875000000000E-03    0.8078765869140625E-03
   39    0.2851562500000000E-02    0.8782196044921875E-03
   40    0.1875000000000000E-02    0.1104049682617188E-02
   41    0.3496093750000000E-02    0.1033897399902344E-02
   42   -0.1367187500000000E-02    0.1101531982421875E-02
   43   -0.8007812500000000E-03    0.9122085571289062E-03
   44   -0.3281250000000000E-02    0.7751464843750000E-03
   45    0.1152343750000000E-02    0.9459304809570312E-03
   46   -0.6835937500000000E-03    0.9692001342773437E-03
   47   -0.6992187500000000E-02    0.1177062988281250E-02
   48   -0.2089843750000000E-02    0.1313285827636719E-02
   49   -0.6640625000000000E-03    0.7878875732421875E-03
   50    0.2597656250000000E-02    0.8057785034179687E-03
   51    0.4101562500000000E-02    0.8599090576171875E-03
   52   -0.7421875000000000E-03    0.9565734863281250E-03
   53   -0.1660156250000000E-02    0.1213645935058594E-02
   54   -0.1855468750000000E-02    0.1163597106933594E-02
   55   -0.2031250000000000E-02    0.8856964111328125E-03
   56   -0.1093750000000000E-02    0.7788848876953125E-03
   57    0.7617187500000000E-03    0.9297561645507812E-03
   58    0.6992187500000000E-02    0.1020050048828125E-02
   59    0.5488281250000000E-02    0.1058616638183594E-02
   60   -0.3808593750000000E-02    0.1199302673339844E-02
   61   -0.4042968750000000E-02    0.9530258178710938E-03
   62    0.2363281250000000E-02    0.7974624633789063E-03
   63    0.1855468750000000E-02    0.8566665649414062E-03
   64    0.2148437500000000E-02    0.1013259887695313E-02
   65    0.0000000000000000E+00    0.8025360107421875E-03
   66    0.4082031250000000E-02    0.9328842163085938E-03
   67    0.3496093750000000E-02    0.9352493286132812E-03
   68   -0.6640625000000000E-03    0.9259033203125000E-03
   69    0.2714843750000000E-02    0.9732437133789062E-03
   70    0.2421875000000000E-02    0.1209793090820312E-02
   71    0.3730468750000000E-02    0.8251571655273438E-03
   72    0.3476562500000000E-02    0.1037750244140625E-02
   73   -0.2402343750000000E-02    0.8545303344726562E-03
   74   -0.1875000000000000E-02    0.8719635009765625E-03
   75    0.7812500000000000E-04    0.9888458251953126E-03
   76   -0.2421875000000000E-02    0.1056289672851562E-02
   77   -0.2656250000000000E-02    0.7796478271484375E-03
   78   -0.9570312500000000E-03    0.8999252319335937E-03
   79    0.8984375000000000E-03    0.7156372070312500E-03
   80   -0.2949218750000000E-02    0.1053047180175781E-02
   81   -0.1230468750000000E-02    0.8239364624023438E-03
   82   -0.5273437500000000E-03    0.1080436706542969E-02
   83   -0.4492187500000000E-02    0.8474731445312500E-03
   84   -0.1875000000000000E-02    0.9057617187500000E-03
   85   -0.5996093750000000E-02    0.9774398803710938E-03
   86   -0.5351562500000000E-02    0.1004333496093750E-02
   87   -0.3710937500000000E-02    0.9332275390624999E-03
   88    0.3164062500000000E-02    0.9908294677734375E-03
   89   -0.7226562500000000E-03    0.8824539184570313E-03
   90    0.4101562500000000E-02    0.1001052856445313E-02
   91    0.1445312500000000E-02    0.9066772460937500E-03
   92   -0.2695312500000000E-02    0.7912445068359375E-03
   93   -0.2812500000000000E-02    0.1083221435546875E-02
   94   -0.4804687500000000E-02    0.1093978881835937E-02
   95    0.2929687500000000E-02    0.8084869384765625E-03
   96    0.2363281250000000E-02    0.9944534301757812E-03
   97    0.3906250000000000E-02    0.9224700927734375E-03
   98    0.2832031250000000E-02    0.1062355041503906E-02
   99    0.2148437500000000E-03    0.1099967956542969E-02
  100   -0.2382812500000000E-02    0.1092834472656250E-02
