# time =    0.4683
    0    0.1000000000000000E+01    0.1000000000000000E+01
    1    0.2092578125000000E+00    0.4473411560058594E-01
    2    0.4986328125000000E-01    0.3543663024902344E-02
    3    0.1275390625000000E-01    0.8769607543945312E-03
    4    0.2324218750000000E-02    0.1080207824707031E-02
    5    0.3925781250000000E-02    0.1100959777832031E-02
    6   -0.5000000000000000E-02    0.1003646850585938E-02
    7   -0.8789062500000000E-03    0.9369277954101563E-03
    8    0.5019531250000000E-02    0.1058082580566406E-02
    9    0.2011718750000000E-02    0.1200752258300781E-02
   10    0.1425781250000000E-02    0.1051597595214844E-02
   11   -0.3007812500000000E-02    0.8026885986328125E-03
   12    0.1503906250000000E-02    0.1001853942871094E-02
   13   -0.4687500000000000E-03    0.9952545166015624E-03
   14   -0.5078125000000000E-02    0.9350585937500000E-03
   15   -0.3906250000000000E-02    0.8063507080078125E-03
   16   -0.2324218750000000E-02    0.8916854858398438E-03
   17    0.1308593750000000E-02    0.9308242797851562E-03
   18    0.1015625000000000E-02    0.9654998779296875E-03
   19    0.3144531250000000E-02    0.7627487182617187E-03
   20    0.5957031250000000E-02    0.1073799133300781E-02
   21    0.1953125000000000E-04    0.1207695007324219E-02
   22   -0.2460937500000000E-02    0.1228942871093750E-02
   23   -0.1953125000000000E-04    0.9325790405273437E-03
   24   -0.3320312500000000E-02    0.8984375000000000E-03
   25   -0.4296875000000000E-03    0.1048126220703125E-02
   26    0.5664062500000000E-03    0.9199905395507812E-03
   27    0.2929687500000000E-02    0.1184539794921875E-02
   28    0.4531250000000000E-02    0.9716796875000000E-03
   29   -0.1171875000000000E-03    0.1436080932617187E-02
   30    0.4589843750000000E-02    0.8524703979492187E-03
   31   -0.2812500000000000E-02    0.8721160888671875E-03
   32   -0.2167968750000000E-02    0.1186256408691406E-02
   33    0.2402343750000000E-02    0.1026268005371094E-02
   34    0.4707031250000000E-02    0.8870315551757813E-03
   35   -0.3046875000000000E-02    0.1061477661132812E-02
   36    0.6230468750000000E-02    0.1257209777832031E-02
   37    0.4687500000000000E-03    0.9999847412109374E-03
   38    0.1972656250000000E-02    0.9675979614257813E-03
   39   -0.9765625000000001E-04    0.8732986450195313E-03
   40    0.7636718750000000E-02    0.9600448608398437E-03
   41    0.2539062500000000E-03    0.9714126586914063E-03
   42    0.2226562500000000E-02    0.1007537841796875E-02
   43    0.8789062500000000E-03    0.7973861694335938E-03
   44    0.1308593750000000E-02    0.9514999389648438E-03
   45    0.1660156250000000E-02    0.9257888793945312E-03
   46    0.3847656250000000E-02    0.1152076721191406E-02
   47    0.1406250000000000E-02    0.9812927246093750E-03
   48    0.3046875000000000E-02    0.9618377685546874E-03
   49   -0.1035156250000000E-02    0.9792709350585937E-03
   50    0.3515625000000000E-03    0.7787322998046874E-03
   51   -0.4765625000000000E-02    0.8221435546875000E-03
   52   -0.2988281250000000E-02    0.9316635131835937E-03
   53   -0.4160156250000000E-02    0.9685134887695312E-03
   54   -0.4296875000000000E-03    0.8358764648437500E-03
   55   -0.1757812500000000E-03    0.9283828735351563E-03
   56   -0.8007812500000000E-03    0.9671401977539063E-03
   57   -0.1972656250000000E-02    0.8646011352539063E-03
   58   -0.1074218750000000E-02    0.9404373168945313E-03
   59   -0.3476562500000000E-02    0.9198760986328124E-03
   60    0.4492187500000000E-03    0.8736801147460938E-03
   61    0.2382812500000000E-02    0.9537506103515625E-03
   62    0.6445312500000000E-02    0.1010742187500000E-02
   63    0.8261718750000001E-02    0.1009635925292969E-02
   64   -0.3007812500000000E-02    0.8950042724609375E-03
   65    0.3867187500000000E-02    0.1029510498046875E-02
   66   -0.5917968750000000E-02    0.9104537963867187E-03
   67   -0.7343750000000000E-02    0.1108322143554688E-02
   68   -0.4101562500000000E-02    0.1238021850585938E-02
   69   -0.2441406250000000E-02    0.9009933471679687E-03
   70   -0.4042968750000000E-02    0.1117591857910156E-02
   71    0.6640625000000000E-03    0.8889007568359375E-03
   72   -0.7812500000000000E-04    0.1125793457031250E-02
   73    0.5156250000000000E-02    0.7730102539062499E-03
   74    0.1171875000000000E-03    0.1073226928710937E-02
   75    0.2207031250000000E-02    0.9766769409179686E-03
   76   -0.2109375000000000E-02    0.1057510375976563E-02
   77   -0.4492187500000000E-03    0.8172988891601562E-03
   78    0.3906250000000000E-03    0.9398651123046875E-03
   79   -0.5273437500000000E-03    0.8984756469726563E-03
   80   -0.8203125000000000E-03    0.1181106567382813E-02
   81    0.4296875000000000E-03    0.7872772216796875E-03
   82    0.4687500000000000E-02    0.9756469726562500E-03
   83   -0.4101562500000000E-02    0.9570312500000000E-03
   84    0.9375000000000000E-03    0.9686279296875000E-03
   85    0.8984375000000000E-03    0.8845520019531250E-03
   86    0.2812500000000000E-02    0.1015014648437500E-02
   87   -0.2089843750000000E-02    0.9170150756835937E-03
   88   -0.3906250000000000E-03    0.1188812255859375E-02
   89    0.1015625000000000E-02    0.9645080566406250E-03
   90   -0.2519531250000000E-02    0.9164810180664062E-03
   91   -0.3574218750000000E-02    0.9534072875976563E-03
   92    0.4882812500000000E-03    0.8409500122070312E-03
   93    0.3164062500000000E-02    0.8161163330078125E-03
   94   -0.2207031250000000E-02    0.8276748657226562E-03
   95    0.2656250000000000E-02    0.8592224121093750E-03
   96   -0.6132812500000000E-02    0.9703826904296875E-03
   97    0.6250000000000000E-03    0.7709503173828125E-03
   98    0.3378906250000000E-02    0.1316566467285156E-02
   99   -0.3750000000000000E-02    0.9307098388671875E-03
  100    0.4296875000000000E-03    0.9112548828125000E-03
