# time =    0.4544
    0    0.1000000000000000E+01    0.1000000000000000E+01
    1    0.2907226562500000E+00    0.8526432037353515E-01
    2    0.1282031250000000E+00    0.1714317321777344E-01
    3    0.7572265625000001E-01    0.6545143127441406E-02
    4    0.4771484375000000E-01    0.3091239929199219E-02
    5    0.2980468750000000E-01    0.1862030029296875E-02
    6    0.2386718750000000E-01    0.1636581420898437E-02
    7    0.2099609375000000E-01    0.1420326232910156E-02
    8    0.1890625000000000E-01    0.1253433227539062E-02
    9    0.1609375000000000E-01    0.1097412109375000E-02
   10    0.1078125000000000E-01    0.1048202514648437E-02
   11    0.9296875000000000E-02    0.8676147460937500E-03
   12    0.1207031250000000E-01    0.9925842285156250E-03
   13    0.7812500000000000E-02    0.1145935058593750E-02
   14    0.5351562500000000E-02    0.9883880615234376E-03
   15    0.5507812500000000E-02    0.9253692626953125E-03
   16    0.4628906250000000E-02    0.1128425598144531E-02
   17    0.5078125000000000E-02    0.1109008789062500E-02
   18    0.4003906250000000E-02    0.1183967590332031E-02
   19    0.4316406250000000E-02    0.9061813354492188E-03
   20    0.2070312500000000E-02    0.1097946166992187E-02
   21    0.4296875000000000E-02    0.1064834594726562E-02
   22    0.3320312500000000E-02    0.7362365722656250E-03
   23    0.4921875000000000E-02    0.6666564941406250E-03
   24    0.1582031250000000E-02    0.8179855346679688E-03
   25   -0.3515625000000000E-02    0.6915283203125000E-03
   26   -0.5937500000000000E-02    0.8436584472656250E-03
   27   -0.5468750000000001E-03    0.8682250976562500E-03
   28   -0.2167968750000000E-02    0.9924697875976563E-03
   29   -0.1953125000000000E-02    0.9116363525390625E-03
   30   -0.1953125000000000E-04    0.9897994995117189E-03
   31   -0.1289062500000000E-02    0.8993530273437500E-03
   32   -0.1582031250000000E-02    0.1127281188964844E-02
   33   -0.3320312500000000E-03    0.1155128479003906E-02
   34    0.8203125000000000E-03    0.1082382202148438E-02
   35    0.2304687500000000E-02    0.1063232421875000E-02
   36    0.1718750000000000E-02    0.9093475341796875E-03
   37    0.3515625000000000E-03    0.7894897460937500E-03
   38    0.7812500000000000E-03    0.7666015625000000E-03
   39    0.1367187500000000E-03    0.8521652221679687E-03
   40   -0.5820312500000000E-02    0.8968353271484375E-03
   41   -0.1054687500000000E-02    0.9523773193359375E-03
   42   -0.9960937500000000E-03    0.6863784790039063E-03
   43    0.3730468750000000E-02    0.1038322448730469E-02
   44    0.1230468750000000E-02    0.8330154418945313E-03
   45   -0.2363281250000000E-02    0.8076858520507812E-03
   46    0.1503906250000000E-02    0.1066169738769531E-02
   47   -0.2480468750000000E-02    0.9504318237304688E-03
   48   -0.5859375000000000E-02    0.1079635620117187E-02
   49   -0.6464843750000000E-02    0.1119270324707031E-02
   50    0.2539062500000000E-03    0.8514022827148437E-03
   51    0.5664062500000000E-02    0.9784698486328125E-03
   52   -0.4101562500000000E-03    0.6357192993164063E-03
   53   -0.1171875000000000E-02    0.9750366210937500E-03
   54   -0.1757812500000000E-02    0.9558868408203125E-03
   55    0.3222656250000000E-02    0.7903671264648437E-03
   56   -0.1308593750000000E-02    0.9156417846679688E-03
   57   -0.1816406250000000E-02    0.8943557739257812E-03
   58   -0.9179687499999999E-03    0.1290931701660156E-02
   59    0.1093750000000000E-02    0.9192657470703125E-03
   60    0.1816406250000000E-02    0.8721542358398437E-03
   61   -0.1171875000000000E-02    0.9109497070312500E-03
   62    0.3710937500000000E-03    0.9019088745117188E-03
   63   -0.8203125000000000E-03    0.1089172363281250E-02
   64    0.1757812500000000E-03    0.8436203002929688E-03
   65    0.7617187500000000E-03    0.9151077270507812E-03
   66   -0.1191406250000000E-02    0.8340835571289063E-03
   67   -0.1660156250000000E-02    0.9847640991210937E-03
   68   -0.3320312500000000E-03    0.8971023559570312E-03
   69   -0.3710937500000000E-03    0.1009864807128906E-02
   70    0.4492187500000000E-03    0.9381484985351563E-03
   71    0.3222656250000000E-02    0.8366775512695313E-03
   72    0.6367187500000000E-02    0.9785461425781249E-03
   73    0.1738281250000000E-02    0.8552932739257813E-03
   74    0.4218750000000000E-02    0.1027603149414062E-02
   75   -0.5468750000000001E-03    0.9476470947265625E-03
   76   -0.4101562500000000E-03    0.1174278259277344E-02
   77   -0.1621093750000000E-02    0.9448623657226562E-03
   78    0.1679687500000000E-02    0.1129302978515625E-02
   79   -0.3046875000000000E-02    0.1157073974609375E-02
   80   -0.1054687500000000E-02    0.1032028198242188E-02
   81    0.3730468750000000E-02    0.1183967590332031E-02
   82    0.3710937500000000E-03    0.1076164245605469E-02
   83   -0.7617187500000000E-03    0.9442520141601563E-03
   84    0.7812500000000000E-03    0.1060409545898438E-02
   85    0.2148437500000000E-03    0.8964920043945312E-03
   86    0.8789062500000000E-03    0.9063339233398438E-03
   87   -0.8398437500000000E-03    0.1055259704589844E-02
   88    0.7812500000000000E-03    0.1352767944335938E-02
   89   -0.7519531250000000E-02    0.1001625061035156E-02
   90   -0.3300781250000000E-02    0.9716415405273438E-03
   91   -0.9375000000000000E-03    0.9896087646484376E-03
   92   -0.2050781250000000E-02    0.9592056274414062E-03
   93   -0.2050781250000000E-02    0.1008567810058594E-02
   94   -0.3320312500000000E-03    0.1118965148925781E-02
   95    0.2421875000000000E-02    0.1053009033203125E-02
   96   -0.4472656250000000E-02    0.1059303283691406E-02
   97   -0.4042968750000000E-02    0.1014518737792969E-02
   98   -0.2851562500000000E-02    0.1023483276367188E-02
   99    0.7031250000000000E-03    0.1369552612304687E-02
  100    0.3789062500000000E-02    0.1166534423828125E-02
