# time =    0.4684
    0    0.1000000000000000E+01    0.1000000000000000E+01
    1    0.2392578125000000E+00    0.5808296203613281E-01
    2    0.5816406250000000E-01    0.4417190551757813E-02
    3    0.2277343750000000E-01    0.1386795043945313E-02
    4    0.1103515625000000E-01    0.9098434448242187E-03
    5    0.7363281250000000E-02    0.1133384704589844E-02
    6    0.2675781250000000E-02    0.9781265258789063E-03
    7    0.2636718750000000E-02    0.9098434448242187E-03
    8    0.4511718750000000E-02    0.7433700561523438E-03
    9    0.4511718750000000E-02    0.1030540466308594E-02
   10    0.6132812500000000E-02    0.8158874511718750E-03
   11    0.6542968750000000E-02    0.1083106994628906E-02
   12    0.5058593750000000E-02    0.8412551879882813E-03
   13   -0.4296875000000000E-02    0.1124191284179687E-02
   14   -0.2031250000000000E-02    0.8237457275390625E-03
   15   -0.1406250000000000E-02    0.7566070556640625E-03
   16   -0.2753906250000000E-02    0.9384536743164062E-03
   17    0.5859375000000000E-03    0.1021652221679687E-02
   18   -0.4101562500000000E-03    0.9275436401367188E-03
   19    0.7226562500000000E-03    0.1144447326660156E-02
   20    0.3164062500000000E-02    0.8509063720703125E-03
   21   -0.2734375000000000E-03    0.8354187011718750E-03
   22    0.1425781250000000E-02    0.9268569946289062E-03
   23   -0.2871093750000000E-02    0.9270858764648438E-03
   24    0.1269531250000000E-02    0.9971237182617187E-03
   25   -0.2929687500000000E-02    0.7546997070312500E-03
   26    0.3007812500000000E-02    0.1081771850585937E-02
   27   -0.1230468750000000E-02    0.9481430053710938E-03
   28   -0.3417968750000000E-02    0.8742141723632812E-03
   29   -0.2070312500000000E-02    0.1193313598632812E-02
   30    0.1953125000000000E-03    0.1305999755859375E-02
   31    0.4882812500000000E-02    0.9093475341796875E-03
   32    0.7226562500000000E-03    0.1127281188964844E-02
   33    0.3046875000000000E-02    0.8583831787109375E-03
   34   -0.4335937500000000E-02    0.9158325195312500E-03
   35    0.3437500000000000E-02    0.8061981201171875E-03
   36    0.1757812500000000E-03    0.9682846069335938E-03
   37    0.4257812500000000E-02    0.8521270751953125E-03
   38    0.7675781250000000E-02    0.1134529113769531E-02
   39    0.4882812500000000E-03    0.1302452087402344E-02
   40   -0.2910156250000000E-02    0.8320999145507812E-03
   41    0.2324218750000000E-02    0.9451675415039063E-03
   42   -0.1621093750000000E-02    0.6927108764648438E-03
   43   -0.1992187500000000E-02    0.1011199951171875E-02
   44    0.1015625000000000E-02    0.8488464355468750E-03
   45    0.3906250000000000E-02    0.1049118041992187E-02
   46    0.3574218750000000E-02    0.1131324768066406E-02
   47    0.5253906250000000E-02    0.9008407592773438E-03
   48    0.3847656250000000E-02    0.1054115295410156E-02
   49    0.1660156250000000E-02    0.1175727844238281E-02
   50   -0.1816406250000000E-02    0.9980392456054687E-03
   51    0.3144531250000000E-02    0.9518051147460937E-03
   52   -0.1718750000000000E-02    0.6520843505859375E-03
   53   -0.6640625000000000E-03    0.8663940429687500E-03
   54   -0.4824218750000000E-02    0.9447860717773437E-03
   55   -0.7148437500000000E-02    0.9771728515625001E-03
   56    0.5859375000000000E-04    0.9266281127929687E-03
   57    0.3906250000000000E-03    0.9310150146484375E-03
   58   -0.4667968750000000E-02    0.1029548645019531E-02
   59    0.5292968750000000E-02    0.9680557250976563E-03
   60    0.4511718750000000E-02    0.1073722839355469E-02
   61    0.1914062500000000E-02    0.1065902709960938E-02
   62    0.1484375000000000E-02    0.7762145996093750E-03
   63    0.7812500000000000E-03    0.1090698242187500E-02
   64   -0.2031250000000000E-02    0.8548736572265625E-03
   65    0.2011718750000000E-02    0.7038497924804687E-03
   66    0.2890625000000000E-02    0.1026153564453125E-02
   67   -0.1132812500000000E-02    0.1184539794921875E-02
   68   -0.4101562500000000E-02    0.8382415771484375E-03
   69    0.1210937500000000E-02    0.1185760498046875E-02
   70   -0.2031250000000000E-02    0.1100616455078125E-02
   71    0.8789062500000000E-03    0.1353263854980469E-02
   72   -0.2597656250000000E-02    0.1017570495605469E-02
   73    0.2929687500000000E-03    0.1029243469238281E-02
   74    0.1953125000000000E-02    0.1061553955078125E-02
   75    0.9765625000000000E-03    0.9027099609374999E-03
   76    0.7812500000000000E-04    0.9097290039062500E-03
   77    0.1191406250000000E-02    0.9390640258789062E-03
   78   -0.8007812500000000E-03    0.7862472534179688E-03
   79    0.2304687500000000E-02    0.9896850585937500E-03
   80    0.7812500000000000E-03    0.9069061279296875E-03
   81    0.2968750000000000E-02    0.1095809936523437E-02
   82   -0.4199218750000000E-02    0.1032981872558594E-02
   83   -0.3613281250000000E-02    0.8455276489257813E-03
   84    0.6054687500000000E-03    0.8931350708007812E-03
   85    0.1015625000000000E-02    0.1183624267578125E-02
   86    0.2011718750000000E-02    0.1048622131347656E-02
   87   -0.1484375000000000E-02    0.1040115356445313E-02
   88    0.2734375000000000E-03    0.9376525878906250E-03
   89   -0.6835937500000000E-03    0.9854507446289062E-03
   90    0.5468750000000001E-03    0.8717346191406250E-03
   91   -0.1660156250000000E-02    0.1177253723144531E-02
   92   -0.1718750000000000E-02    0.7530975341796875E-03
   93    0.4765625000000000E-02    0.1104965209960938E-02
   94    0.6816406250000000E-02    0.9561538696289063E-03
   95    0.3691406250000000E-02    0.8176803588867187E-03
   96    0.1464843750000000E-02    0.1197395324707031E-02
   97    0.9609375000000000E-02    0.8094787597656250E-03
   98    0.2500000000000000E-02    0.1158676147460938E-02
   99    0.1660156250000000E-02    0.9763717651367187E-03
  100    0.4804687500000000E-02    0.8383178710937500E-03
