# time =    0.4563
    0    0.1000000000000000E+01    0.1000000000000000E+01
    1    0.2832812500000000E+00    0.8117759704589844E-01
    2    0.1010742187500000E+00    0.1102291107177734E-01
    3    0.3808593750000000E-01    0.2153396606445312E-02
    4    0.1263671875000000E-01    0.1034812927246094E-02
    5    0.6523437500000000E-02    0.9883117675781249E-03
    6    0.6953125000000000E-02    0.9307861328125000E-03
    7    0.1972656250000000E-02    0.7070541381835937E-03
    8    0.2089843750000000E-02    0.1016654968261719E-02
    9    0.3632812500000000E-02    0.1070861816406250E-02
   10    0.1328125000000000E-02    0.1051635742187500E-02
   11   -0.2148437500000000E-03    0.1029472351074219E-02
   12    0.1230468750000000E-02    0.1009407043457031E-02
   13    0.2402343750000000E-02    0.9959030151367187E-03
   14    0.1230468750000000E-02    0.9112930297851562E-03
   15   -0.2089843750000000E-02    0.9867477416992188E-03
   16   -0.4511718750000000E-02    0.1118049621582031E-02
   17   -0.8007812500000000E-03    0.8510971069335938E-03
   18   -0.2734375000000000E-03    0.8640289306640625E-03
   19    0.9179687499999999E-03    0.9653091430664063E-03
   20   -0.2890625000000000E-02    0.8090972900390625E-03
   21    0.2441406250000000E-02    0.9336471557617188E-03
   22   -0.3437500000000000E-02    0.1085205078125000E-02
   23    0.1503906250000000E-02    0.1007423400878906E-02
   24    0.2695312500000000E-02    0.9471893310546875E-03
   25   -0.2480468750000000E-02    0.1110725402832031E-02
   26   -0.1074218750000000E-02    0.8344650268554688E-03
   27    0.2890625000000000E-02    0.9117126464843750E-03
   28    0.5214843750000000E-02    0.1133384704589844E-02
   29   -0.2539062500000000E-03    0.9893417358398438E-03
   30    0.7031250000000000E-03    0.1095809936523437E-02
   31    0.2207031250000000E-02    0.9552383422851562E-03
   32    0.2792968750000000E-02    0.8826828002929687E-03
   33    0.2265625000000000E-02    0.1163406372070313E-02
   34    0.4257812500000000E-02    0.9334564208984375E-03
   35    0.1445312500000000E-02    0.1021652221679687E-02
   36    0.7812500000000000E-04    0.9026336669921875E-03
   37   -0.2753906250000000E-02    0.1040687561035156E-02
   38   -0.3300781250000000E-02    0.8106613159179687E-03
   39    0.1113281250000000E-02    0.9820938110351562E-03
   40    0.5859375000000000E-03    0.7743072509765625E-03
   41    0.4550781250000000E-02    0.1215095520019531E-02
   42   -0.1757812500000000E-03    0.7793807983398438E-03
   43    0.1562500000000000E-02    0.1003189086914063E-02
   44   -0.2871093750000000E-02    0.8826828002929687E-03
   45   -0.5078125000000000E-03    0.9333801269531250E-03
   46    0.2089843750000000E-02    0.1295661926269531E-02
   47    0.4472656250000000E-02    0.8255386352539062E-03
   48    0.5527343750000000E-02    0.1008033752441406E-02
   49    0.5898437500000000E-02    0.1016769409179688E-02
   50    0.5214843750000000E-02    0.1061439514160156E-02
   51    0.5917968750000000E-02    0.8450698852539063E-03
   52    0.3906250000000000E-02    0.9474945068359375E-03
   53   -0.9179687499999999E-03    0.9631729125976563E-03
   54    0.3964843750000000E-02    0.1049385070800781E-02
   55    0.1875000000000000E-02    0.9585571289062500E-03
   56    0.1582031250000000E-02    0.9807968139648438E-03
   57   -0.3085937500000000E-02    0.1056518554687500E-02
   58    0.7617187500000000E-03    0.9478378295898437E-03
   59    0.3691406250000000E-02    0.1089363098144531E-02
   60    0.1679687500000000E-02    0.1081237792968750E-02
   61    0.9179687499999999E-03    0.8680343627929688E-03
   62    0.1445312500000000E-02    0.1157531738281250E-02
   63    0.4062500000000000E-02    0.1003036499023437E-02
   64   -0.7617187500000000E-03    0.8194351196289063E-03
   65    0.3945312500000000E-02    0.1553115844726562E-02
   66   -0.6484375000000000E-02    0.1029663085937500E-02
   67   -0.2988281250000000E-02    0.1055335998535156E-02
   68    0.2734375000000000E-03    0.1219329833984375E-02
   69    0.1953125000000000E-03    0.1212997436523438E-02
   70   -0.5683593750000000E-02    0.1105232238769531E-02
   71   -0.3046875000000000E-02    0.8810424804687500E-03
   72   -0.6367187500000000E-02    0.1000671386718750E-02
   73   -0.6035156250000000E-02    0.9540176391601563E-03
   74   -0.8789062500000000E-03    0.1206779479980469E-02
   75    0.3710937500000000E-03    0.8863449096679687E-03
   76   -0.2246093750000000E-02    0.7936477661132813E-03
   77    0.4511718750000000E-02    0.1057167053222656E-02
   78    0.1972656250000000E-02    0.1168708801269531E-02
   79    0.4882812500000000E-03    0.7938003540039063E-03
   80   -0.2792968750000000E-02    0.9158706665039063E-03
   81    0.1660156250000000E-02    0.9328079223632813E-03
   82   -0.2890625000000000E-02    0.1013259887695313E-02
   83   -0.5664062500000000E-03    0.1102714538574219E-02
   84    0.1816406250000000E-02    0.1006965637207031E-02
   85   -0.1445312500000000E-02    0.1081542968750000E-02
   86   -0.2421875000000000E-02    0.8697509765625000E-03
   87   -0.2285156250000000E-02    0.8143997192382813E-03
   88   -0.3710937500000000E-02    0.1137237548828125E-02
   89    0.1875000000000000E-02    0.1121978759765625E-02
   90    0.2656250000000000E-02    0.8122253417968750E-03
   91    0.1406250000000000E-02    0.1069946289062500E-02
   92   -0.2343750000000000E-03    0.9838867187500001E-03
   93    0.1054687500000000E-02    0.7637023925781250E-03
   94   -0.5468750000000001E-03    0.7450866699218750E-03
   95   -0.1777343750000000E-02    0.7815933227539062E-03
   96    0.2128906250000000E-02    0.9965896606445312E-03
   97   -0.2246093750000000E-02    0.8610916137695312E-03
   98    0.1171875000000000E-02    0.1081924438476563E-02
   99    0.5449218750000000E-02    0.7999038696289062E-03
  100    0.5664062500000000E-02    0.1191940307617187E-02
