# time =    0.4733
    0    0.1000000000000000E+01    0.1000000000000000E+01
    1    0.1920117187500000E+00    0.3768329620361328E-01
    2    0.4191406250000000E-01    0.2660903930664062E-02
    3    0.3496093750000000E-02    0.8648300170898438E-03
    4    0.6015625000000000E-02    0.9360504150390625E-03
    5   -0.1191406250000000E-02    0.1137962341308594E-02
    6   -0.1953125000000000E-04    0.7812881469726563E-03
    7    0.3906250000000000E-04    0.9989166259765626E-03
    8   -0.1406250000000000E-02    0.1035156250000000E-02
    9   -0.7187500000000000E-02    0.9892272949218750E-03
   10    0.3183593750000000E-02    0.1083183288574219E-02
   11    0.2695312500000000E-02    0.1083831787109375E-02
   12    0.1250000000000000E-02    0.7155609130859375E-03
   13   -0.2011718750000000E-02    0.8971023559570312E-03
   14   -0.1328125000000000E-02    0.1226196289062500E-02
   15   -0.1015625000000000E-02    0.1167373657226562E-02
   16   -0.5312500000000000E-02    0.9909057617187500E-03
   17   -0.2167968750000000E-02    0.5751419067382813E-03
   18    0.1523437500000000E-02    0.1101303100585937E-02
   19   -0.4628906250000000E-02    0.8122634887695313E-03
   20    0.5664062500000000E-02    0.8263397216796875E-03
   21    0.6015625000000000E-02    0.7444000244140624E-03
   22    0.4765625000000000E-02    0.9155273437500000E-03
   23    0.2734375000000000E-02    0.8467864990234375E-03
   24   -0.1640625000000000E-02    0.9314727783203125E-03
   25    0.5058593750000000E-02    0.8173751831054688E-03
   26   -0.1171875000000000E-02    0.1144180297851562E-02
   27   -0.2207031250000000E-02    0.8508682250976563E-03
   28   -0.8398437500000000E-03    0.9724044799804687E-03
   29   -0.1132812500000000E-02    0.1030197143554688E-02
   30   -0.3261718750000000E-02    0.1068534851074219E-02
   31   -0.2070312500000000E-02    0.9794616699218750E-03
   32   -0.4511718750000000E-02    0.1073188781738281E-02
   33    0.2343750000000000E-03    0.8457946777343750E-03
   34    0.9765625000000001E-04    0.1075935363769531E-02
   35   -0.3300781250000000E-02    0.7564926147460938E-03
   36   -0.1621093750000000E-02    0.1038856506347656E-02
   37    0.3320312500000000E-03    0.9510421752929688E-03
   38   -0.5507812500000000E-02    0.1037597656250000E-02
   39   -0.7226562500000000E-03    0.1017036437988281E-02
   40    0.3476562500000000E-02    0.9003448486328125E-03
   41   -0.1953125000000000E-02    0.1010818481445313E-02
   42    0.3222656250000000E-02    0.1269798278808594E-02
   43   -0.7617187500000000E-03    0.9743881225585938E-03
   44   -0.5468750000000000E-02    0.8743286132812500E-03
   45    0.1816406250000000E-02    0.8406448364257813E-03
   46   -0.2207031250000000E-02    0.1188697814941406E-02
   47    0.2285156250000000E-02    0.9666824340820312E-03
   48    0.6582031250000000E-02    0.1107749938964844E-02
   49    0.4570312500000000E-02    0.9894561767578125E-03
   50    0.2363281250000000E-02    0.1093711853027344E-02
   51   -0.5664062500000000E-03    0.1049919128417969E-02
   52   -0.6835937500000000E-02    0.1040191650390625E-02
   53   -0.1816406250000000E-02    0.7666397094726562E-03
   54    0.3183593750000000E-02    0.9373092651367188E-03
   55   -0.3730468750000000E-02    0.8567428588867188E-03
   56    0.5273437500000000E-03    0.1088294982910156E-02
   57    0.6796875000000000E-02    0.1412200927734375E-02
   58   -0.2753906250000000E-02    0.9996414184570313E-03
   59   -0.1992187500000000E-02    0.7028961181640625E-03
   60    0.8984374999999999E-02    0.9375000000000000E-03
   61    0.1894531250000000E-02    0.9122848510742188E-03
   62    0.1894531250000000E-02    0.1294441223144531E-02
   63   -0.4296875000000000E-03    0.8420562744140625E-03
   64    0.4492187500000000E-03    0.1121177673339844E-02
   65   -0.9570312500000000E-03    0.1056404113769531E-02
   66    0.3691406250000000E-02    0.1037635803222656E-02
   67    0.4726562500000000E-02    0.9246063232421875E-03
   68    0.9960937500000000E-03    0.7946395874023438E-03
   69   -0.7812500000000000E-03    0.1097259521484375E-02
   70   -0.5078125000000000E-02    0.8794403076171875E-03
   71    0.2343750000000000E-03    0.9851074218750000E-03
   72   -0.1796875000000000E-02    0.8901214599609375E-03
   73   -0.3691406250000000E-02    0.1011619567871094E-02
   74    0.3906250000000000E-03    0.8325958251953125E-03
   75    0.3886718750000000E-02    0.1080207824707031E-02
   76    0.0000000000000000E+00    0.9450531005859375E-03
   77    0.3378906250000000E-02    0.9257888793945312E-03
   78   -0.1953125000000000E-04    0.8890914916992187E-03
   79   -0.5429687500000000E-02    0.8974456787109375E-03
   80   -0.3125000000000000E-03    0.7573699951171875E-03
   81    0.1464843750000000E-02    0.8652877807617188E-03
   82    0.1347656250000000E-02    0.7460403442382812E-03
   83    0.4062500000000000E-02    0.7152557373046875E-03
   84   -0.1054687500000000E-02    0.7452392578125001E-03
   85   -0.2578125000000000E-02    0.1036605834960938E-02
   86   -0.6972656250000000E-02    0.1119651794433594E-02
   87   -0.3339843750000000E-02    0.9568405151367188E-03
   88   -0.4667968750000000E-02    0.9107589721679688E-03
   89   -0.5781250000000000E-02    0.1113204956054687E-02
   90   -0.2226562500000000E-02    0.1312408447265625E-02
   91   -0.5859375000000000E-03    0.7905578613281250E-03
   92   -0.1152343750000000E-02    0.1289482116699219E-02
   93   -0.8789062500000000E-03    0.8852005004882813E-03
   94   -0.4667968750000000E-02    0.1034660339355469E-02
   95   -0.6406250000000000E-02    0.1179122924804688E-02
   96   -0.1347656250000000E-02    0.8285140991210937E-03
   97   -0.3828125000000000E-02    0.1253051757812500E-02
   98   -0.2675781250000000E-02    0.1087684631347656E-02
   99    0.5664062500000000E-03    0.9521865844726563E-03
  100   -0.6445312500000000E-03    0.1211891174316406E-02
