# time =    0.4595
    0    0.1000000000000000E+01    0.1000000000000000E+01
    1    0.1851953125000000E+00    0.3533744812011719E-01
    2    0.3771484375000000E-01    0.2430686950683594E-02
    3    0.1078125000000000E-01    0.1123733520507812E-02
    4    0.1009765625000000E-01    0.9492874145507812E-03
    5    0.4316406250000000E-02    0.9473800659179687E-03
    6    0.7226562500000000E-03    0.7237625122070312E-03
    7    0.1894531250000000E-02    0.8850479125976562E-03
    8   -0.1816406250000000E-02    0.9584426879882812E-03
    9   -0.4687500000000000E-03    0.8400726318359375E-03
   10    0.1640625000000000E-02    0.8662414550781250E-03
   11   -0.6640625000000000E-03    0.1033248901367188E-02
   12   -0.9765625000000001E-04    0.9804153442382812E-03
   13    0.3535156250000000E-02    0.9050369262695312E-03
   14    0.2304687500000000E-02    0.1083526611328125E-02
   15    0.1777343750000000E-02    0.9087753295898437E-03
   16    0.3125000000000000E-02    0.1039810180664062E-02
   17   -0.1542968750000000E-02    0.1073875427246094E-02
   18   -0.4882812500000000E-02    0.9588623046875001E-03
   19    0.1328125000000000E-02    0.9048461914062500E-03
   20   -0.3984375000000000E-02    0.8986663818359375E-03
   21    0.1894531250000000E-02    0.1096992492675781E-02
   22    0.2968750000000000E-02    0.1039733886718750E-02
   23   -0.2265625000000000E-02    0.1120681762695312E-02
   24   -0.8398437500000000E-03    0.9846115112304688E-03
   25    0.3906250000000000E-04    0.9255218505859375E-03
   26    0.2324218750000000E-02    0.1062049865722656E-02
   27    0.2871093750000000E-02    0.9522628784179687E-03
   28    0.5429687500000000E-02    0.1171722412109375E-02
   29    0.3261718750000000E-02    0.1055335998535156E-02
   30    0.3398437500000000E-02    0.8917236328125000E-03
   31    0.1953125000000000E-02    0.1004714965820312E-02
   32   -0.1406250000000000E-02    0.8975219726562500E-03
   33    0.4804687500000000E-02    0.9062194824218750E-03
   34    0.2519531250000000E-02    0.9373092651367188E-03
   35   -0.1972656250000000E-02    0.1236991882324219E-02
   36    0.4160156250000000E-02    0.9517288208007813E-03
   37   -0.3125000000000000E-03    0.9700012207031250E-03
   38   -0.3964843750000000E-02    0.8346939086914063E-03
   39    0.3281250000000000E-02    0.1277465820312500E-02
   40    0.6054687500000000E-03    0.1096229553222656E-02
   41   -0.9570312500000000E-03    0.1100349426269531E-02
   42    0.7812500000000000E-04    0.6855010986328125E-03
   43   -0.6445312500000000E-03    0.9196090698242187E-03
   44   -0.1757812500000000E-03    0.8294296264648438E-03
   45   -0.2226562500000000E-02    0.8599090576171875E-03
   46   -0.3398437500000000E-02    0.1020889282226563E-02
   47   -0.3417968750000000E-02    0.1202201843261719E-02
   48   -0.6640625000000000E-03    0.8738708496093750E-03
   49   -0.2988281250000000E-02    0.7972335815429688E-03
   50    0.7617187500000000E-03    0.9814071655273437E-03
   51    0.4687500000000000E-03    0.9636688232421875E-03
   52    0.5468750000000001E-03    0.9554290771484375E-03
   53   -0.1328125000000000E-02    0.1008758544921875E-02
   54   -0.1601562500000000E-02    0.9135437011718750E-03
   55   -0.6289062500000000E-02    0.9146118164062500E-03
   56   -0.5000000000000000E-02    0.8113861083984375E-03
   57   -0.5898437500000000E-02    0.9246063232421875E-03
   58   -0.1757812500000000E-03    0.9775924682617187E-03
   59   -0.9960937500000000E-03    0.1109275817871094E-02
   60   -0.1445312500000000E-02    0.1126861572265625E-02
   61    0.3164062500000000E-02    0.9346771240234375E-03
   62    0.2148437500000000E-02    0.9115600585937500E-03
   63   -0.1718750000000000E-02    0.1255722045898438E-02
   64    0.2714843750000000E-02    0.9551620483398437E-03
   65    0.5351562500000000E-02    0.1031417846679687E-02
   66    0.1699218750000000E-02    0.7717514038085938E-03
   67    0.1308593750000000E-02    0.1009635925292969E-02
   68   -0.1328125000000000E-02    0.7472229003906250E-03
   69   -0.1289062500000000E-02    0.8462524414062500E-03
   70    0.1855468750000000E-02    0.8049392700195312E-03
   71    0.2773437500000000E-02    0.9746551513671875E-03
   72   -0.6445312500000000E-03    0.7926559448242187E-03
   73    0.7031250000000000E-03    0.1073074340820313E-02
   74   -0.3710937500000000E-02    0.1202163696289062E-02
   75    0.2187500000000000E-02    0.9915161132812501E-03
   76    0.1210937500000000E-02    0.8959197998046876E-03
   77   -0.3300781250000000E-02    0.1015892028808594E-02
   78   -0.1269531250000000E-02    0.8504867553710937E-03
   79   -0.5664062500000000E-03    0.9504318237304688E-03
   80   -0.4101562500000000E-03    0.9295272827148437E-03
   81   -0.6640625000000000E-03    0.1034317016601562E-02
   82    0.1367187500000000E-03    0.8736038208007812E-03
   83   -0.5566406250000000E-02    0.1054115295410156E-02
   84   -0.9179687499999999E-03    0.1088676452636719E-02
   85   -0.2910156250000000E-02    0.1187324523925781E-02
   86    0.6054687500000000E-03    0.1045951843261719E-02
   87    0.5078125000000000E-03    0.8182525634765625E-03
   88   -0.6054687500000000E-03    0.1052131652832031E-02
   89    0.3222656250000000E-02    0.9379196166992188E-03
   90   -0.9765625000000000E-03    0.8352661132812500E-03
   91    0.4101562500000000E-03    0.1037406921386719E-02
   92    0.5312500000000000E-02    0.9319305419921875E-03
   93    0.3906250000000000E-03    0.7888793945312500E-03
   94   -0.2500000000000000E-02    0.8287811279296875E-03
   95    0.6250000000000000E-02    0.1038208007812500E-02
   96   -0.6250000000000000E-03    0.1124343872070313E-02
   97   -0.2246093750000000E-02    0.8219528198242187E-03
   98   -0.3632812500000000E-02    0.1208114624023437E-02
   99    0.1796875000000000E-02    0.9495544433593750E-03
  100    0.1660156250000000E-02    0.8630752563476562E-03
