# time =    0.5317
    0    0.1000000000000000E+01    0.1000000000000000E+01
    1    0.2084765625000000E+00    0.4405029296875000E-01
    2    0.4949218750000000E-01    0.3566360473632812E-02
    3    0.1162109375000000E-01    0.1147956848144531E-02
    4    0.4765625000000000E-02    0.5679321289062500E-03
    5    0.1601562500000000E-02    0.8174896240234375E-03
    6   -0.1035156250000000E-02    0.9770584106445312E-03
    7   -0.2148437500000000E-02    0.7110595703125000E-03
    8    0.9179687499999999E-03    0.1299095153808594E-02
    9    0.9179687499999999E-03    0.9372329711914062E-03
   10    0.4296875000000000E-02    0.1050491333007812E-02
   11    0.1718750000000000E-02    0.1199264526367187E-02
   12    0.2578125000000000E-02    0.9103393554687499E-03
   13    0.1230468750000000E-02    0.9849929809570312E-03
   14   -0.8007812500000000E-03    0.1044425964355469E-02
   15   -0.4472656250000000E-02    0.8847427368164063E-03
   16   -0.1035156250000000E-02    0.1121253967285156E-02
   17   -0.9960937500000000E-03    0.1063270568847656E-02
   18    0.1835937500000000E-02    0.9640502929687500E-03
   19    0.3515625000000000E-02    0.1008834838867187E-02
   20   -0.3105468750000000E-02    0.9886550903320313E-03
   21    0.2539062500000000E-03    0.9191513061523437E-03
   22    0.1152343750000000E-02    0.8604049682617188E-03
   23    0.4765625000000000E-02    0.1069869995117187E-02
   24    0.3320312500000000E-03    0.6837081909179687E-03
   25   -0.3613281250000000E-02    0.8225631713867187E-03
   26   -0.3574218750000000E-02    0.8640670776367187E-03
   27    0.2988281250000000E-02    0.1042976379394531E-02
   28   -0.3906250000000000E-02    0.9647369384765625E-03
   29   -0.3847656250000000E-02    0.1029624938964844E-02
   30    0.2480468750000000E-02    0.1133918762207031E-02
   31    0.7031250000000000E-03    0.7215881347656250E-03
   32   -0.3789062500000000E-02    0.9365081787109375E-03
   33   -0.2441406250000000E-02    0.1175575256347656E-02
   34    0.2304687500000000E-02    0.1115264892578125E-02
   35   -0.1113281250000000E-02    0.8911514282226563E-03
   36   -0.3300781250000000E-02    0.6958389282226562E-03
   37   -0.1562500000000000E-02    0.8235931396484375E-03
   38    0.3867187500000000E-02    0.1083526611328125E-02
   39    0.1171875000000000E-02    0.1029663085937500E-02
   40    0.2519531250000000E-02    0.8657455444335937E-03
   41    0.3750000000000000E-02    0.1071701049804687E-02
   42   -0.3105468750000000E-02    0.1316108703613281E-02
   43    0.5468750000000001E-03    0.1121063232421875E-02
   44    0.4843750000000000E-02    0.8437347412109375E-03
   45    0.8476562500000000E-02    0.9542083740234374E-03
   46    0.8593750000000000E-03    0.1442718505859375E-02
   47    0.2011718750000000E-02    0.1012763977050781E-02
   48   -0.6640625000000000E-03    0.9393310546875000E-03
   49    0.1875000000000000E-02    0.1078338623046875E-02
   50   -0.5976562500000000E-02    0.9537506103515625E-03
   51    0.1953125000000000E-02    0.1118927001953125E-02
   52    0.7031250000000000E-03    0.1149520874023437E-02
   53   -0.2675781250000000E-02    0.9308242797851562E-03
   54   -0.4023437500000000E-02    0.1091003417968750E-02
   55   -0.1191406250000000E-02    0.8641433715820313E-03
   56   -0.1582031250000000E-02    0.9228134155273437E-03
   57   -0.2382812500000000E-02    0.8905792236328125E-03
   58    0.2910156250000000E-02    0.1131172180175781E-02
   59   -0.9375000000000000E-03    0.9687805175781250E-03
   60    0.1015625000000000E-02    0.8988952636718749E-03
   61    0.3789062500000000E-02    0.8731079101562500E-03
   62    0.1015625000000000E-02    0.8286285400390625E-03
   63   -0.2968750000000000E-02    0.8855438232421874E-03
   64    0.1152343750000000E-02    0.9865188598632813E-03
   65    0.1171875000000000E-02    0.9127807617187500E-03
   66    0.2500000000000000E-02    0.1222610473632812E-02
   67   -0.3046875000000000E-02    0.1059570312500000E-02
   68    0.1171875000000000E-03    0.9716796875000000E-03
   69   -0.1621093750000000E-02    0.1015510559082031E-02
   70    0.1738281250000000E-02    0.1227302551269531E-02
   71    0.8593750000000000E-03    0.9427642822265624E-03
   72    0.2910156250000000E-02    0.9650802612304688E-03
   73    0.6250000000000000E-03    0.8940887451171875E-03
   74   -0.5468750000000001E-03    0.9995269775390624E-03
   75    0.1562500000000000E-02    0.9980773925781249E-03
   76    0.4394531250000000E-02    0.9460830688476562E-03
   77    0.4687500000000000E-03    0.7790374755859375E-03
   78   -0.5996093750000000E-02    0.7955551147460938E-03
   79   -0.2675781250000000E-02    0.1242256164550781E-02
   80   -0.3027343750000000E-02    0.9096908569335937E-03
   81   -0.2031250000000000E-02    0.1054153442382812E-02
   82   -0.2265625000000000E-02    0.1140213012695312E-02
   83   -0.1875000000000000E-02    0.1211013793945312E-02
   84   -0.1015625000000000E-02    0.7037353515625000E-03
   85    0.1132812500000000E-02    0.1136016845703125E-02
   86   -0.1132812500000000E-02    0.7642364501953125E-03
   87   -0.1152343750000000E-02    0.9323501586914062E-03
   88   -0.1757812500000000E-03    0.8316421508789062E-03
   89    0.6347656250000000E-02    0.8276748657226562E-03
   90    0.6367187500000000E-02    0.9970092773437501E-03
   91    0.2109375000000000E-02    0.9991455078125001E-03
   92    0.4179687500000000E-02    0.9303283691406250E-03
   93   -0.1875000000000000E-02    0.9644317626953125E-03
   94   -0.2988281250000000E-02    0.9238052368164062E-03
   95   -0.1230468750000000E-02    0.9270858764648438E-03
   96    0.1972656250000000E-02    0.1148414611816406E-02
   97   -0.1367187500000000E-03    0.8193588256835937E-03
   98   -0.5527343750000000E-02    0.1033287048339844E-02
   99    0.8398437500000000E-03    0.8883285522460938E-03
  100    0.1679687500000000E-02    0.1036529541015625E-02
