# time =    0.4679
    0    0.1000000000000000E+01    0.1000000000000000E+01
    1    0.2318750000000000E+00    0.5459075927734375E-01
    2    0.5611328125000000E-01    0.4225273132324219E-02
    3    0.2041015625000000E-01    0.1162605285644531E-02
    4    0.5058593750000000E-02    0.8870315551757813E-03
    5   -0.6445312500000000E-03    0.1007423400878906E-02
    6    0.4492187500000000E-02    0.9303283691406250E-03
    7    0.4765625000000000E-02    0.1160736083984375E-02
    8    0.5058593750000000E-02    0.8591079711914063E-03
    9   -0.1367187500000000E-03    0.7186508178710937E-03
   10    0.3535156250000000E-02    0.1033592224121094E-02
   11    0.1289062500000000E-02    0.1069564819335937E-02
   12    0.1894531250000000E-02    0.1000785827636719E-02
   13   -0.3125000000000000E-03    0.7688903808593750E-03
   14    0.5136718750000000E-02    0.1133766174316406E-02
   15    0.5468750000000001E-03    0.8575439453125000E-03
   16    0.1953125000000000E-04    0.1139640808105469E-02
   17   -0.1621093750000000E-02    0.1072044372558594E-02
   18    0.2441406250000000E-02    0.1144676208496094E-02
   19   -0.9960937500000000E-03    0.9402847290039063E-03
   20   -0.2441406250000000E-02    0.9144210815429688E-03
   21   -0.3886718750000000E-02    0.1017570495605469E-02
   22    0.1484375000000000E-02    0.1050567626953125E-02
   23    0.1582031250000000E-02    0.1181526184082031E-02
   24   -0.1074218750000000E-02    0.1030311584472656E-02
   25   -0.3710937500000000E-03    0.1104621887207031E-02
   26   -0.4882812500000000E-03    0.9594345092773437E-03
   27    0.9765625000000001E-04    0.9412765502929688E-03
   28   -0.2519531250000000E-02    0.1079444885253906E-02
   29   -0.3164062500000000E-02    0.9230804443359375E-03
   30    0.1835937500000000E-02    0.9827423095703125E-03
   31    0.1406250000000000E-02    0.9444427490234375E-03
   32    0.8789062500000000E-03    0.1121253967285156E-02
   33   -0.5664062500000000E-03    0.8472061157226563E-03
   34    0.2031250000000000E-02    0.9095001220703125E-03
   35   -0.4746093750000000E-02    0.1053810119628906E-02
   36    0.4160156250000000E-02    0.1149864196777344E-02
   37   -0.5996093750000000E-02    0.8152389526367188E-03
   38   -0.3925781250000000E-02    0.1223106384277344E-02
   39    0.2539062500000000E-03    0.6846237182617187E-03
   40   -0.8789062500000000E-03    0.8633804321289063E-03
   41    0.2753906250000000E-02    0.1011009216308594E-02
   42   -0.5273437500000000E-03    0.1067008972167969E-02
   43   -0.2148437500000000E-03    0.8295822143554687E-03
   44   -0.7226562500000000E-03    0.1032600402832031E-02
   45    0.2968750000000000E-02    0.7879638671875000E-03
   46   -0.1933593750000000E-02    0.7742691040039062E-03
   47   -0.3417968750000000E-02    0.1167182922363281E-02
   48   -0.3554687500000000E-02    0.9697723388671875E-03
   49   -0.3750000000000000E-02    0.9664916992187501E-03
   50    0.4824218750000000E-02    0.9722518920898438E-03
   51    0.5019531250000000E-02    0.1081504821777344E-02
   52    0.1777343750000000E-02    0.1075172424316406E-02
   53   -0.2187500000000000E-02    0.1099777221679688E-02
   54   -0.2714843750000000E-02    0.1066703796386719E-02
   55   -0.1660156250000000E-02    0.9473800659179687E-03
   56   -0.2031250000000000E-02    0.9660339355468750E-03
   57    0.4238281250000000E-02    0.1153450012207031E-02
   58    0.4472656250000000E-02    0.1032524108886719E-02
   59   -0.2695312500000000E-02    0.1191329956054688E-02
   60    0.4277343750000000E-02    0.7806015014648437E-03
   61   -0.2343750000000000E-03    0.8384704589843750E-03
   62    0.2246093750000000E-02    0.8498001098632813E-03
   63    0.1796875000000000E-02    0.9408569335937499E-03
   64    0.1796875000000000E-02    0.1145553588867188E-02
   65    0.8007812500000000E-03    0.9555435180664063E-03
   66   -0.3417968750000000E-02    0.8631515502929688E-03
   67   -0.1015625000000000E-02    0.9798431396484376E-03
   68    0.3984375000000000E-02    0.1095123291015625E-02
   69    0.3867187500000000E-02    0.9986114501953124E-03
   70   -0.7480468750000000E-02    0.8834457397460938E-03
   71    0.5273437500000000E-03    0.8841323852539063E-03
   72    0.3710937500000000E-02    0.1065521240234375E-02
   73   -0.2148437500000000E-03    0.1050987243652344E-02
   74   -0.3593750000000000E-02    0.9711456298828125E-03
   75   -0.1953125000000000E-04    0.1027717590332031E-02
   76    0.2617187500000000E-02    0.9391021728515625E-03
   77   -0.1484375000000000E-02    0.8486175537109375E-03
   78   -0.8203125000000000E-03    0.8418273925781250E-03
   79   -0.5078125000000000E-03    0.6967163085937499E-03
   80    0.1914062500000000E-02    0.1105880737304687E-02
   81    0.7812500000000000E-04    0.1006774902343750E-02
   82   -0.2617187500000000E-02    0.7504272460937500E-03
   83   -0.3984375000000000E-02    0.8243560791015625E-03
   84   -0.2480468750000000E-02    0.1001777648925781E-02
   85    0.1933593750000000E-02    0.7088088989257813E-03
   86   -0.2070312500000000E-02    0.9217834472656249E-03
   87    0.5097656250000000E-02    0.9343338012695313E-03
   88    0.3066406250000000E-02    0.6384658813476563E-03
   89    0.4785156250000000E-02    0.1022605895996094E-02
   90   -0.2402343750000000E-02    0.8517074584960938E-03
   91    0.4882812500000000E-03    0.8729934692382812E-03
   92    0.9375000000000000E-03    0.8613586425781250E-03
   93    0.5859375000000000E-04    0.9432601928710938E-03
   94   -0.2988281250000000E-02    0.1179847717285156E-02
   95    0.3925781250000000E-02    0.1242942810058594E-02
   96    0.3574218750000000E-02    0.1173362731933594E-02
   97   -0.9179687499999999E-03    0.1132392883300781E-02
   98   -0.2539062500000000E-03    0.9665298461914063E-03
   99    0.3515625000000000E-03    0.9906768798828125E-03
  100    0.2089843750000000E-02    0.1291770935058594E-02
