# time =    0.4688
    0    0.1000000000000000E+01    0.1000000000000000E+01
    1    0.2130078125000000E+00    0.4650573730468750E-01
    2    0.5361328125000000E-01    0.3709831237792969E-02
    3    0.1433593750000000E-01    0.1205291748046875E-02
    4    0.6074218750000000E-02    0.1086692810058594E-02
    5   -0.8398437500000000E-03    0.9066390991210937E-03
    6   -0.2285156250000000E-02    0.9803390502929688E-03
    7   -0.2441406250000000E-02    0.9048080444335937E-03
    8    0.9179687499999999E-03    0.1030616760253906E-02
    9    0.1367187500000000E-03    0.8897781372070312E-03
   10   -0.2558593750000000E-02    0.1124458312988281E-02
   11   -0.2480468750000000E-02    0.7974624633789063E-03
   12   -0.1347656250000000E-02    0.7748794555664062E-03
   13    0.4492187500000000E-02    0.8535003662109375E-03
   14    0.2343750000000000E-03    0.8766174316406250E-03
   15   -0.3066406250000000E-02    0.7668685913085938E-03
   16   -0.5058593750000000E-02    0.9153366088867187E-03
   17   -0.2539062500000000E-03    0.1023597717285156E-02
   18    0.3691406250000000E-02    0.8942031860351562E-03
   19   -0.3320312500000000E-03    0.9820938110351562E-03
   20    0.8789062500000000E-03    0.7558822631835938E-03
   21    0.1953125000000000E-02    0.8985900878906250E-03
   22   -0.1152343750000000E-02    0.1019248962402344E-02
   23    0.1152343750000000E-02    0.9957504272460936E-03
   24   -0.8398437500000000E-03    0.7692337036132813E-03
   25    0.1230468750000000E-02    0.8295059204101562E-03
   26    0.2929687500000000E-02    0.9206390380859375E-03
   27   -0.6210937500000000E-02    0.9436798095703125E-03
   28    0.2460937500000000E-02    0.1013412475585938E-02
   29    0.3125000000000000E-03    0.7614898681640625E-03
   30    0.4589843750000000E-02    0.8981704711914062E-03
   31    0.2148437500000000E-02    0.9274291992187500E-03
   32   -0.1367187500000000E-02    0.9793853759765625E-03
   33   -0.3476562500000000E-02    0.9682464599609375E-03
   34   -0.2968750000000000E-02    0.8468627929687500E-03
   35   -0.1914062500000000E-02    0.6950378417968750E-03
   36   -0.5859375000000000E-02    0.8302307128906249E-03
   37   -0.3125000000000000E-02    0.1015625000000000E-02
   38    0.1347656250000000E-02    0.1095008850097656E-02
   39   -0.1367187500000000E-03    0.1162528991699219E-02
   40    0.5878906250000000E-02    0.1051902770996094E-02
   41   -0.9960937500000000E-03    0.1078453063964844E-02
   42   -0.2539062500000000E-03    0.1009025573730469E-02
   43    0.2460937500000000E-02    0.1133193969726563E-02
   44    0.1171875000000000E-02    0.9636688232421875E-03
   45    0.5839843750000000E-02    0.8858871459960937E-03
   46    0.5917968750000000E-02    0.9910964965820313E-03
   47   -0.3730468750000000E-02    0.9526443481445312E-03
   48    0.9765625000000001E-04    0.9664535522460937E-03
   49    0.1523437500000000E-02    0.1126327514648437E-02
   50   -0.1347656250000000E-02    0.7432937622070312E-03
   51   -0.6269531250000000E-02    0.8994674682617187E-03
   52    0.2832031250000000E-02    0.9919357299804686E-03
   53   -0.3476562500000000E-02    0.8683776855468749E-03
   54    0.1425781250000000E-02    0.9460830688476562E-03
   55    0.2148437500000000E-03    0.1085395812988281E-02
   56   -0.3359375000000000E-02    0.1036529541015625E-02
   57   -0.1210937500000000E-02    0.1102828979492188E-02
   58   -0.2460937500000000E-02    0.9984588623046875E-03
   59   -0.4355468750000000E-02    0.9014511108398438E-03
   60   -0.1601562500000000E-02    0.8387756347656250E-03
   61   -0.3125000000000000E-02    0.1038284301757813E-02
   62    0.1367187500000000E-02    0.7752227783203125E-03
   63   -0.3203125000000000E-02    0.7992553710937500E-03
   64   -0.1132812500000000E-02    0.1197509765625000E-02
   65   -0.9570312500000000E-03    0.8490371704101562E-03
   66   -0.2519531250000000E-02    0.9007644653320312E-03
   67   -0.1464843750000000E-02    0.8295822143554687E-03
   68   -0.2519531250000000E-02    0.1054954528808594E-02
   69   -0.2460937500000000E-02    0.1092758178710937E-02
   70   -0.1992187500000000E-02    0.1029281616210937E-02
   71    0.8789062500000000E-03    0.1068840026855469E-02
   72    0.1582031250000000E-02    0.1361274719238281E-02
   73    0.7031250000000000E-03    0.8827972412109375E-03
   74   -0.4003906250000000E-02    0.9241867065429688E-03
   75   -0.3906250000000000E-04    0.9136962890625000E-03
   76    0.1621093750000000E-02    0.1010322570800781E-02
   77   -0.1562500000000000E-02    0.1043472290039063E-02
   78   -0.1699218750000000E-02    0.9534072875976563E-03
   79   -0.4179687500000000E-02    0.1074752807617188E-02
   80   -0.4648437500000000E-02    0.9371948242187500E-03
   81   -0.4882812500000000E-03    0.8272171020507812E-03
   82    0.4414062500000000E-02    0.6819152832031250E-03
   83    0.5468750000000001E-03    0.1134414672851562E-02
   84   -0.2929687500000000E-03    0.8895492553710937E-03
   85   -0.2460937500000000E-02    0.7807922363281250E-03
   86    0.1582031250000000E-02    0.9450149536132812E-03
   87   -0.5468750000000001E-03    0.1047744750976563E-02
   88    0.3710937500000000E-03    0.8136367797851562E-03
   89    0.1914062500000000E-02    0.1039733886718750E-02
   90   -0.9179687499999999E-03    0.9705734252929688E-03
   91   -0.7812500000000000E-03    0.9857940673828126E-03
   92    0.6445312500000000E-03    0.9524154663085937E-03
   93   -0.3222656250000000E-02    0.7354354858398437E-03
   94   -0.1445312500000000E-02    0.9260559082031250E-03
   95   -0.2031250000000000E-02    0.1247787475585938E-02
   96   -0.1269531250000000E-02    0.9795761108398438E-03
   97   -0.4531250000000000E-02    0.1021728515625000E-02
   98   -0.1074218750000000E-02    0.1064109802246094E-02
   99   -0.1777343750000000E-02    0.1204109191894531E-02
  100   -0.1894531250000000E-02    0.1124839782714844E-02
