# time =    0.4778
    0    0.1000000000000000E+01    0.1000000000000000E+01
    1    0.2133398437500000E+00    0.4644420623779297E-01
    2    0.5269531250000000E-01    0.3982086181640625E-02
    3    0.1179687500000000E-01    0.1001434326171875E-02
    4    0.5957031250000000E-02    0.8237075805664063E-03
    5    0.2734375000000000E-02    0.1004104614257813E-02
    6   -0.5292968750000000E-02    0.1092491149902344E-02
    7   -0.1621093750000000E-02    0.9272384643554687E-03
    8   -0.4882812500000000E-03    0.1023292541503906E-02
    9   -0.9765625000000001E-04    0.1088447570800781E-02
   10   -0.5898437500000000E-02    0.9838867187500001E-03
   11    0.8203125000000000E-03    0.1149826049804688E-02
   12    0.1679687500000000E-02    0.8147430419921875E-03
   13    0.1269531250000000E-02    0.9586715698242188E-03
   14    0.6972656250000000E-02    0.1000022888183594E-02
   15   -0.9765625000000000E-03    0.1002807617187500E-02
   16    0.3144531250000000E-02    0.1052818298339844E-02
   17    0.2109375000000000E-02    0.7980346679687500E-03
   18   -0.4042968750000000E-02    0.1096458435058594E-02
   19   -0.1992187500000000E-02    0.1053543090820313E-02
   20   -0.1640625000000000E-02    0.1150207519531250E-02
   21    0.2421875000000000E-02    0.8229827880859375E-03
   22   -0.1835937500000000E-02    0.1025390625000000E-02
   23   -0.2949218750000000E-02    0.8893966674804688E-03
   24   -0.5917968750000000E-02    0.1362495422363281E-02
   25   -0.2695312500000000E-02    0.8677673339843750E-03
   26   -0.1757812500000000E-03    0.9892654418945312E-03
   27    0.1269531250000000E-02    0.8237838745117187E-03
   28    0.3554687500000000E-02    0.9751129150390625E-03
   29   -0.2890625000000000E-02    0.8901214599609375E-03
   30   -0.4101562500000000E-02    0.1101455688476563E-02
   31    0.2500000000000000E-02    0.9809875488281251E-03
   32    0.2539062500000000E-03    0.1199150085449219E-02
   33    0.2558593750000000E-02    0.9222793579101563E-03
   34   -0.5273437500000000E-03    0.8860397338867188E-03
   35   -0.2910156250000000E-02    0.9520339965820312E-03
   36    0.1406250000000000E-02    0.1274108886718750E-02
   37    0.9765625000000000E-03    0.7936096191406250E-03
   38   -0.1660156250000000E-02    0.1117744445800781E-02
   39   -0.1660156250000000E-02    0.1016654968261719E-02
   40    0.5390625000000000E-02    0.1138458251953125E-02
   41    0.3964843750000000E-02    0.9344100952148437E-03
   42    0.2089843750000000E-02    0.8509445190429687E-03
   43   -0.4882812500000000E-03    0.1026191711425781E-02
   44   -0.4179687500000000E-02    0.1174240112304687E-02
   45    0.3906250000000000E-04    0.9301757812500000E-03
   46    0.2656250000000000E-02    0.8450317382812500E-03
   47    0.6660156250000000E-02    0.1017341613769531E-02
   48    0.5195312500000000E-02    0.7894134521484375E-03
   49    0.1542968750000000E-02    0.8635330200195313E-03
   50   -0.1562500000000000E-03    0.9955596923828126E-03
   51   -0.3027343750000000E-02    0.1017265319824219E-02
   52   -0.4726562500000000E-02    0.8634185791015625E-03
   53    0.4121093750000000E-02    0.1086387634277344E-02
   54    0.1992187500000000E-02    0.9059906005859375E-03
   55    0.5195312500000000E-02    0.7401275634765625E-03
   56    0.1250000000000000E-02    0.1039276123046875E-02
   57   -0.2050781250000000E-02    0.9991073608398438E-03
   58   -0.5859375000000000E-04    0.1104927062988281E-02
   59   -0.4980468750000000E-02    0.6861495971679688E-03
   60   -0.3886718750000000E-02    0.1031532287597656E-02
   61    0.1171875000000000E-02    0.1196517944335938E-02
   62   -0.3125000000000000E-03    0.9741210937500001E-03
   63   -0.2792968750000000E-02    0.1005058288574219E-02
   64    0.3066406250000000E-02    0.8655929565429687E-03
   65    0.1972656250000000E-02    0.8534622192382812E-03
   66    0.1972656250000000E-02    0.1008491516113281E-02
   67    0.1445312500000000E-02    0.1029434204101563E-02
   68    0.3710937500000000E-03    0.8428573608398437E-03
   69    0.3710937500000000E-03    0.8694839477539063E-03
   70   -0.7734375000000000E-02    0.8472442626953125E-03
   71   -0.2929687500000000E-03    0.8440780639648438E-03
   72   -0.5078125000000000E-03    0.1017761230468750E-02
   73   -0.2988281250000000E-02    0.7934951782226562E-03
   74   -0.2031250000000000E-02    0.9146118164062500E-03
   75   -0.1113281250000000E-02    0.9072494506835938E-03
   76    0.1367187500000000E-02    0.9835815429687499E-03
   77   -0.9765625000000000E-03    0.1103744506835937E-02
   78    0.1601562500000000E-02    0.9906768798828125E-03
   79   -0.1093750000000000E-02    0.9377288818359375E-03
   80   -0.1738281250000000E-02    0.1075019836425781E-02
   81   -0.2011718750000000E-02    0.8314895629882812E-03
   82   -0.4316406250000000E-02    0.8440017700195312E-03
   83    0.4843750000000000E-02    0.9318542480468750E-03
   84    0.3710937500000000E-03    0.1037635803222656E-02
   85    0.2519531250000000E-02    0.9301376342773438E-03
   86    0.5468750000000001E-03    0.1078948974609375E-02
   87   -0.4570312500000000E-02    0.1063919067382812E-02
   88   -0.4550781250000000E-02    0.1207542419433594E-02
   89   -0.3125000000000000E-03    0.8871459960937500E-03
   90   -0.2539062500000000E-02    0.7745361328125000E-03
   91   -0.2617187500000000E-02    0.1040954589843750E-02
   92    0.2128906250000000E-02    0.9251022338867187E-03
   93   -0.1328125000000000E-02    0.8654022216796876E-03
   94   -0.3613281250000000E-02    0.9034347534179688E-03
   95    0.7226562500000000E-03    0.1189537048339844E-02
   96    0.1132812500000000E-02    0.8516693115234375E-03
   97   -0.2441406250000000E-02    0.9529495239257813E-03
   98   -0.4609375000000000E-02    0.1026992797851563E-02
   99   -0.2578125000000000E-02    0.9225463867187500E-03
  100   -0.4882812500000000E-03    0.9849166870117187E-03
