# time =    0.4787
    0    0.1000000000000000E+01    0.1000000000000000E+01
    1    0.2455078125000000E+00    0.6126037597656250E-01
    2    0.8062500000000000E-01    0.7591705322265625E-02
    3    0.2974609375000000E-01    0.1630516052246094E-02
    4    0.1531250000000000E-01    0.1268386840820312E-02
    5    0.1679687500000000E-02    0.1059341430664062E-02
    6    0.5390625000000000E-02    0.1057662963867187E-02
    7    0.6835937500000000E-03    0.1078681945800781E-02
    8    0.2597656250000000E-02    0.9433364868164062E-03
    9    0.6269531250000000E-02    0.1066627502441406E-02
   10    0.7500000000000000E-02    0.1066665649414063E-02
   11    0.2167968750000000E-02    0.8676528930664062E-03
   12    0.6074218750000000E-02    0.1162223815917969E-02
   13    0.3339843750000000E-02    0.1124305725097656E-02
   14    0.2109375000000000E-02    0.9748840332031250E-03
   15    0.2929687500000000E-03    0.9443283081054688E-03
   16    0.1171875000000000E-03    0.1116867065429687E-02
   17   -0.1582031250000000E-02    0.1095314025878906E-02
   18    0.3066406250000000E-02    0.1033821105957031E-02
   19    0.9375000000000000E-03    0.8117675781250000E-03
   20    0.2167968750000000E-02    0.1122779846191406E-02
   21    0.6015625000000000E-02    0.9885406494140624E-03
   22   -0.3515625000000000E-03    0.1201553344726563E-02
   23    0.1093750000000000E-02    0.8248138427734375E-03
   24    0.7421875000000000E-03    0.1027450561523437E-02
   25   -0.5117187500000000E-02    0.9831237792968751E-03
   26   -0.1914062500000000E-02    0.9838867187500001E-03
   27   -0.1562500000000000E-02    0.8775329589843750E-03
   28   -0.2246093750000000E-02    0.1155738830566406E-02
   29    0.1953125000000000E-02    0.8648681640625000E-03
   30    0.2519531250000000E-02    0.9762191772460937E-03
   31    0.1777343750000000E-02    0.7456588745117187E-03
   32   -0.4316406250000000E-02    0.9411239624023438E-03
   33   -0.6523437500000000E-02    0.1102447509765625E-02
   34   -0.4296875000000000E-03    0.8638000488281250E-03
   35    0.2480468750000000E-02    0.9543991088867187E-03
   36   -0.1347656250000000E-02    0.1224250793457031E-02
   37    0.6308593750000000E-02    0.1321907043457031E-02
   38    0.3535156250000000E-02    0.8603286743164063E-03
   39    0.2441406250000000E-02    0.1093254089355469E-02
   40    0.3007812500000000E-02    0.9561920166015625E-03
   41   -0.7226562500000000E-03    0.9972763061523438E-03
   42   -0.3984375000000000E-02    0.1139602661132813E-02
   43    0.0000000000000000E+00    0.1043701171875000E-02
   44   -0.3808593750000000E-02    0.8447647094726562E-03
   45   -0.1191406250000000E-02    0.1063117980957031E-02
   46    0.7617187500000000E-03    0.9012222290039062E-03
   47   -0.7714843750000000E-02    0.1144676208496094E-02
   48   -0.6230468750000000E-02    0.1230659484863281E-02
   49   -0.2929687500000000E-02    0.1063232421875000E-02
   50   -0.7285156250000000E-02    0.1311149597167969E-02
   51   -0.2968750000000000E-02    0.8486938476562500E-03
   52   -0.1816406250000000E-02    0.1061744689941406E-02
   53    0.1816406250000000E-02    0.1059913635253906E-02
   54   -0.3906250000000000E-02    0.9989166259765626E-03
   55    0.8007812500000000E-03    0.1154212951660156E-02
   56    0.3417968750000000E-02    0.1216316223144531E-02
   57   -0.3261718750000000E-02    0.1229591369628906E-02
   58   -0.2656250000000000E-02    0.1129074096679688E-02
   59    0.4882812500000000E-03    0.7626724243164063E-03
   60    0.3906250000000000E-04    0.7190704345703125E-03
   61   -0.1445312500000000E-02    0.1190872192382813E-02
   62    0.7031250000000000E-03    0.1029663085937500E-02
   63    0.4296875000000000E-03    0.9014129638671875E-03
   64    0.4179687500000000E-02    0.8966064453125000E-03
   65    0.2792968750000000E-02    0.8114242553710938E-03
   66   -0.2597656250000000E-02    0.1079444885253906E-02
   67    0.6445312500000000E-03    0.9237289428710938E-03
   68    0.4550781250000000E-02    0.1061134338378906E-02
   69    0.2011718750000000E-02    0.1073112487792969E-02
   70   -0.2187500000000000E-02    0.1028747558593750E-02
   71   -0.9179687499999999E-03    0.9340286254882812E-03
   72    0.5722656250000000E-02    0.1008872985839844E-02
   73   -0.1875000000000000E-02    0.1032714843750000E-02
   74   -0.9960937500000000E-03    0.1012840270996094E-02
   75    0.6132812500000000E-02    0.1140136718750000E-02
   76    0.4414062500000000E-02    0.9329986572265625E-03
   77    0.1347656250000000E-02    0.9646224975585938E-03
   78    0.5468750000000001E-03    0.1043472290039063E-02
   79   -0.9765625000000000E-03    0.9066009521484375E-03
   80   -0.6816406250000000E-02    0.1197395324707031E-02
   81    0.1367187500000000E-03    0.9261703491210937E-03
   82   -0.4824218750000000E-02    0.8810043334960937E-03
   83   -0.3691406250000000E-02    0.9624099731445312E-03
   84   -0.4160156250000000E-02    0.9009933471679687E-03
   85    0.1328125000000000E-02    0.9667968750000000E-03
   86   -0.2500000000000000E-02    0.8470153808593750E-03
   87   -0.1171875000000000E-02    0.1141586303710937E-02
   88   -0.2246093750000000E-02    0.1265983581542969E-02
   89    0.5273437500000000E-03    0.1198310852050781E-02
   90   -0.1113281250000000E-02    0.1039466857910156E-02
   91   -0.3886718750000000E-02    0.1043586730957031E-02
   92   -0.5664062500000000E-03    0.8014297485351563E-03
   93    0.9179687499999999E-03    0.7052993774414062E-03
   94    0.2460937500000000E-02    0.9928894042968749E-03
   95    0.5000000000000000E-02    0.1178054809570312E-02
   96    0.1621093750000000E-02    0.1002922058105469E-02
   97    0.2792968750000000E-02    0.1275901794433594E-02
   98    0.2617187500000000E-02    0.8873748779296875E-03
   99    0.4765625000000000E-02    0.1148223876953125E-02
  100    0.2734375000000000E-02    0.1135787963867188E-02
