# time =    0.4295
    0    0.1000000000000000E+01    0.1000000000000000E+01
    1    0.3674804687500000E+00    0.1356416702270508E+00
    2    0.1646875000000000E+00    0.2794471740722656E-01
    3    0.8365234375000000E-01    0.7908210754394532E-02
    4    0.4957031250000000E-01    0.3207321166992187E-02
    5    0.3115234375000000E-01    0.2014045715332031E-02
    6    0.2320312500000000E-01    0.1438674926757812E-02
    7    0.1472656250000000E-01    0.1324386596679688E-02
    8    0.1175781250000000E-01    0.1159591674804688E-02
    9    0.6796875000000000E-02    0.1174240112304687E-02
   10    0.2871093750000000E-02    0.9158706665039063E-03
   11   -0.5390625000000000E-02    0.1006011962890625E-02
   12   -0.3144531250000000E-02    0.9419631958007813E-03
   13    0.1718750000000000E-02    0.9152984619140625E-03
   14    0.2324218750000000E-02    0.9701919555664063E-03
   15    0.7812500000000000E-04    0.9481811523437500E-03
   16    0.4003906250000000E-02    0.1060752868652344E-02
   17    0.1777343750000000E-02    0.8654403686523438E-03
   18   -0.3750000000000000E-02    0.9981536865234376E-03
   19   -0.1562500000000000E-03    0.9696960449218750E-03
   20   -0.1386718750000000E-02    0.1197319030761719E-02
   21   -0.2578125000000000E-02    0.1000823974609375E-02
   22   -0.2148437500000000E-02    0.1147613525390625E-02
   23   -0.1894531250000000E-02    0.1134376525878906E-02
   24   -0.1464843750000000E-02    0.1186408996582031E-02
   25    0.6054687500000000E-03    0.1210136413574219E-02
   26   -0.5429687500000000E-02    0.9551239013671875E-03
   27    0.1601562500000000E-02    0.1115798950195312E-02
   28   -0.4042968750000000E-02    0.1023063659667969E-02
   29    0.1679687500000000E-02    0.6851196289062500E-03
   30    0.1406250000000000E-02    0.8265686035156250E-03
   31    0.3398437500000000E-02    0.7627868652343750E-03
   32   -0.1347656250000000E-02    0.9269332885742188E-03
   33   -0.4335937500000000E-02    0.9647369384765625E-03
   34   -0.1464843750000000E-02    0.8783340454101562E-03
   35    0.1718750000000000E-02    0.8508300781250000E-03
   36    0.5214843750000000E-02    0.9045791625976562E-03
   37   -0.2148437500000000E-02    0.1137313842773437E-02
   38   -0.3515625000000000E-02    0.8965301513671875E-03
   39   -0.1738281250000000E-02    0.1237754821777344E-02
   40    0.2402343750000000E-02    0.9773635864257812E-03
   41    0.4316406250000000E-02    0.1074180603027344E-02
   42    0.4199218750000000E-02    0.1012306213378906E-02
   43    0.2812500000000000E-02    0.9265136718750000E-03
   44    0.5117187500000000E-02    0.7386016845703125E-03
   45   -0.1035156250000000E-02    0.8365249633789062E-03
   46   -0.2890625000000000E-02    0.9503173828125000E-03
   47   -0.1289062500000000E-02    0.9707641601562500E-03
   48    0.4160156250000000E-02    0.7002639770507812E-03
   49   -0.1113281250000000E-02    0.7566452026367187E-03
   50    0.1191406250000000E-02    0.9476852416992188E-03
   51   -0.4687500000000000E-03    0.7685089111328125E-03
   52   -0.9960937500000000E-03    0.8471298217773437E-03
   53   -0.8984375000000000E-03    0.1185760498046875E-02
   54   -0.1269531250000000E-02    0.1239509582519531E-02
   55    0.2343750000000000E-03    0.8938598632812500E-03
   56    0.5878906250000000E-02    0.1176414489746094E-02
   57    0.1289062500000000E-02    0.8013153076171875E-03
   58   -0.7812500000000000E-04    0.7844543457031249E-03
   59   -0.3886718750000000E-02    0.9561538696289063E-03
   60   -0.5507812500000000E-02    0.1108474731445312E-02
   61   -0.6835937500000000E-03    0.8403396606445312E-03
   62    0.1074218750000000E-02    0.9904861450195312E-03
   63   -0.2675781250000000E-02    0.8491134643554688E-03
   64   -0.2167968750000000E-02    0.1220817565917969E-02
   65   -0.6210937500000000E-02    0.1204528808593750E-02
   66   -0.3457031250000000E-02    0.1224098205566406E-02
   67   -0.2597656250000000E-02    0.8711624145507813E-03
   68    0.4296875000000000E-03    0.8529663085937500E-03
   69    0.3710937500000000E-02    0.1130599975585937E-02
   70    0.2167968750000000E-02    0.9377670288085938E-03
   71    0.4042968750000000E-02    0.8163833618164062E-03
   72    0.3593750000000000E-02    0.9062194824218750E-03
   73    0.2968750000000000E-02    0.1066207885742188E-02
   74    0.3906250000000000E-04    0.1160964965820312E-02
   75    0.1445312500000000E-02    0.1118316650390625E-02
   76    0.2285156250000000E-02    0.1188545227050781E-02
   77    0.1679687500000000E-02    0.1057281494140625E-02
   78   -0.1640625000000000E-02    0.1048431396484375E-02
   79    0.2421875000000000E-02    0.1131591796875000E-02
   80    0.5878906250000000E-02    0.1058692932128906E-02
   81    0.3378906250000000E-02    0.1043434143066406E-02
   82    0.1347656250000000E-02    0.8492660522460937E-03
   83    0.3339843750000000E-02    0.1016654968261719E-02
   84    0.7011718750000000E-02    0.9007644653320312E-03
   85    0.2089843750000000E-02    0.1016578674316406E-02
   86    0.1054687500000000E-02    0.1075744628906250E-02
   87    0.3007812500000000E-02    0.1089859008789062E-02
   88    0.1757812500000000E-02    0.1091156005859375E-02
   89    0.3085937500000000E-02    0.1181716918945312E-02
   90    0.4101562500000000E-02    0.8920288085937500E-03
   91    0.9765625000000000E-03    0.1029815673828125E-02
   92   -0.3906250000000000E-03    0.9328460693359375E-03
   93    0.2890625000000000E-02    0.1038589477539062E-02
   94    0.3730468750000000E-02    0.9085464477539062E-03
   95   -0.3496093750000000E-02    0.8349227905273438E-03
   96    0.7421875000000000E-03    0.9029388427734375E-03
   97    0.7226562500000000E-03    0.1214179992675781E-02
   98   -0.1171875000000000E-03    0.1054458618164063E-02
   99    0.2675781250000000E-02    0.1023368835449219E-02
  100    0.3359375000000000E-02    0.1094894409179687E-02
