# time =    0.4668
    0    0.1000000000000000E+01    0.1000000000000000E+01
    1    0.2617382812500000E+00    0.6914218902587890E-01
    2    0.8624999999999999E-01    0.8278656005859374E-02
    3    0.3277343750000000E-01    0.2168426513671875E-02
    4    0.6699218750000000E-02    0.1087760925292969E-02
    5    0.7519531250000000E-02    0.9659194946289063E-03
    6    0.3066406250000000E-02    0.1153602600097656E-02
    7    0.3359375000000000E-02    0.1035690307617188E-02
    8   -0.2304687500000000E-02    0.9044647216796875E-03
    9   -0.3769531250000000E-02    0.1077766418457031E-02
   10   -0.7109375000000000E-02    0.1185989379882812E-02
   11   -0.1367187500000000E-03    0.9659194946289063E-03
   12   -0.7812500000000000E-03    0.9636688232421875E-03
   13   -0.6015625000000000E-02    0.9803009033203126E-03
   14   -0.7812500000000000E-04    0.8340454101562499E-03
   15   -0.1484375000000000E-02    0.1112823486328125E-02
   16    0.4101562500000000E-02    0.9856414794921875E-03
   17    0.2265625000000000E-02    0.1154174804687500E-02
   18   -0.1289062500000000E-02    0.9968566894531250E-03
   19    0.3320312500000000E-03    0.1054878234863281E-02
   20    0.1308593750000000E-02    0.1033897399902344E-02
   21    0.4589843750000000E-02    0.9547805786132812E-03
   22   -0.2402343750000000E-02    0.9656143188476562E-03
   23   -0.5371093750000000E-02    0.9923934936523437E-03
   24   -0.7031250000000000E-03    0.6645965576171875E-03
   25    0.3750000000000000E-02    0.8675384521484375E-03
   26   -0.1757812500000000E-03    0.7991409301757813E-03
   27   -0.1074218750000000E-02    0.1114234924316406E-02
   28    0.1386718750000000E-02    0.1070518493652344E-02
   29   -0.3906250000000000E-04    0.1070861816406250E-02
   30   -0.6640625000000000E-03    0.8417510986328125E-03
   31   -0.7792968750000000E-02    0.1218223571777344E-02
   32   -0.7812500000000000E-03    0.8498382568359375E-03
   33    0.2148437500000000E-03    0.9547042846679688E-03
   34   -0.1347656250000000E-02    0.1127815246582031E-02
   35   -0.1523437500000000E-02    0.6260681152343750E-03
   36    0.2031250000000000E-02    0.8202362060546875E-03
   37    0.6250000000000000E-03    0.8264923095703125E-03
   38    0.2207031250000000E-02    0.9314346313476562E-03
   39   -0.1777343750000000E-02    0.1266517639160156E-02
   40    0.4882812500000000E-03    0.9998703002929688E-03
   41    0.6562500000000000E-02    0.8633422851562500E-03
   42   -0.6875000000000000E-02    0.1030654907226563E-02
   43    0.8203125000000000E-03    0.1036224365234375E-02
   44    0.2343750000000000E-03    0.1035995483398437E-02
   45    0.1738281250000000E-02    0.9209823608398438E-03
   46   -0.2343750000000000E-02    0.9874725341796876E-03
   47    0.2089843750000000E-02    0.9376144409179687E-03
   48    0.6640625000000000E-03    0.1096115112304687E-02
   49   -0.2226562500000000E-02    0.9284210205078125E-03
   50    0.1757812500000000E-03    0.9811782836914062E-03
   51   -0.2617187500000000E-02    0.8686065673828125E-03
   52   -0.1464843750000000E-02    0.9348678588867187E-03
   53    0.1933593750000000E-02    0.1230430603027344E-02
   54    0.4863281250000000E-02    0.1122398376464844E-02
   55   -0.1894531250000000E-02    0.8574295043945313E-03
   56    0.2714843750000000E-02    0.8746719360351562E-03
   57   -0.1914062500000000E-02    0.9748840332031250E-03
   58   -0.2226562500000000E-02    0.8898162841796875E-03
   59    0.8007812500000000E-03    0.8070755004882812E-03
   60    0.3554687500000000E-02    0.1190643310546875E-02
   61    0.1992187500000000E-02    0.9546661376953125E-03
   62   -0.9960937500000000E-03    0.1219291687011719E-02
   63    0.1914062500000000E-02    0.9735870361328125E-03
   64    0.6582031250000000E-02    0.1304054260253906E-02
   65   -0.1562500000000000E-03    0.1355438232421875E-02
   66    0.1933593750000000E-02    0.9058761596679687E-03
   67    0.2968750000000000E-02    0.1057434082031250E-02
   68    0.5625000000000000E-02    0.8705902099609375E-03
   69   -0.4589843750000000E-02    0.9578323364257813E-03
   70   -0.3417968750000000E-02    0.8681106567382812E-03
   71    0.3710937500000000E-03    0.1077919006347656E-02
   72   -0.1738281250000000E-02    0.1065406799316406E-02
   73   -0.5664062500000000E-03    0.9898757934570313E-03
   74    0.3515625000000000E-03    0.9740447998046875E-03
   75    0.4570312500000000E-02    0.8117675781250000E-03
   76    0.7578125000000000E-02    0.8640289306640625E-03
   77    0.1406250000000000E-02    0.9338378906250000E-03
   78    0.2167968750000000E-02    0.9887313842773437E-03
   79   -0.5878906250000000E-02    0.1241874694824219E-02
   80    0.3378906250000000E-02    0.7713699340820313E-03
   81    0.1269531250000000E-02    0.1031532287597656E-02
   82   -0.3574218750000000E-02    0.1015205383300781E-02
   83   -0.2734375000000000E-03    0.1330642700195312E-02
   84   -0.1230468750000000E-02    0.8778762817382812E-03
   85   -0.4941406250000000E-02    0.9236526489257812E-03
   86   -0.1542968750000000E-02    0.9555435180664063E-03
   87   -0.1347656250000000E-02    0.7789230346679687E-03
   88   -0.5273437500000000E-03    0.1087532043457031E-02
   89    0.2031250000000000E-02    0.1028518676757813E-02
   90    0.4824218750000000E-02    0.1072120666503906E-02
   91    0.7421875000000000E-02    0.9669494628906250E-03
   92    0.3515625000000000E-02    0.1063995361328125E-02
   93    0.3847656250000000E-02    0.9856033325195313E-03
   94   -0.1503906250000000E-02    0.1001014709472656E-02
   95    0.1113281250000000E-02    0.7297897338867188E-03
   96   -0.2695312500000000E-02    0.9045410156250000E-03
   97    0.3730468750000000E-02    0.8677291870117187E-03
   98    0.1093750000000000E-02    0.9707641601562500E-03
   99   -0.3496093750000000E-02    0.9946060180664063E-03
  100   -0.3398437500000000E-02    0.1006698608398437E-02
