# time =    0.4158
    0    0.1000000000000000E+01    0.1000000000000000E+01
    1    0.3836328125000000E+00    0.1480697631835937E+00
    2    0.2123632812500000E+00    0.4596088409423828E-01
    3    0.1423437500000000E+00    0.2124107360839844E-01
    4    0.1122070312500000E+00    0.1374919891357422E-01
    5    0.9787109375000000E-01    0.1073474884033203E-01
    6    0.8464843750000001E-01    0.8313064575195312E-02
    7    0.7787109375000000E-01    0.7131080627441406E-02
    8    0.7169921875000000E-01    0.6306648254394531E-02
    9    0.6626953125000000E-01    0.5325965881347657E-02
   10    0.6375000000000000E-01    0.5145950317382813E-02
   11    0.5925781250000000E-01    0.4665603637695312E-02
   12    0.5933593750000000E-01    0.4486007690429688E-02
   13    0.5203125000000000E-01    0.3802871704101562E-02
   14    0.5183593750000000E-01    0.3643722534179687E-02
   15    0.4796875000000000E-01    0.3344802856445313E-02
   16    0.4441406250000000E-01    0.3164215087890625E-02
   17    0.4597656250000000E-01    0.3202896118164063E-02
   18    0.4251953125000000E-01    0.2603721618652344E-02
   19    0.4201171875000000E-01    0.2608528137207031E-02
   20    0.4400390625000000E-01    0.2799034118652344E-02
   21    0.4250000000000000E-01    0.2721862792968750E-02
   22    0.3660156250000000E-01    0.2242431640625000E-02
   23    0.3599609375000000E-01    0.2398567199707031E-02
   24    0.3658203125000000E-01    0.2170906066894531E-02
   25    0.3535156250000000E-01    0.2172622680664062E-02
   26    0.3609375000000000E-01    0.2311477661132813E-02
   27    0.3585937500000000E-01    0.2123031616210937E-02
   28    0.3613281250000000E-01    0.2176666259765625E-02
   29    0.3453125000000000E-01    0.2255249023437500E-02
   30    0.3509765625000000E-01    0.2083015441894531E-02
   31    0.3453125000000000E-01    0.2079238891601562E-02
   32    0.3296875000000000E-01    0.2010726928710938E-02
   33    0.2994140625000000E-01    0.1885337829589844E-02
   34    0.3345703125000000E-01    0.2212028503417969E-02
   35    0.3195312500000000E-01    0.2011947631835937E-02
   36    0.3218750000000000E-01    0.1843643188476563E-02
   37    0.3224609375000000E-01    0.1984596252441406E-02
   38    0.2945312500000000E-01    0.1764297485351562E-02
   39    0.2857421875000000E-01    0.1583061218261719E-02
   40    0.2964843750000000E-01    0.1675796508789063E-02
   41    0.2595703125000000E-01    0.1644248962402344E-02
   42    0.2574218750000000E-01    0.1466445922851563E-02
   43    0.2949218750000000E-01    0.1811752319335937E-02
   44    0.2810546875000000E-01    0.1607856750488281E-02
   45    0.3013671875000000E-01    0.1756935119628906E-02
   46    0.2744140625000000E-01    0.1675682067871094E-02
   47    0.2802734375000000E-01    0.1568260192871094E-02
   48    0.2937500000000000E-01    0.1638641357421875E-02
   49    0.3171875000000000E-01    0.1869659423828125E-02
   50    0.2824218750000000E-01    0.1795959472656250E-02
   51    0.2750000000000000E-01    0.1584701538085938E-02
   52    0.2800781250000000E-01    0.1550445556640625E-02
   53    0.2568359375000000E-01    0.1558418273925781E-02
   54    0.2568359375000000E-01    0.1473731994628906E-02
   55    0.2685546875000000E-01    0.1495018005371094E-02
   56    0.2593750000000000E-01    0.1500625610351562E-02
   57    0.2677734375000000E-01    0.1497154235839844E-02
   58    0.2648437500000000E-01    0.1561431884765625E-02
   59    0.2509765625000000E-01    0.1452751159667969E-02
   60    0.2767578125000000E-01    0.1555824279785156E-02
   61    0.2601562500000000E-01    0.1532897949218750E-02
   62    0.2357421875000000E-01    0.1344108581542969E-02
   63    0.2529296875000000E-01    0.1419563293457031E-02
   64    0.2453125000000000E-01    0.1411590576171875E-02
   65    0.2738281250000000E-01    0.1391448974609375E-02
   66    0.2496093750000000E-01    0.1390609741210938E-02
   67    0.2505859375000000E-01    0.1447181701660156E-02
   68    0.2490234375000000E-01    0.1584968566894531E-02
   69    0.2601562500000000E-01    0.1537322998046875E-02
   70    0.2214843750000000E-01    0.1367874145507812E-02
   71    0.2189453125000000E-01    0.1400032043457031E-02
   72    0.2392578125000000E-01    0.1369438171386719E-02
   73    0.2281250000000000E-01    0.1294708251953125E-02
   74    0.2015625000000000E-01    0.1170883178710937E-02
   75    0.1753906250000000E-01    0.1151962280273438E-02
   76    0.1869140625000000E-01    0.1179847717285156E-02
   77    0.1873046875000000E-01    0.1133995056152344E-02
   78    0.2111328125000000E-01    0.1213264465332031E-02
   79    0.2355468750000000E-01    0.1288986206054687E-02
   80    0.2205078125000000E-01    0.1171836853027344E-02
   81    0.2404296875000000E-01    0.1282081604003906E-02
   82    0.2136718750000000E-01    0.1141510009765625E-02
   83    0.2111328125000000E-01    0.1272087097167969E-02
   84    0.2011718750000000E-01    0.1373519897460938E-02
   85    0.1902343750000000E-01    0.1426620483398438E-02
   86    0.1792968750000000E-01    0.1255340576171875E-02
   87    0.1744140625000000E-01    0.1210289001464844E-02
   88    0.1724609375000000E-01    0.1221199035644531E-02
   89    0.2001953125000000E-01    0.1315040588378906E-02
   90    0.2011718750000000E-01    0.1255874633789063E-02
   91    0.2042968750000000E-01    0.1312789916992187E-02
   92    0.1943359375000000E-01    0.1178855895996094E-02
   93    0.2082031250000000E-01    0.1344985961914062E-02
   94    0.1898437500000000E-01    0.1151809692382812E-02
   95    0.1843750000000000E-01    0.1159744262695312E-02
   96    0.1984375000000000E-01    0.1192550659179688E-02
   97    0.2242187500000000E-01    0.1294708251953125E-02
   98    0.2062500000000000E-01    0.1110305786132813E-02
   99    0.1937500000000000E-01    0.1094436645507812E-02
  100    0.1800781250000000E-01    0.1222305297851563E-02
