# time =    0.4736
    0    0.1000000000000000E+01    0.1000000000000000E+01
    1    0.2084570312500000E+00    0.4417270660400391E-01
    2    0.4234375000000000E-01    0.2587051391601562E-02
    3    0.1632812500000000E-01    0.1410522460937500E-02
    4    0.3593750000000000E-02    0.9213256835937500E-03
    5    0.4238281250000000E-02    0.1045722961425781E-02
    6   -0.2285156250000000E-02    0.9211349487304687E-03
    7   -0.3105468750000000E-02    0.1076240539550781E-02
    8   -0.2480468750000000E-02    0.1237297058105469E-02
    9   -0.5664062500000000E-03    0.9450149536132812E-03
   10    0.2089843750000000E-02    0.1083412170410156E-02
   11    0.4433593750000000E-02    0.8922958374023437E-03
   12    0.1855468750000000E-02    0.9829330444335938E-03
   13    0.2070312500000000E-02    0.9770965576171874E-03
   14    0.2578125000000000E-02    0.1056976318359375E-02
   15   -0.1425781250000000E-02    0.8770370483398437E-03
   16    0.2128906250000000E-02    0.1012611389160156E-02
   17    0.5019531250000000E-02    0.1257972717285156E-02
   18   -0.3222656250000000E-02    0.1050834655761719E-02
   19   -0.5859375000000000E-04    0.1107215881347656E-02
   20   -0.2441406250000000E-02    0.9903335571289063E-03
   21    0.4257812500000000E-02    0.8949279785156250E-03
   22    0.1386718750000000E-02    0.1031990051269531E-02
   23    0.3476562500000000E-02    0.8369445800781250E-03
   24    0.4687500000000000E-02    0.1169662475585938E-02
   25    0.2031250000000000E-02    0.1018981933593750E-02
   26    0.3750000000000000E-02    0.7666015625000000E-03
   27    0.4765625000000000E-02    0.9873199462890625E-03
   28   -0.1191406250000000E-02    0.1037940979003906E-02
   29    0.1562500000000000E-03    0.6967926025390625E-03
   30    0.4628906250000000E-02    0.9919357299804686E-03
   31    0.7812500000000000E-03    0.9364318847656250E-03
   32    0.3632812500000000E-02    0.9986114501953124E-03
   33    0.8593750000000000E-03    0.9997558593749999E-03
   34    0.2929687500000000E-03    0.8449172973632813E-03
   35   -0.1367187500000000E-02    0.9780120849609375E-03
   36   -0.1894531250000000E-02    0.9436416625976563E-03
   37   -0.5136718750000000E-02    0.1026191711425781E-02
   38   -0.2011718750000000E-02    0.8060073852539062E-03
   39   -0.4296875000000000E-03    0.1181640625000000E-02
   40    0.1953125000000000E-04    0.1163139343261719E-02
   41    0.5625000000000000E-02    0.1039123535156250E-02
   42    0.3906250000000000E-03    0.1282119750976563E-02
   43   -0.1425781250000000E-02    0.6557846069335937E-03
   44    0.2343750000000000E-02    0.8456420898437500E-03
   45    0.2343750000000000E-03    0.1024932861328125E-02
   46    0.1308593750000000E-02    0.8902359008789063E-03
   47   -0.5156250000000000E-02    0.9737396240234375E-03
   48   -0.1250000000000000E-02    0.9673309326171875E-03
   49   -0.8398437500000000E-03    0.1220283508300781E-02
   50    0.7910156250000000E-02    0.1258430480957031E-02
   51    0.5917968750000000E-02    0.1024284362792969E-02
   52    0.5195312500000000E-02    0.1067886352539062E-02
   53    0.8398437500000000E-03    0.9791183471679688E-03
   54   -0.7421875000000000E-03    0.1071243286132812E-02
   55   -0.3906250000000000E-02    0.1031951904296875E-02
   56   -0.1562500000000000E-03    0.9925842285156250E-03
   57    0.2636718750000000E-02    0.1222724914550781E-02
   58   -0.2265625000000000E-02    0.8242797851562500E-03
   59   -0.8437500000000001E-02    0.9630584716796875E-03
   60   -0.4179687500000000E-02    0.1262130737304688E-02
   61   -0.4160156250000000E-02    0.1035957336425781E-02
   62    0.4492187500000000E-03    0.9787368774414062E-03
   63   -0.4687500000000000E-03    0.9732818603515624E-03
   64   -0.5468750000000001E-03    0.8956146240234375E-03
   65   -0.3398437500000000E-02    0.1137619018554688E-02
   66    0.1152343750000000E-02    0.9504318237304688E-03
   67   -0.9375000000000000E-03    0.9037780761718750E-03
   68   -0.3515625000000000E-03    0.7041931152343750E-03
   69   -0.3457031250000000E-02    0.8911514282226563E-03
   70   -0.3828125000000000E-02    0.8229064941406250E-03
   71   -0.1562500000000000E-02    0.9169006347656251E-03
   72   -0.1699218750000000E-02    0.9476852416992188E-03
   73   -0.1796875000000000E-02    0.1118164062500000E-02
   74   -0.2265625000000000E-02    0.8129882812500000E-03
   75   -0.5078125000000000E-02    0.9712219238281250E-03
   76   -0.3085937500000000E-02    0.8450317382812500E-03
   77   -0.3144531250000000E-02    0.8751296997070312E-03
   78   -0.4316406250000000E-02    0.8803939819335937E-03
   79   -0.1230468750000000E-02    0.8943557739257812E-03
   80    0.1562500000000000E-03    0.1057891845703125E-02
   81    0.2734375000000000E-03    0.1080856323242187E-02
   82    0.2871093750000000E-02    0.1105003356933594E-02
   83    0.6640625000000000E-03    0.1008834838867187E-02
   84   -0.7031250000000000E-02    0.1114349365234375E-02
   85    0.1367187500000000E-03    0.9580612182617188E-03
   86   -0.1796875000000000E-02    0.9034729003906250E-03
   87    0.2304687500000000E-02    0.8008575439453125E-03
   88   -0.2382812500000000E-02    0.8443450927734375E-03
   89   -0.3828125000000000E-02    0.1336822509765625E-02
   90   -0.2460937500000000E-02    0.9141540527343749E-03
   91    0.3710937500000000E-03    0.1028175354003906E-02
   92   -0.2734375000000000E-02    0.1068801879882813E-02
   93   -0.3613281250000000E-02    0.1000938415527344E-02
   94    0.4140625000000000E-02    0.8433532714843750E-03
   95   -0.5664062500000000E-03    0.8428573608398437E-03
   96    0.3066406250000000E-02    0.8837509155273437E-03
   97   -0.1894531250000000E-02    0.7239151000976563E-03
   98    0.1796875000000000E-02    0.1103210449218750E-02
   99   -0.5429687500000000E-02    0.1027526855468750E-02
  100   -0.2753906250000000E-02    0.8797836303710937E-03
