# time =    0.4711
    0    0.1000000000000000E+01    0.1000000000000000E+01
    1    0.2672460937500000E+00    0.7234531402587890E-01
    2    0.1015820312500000E+00    0.1128101348876953E-01
    3    0.4416015625000000E-01    0.2961235046386719E-02
    4    0.1923828125000000E-01    0.1395454406738281E-02
    5    0.1095703125000000E-01    0.1317939758300781E-02
    6    0.9531250000000000E-02    0.1099548339843750E-02
    7    0.7363281250000000E-02    0.9778976440429688E-03
    8   -0.2148437500000000E-03    0.1024971008300781E-02
    9   -0.7617187500000000E-03    0.9714889526367187E-03
   10   -0.7148437500000000E-02    0.1047515869140625E-02
   11   -0.2304687500000000E-02    0.1178283691406250E-02
   12   -0.1015625000000000E-02    0.8991241455078125E-03
   13    0.4453125000000000E-02    0.9701538085937500E-03
   14    0.1074218750000000E-02    0.1027183532714844E-02
   15   -0.2519531250000000E-02    0.1091880798339844E-02
   16   -0.8789062500000000E-03    0.9807205200195312E-03
   17   -0.8203125000000000E-03    0.1079254150390625E-02
   18   -0.1484375000000000E-02    0.6746673583984376E-03
   19   -0.5253906250000000E-02    0.9340286254882812E-03
   20   -0.8007812500000000E-03    0.8057785034179687E-03
   21   -0.1054687500000000E-02    0.9741210937500001E-03
   22   -0.3457031250000000E-02    0.7754135131835938E-03
   23   -0.2109375000000000E-02    0.9358215332031250E-03
   24   -0.2656250000000000E-02    0.9194183349609375E-03
   25   -0.4726562500000000E-02    0.9064483642578125E-03
   26   -0.4199218750000000E-02    0.9972763061523438E-03
   27   -0.4296875000000000E-02    0.8266448974609375E-03
   28   -0.5234375000000000E-02    0.1006317138671875E-02
   29   -0.7636718750000000E-02    0.9991836547851563E-03
   30    0.1894531250000000E-02    0.1136131286621094E-02
   31    0.5468750000000000E-02    0.1317749023437500E-02
   32   -0.1230468750000000E-02    0.8691787719726562E-03
   33    0.4121093750000000E-02    0.1142234802246094E-02
   34   -0.6250000000000000E-03    0.1127853393554688E-02
   35    0.1054687500000000E-02    0.9735870361328125E-03
   36   -0.1152343750000000E-02    0.9576034545898438E-03
   37   -0.5468750000000001E-03    0.8101654052734375E-03
   38   -0.1386718750000000E-02    0.1036415100097656E-02
   39   -0.1914062500000000E-02    0.9506225585937500E-03
   40   -0.3906250000000000E-02    0.9685516357421875E-03
   41   -0.2304687500000000E-02    0.1046295166015625E-02
   42   -0.1601562500000000E-02    0.8787536621093751E-03
   43   -0.8554687500000000E-02    0.1100463867187500E-02
   44   -0.5273437500000000E-02    0.8530426025390625E-03
   45   -0.2617187500000000E-02    0.8985900878906250E-03
   46   -0.2265625000000000E-02    0.1046295166015625E-02
   47   -0.8398437500000000E-02    0.1068191528320312E-02
   48   -0.4453125000000000E-02    0.8889770507812500E-03
   49   -0.1699218750000000E-02    0.7323074340820312E-03
   50    0.4238281250000000E-02    0.9903335571289063E-03
   51   -0.1171875000000000E-02    0.8353424072265625E-03
   52    0.9765625000000001E-04    0.1022911071777344E-02
   53   -0.3125000000000000E-03    0.1199111938476562E-02
   54   -0.2734375000000000E-02    0.1001892089843750E-02
   55   -0.2050781250000000E-02    0.8284378051757812E-03
   56    0.2851562500000000E-02    0.9293365478515625E-03
   57   -0.5273437500000000E-03    0.8411788940429687E-03
   58    0.9960937500000000E-03    0.8918380737304687E-03
   59   -0.1777343750000000E-02    0.7176589965820312E-03
   60   -0.1308593750000000E-02    0.7645034790039062E-03
   61   -0.4296875000000000E-03    0.1148376464843750E-02
   62    0.2636718750000000E-02    0.1143836975097656E-02
   63    0.3027343750000000E-02    0.1233177185058594E-02
   64    0.4863281250000000E-02    0.1117897033691406E-02
   65    0.6171875000000000E-02    0.8531188964843749E-03
   66    0.5664062500000000E-03    0.1178779602050781E-02
   67    0.3242187500000000E-02    0.7458496093750000E-03
   68    0.8007812500000000E-03    0.1036720275878906E-02
   69   -0.9765625000000000E-03    0.9917449951171876E-03
   70    0.2421875000000000E-02    0.1002044677734375E-02
   71    0.6699218750000000E-02    0.9012985229492188E-03
   72    0.7031250000000000E-03    0.1145706176757812E-02
   73    0.3730468750000000E-02    0.9431076049804687E-03
   74    0.4804687500000000E-02    0.9361267089843750E-03
   75    0.8906249999999999E-02    0.1093139648437500E-02
   76    0.0000000000000000E+00    0.9101867675781250E-03
   77    0.5664062500000000E-02    0.1155242919921875E-02
   78   -0.1953125000000000E-04    0.9437179565429687E-03
   79    0.2343750000000000E-02    0.1000747680664062E-02
   80    0.2832031250000000E-02    0.9579849243164062E-03
   81   -0.5664062500000000E-03    0.9213638305664063E-03
   82   -0.2460937500000000E-02    0.8550262451171874E-03
   83   -0.2539062500000000E-03    0.8976364135742188E-03
   84    0.1757812500000000E-02    0.9652709960937500E-03
   85    0.3906250000000000E-03    0.9393310546875000E-03
   86    0.1562500000000000E-03    0.1006469726562500E-02
   87    0.3984375000000000E-02    0.8021545410156250E-03
   88    0.1816406250000000E-02    0.8223342895507812E-03
   89    0.5664062500000000E-02    0.1273574829101563E-02
   90    0.2421875000000000E-02    0.8270263671875000E-03
   91    0.4843750000000000E-02    0.1170501708984375E-02
   92    0.4843750000000000E-02    0.1171569824218750E-02
   93   -0.3125000000000000E-03    0.8239746093750000E-03
   94    0.3476562500000000E-02    0.8957672119140625E-03
   95   -0.1562500000000000E-03    0.1327209472656250E-02
   96    0.6445312500000000E-03    0.1155738830566406E-02
   97    0.6484375000000000E-02    0.9896850585937500E-03
   98   -0.4687500000000000E-03    0.1057891845703125E-02
   99    0.3320312500000000E-03    0.1107292175292969E-02
  100    0.1132812500000000E-02    0.1020050048828125E-02
