# time =    0.4670
    0    0.1000000000000000E+01    0.1000000000000000E+01
    1    0.2228125000000000E+00    0.5046211242675781E-01
    2    0.5259765625000000E-01    0.3771781921386719E-02
    3    0.1042968750000000E-01    0.1209335327148437E-02
    4    0.3964843750000000E-02    0.1061744689941406E-02
    5    0.8984375000000000E-03    0.1031112670898438E-02
    6    0.8398437500000000E-03    0.8501052856445312E-03
    7   -0.2441406250000000E-02    0.1029243469238281E-02
    8    0.2949218750000000E-02    0.8778762817382812E-03
    9    0.7812500000000000E-03    0.8528900146484375E-03
   10    0.3007812500000000E-02    0.8499908447265625E-03
   11    0.4316406250000000E-02    0.1097145080566406E-02
   12   -0.4589843750000000E-02    0.8658981323242188E-03
   13    0.4882812500000000E-03    0.8260726928710938E-03
   14    0.1542968750000000E-02    0.9255599975585937E-03
   15    0.2929687500000000E-02    0.1090087890625000E-02
   16    0.2734375000000000E-02    0.1034851074218750E-02
   17    0.6542968750000000E-02    0.1026268005371094E-02
   18   -0.7812500000000000E-04    0.1024398803710938E-02
   19    0.3203125000000000E-02    0.1111297607421875E-02
   20    0.1406250000000000E-02    0.1380767822265625E-02
   21   -0.4843750000000000E-02    0.1120300292968750E-02
   22   -0.3320312500000000E-03    0.9630203247070312E-03
   23   -0.3105468750000000E-02    0.1169929504394531E-02
   24    0.2148437500000000E-03    0.1059074401855469E-02
   25   -0.5195312500000000E-02    0.1253738403320313E-02
   26   -0.4062500000000000E-02    0.9074401855468750E-03
   27    0.2714843750000000E-02    0.7564163208007812E-03
   28    0.2851562500000000E-02    0.1143188476562500E-02
   29    0.4121093750000000E-02    0.9294509887695313E-03
   30    0.3281250000000000E-02    0.8879089355468750E-03
   31   -0.4394531250000000E-02    0.1026649475097656E-02
   32    0.2812500000000000E-02    0.8958435058593750E-03
   33    0.2070312500000000E-02    0.1020355224609375E-02
   34    0.2871093750000000E-02    0.1053276062011719E-02
   35    0.3417968750000000E-02    0.9743881225585938E-03
   36    0.2421875000000000E-02    0.8776855468750000E-03
   37    0.3730468750000000E-02    0.1021003723144531E-02
   38   -0.8203125000000000E-03    0.1220321655273437E-02
   39    0.1562500000000000E-02    0.9464263916015625E-03
   40   -0.6054687500000000E-03    0.9119796752929687E-03
   41    0.5468750000000001E-03    0.9371948242187500E-03
   42    0.2109375000000000E-02    0.1165695190429687E-02
   43   -0.1015625000000000E-02    0.1002349853515625E-02
   44    0.1953125000000000E-04    0.1142616271972656E-02
   45    0.4687500000000000E-03    0.8811187744140625E-03
   46    0.2460937500000000E-02    0.1191101074218750E-02
   47   -0.1269531250000000E-02    0.1289710998535156E-02
   48   -0.7617187500000000E-03    0.9086227416992187E-03
   49   -0.2343750000000000E-03    0.8825683593750001E-03
   50    0.1503906250000000E-02    0.1146583557128906E-02
   51    0.8007812500000000E-03    0.7086563110351563E-03
   52   -0.1152343750000000E-02    0.1093406677246094E-02
   53    0.5976562500000000E-02    0.8940887451171875E-03
   54    0.3203125000000000E-02    0.8819580078125000E-03
   55    0.1250000000000000E-02    0.1089553833007813E-02
   56   -0.6074218750000000E-02    0.8683395385742187E-03
   57    0.2343750000000000E-03    0.8320617675781250E-03
   58    0.1562500000000000E-02    0.9172058105468750E-03
   59   -0.3710937500000000E-02    0.1301574707031250E-02
   60   -0.8007812500000000E-03    0.7921981811523437E-03
   61    0.5097656250000000E-02    0.1015739440917969E-02
   62    0.2500000000000000E-02    0.9542846679687500E-03
   63    0.8984375000000000E-03    0.1022491455078125E-02
   64   -0.3320312500000000E-02    0.8706665039062500E-03
   65    0.1054687500000000E-02    0.8843994140625000E-03
   66    0.2011718750000000E-02    0.9022140502929687E-03
   67   -0.1230468750000000E-02    0.9198379516601562E-03
   68   -0.5859375000000000E-03    0.1033630371093750E-02
   69   -0.9375000000000000E-03    0.8843994140625000E-03
   70    0.5429687500000000E-02    0.1104202270507812E-02
   71   -0.3359375000000000E-02    0.1248397827148437E-02
   72   -0.3769531250000000E-02    0.8358383178710938E-03
   73   -0.5078125000000000E-02    0.9097290039062500E-03
   74    0.0000000000000000E+00    0.8022308349609375E-03
   75   -0.4492187500000000E-03    0.1064872741699219E-02
   76    0.1484375000000000E-02    0.1007385253906250E-02
   77    0.3007812500000000E-02    0.8155822753906250E-03
   78    0.1367187500000000E-02    0.8895874023437500E-03
   79   -0.1230468750000000E-02    0.8784103393554688E-03
   80    0.6074218750000000E-02    0.9424972534179687E-03
   81    0.4707031250000000E-02    0.1113929748535156E-02
   82    0.1464843750000000E-02    0.8546829223632813E-03
   83   -0.7421875000000000E-03    0.9675598144531249E-03
   84   -0.1582031250000000E-02    0.8005142211914062E-03
   85   -0.2050781250000000E-02    0.1098899841308594E-02
   86   -0.2421875000000000E-02    0.1058425903320312E-02
   87    0.2363281250000000E-02    0.1188621520996094E-02
   88   -0.1699218750000000E-02    0.9432601928710938E-03
   89    0.6835937500000000E-03    0.1003532409667969E-02
   90    0.1093750000000000E-02    0.1252822875976563E-02
   91   -0.1367187500000000E-02    0.9281158447265625E-03
   92   -0.1289062500000000E-02    0.1133422851562500E-02
   93    0.5468750000000000E-02    0.1006546020507813E-02
   94    0.9765625000000000E-03    0.1146316528320312E-02
   95   -0.5253906250000000E-02    0.9054946899414063E-03
   96   -0.2460937500000000E-02    0.7762908935546875E-03
   97    0.4785156250000000E-02    0.8808517456054687E-03
   98    0.5859375000000000E-03    0.1035385131835938E-02
   99    0.1171875000000000E-03    0.8428955078125000E-03
  100   -0.4101562500000000E-02    0.1062927246093750E-02
