# time =    0.4251
    0    0.1000000000000000E+01    0.1000000000000000E+01
    1    0.3633593750000000E+00    0.1327167510986328E+00
    2    0.1910742187500000E+00    0.3751575469970703E-01
    3    0.1262890625000000E+00    0.1696166992187500E-01
    4    0.8943359375000000E-01    0.9081459045410157E-02
    5    0.6855468750000000E-01    0.5727233886718750E-02
    6    0.5953125000000000E-01    0.4439468383789062E-02
    7    0.5582031250000000E-01    0.4050064086914063E-02
    8    0.4445312500000000E-01    0.2957458496093750E-02
    9    0.4314453125000000E-01    0.2908210754394531E-02
   10    0.4050781250000000E-01    0.2599029541015625E-02
   11    0.3910156250000000E-01    0.2536010742187500E-02
   12    0.3248046875000000E-01    0.2082176208496094E-02
   13    0.3080078125000000E-01    0.1921882629394531E-02
   14    0.2990234375000000E-01    0.2001228332519531E-02
   15    0.2875000000000000E-01    0.1879653930664063E-02
   16    0.2648437500000000E-01    0.1823883056640625E-02
   17    0.2525390625000000E-01    0.1815528869628906E-02
   18    0.2230468750000000E-01    0.1579742431640625E-02
   19    0.2380859375000000E-01    0.1564826965332031E-02
   20    0.2027343750000000E-01    0.1296615600585937E-02
   21    0.2107421875000000E-01    0.1589927673339844E-02
   22    0.1718750000000000E-01    0.1228408813476562E-02
   23    0.1875000000000000E-01    0.1230087280273437E-02
   24    0.1949218750000000E-01    0.1275482177734375E-02
   25    0.1953125000000000E-01    0.1473693847656250E-02
   26    0.2068359375000000E-01    0.1413841247558594E-02
   27    0.1859375000000000E-01    0.1224212646484375E-02
   28    0.2031250000000000E-01    0.1337356567382812E-02
   29    0.2039062500000000E-01    0.1345062255859375E-02
   30    0.1750000000000000E-01    0.1184997558593750E-02
   31    0.1599609375000000E-01    0.1042213439941406E-02
   32    0.1658203125000000E-01    0.1212348937988281E-02
   33    0.1562500000000000E-01    0.1092071533203125E-02
   34    0.1541015625000000E-01    0.1228446960449219E-02
   35    0.1638671875000000E-01    0.1381721496582031E-02
   36    0.1726562500000000E-01    0.1172027587890625E-02
   37    0.1445312500000000E-01    0.9622192382812500E-03
   38    0.1546875000000000E-01    0.1130905151367187E-02
   39    0.1386718750000000E-01    0.1065444946289063E-02
   40    0.1558593750000000E-01    0.1248703002929687E-02
   41    0.1289062500000000E-01    0.1232070922851563E-02
   42    0.1562500000000000E-01    0.1242752075195312E-02
   43    0.1607421875000000E-01    0.1078300476074219E-02
   44    0.1341796875000000E-01    0.9364700317382813E-03
   45    0.1140625000000000E-01    0.8331298828125000E-03
   46    0.1322265625000000E-01    0.1220512390136719E-02
   47    0.1304687500000000E-01    0.1041641235351563E-02
   48    0.1240234375000000E-01    0.8206558227539062E-03
   49    0.1158203125000000E-01    0.1034049987792969E-02
   50    0.7382812500000000E-02    0.1001968383789063E-02
   51    0.6738281250000000E-02    0.1031303405761719E-02
   52    0.8867187500000000E-02    0.1056671142578125E-02
   53    0.6835937500000000E-02    0.1067657470703125E-02
   54    0.5742187500000000E-02    0.8172607421875000E-03
   55    0.5625000000000000E-02    0.9482574462890625E-03
   56    0.8261718750000001E-02    0.1060371398925781E-02
   57    0.8242187500000000E-02    0.1104049682617188E-02
   58    0.7246093750000000E-02    0.8678054809570313E-03
   59    0.6992187500000000E-02    0.9201812744140625E-03
   60    0.9589843750000000E-02    0.1003227233886719E-02
   61    0.6914062500000000E-02    0.9896087646484376E-03
   62    0.1185546875000000E-01    0.9904861450195312E-03
   63    0.1074218750000000E-01    0.1125793457031250E-02
   64    0.7500000000000000E-02    0.8823394775390625E-03
   65    0.5546875000000000E-02    0.1010360717773438E-02
   66    0.8398437500000000E-02    0.1212463378906250E-02
   67    0.5703125000000000E-02    0.1152801513671875E-02
   68    0.5312500000000000E-02    0.1126632690429687E-02
   69    0.6835937500000000E-02    0.1056365966796875E-02
   70    0.4335937500000000E-02    0.9603118896484375E-03
   71    0.3945312500000000E-02    0.1046066284179688E-02
   72   -0.1953125000000000E-04    0.1208839416503906E-02
   73    0.1718750000000000E-02    0.9831237792968751E-03
   74    0.6054687500000000E-03    0.1001777648925781E-02
   75    0.5468750000000001E-03    0.1121292114257812E-02
   76    0.1367187500000000E-03    0.1135749816894531E-02
   77    0.2578125000000000E-02    0.8593750000000000E-03
   78    0.4101562500000000E-02    0.8229064941406250E-03
   79    0.2734375000000000E-02    0.8788299560546875E-03
   80    0.2519531250000000E-02    0.9560775756835937E-03
   81    0.1855468750000000E-02    0.8958816528320312E-03
   82    0.3906250000000000E-02    0.8496093750000000E-03
   83    0.2968750000000000E-02    0.8283233642578124E-03
   84    0.1914062500000000E-02    0.7418060302734375E-03
   85    0.1875000000000000E-02    0.8134460449218750E-03
   86    0.1640625000000000E-02    0.8307647705078125E-03
   87   -0.7031250000000000E-03    0.9164428710937500E-03
   88    0.1367187500000000E-03    0.9925460815429687E-03
   89   -0.1601562500000000E-02    0.1004257202148437E-02
   90    0.8789062500000000E-03    0.1186332702636719E-02
   91   -0.1445312500000000E-02    0.1039581298828125E-02
   92    0.3906250000000000E-04    0.1007690429687500E-02
   93   -0.1250000000000000E-02    0.9713745117187499E-03
   94    0.1464843750000000E-02    0.1172904968261719E-02
   95    0.2089843750000000E-02    0.9561538696289063E-03
   96    0.2421875000000000E-02    0.1054382324218750E-02
   97    0.2675781250000000E-02    0.1088447570800781E-02
   98    0.5332031250000000E-02    0.9695053100585938E-03
   99    0.3476562500000000E-02    0.8831787109375000E-03
  100   -0.2734375000000000E-03    0.7749176025390624E-03
