# time =    0.4653
    0    0.1000000000000000E+01    0.1000000000000000E+01
    1    0.2618164062500000E+00    0.6926448822021485E-01
    2    0.7939453125000000E-01    0.7071189880371094E-02
    3    0.2644531250000000E-01    0.1501846313476562E-02
    4    0.8007812499999999E-02    0.8271789550781250E-03
    5   -0.1113281250000000E-02    0.1182136535644531E-02
    6    0.4296875000000000E-03    0.8810424804687500E-03
    7   -0.4882812500000000E-03    0.8602523803710937E-03
    8   -0.7558593750000000E-02    0.8604049682617188E-03
    9   -0.2460937500000000E-02    0.6562042236328125E-03
   10   -0.8984375000000000E-03    0.9644317626953125E-03
   11   -0.5449218750000000E-02    0.9866714477539062E-03
   12   -0.1289062500000000E-02    0.1021575927734375E-02
   13    0.2246093750000000E-02    0.9461593627929688E-03
   14   -0.3789062500000000E-02    0.9069061279296875E-03
   15   -0.6445312500000000E-03    0.8595657348632813E-03
   16   -0.9765625000000000E-03    0.9975433349609375E-03
   17   -0.3417968750000000E-02    0.1015434265136719E-02
   18    0.3632812500000000E-02    0.1244354248046875E-02
   19    0.1640625000000000E-02    0.9368896484375000E-03
   20   -0.3808593750000000E-02    0.1013908386230469E-02
   21   -0.8398437500000000E-03    0.9846878051757812E-03
   22   -0.3964843750000000E-02    0.1136817932128906E-02
   23   -0.2500000000000000E-02    0.1063842773437500E-02
   24   -0.3085937500000000E-02    0.9235382080078125E-03
   25    0.1855468750000000E-02    0.1014366149902344E-02
   26    0.9765625000000000E-03    0.1097259521484375E-02
   27   -0.1367187500000000E-02    0.1035003662109375E-02
   28    0.8007812499999999E-02    0.8707427978515625E-03
   29    0.3515625000000000E-03    0.8563232421875000E-03
   30   -0.5976562500000000E-02    0.1021575927734375E-02
   31   -0.1562500000000000E-03    0.9357452392578125E-03
   32   -0.2089843750000000E-02    0.7326126098632813E-03
   33   -0.2363281250000000E-02    0.8341598510742187E-03
   34   -0.3066406250000000E-02    0.7741928100585937E-03
   35   -0.1269531250000000E-02    0.1001548767089844E-02
   36    0.6640625000000000E-03    0.1234436035156250E-02
   37    0.3535156250000000E-02    0.8728408813476563E-03
   38   -0.1289062500000000E-02    0.1023178100585938E-02
   39    0.1484375000000000E-02    0.9683227539062500E-03
   40    0.2773437500000000E-02    0.9381103515625000E-03
   41   -0.1523437500000000E-02    0.1077575683593750E-02
   42   -0.3378906250000000E-02    0.1043663024902344E-02
   43    0.2636718750000000E-02    0.1184883117675781E-02
   44    0.1601562500000000E-02    0.1031646728515625E-02
   45   -0.1914062500000000E-02    0.1030426025390625E-02
   46   -0.2753906250000000E-02    0.1031837463378906E-02
   47   -0.1484375000000000E-02    0.8094024658203125E-03
   48    0.8007812500000000E-03    0.8165359497070313E-03
   49   -0.6738281250000000E-02    0.1191902160644531E-02
   50   -0.6054687500000000E-03    0.1077537536621094E-02
   51    0.1914062500000000E-02    0.1021270751953125E-02
   52    0.8007812499999999E-02    0.1003036499023437E-02
   53    0.6445312500000000E-03    0.1146965026855469E-02
   54   -0.4863281250000000E-02    0.1073646545410156E-02
   55    0.5332031250000000E-02    0.1178016662597656E-02
   56    0.3750000000000000E-02    0.1064987182617188E-02
   57   -0.6640625000000000E-03    0.9020233154296875E-03
   58   -0.4785156250000000E-02    0.8782577514648437E-03
   59   -0.6308593750000000E-02    0.8530044555664063E-03
   60   -0.4785156250000000E-02    0.9331893920898437E-03
   61    0.1445312500000000E-02    0.9635162353515625E-03
   62    0.1210937500000000E-02    0.9179687499999999E-03
   63    0.8593750000000000E-03    0.9362792968750000E-03
   64    0.1796875000000000E-02    0.8722686767578125E-03
   65    0.1894531250000000E-02    0.9910964965820313E-03
   66    0.5078125000000000E-03    0.1049423217773438E-02
   67    0.1718750000000000E-02    0.7341003417968750E-03
   68    0.1425781250000000E-02    0.7539749145507813E-03
   69    0.1933593750000000E-02    0.8910751342773438E-03
   70    0.5937500000000000E-02    0.1057434082031250E-02
   71    0.4746093750000000E-02    0.1220130920410156E-02
   72    0.3222656250000000E-02    0.1086692810058594E-02
   73    0.3906250000000000E-03    0.9600067138671875E-03
   74   -0.4863281250000000E-02    0.1072196960449219E-02
   75    0.2734375000000000E-03    0.1193847656250000E-02
   76   -0.1816406250000000E-02    0.8589553833007812E-03
   77   -0.3222656250000000E-02    0.9656143188476562E-03
   78    0.3945312500000000E-02    0.8065795898437500E-03
   79   -0.1933593750000000E-02    0.9820938110351562E-03
   80    0.1113281250000000E-02    0.8803176879882813E-03
   81   -0.2949218750000000E-02    0.8884811401367187E-03
   82   -0.1699218750000000E-02    0.1000556945800781E-02
   83   -0.4941406250000000E-02    0.9407424926757813E-03
   84   -0.1523437500000000E-02    0.8323669433593750E-03
   85    0.3242187500000000E-02    0.1130371093750000E-02
   86    0.4023437500000000E-02    0.1040267944335937E-02
   87    0.2929687500000000E-02    0.1188964843750000E-02
   88    0.3535156250000000E-02    0.9246444702148437E-03
   89    0.2617187500000000E-02    0.8755493164062500E-03
   90    0.6855468750000000E-02    0.9619522094726562E-03
   91    0.1562500000000000E-03    0.9040069580078125E-03
   92   -0.2695312500000000E-02    0.1000061035156250E-02
   93   -0.2734375000000000E-03    0.8040618896484375E-03
   94   -0.7910156250000000E-02    0.1014823913574219E-02
   95    0.6835937500000000E-03    0.9923934936523437E-03
   96    0.9765625000000001E-04    0.9930038452148438E-03
   97    0.1660156250000000E-02    0.1083030700683594E-02
   98   -0.4238281250000000E-02    0.8491134643554688E-03
   99    0.3710937500000000E-02    0.8625030517578125E-03
  100   -0.5429687500000000E-02    0.9113311767578125E-03
