# time =    0.4647
    0    0.1000000000000000E+01    0.1000000000000000E+01
    1    0.2075781250000000E+00    0.4363693237304687E-01
    2    0.4664062500000000E-01    0.3087615966796875E-02
    3    0.5195312500000000E-02    0.1146087646484375E-02
    4    0.8007812500000000E-03    0.1042976379394531E-02
    5    0.1621093750000000E-02    0.8884811401367187E-03
    6    0.7812500000000000E-03    0.7833862304687501E-03
    7    0.9570312500000000E-03    0.7535934448242188E-03
    8   -0.1796875000000000E-02    0.1047821044921875E-02
    9   -0.5878906250000000E-02    0.9530258178710938E-03
   10   -0.3632812500000000E-02    0.8169555664062500E-03
   11   -0.3945312500000000E-02    0.1001968383789063E-02
   12    0.1035156250000000E-02    0.9012985229492188E-03
   13    0.2285156250000000E-02    0.9319686889648438E-03
   14    0.4355468750000000E-02    0.1044960021972656E-02
   15    0.2363281250000000E-02    0.1139640808105469E-02
   16   -0.3710937500000000E-03    0.9273147583007813E-03
   17   -0.5664062500000000E-03    0.8275222778320313E-03
   18   -0.1738281250000000E-02    0.1058616638183594E-02
   19   -0.5468750000000001E-03    0.7891845703125000E-03
   20   -0.1679687500000000E-02    0.7911682128906250E-03
   21   -0.3476562500000000E-02    0.1062622070312500E-02
   22    0.6210937500000000E-02    0.1015167236328125E-02
   23    0.5781250000000000E-02    0.9205627441406250E-03
   24    0.4277343750000000E-02    0.9867477416992188E-03
   25   -0.2187500000000000E-02    0.1151199340820312E-02
   26   -0.2656250000000000E-02    0.9087371826171875E-03
   27   -0.4023437500000000E-02    0.9317779541015625E-03
   28    0.3203125000000000E-02    0.8444213867187501E-03
   29   -0.3339843750000000E-02    0.8123397827148437E-03
   30    0.1210937500000000E-02    0.1060256958007812E-02
   31    0.2929687500000000E-03    0.7657241821289062E-03
   32   -0.4023437500000000E-02    0.8171844482421875E-03
   33    0.2539062500000000E-02    0.1003875732421875E-02
   34   -0.7226562500000000E-03    0.9536361694335938E-03
   35   -0.7226562500000000E-03    0.9520339965820312E-03
   36   -0.4355468750000000E-02    0.1120719909667969E-02
   37   -0.2363281250000000E-02    0.9366226196289063E-03
   38   -0.1601562500000000E-02    0.1005554199218750E-02
   39    0.4023437500000000E-02    0.9651184082031250E-03
   40   -0.5039062500000000E-02    0.9947967529296874E-03
   41   -0.2031250000000000E-02    0.1144027709960937E-02
   42    0.3867187500000000E-02    0.8373260498046875E-03
   43    0.3203125000000000E-02    0.1100921630859375E-02
   44   -0.2031250000000000E-02    0.1006393432617187E-02
   45    0.1347656250000000E-02    0.9529495239257813E-03
   46    0.5761718750000000E-02    0.8735275268554688E-03
   47    0.5820312500000000E-02    0.1004714965820312E-02
   48    0.3710937500000000E-02    0.9976959228515626E-03
   49    0.4804687500000000E-02    0.1023635864257812E-02
   50   -0.3925781250000000E-02    0.8484268188476562E-03
   51   -0.4062500000000000E-02    0.1080703735351563E-02
   52   -0.9570312500000000E-03    0.1058845520019531E-02
   53    0.3222656250000000E-02    0.1144065856933594E-02
   54   -0.2109375000000000E-02    0.8036041259765625E-03
   55    0.1894531250000000E-02    0.9978866577148437E-03
   56   -0.2011718750000000E-02    0.1051216125488281E-02
   57   -0.2675781250000000E-02    0.7711410522460938E-03
   58    0.4687500000000000E-03    0.9075927734375000E-03
   59    0.1738281250000000E-02    0.1025276184082031E-02
   60   -0.2265625000000000E-02    0.9259796142578125E-03
   61    0.1308593750000000E-02    0.9704971313476562E-03
   62   -0.3222656250000000E-02    0.1041984558105469E-02
   63   -0.8203125000000000E-03    0.8430480957031250E-03
   64   -0.2011718750000000E-02    0.1105690002441406E-02
   65   -0.2539062500000000E-03    0.6408309936523438E-03
   66    0.1562500000000000E-02    0.1143722534179687E-02
   67    0.9960937500000000E-03    0.1093330383300781E-02
   68   -0.1855468750000000E-02    0.8908462524414063E-03
   69   -0.2539062500000000E-02    0.9135437011718750E-03
   70   -0.2128906250000000E-02    0.9812545776367188E-03
   71   -0.2695312500000000E-02    0.1058044433593750E-02
   72   -0.4121093750000000E-02    0.7853317260742188E-03
   73    0.1503906250000000E-02    0.1238059997558594E-02
   74    0.1933593750000000E-02    0.1071510314941406E-02
   75   -0.5898437500000000E-02    0.9134674072265625E-03
   76   -0.1582031250000000E-02    0.7835769653320312E-03
   77    0.2714843750000000E-02    0.6460952758789063E-03
   78   -0.1093750000000000E-02    0.9963989257812500E-03
   79    0.4375000000000000E-02    0.7656860351562500E-03
   80    0.8242187500000000E-02    0.8937072753906250E-03
   81    0.1347656250000000E-02    0.8244705200195312E-03
   82   -0.5859375000000000E-04    0.1036949157714844E-02
   83    0.6250000000000000E-03    0.1035308837890625E-02
   84    0.1953125000000000E-02    0.8393096923828125E-03
   85   -0.5605468750000000E-02    0.1154289245605469E-02
   86    0.7128906250000000E-02    0.1288261413574219E-02
   87   -0.2714843750000000E-02    0.7600021362304687E-03
   88    0.9765625000000000E-03    0.1264038085937500E-02
   89    0.3125000000000000E-02    0.1001892089843750E-02
   90   -0.2929687500000000E-03    0.1044044494628906E-02
   91    0.3632812500000000E-02    0.8570861816406250E-03
   92   -0.3789062500000000E-02    0.1084899902343750E-02
   93   -0.8203125000000000E-03    0.8954620361328125E-03
   94   -0.3437500000000000E-02    0.8582305908203125E-03
   95    0.2363281250000000E-02    0.7622909545898438E-03
   96    0.2636718750000000E-02    0.8896255493164063E-03
   97    0.3476562500000000E-02    0.1110839843750000E-02
   98    0.4667968750000000E-02    0.1068687438964844E-02
   99    0.1093750000000000E-02    0.8759307861328125E-03
  100    0.1425781250000000E-02    0.9697341918945313E-03
