# time =    0.4756
    0    0.1000000000000000E+01    0.1000000000000000E+01
    1    0.2547656250000000E+00    0.6573944091796875E-01
    2    0.9535156250000000E-01    0.9844360351562500E-02
    3    0.4541015625000000E-01    0.2948799133300781E-02
    4    0.2478515625000000E-01    0.1510429382324219E-02
    5    0.1154296875000000E-01    0.1251564025878906E-02
    6    0.5039062500000000E-02    0.1169281005859375E-02
    7    0.2792968750000000E-02    0.1165962219238281E-02
    8    0.3906250000000000E-03    0.1101760864257812E-02
    9    0.3046875000000000E-02    0.9013366699218750E-03
   10   -0.1855468750000000E-02    0.1149711608886719E-02
   11    0.2226562500000000E-02    0.1189193725585938E-02
   12    0.1992187500000000E-02    0.1069717407226563E-02
   13    0.4687500000000000E-03    0.1058425903320312E-02
   14   -0.2421875000000000E-02    0.9273529052734375E-03
   15   -0.5625000000000000E-02    0.1021728515625000E-02
   16   -0.5000000000000000E-02    0.8782958984375000E-03
   17   -0.5859375000000000E-03    0.9400177001953125E-03
   18    0.5253906250000000E-02    0.1003990173339844E-02
   19   -0.4941406250000000E-02    0.1084175109863281E-02
   20   -0.7714843750000000E-02    0.9485244750976563E-03
   21    0.1835937500000000E-02    0.9940338134765624E-03
   22   -0.4023437500000000E-02    0.1045837402343750E-02
   23   -0.6210937500000000E-02    0.1009902954101563E-02
   24   -0.2558593750000000E-02    0.1120338439941406E-02
   25   -0.3554687500000000E-02    0.1079025268554688E-02
   26    0.6054687500000000E-03    0.8675003051757812E-03
   27   -0.1757812500000000E-03    0.7763290405273437E-03
   28    0.0000000000000000E+00    0.8321380615234374E-03
   29    0.4687500000000000E-03    0.8708953857421875E-03
   30   -0.9375000000000000E-03    0.9268951416015625E-03
   31   -0.1640625000000000E-02    0.1177520751953125E-02
   32    0.3300781250000000E-02    0.1086235046386719E-02
   33    0.2695312500000000E-02    0.1044998168945312E-02
   34   -0.1679687500000000E-02    0.1132278442382812E-02
   35   -0.2949218750000000E-02    0.1010322570800781E-02
   36    0.2128906250000000E-02    0.9461593627929688E-03
   37   -0.1718750000000000E-02    0.9883880615234376E-03
   38   -0.1367187500000000E-02    0.8905029296875000E-03
   39   -0.5468750000000001E-03    0.1034469604492188E-02
   40   -0.3125000000000000E-02    0.1094741821289063E-02
   41   -0.2285156250000000E-02    0.9496688842773437E-03
   42   -0.7226562500000000E-03    0.8312606811523437E-03
   43   -0.3847656250000000E-02    0.1049156188964844E-02
   44   -0.5468750000000001E-03    0.1057662963867187E-02
   45    0.2343750000000000E-03    0.7028961181640625E-03
   46   -0.5722656250000000E-02    0.8781814575195313E-03
   47    0.1464843750000000E-02    0.1011695861816406E-02
   48    0.8984375000000000E-03    0.1198654174804688E-02
   49   -0.3769531250000000E-02    0.1013984680175781E-02
   50   -0.8984375000000000E-03    0.1187591552734375E-02
   51    0.8789062500000000E-03    0.8632278442382812E-03
   52    0.2890625000000000E-02    0.9068298339843750E-03
   53    0.1503906250000000E-02    0.8359146118164062E-03
   54   -0.4101562500000000E-03    0.7421493530273438E-03
   55    0.1191406250000000E-02    0.8999252319335937E-03
   56   -0.1425781250000000E-02    0.9959030151367187E-03
   57    0.3867187500000000E-02    0.1026763916015625E-02
   58   -0.8007812500000000E-03    0.1008186340332031E-02
   59   -0.4257812500000000E-02    0.9347534179687500E-03
   60   -0.8007812500000000E-03    0.9608078002929688E-03
   61    0.1777343750000000E-02    0.9442520141601563E-03
   62   -0.3203125000000000E-02    0.7757568359375001E-03
   63   -0.3671875000000000E-02    0.7395935058593750E-03
   64   -0.4707031250000000E-02    0.8935928344726562E-03
   65   -0.2402343750000000E-02    0.9215927124023438E-03
   66   -0.4628906250000000E-02    0.8899307250976562E-03
   67    0.1171875000000000E-03    0.1214370727539062E-02
   68   -0.5214843750000000E-02    0.1194343566894531E-02
   69   -0.1640625000000000E-02    0.9797668457031249E-03
   70   -0.5625000000000000E-02    0.1106033325195312E-02
   71   -0.7421875000000000E-03    0.9826660156250001E-03
   72   -0.6835937500000000E-03    0.1150779724121094E-02
   73   -0.3828125000000000E-02    0.9719085693359375E-03
   74    0.1914062500000000E-02    0.7614898681640625E-03
   75    0.1484375000000000E-02    0.1125869750976562E-02
   76    0.1953125000000000E-02    0.1024703979492188E-02
   77   -0.1796875000000000E-02    0.1135482788085938E-02
   78    0.1367187500000000E-02    0.7730102539062499E-03
   79   -0.3476562500000000E-02    0.9922790527343750E-03
   80   -0.7812500000000000E-04    0.8282470703125000E-03
   81   -0.2539062500000000E-02    0.9268951416015625E-03
   82    0.2128906250000000E-02    0.9133529663085938E-03
   83    0.4472656250000000E-02    0.8031845092773438E-03
   84    0.3144531250000000E-02    0.7831954956054688E-03
   85    0.7675781250000000E-02    0.1066932678222656E-02
   86    0.6289062500000000E-02    0.9169769287109375E-03
   87   -0.1523437500000000E-02    0.7273864746093750E-03
   88    0.2148437500000000E-02    0.7328796386718750E-03
   89    0.1894531250000000E-02    0.1002922058105469E-02
   90   -0.1699218750000000E-02    0.8609390258789062E-03
   91    0.4492187500000000E-02    0.1054992675781250E-02
   92    0.2929687500000000E-02    0.1052627563476562E-02
   93   -0.7421875000000000E-03    0.1122207641601563E-02
   94    0.2597656250000000E-02    0.1072196960449219E-02
   95    0.2480468750000000E-02    0.6364822387695312E-03
   96   -0.6640625000000000E-03    0.8237457275390625E-03
   97   -0.3710937500000000E-03    0.8825302124023437E-03
   98   -0.2011718750000000E-02    0.9727096557617188E-03
   99   -0.2695312500000000E-02    0.1053161621093750E-02
  100   -0.2910156250000000E-02    0.1030921936035156E-02
