# time =    0.4562
    0    0.1000000000000000E+01    0.1000000000000000E+01
    1    0.1908984375000000E+00    0.3729530334472656E-01
    2    0.4646484375000000E-01    0.3312034606933594E-02
    3    0.8886718750000000E-02    0.1185569763183594E-02
    4   -0.2968750000000000E-02    0.8620452880859375E-03
    5   -0.3710937500000000E-02    0.8532714843750000E-03
    6   -0.3378906250000000E-02    0.8398056030273438E-03
    7   -0.2480468750000000E-02    0.9218978881835937E-03
    8   -0.4843750000000000E-02    0.1233901977539062E-02
    9   -0.5078125000000000E-02    0.9065246582031249E-03
   10    0.1484375000000000E-02    0.7340240478515625E-03
   11    0.3457031250000000E-02    0.1039924621582031E-02
   12    0.3867187500000000E-02    0.1047286987304688E-02
   13   -0.3515625000000000E-03    0.1000061035156250E-02
   14    0.7324218750000000E-02    0.9842300415039062E-03
   15    0.3144531250000000E-02    0.1116600036621094E-02
   16    0.3183593750000000E-02    0.9778976440429688E-03
   17    0.2187500000000000E-02    0.1162643432617187E-02
   18   -0.1992187500000000E-02    0.1145248413085938E-02
   19   -0.1621093750000000E-02    0.8258438110351563E-03
   20   -0.8203125000000000E-03    0.1077041625976562E-02
   21   -0.4492187500000000E-03    0.7223129272460937E-03
   22    0.2343750000000000E-02    0.7611083984375000E-03
   23   -0.4101562500000000E-03    0.1059379577636719E-02
   24   -0.6640625000000000E-03    0.8823394775390625E-03
   25    0.1621093750000000E-02    0.9702682495117187E-03
   26   -0.1503906250000000E-02    0.8914566040039062E-03
   27    0.3906250000000000E-02    0.1043853759765625E-02
   28    0.2910156250000000E-02    0.1029930114746094E-02
   29    0.3457031250000000E-02    0.8884048461914062E-03
   30   -0.1347656250000000E-02    0.1053276062011719E-02
   31    0.6171875000000000E-02    0.9181976318359375E-03
   32    0.4296875000000000E-02    0.9107971191406250E-03
   33    0.1953125000000000E-02    0.1172103881835937E-02
   34    0.2500000000000000E-02    0.7357788085937500E-03
   35    0.2558593750000000E-02    0.8973312377929687E-03
   36    0.1367187500000000E-02    0.6697082519531250E-03
   37   -0.9765625000000000E-03    0.1163101196289062E-02
   38   -0.4101562500000000E-03    0.9541702270507812E-03
   39   -0.5468750000000000E-02    0.1027755737304688E-02
   40   -0.6679687500000000E-02    0.9638214111328125E-03
   41   -0.2167968750000000E-02    0.1170082092285156E-02
   42    0.5351562500000000E-02    0.9729003906250000E-03
   43   -0.2050781250000000E-02    0.1036491394042969E-02
   44   -0.6425781250000000E-02    0.1070060729980469E-02
   45    0.4882812500000000E-03    0.1114768981933594E-02
   46    0.2929687500000000E-03    0.1214561462402344E-02
   47    0.3125000000000000E-02    0.9588623046875001E-03
   48    0.3750000000000000E-02    0.1027832031250000E-02
   49   -0.1503906250000000E-02    0.7667922973632812E-03
   50   -0.4296875000000000E-03    0.9971618652343749E-03
   51   -0.4277343750000000E-02    0.9316635131835937E-03
   52    0.2343750000000000E-03    0.7935333251953125E-03
   53   -0.8984375000000000E-03    0.1001739501953125E-02
   54   -0.3515625000000000E-03    0.8968353271484375E-03
   55   -0.1679687500000000E-02    0.8557891845703125E-03
   56    0.1035156250000000E-02    0.8404159545898438E-03
   57    0.4335937500000000E-02    0.8691406250000000E-03
   58    0.4042968750000000E-02    0.1007423400878906E-02
   59    0.3945312500000000E-02    0.1002349853515625E-02
   60   -0.1250000000000000E-02    0.1149368286132813E-02
   61   -0.1152343750000000E-02    0.1012229919433594E-02
   62    0.2187500000000000E-02    0.9565734863281250E-03
   63    0.2539062500000000E-02    0.8915710449218750E-03
   64   -0.3320312500000000E-02    0.7950592041015625E-03
   65   -0.5839843750000000E-02    0.1000022888183594E-02
   66   -0.1074218750000000E-02    0.1066169738769531E-02
   67    0.1757812500000000E-02    0.8513641357421875E-03
   68    0.3906250000000000E-03    0.7592010498046875E-03
   69   -0.1855468750000000E-02    0.9251022338867187E-03
   70    0.1757812500000000E-03    0.8987808227539063E-03
   71   -0.3320312500000000E-03    0.8855056762695312E-03
   72   -0.1132812500000000E-02    0.9299468994140625E-03
   73   -0.3242187500000000E-02    0.1045837402343750E-02
   74   -0.5078125000000000E-03    0.9342193603515625E-03
   75   -0.1386718750000000E-02    0.1068077087402344E-02
   76    0.1816406250000000E-02    0.1089897155761719E-02
   77   -0.2558593750000000E-02    0.1085472106933594E-02
   78    0.9375000000000000E-03    0.8712768554687500E-03
   79    0.2734375000000000E-02    0.9797668457031249E-03
   80    0.3085937500000000E-02    0.1254196166992187E-02
   81    0.7421875000000000E-03    0.1095581054687500E-02
   82    0.6367187500000000E-02    0.9837341308593750E-03
   83    0.2265625000000000E-02    0.1034393310546875E-02
   84    0.6250000000000000E-03    0.8958435058593750E-03
   85    0.3125000000000000E-03    0.9240722656250000E-03
   86    0.2519531250000000E-02    0.1184806823730469E-02
   87   -0.1054687500000000E-02    0.7573699951171875E-03
   88    0.1328125000000000E-02    0.1223449707031250E-02
   89   -0.1445312500000000E-02    0.1127624511718750E-02
   90   -0.2148437500000000E-02    0.8044433593750000E-03
   91   -0.1757812500000000E-03    0.7661056518554688E-03
   92    0.1191406250000000E-02    0.8775711059570313E-03
   93    0.2285156250000000E-02    0.8098220825195312E-03
   94   -0.4687500000000000E-02    0.1384353637695312E-02
   95    0.8398437500000000E-03    0.1039466857910156E-02
   96    0.5859375000000000E-04    0.7884597778320312E-03
   97    0.3710937500000000E-03    0.1057395935058594E-02
   98   -0.6445312500000000E-03    0.1077079772949219E-02
   99    0.3906250000000000E-04    0.1333389282226563E-02
  100    0.6699218750000000E-02    0.1108970642089844E-02
