# time =    0.4689
    0    0.1000000000000000E+01    0.1000000000000000E+01
    1    0.1843750000000000E+00    0.3475242614746094E-01
    2    0.3738281250000000E-01    0.2342605590820313E-02
    3    0.1001953125000000E-01    0.8943557739257812E-03
    4    0.1582031250000000E-02    0.9315109252929687E-03
    5   -0.5078125000000000E-03    0.1015243530273437E-02
    6   -0.8164062499999999E-02    0.9275817871093750E-03
    7    0.6562500000000000E-02    0.7637786865234375E-03
    8    0.9375000000000000E-03    0.1252059936523438E-02
    9    0.4023437500000000E-02    0.1290969848632813E-02
   10    0.2500000000000000E-02    0.1345672607421875E-02
   11   -0.5273437500000000E-03    0.7248306274414062E-03
   12   -0.2597656250000000E-02    0.8598709106445312E-03
   13    0.2343750000000000E-03    0.1011047363281250E-02
   14   -0.1113281250000000E-02    0.1098442077636719E-02
   15    0.3671875000000000E-02    0.9936523437500001E-03
   16   -0.2011718750000000E-02    0.1010169982910156E-02
   17   -0.7617187500000000E-03    0.8047866821289062E-03
   18    0.3945312500000000E-02    0.1327133178710937E-02
   19    0.4687500000000000E-03    0.9299468994140625E-03
   20    0.1074218750000000E-02    0.1133995056152344E-02
   21   -0.2871093750000000E-02    0.1018638610839844E-02
   22   -0.4687500000000000E-02    0.8079528808593750E-03
   23    0.2617187500000000E-02    0.9415435791015625E-03
   24   -0.1210937500000000E-02    0.1006851196289062E-02
   25   -0.2949218750000000E-02    0.7492446899414062E-03
   26   -0.1738281250000000E-02    0.9063339233398438E-03
   27   -0.5742187500000000E-02    0.9973144531250000E-03
   28    0.8398437500000000E-03    0.9180831909179687E-03
   29    0.2832031250000000E-02    0.9444046020507812E-03
   30    0.9375000000000000E-03    0.1037063598632813E-02
   31   -0.1953125000000000E-02    0.8360290527343750E-03
   32   -0.3671875000000000E-02    0.1145706176757812E-02
   33    0.3789062500000000E-02    0.1257553100585938E-02
   34   -0.1953125000000000E-03    0.9574890136718750E-03
   35   -0.9648437500000001E-02    0.1226806640625000E-02
   36   -0.3964843750000000E-02    0.1082038879394531E-02
   37   -0.3906250000000000E-04    0.1027069091796875E-02
   38    0.1562500000000000E-03    0.7872009277343751E-03
   39    0.4296875000000000E-03    0.8658599853515625E-03
   40    0.1464843750000000E-02    0.1198921203613281E-02
   41   -0.2988281250000000E-02    0.9704208374023437E-03
   42    0.1367187500000000E-03    0.8614730834960938E-03
   43   -0.3867187500000000E-02    0.7659149169921875E-03
   44   -0.1250000000000000E-02    0.1206054687500000E-02
   45    0.5859375000000000E-04    0.9925460815429687E-03
   46   -0.2617187500000000E-02    0.1024169921875000E-02
   47   -0.4843750000000000E-02    0.1094207763671875E-02
   48   -0.2089843750000000E-02    0.1056480407714844E-02
   49    0.2089843750000000E-02    0.8460617065429687E-03
   50    0.1992187500000000E-02    0.1006698608398437E-02
   51    0.1621093750000000E-02    0.8949661254882813E-03
   52   -0.6113281250000000E-02    0.1042137145996094E-02
   53   -0.1835937500000000E-02    0.8523559570312500E-03
   54    0.9765625000000001E-04    0.8685684204101562E-03
   55    0.2285156250000000E-02    0.1209068298339844E-02
   56    0.2089843750000000E-02    0.9655380249023438E-03
   57    0.2207031250000000E-02    0.1006126403808594E-02
   58    0.1191406250000000E-02    0.1276512145996094E-02
   59   -0.5859375000000000E-04    0.7966995239257812E-03
   60    0.2304687500000000E-02    0.8959960937500000E-03
   61    0.3398437500000000E-02    0.9346771240234375E-03
   62   -0.6250000000000000E-03    0.9662628173828125E-03
   63   -0.4941406250000000E-02    0.1130714416503906E-02
   64   -0.7402343750000000E-02    0.1097297668457031E-02
   65   -0.2207031250000000E-02    0.9955978393554688E-03
   66    0.5390625000000000E-02    0.9540557861328125E-03
   67   -0.2148437500000000E-03    0.7665634155273437E-03
   68   -0.3613281250000000E-02    0.1145133972167969E-02
   69    0.4882812500000000E-03    0.1067695617675781E-02
   70   -0.1250000000000000E-02    0.9588623046875001E-03
   71   -0.3554687500000000E-02    0.1279907226562500E-02
   72   -0.1933593750000000E-02    0.1018638610839844E-02
   73   -0.1191406250000000E-02    0.9605789184570313E-03
   74    0.9179687499999999E-03    0.8353042602539062E-03
   75    0.4882812500000000E-03    0.1187782287597656E-02
   76   -0.1562500000000000E-03    0.1015777587890625E-02
   77    0.3847656250000000E-02    0.1056480407714844E-02
   78   -0.9765625000000001E-04    0.7944869995117188E-03
   79    0.2949218750000000E-02    0.1173896789550781E-02
   80   -0.7617187500000000E-03    0.7506942749023437E-03
   81    0.1953125000000000E-03    0.1026992797851563E-02
   82    0.1035156250000000E-02    0.9975814819335937E-03
   83   -0.2363281250000000E-02    0.1044502258300781E-02
   84   -0.1171875000000000E-03    0.9590911865234375E-03
   85    0.9960937500000000E-03    0.1001243591308594E-02
   86   -0.1503906250000000E-02    0.1013374328613281E-02
   87    0.1933593750000000E-02    0.1012992858886719E-02
   88    0.8398437500000000E-03    0.9515762329101562E-03
   89   -0.1542968750000000E-02    0.9553146362304688E-03
   90    0.1074218750000000E-02    0.1172294616699219E-02
   91   -0.5410156250000000E-02    0.8403396606445312E-03
   92    0.2597656250000000E-02    0.9238815307617187E-03
   93   -0.5605468750000000E-02    0.1065635681152344E-02
   94   -0.1777343750000000E-02    0.9779739379882813E-03
   95   -0.1953125000000000E-02    0.8423614501953125E-03
   96   -0.2734375000000000E-02    0.1022338867187500E-02
   97   -0.2167968750000000E-02    0.1129188537597656E-02
   98   -0.4296875000000000E-03    0.1132507324218750E-02
   99    0.5390625000000000E-02    0.1046218872070312E-02
  100    0.5371093750000000E-02    0.8901596069335937E-03
