# time =    0.4709
    0    0.1000000000000000E+01    0.1000000000000000E+01
    1    0.2235351562500000E+00    0.5105701446533203E-01
    2    0.5410156250000000E-01    0.3982696533203125E-02
    3    0.1251953125000000E-01    0.1113929748535156E-02
    4   -0.4511718750000000E-02    0.1038703918457031E-02
    5   -0.4199218750000000E-02    0.1074867248535156E-02
    6    0.1933593750000000E-02    0.1018409729003906E-02
    7    0.3144531250000000E-02    0.1056785583496094E-02
    8    0.1269531250000000E-02    0.8945846557617187E-03
    9   -0.3945312500000000E-02    0.1117248535156250E-02
   10   -0.2929687500000000E-02    0.9102630615234375E-03
   11   -0.1972656250000000E-02    0.8792495727539063E-03
   12    0.4824218750000000E-02    0.8660507202148438E-03
   13    0.4218750000000000E-02    0.9816741943359374E-03
   14    0.1953125000000000E-02    0.1072082519531250E-02
   15   -0.4042968750000000E-02    0.9247970581054688E-03
   16   -0.3808593750000000E-02    0.1030769348144531E-02
   17   -0.6464843750000000E-02    0.1059379577636719E-02
   18   -0.5800781250000000E-02    0.1017341613769531E-02
   19    0.1992187500000000E-02    0.1119689941406250E-02
   20    0.2968750000000000E-02    0.8722686767578125E-03
   21    0.5351562500000000E-02    0.9631347656250000E-03
   22   -0.1230468750000000E-02    0.8688735961914063E-03
   23   -0.2714843750000000E-02    0.1230735778808594E-02
   24    0.7812500000000000E-03    0.8232116699218750E-03
   25    0.2929687500000000E-02    0.1076354980468750E-02
   26   -0.6835937500000000E-03    0.8454513549804687E-03
   27    0.1660156250000000E-02    0.1164436340332031E-02
   28   -0.2832031250000000E-02    0.9305191040039063E-03
   29    0.2714843750000000E-02    0.9656906127929688E-03
   30    0.6289062500000000E-02    0.8425140380859376E-03
   31    0.5332031250000000E-02    0.9717178344726562E-03
   32    0.1933593750000000E-02    0.9397506713867187E-03
   33    0.4257812500000000E-02    0.1202926635742187E-02
   34   -0.7031250000000000E-03    0.9284210205078125E-03
   35   -0.1464843750000000E-02    0.1016807556152344E-02
   36    0.6054687500000000E-03    0.8639907836914063E-03
   37   -0.6093750000000000E-02    0.1171875000000000E-02
   38    0.2128906250000000E-02    0.1008949279785156E-02
   39    0.3964843750000000E-02    0.1327857971191406E-02
   40    0.4140625000000000E-02    0.1076889038085938E-02
   41    0.1875000000000000E-02    0.7723236083984375E-03
   42   -0.1367187500000000E-02    0.1133346557617188E-02
   43   -0.1230468750000000E-02    0.1061439514160156E-02
   44    0.1386718750000000E-02    0.1020393371582031E-02
   45   -0.6835937500000000E-02    0.9516143798828125E-03
   46   -0.1093750000000000E-02    0.1012039184570313E-02
   47    0.4882812500000000E-03    0.9202957153320312E-03
   48    0.5273437500000000E-03    0.9997177124023437E-03
   49   -0.1015625000000000E-02    0.7516479492187500E-03
   50    0.1093750000000000E-02    0.1052703857421875E-02
   51    0.1582031250000000E-02    0.8684921264648437E-03
   52    0.3222656250000000E-02    0.9134292602539062E-03
   53   -0.2480468750000000E-02    0.8729171752929688E-03
   54   -0.1796875000000000E-02    0.8087921142578125E-03
   55   -0.4628906250000000E-02    0.9498977661132812E-03
   56   -0.4140625000000000E-02    0.1024627685546875E-02
   57   -0.2597656250000000E-02    0.8647537231445312E-03
   58   -0.2363281250000000E-02    0.1052207946777344E-02
   59   -0.1933593750000000E-02    0.8396530151367188E-03
   60   -0.1464843750000000E-02    0.1207389831542969E-02
   61    0.4687500000000000E-03    0.1050109863281250E-02
   62    0.2089843750000000E-02    0.9540939331054688E-03
   63   -0.1757812500000000E-02    0.9751892089843749E-03
   64   -0.4238281250000000E-02    0.9106063842773438E-03
   65   -0.6503906250000000E-02    0.9249496459960937E-03
   66   -0.1289062500000000E-02    0.1205673217773438E-02
   67   -0.4589843750000000E-02    0.9085464477539062E-03
   68   -0.3125000000000000E-02    0.8575439453125000E-03
   69   -0.7812500000000000E-03    0.1061553955078125E-02
   70   -0.2187500000000000E-02    0.1079788208007813E-02
   71    0.2441406250000000E-02    0.1171150207519531E-02
   72    0.2148437500000000E-03    0.7179641723632813E-03
   73   -0.2753906250000000E-02    0.8109664916992188E-03
   74   -0.3671875000000000E-02    0.8731079101562500E-03
   75    0.3144531250000000E-02    0.8924484252929687E-03
   76    0.3691406250000000E-02    0.1028327941894531E-02
   77    0.1015625000000000E-02    0.7456970214843750E-03
   78    0.2773437500000000E-02    0.1153182983398438E-02
   79   -0.7421875000000000E-03    0.9403228759765625E-03
   80   -0.3515625000000000E-02    0.1072692871093750E-02
   81    0.1894531250000000E-02    0.1039695739746094E-02
   82    0.1914062500000000E-02    0.9828948974609376E-03
   83    0.1660156250000000E-02    0.7902145385742188E-03
   84   -0.4101562500000000E-02    0.8524322509765625E-03
   85    0.6640625000000000E-03    0.1122894287109375E-02
   86   -0.1621093750000000E-02    0.9808731079101562E-03
   87    0.5859375000000000E-03    0.7895660400390625E-03
   88    0.4707031250000000E-02    0.1056327819824219E-02
   89    0.3222656250000000E-02    0.8700942993164063E-03
   90    0.3125000000000000E-03    0.1120681762695312E-02
   91   -0.4277343750000000E-02    0.9238052368164062E-03
   92   -0.2656250000000000E-02    0.8702087402343750E-03
   93    0.5859375000000000E-04    0.7606124877929687E-03
   94   -0.1152343750000000E-02    0.9666061401367187E-03
   95    0.2167968750000000E-02    0.1034507751464844E-02
   96    0.4492187500000000E-03    0.8343887329101562E-03
   97    0.1542968750000000E-02    0.9923171997070312E-03
   98   -0.4296875000000000E-03    0.8237457275390625E-03
   99   -0.3320312500000000E-03    0.8356857299804687E-03
  100   -0.4628906250000000E-02    0.9340286254882812E-03
