# time =    0.4766
    0    0.1000000000000000E+01    0.1000000000000000E+01
    1    0.2032421875000000E+00    0.4213600158691407E-01
    2    0.4464843750000000E-01    0.3259353637695312E-02
    3    0.1376953125000000E-01    0.1278190612792969E-02
    4    0.5019531250000000E-02    0.1056480407714844E-02
    5    0.3320312500000000E-03    0.8856582641601562E-03
    6    0.5019531250000000E-02    0.8911514282226563E-03
    7   -0.1171875000000000E-03    0.9508514404296875E-03
    8   -0.2011718750000000E-02    0.8902359008789063E-03
    9    0.3906250000000000E-04    0.9645080566406250E-03
   10    0.7226562500000000E-03    0.1005134582519531E-02
   11    0.1289062500000000E-02    0.1049728393554688E-02
   12    0.1230468750000000E-02    0.1051368713378906E-02
   13    0.2207031250000000E-02    0.9759140014648438E-03
   14    0.2519531250000000E-02    0.8971786499023437E-03
   15    0.3652343750000000E-02    0.1144752502441406E-02
   16   -0.2500000000000000E-02    0.1417770385742188E-02
   17    0.1367187500000000E-02    0.1063308715820313E-02
   18   -0.3125000000000000E-02    0.1134033203125000E-02
   19   -0.7246093750000000E-02    0.9455490112304688E-03
   20   -0.2988281250000000E-02    0.8344650268554688E-03
   21   -0.1250000000000000E-02    0.1085205078125000E-02
   22    0.8203125000000000E-03    0.8764648437500000E-03
   23   -0.1699218750000000E-02    0.1313438415527344E-02
   24   -0.1953125000000000E-04    0.1336479187011719E-02
   25   -0.6152343750000000E-02    0.8547592163085937E-03
   26   -0.1171875000000000E-02    0.1016998291015625E-02
   27    0.3710937500000000E-03    0.1086006164550781E-02
   28    0.3320312500000000E-03    0.8726882934570313E-03
   29    0.1445312500000000E-02    0.9557342529296875E-03
   30   -0.4921875000000000E-02    0.9777069091796875E-03
   31    0.3554687500000000E-02    0.8624267578125000E-03
   32    0.2539062500000000E-02    0.1075515747070312E-02
   33    0.2109375000000000E-02    0.8703613281250000E-03
   34    0.3671875000000000E-02    0.9400939941406250E-03
   35   -0.4570312500000000E-02    0.1093750000000000E-02
   36   -0.1308593750000000E-02    0.9166336059570312E-03
   37   -0.3769531250000000E-02    0.1010093688964844E-02
   38    0.2910156250000000E-02    0.9969711303710938E-03
   39    0.5078125000000000E-03    0.1075973510742188E-02
   40    0.5468750000000001E-03    0.9781646728515626E-03
   41    0.2109375000000000E-02    0.1012725830078125E-02
   42    0.1113281250000000E-02    0.8146286010742188E-03
   43    0.1093750000000000E-02    0.9889984130859375E-03
   44    0.3613281250000000E-02    0.1112251281738281E-02
   45    0.4941406250000000E-02    0.8208847045898437E-03
   46   -0.2050781250000000E-02    0.9213638305664063E-03
   47    0.5078125000000000E-03    0.9381103515625000E-03
   48   -0.2109375000000000E-02    0.1168289184570312E-02
   49    0.1152343750000000E-02    0.8741378784179688E-03
   50    0.5820312500000000E-02    0.7271575927734375E-03
   51    0.3925781250000000E-02    0.8520889282226563E-03
   52   -0.2304687500000000E-02    0.1232147216796875E-02
   53   -0.3574218750000000E-02    0.1177711486816406E-02
   54   -0.1640625000000000E-02    0.1094055175781250E-02
   55   -0.4882812500000000E-03    0.9103012084960937E-03
   56    0.2343750000000000E-03    0.9754180908203125E-03
   57   -0.9570312500000000E-03    0.9024429321289062E-03
   58   -0.3691406250000000E-02    0.9534835815429687E-03
   59    0.5371093750000000E-02    0.1251564025878906E-02
   60   -0.1582031250000000E-02    0.8121871948242187E-03
   61   -0.9765625000000000E-03    0.9735870361328125E-03
   62   -0.2890625000000000E-02    0.8059692382812500E-03
   63    0.3613281250000000E-02    0.9779739379882813E-03
   64   -0.1171875000000000E-02    0.7762908935546875E-03
   65    0.1152343750000000E-02    0.8264541625976563E-03
   66   -0.3847656250000000E-02    0.1129112243652344E-02
   67   -0.2128906250000000E-02    0.1086311340332031E-02
   68    0.1367187500000000E-03    0.1142921447753906E-02
   69    0.8066406250000000E-02    0.1124687194824219E-02
   70    0.1855468750000000E-02    0.9409713745117187E-03
   71    0.1582031250000000E-02    0.8787155151367187E-03
   72    0.2539062500000000E-03    0.9607315063476562E-03
   73   -0.2851562500000000E-02    0.1088256835937500E-02
   74   -0.2890625000000000E-02    0.8555603027343750E-03
   75   -0.3906250000000000E-03    0.8650207519531250E-03
   76    0.7753906250000000E-02    0.7676315307617187E-03
   77   -0.1171875000000000E-03    0.1190338134765625E-02
   78   -0.5273437500000000E-03    0.8292770385742187E-03
   79   -0.3652343750000000E-02    0.9955978393554688E-03
   80   -0.4863281250000000E-02    0.8042526245117188E-03
   81   -0.1621093750000000E-02    0.9740066528320313E-03
   82   -0.8398437500000000E-03    0.9483718872070313E-03
   83    0.7031250000000000E-03    0.1085662841796875E-02
   84   -0.3789062500000000E-02    0.9515380859375000E-03
   85   -0.2597656250000000E-02    0.8771896362304687E-03
   86   -0.1347656250000000E-02    0.9900283813476561E-03
   87    0.1816406250000000E-02    0.8384323120117187E-03
   88   -0.5859375000000000E-03    0.1100463867187500E-02
   89   -0.9375000000000000E-03    0.1004333496093750E-02
   90   -0.3652343750000000E-02    0.1426200866699219E-02
   91    0.1171875000000000E-02    0.1152038574218750E-02
   92    0.5175781250000000E-02    0.9099960327148438E-03
   93    0.5410156250000000E-02    0.1001014709472656E-02
   94    0.5937500000000000E-02    0.1017761230468750E-02
   95    0.1328125000000000E-02    0.9620666503906250E-03
   96    0.1210937500000000E-02    0.9826660156250001E-03
   97    0.4277343750000000E-02    0.9240341186523437E-03
   98    0.5722656250000000E-02    0.1033973693847656E-02
   99   -0.2187500000000000E-02    0.7897949218750000E-03
  100    0.3808593750000000E-02    0.1110115051269531E-02
