# time =    0.4769
    0    0.1000000000000000E+01    0.1000000000000000E+01
    1    0.2578320312500000E+00    0.6712543487548828E-01
    2    0.8851562500000000E-01    0.8818130493164062E-02
    3    0.4007812500000000E-01    0.2601928710937500E-02
    4    0.2349609375000000E-01    0.1308631896972656E-02
    5    0.1470703125000000E-01    0.8925247192382812E-03
    6    0.1007812500000000E-01    0.1043548583984375E-02
    7    0.1033203125000000E-01    0.9001541137695312E-03
    8   -0.7812500000000000E-03    0.9284973144531250E-03
    9    0.1953125000000000E-02    0.9299468994140625E-03
   10    0.7812500000000000E-03    0.9619140625000000E-03
   11    0.3828125000000000E-02    0.8477783203125000E-03
   12    0.1445312500000000E-02    0.9307098388671875E-03
   13    0.1171875000000000E-03    0.8630371093750000E-03
   14   -0.6640625000000000E-03    0.8741760253906250E-03
   15   -0.4785156250000000E-02    0.7110977172851562E-03
   16   -0.4218750000000000E-02    0.1148986816406250E-02
   17   -0.6308593750000000E-02    0.1000480651855469E-02
   18    0.2187500000000000E-02    0.9921264648437499E-03
   19   -0.9765625000000000E-03    0.9848785400390625E-03
   20    0.3183593750000000E-02    0.1091957092285156E-02
   21    0.5664062500000000E-03    0.8283615112304688E-03
   22    0.3945312500000000E-02    0.1133117675781250E-02
   23   -0.1777343750000000E-02    0.1009483337402344E-02
   24   -0.3652343750000000E-02    0.8677291870117187E-03
   25   -0.6328125000000000E-02    0.9251403808593750E-03
   26   -0.2578125000000000E-02    0.1016387939453125E-02
   27   -0.3300781250000000E-02    0.1028938293457031E-02
   28   -0.4843750000000000E-02    0.9328460693359375E-03
   29    0.5097656250000000E-02    0.9240341186523437E-03
   30    0.2714843750000000E-02    0.8234786987304688E-03
   31    0.1328125000000000E-02    0.1047592163085938E-02
   32   -0.4804687500000000E-02    0.1075363159179687E-02
   33   -0.4375000000000000E-02    0.7475280761718750E-03
   34   -0.4550781250000000E-02    0.8211898803710938E-03
   35   -0.2050781250000000E-02    0.7538223266601563E-03
   36   -0.5332031250000000E-02    0.8909988403320312E-03
   37   -0.1171875000000000E-02    0.9137725830078125E-03
   38    0.5234375000000000E-02    0.8757781982421875E-03
   39    0.2421875000000000E-02    0.9053039550781250E-03
   40    0.3496093750000000E-02    0.8977127075195313E-03
   41    0.3515625000000000E-02    0.9104919433593750E-03
   42    0.3554687500000000E-02    0.6137084960937500E-03
   43    0.1386718750000000E-02    0.1054267883300781E-02
   44   -0.3339843750000000E-02    0.9562301635742187E-03
   45    0.6210937500000000E-02    0.8772277832031250E-03
   46   -0.2148437500000000E-03    0.7457351684570313E-03
   47   -0.2753906250000000E-02    0.7218551635742187E-03
   48   -0.3398437500000000E-02    0.8303833007812500E-03
   49   -0.1347656250000000E-02    0.6969833374023438E-03
   50    0.2695312500000000E-02    0.8538818359375000E-03
   51    0.3261718750000000E-02    0.9534835815429687E-03
   52   -0.1582031250000000E-02    0.9445571899414063E-03
   53    0.1562500000000000E-02    0.1032028198242188E-02
   54    0.2167968750000000E-02    0.8376693725585938E-03
   55   -0.7031250000000000E-03    0.9706878662109375E-03
   56    0.1093750000000000E-02    0.8418273925781250E-03
   57   -0.1406250000000000E-02    0.8728027343750000E-03
   58    0.5546875000000000E-02    0.8007812500000000E-03
   59    0.1757812500000000E-02    0.9148406982421875E-03
   60   -0.2109375000000000E-02    0.9179687499999999E-03
   61    0.1171875000000000E-02    0.9976959228515626E-03
   62    0.8203125000000000E-03    0.9201049804687500E-03
   63   -0.1171875000000000E-02    0.7666015625000000E-03
   64   -0.4023437500000000E-02    0.9886932373046875E-03
   65    0.3125000000000000E-02    0.8642578125000000E-03
   66    0.4296875000000000E-03    0.7770538330078125E-03
   67    0.2226562500000000E-02    0.1048889160156250E-02
   68    0.6835937500000000E-03    0.1032066345214844E-02
   69    0.1445312500000000E-02    0.8734130859375000E-03
   70   -0.5859375000000000E-04    0.9076309204101563E-03
   71   -0.6054687500000000E-03    0.1148414611816406E-02
   72   -0.2968750000000000E-02    0.1335296630859375E-02
   73   -0.1367187500000000E-03    0.1119804382324219E-02
   74    0.2324218750000000E-02    0.1138038635253906E-02
   75    0.2265625000000000E-02    0.1279296875000000E-02
   76   -0.2128906250000000E-02    0.1113090515136719E-02
   77    0.1562500000000000E-03    0.7601165771484375E-03
   78   -0.4316406250000000E-02    0.9455490112304688E-03
   79   -0.3808593750000000E-02    0.9311294555664063E-03
   80   -0.3378906250000000E-02    0.7632827758789063E-03
   81   -0.3632812500000000E-02    0.7915496826171875E-03
   82   -0.9257812500000000E-02    0.1409759521484375E-02
   83   -0.9140624999999999E-02    0.1163864135742188E-02
   84   -0.1992187500000000E-02    0.1002426147460937E-02
   85   -0.6308593750000000E-02    0.8911514282226563E-03
   86    0.1152343750000000E-02    0.8298873901367188E-03
   87   -0.2695312500000000E-02    0.8242034912109375E-03
   88    0.2187500000000000E-02    0.9711456298828125E-03
   89   -0.4101562500000000E-03    0.9427261352539062E-03
   90   -0.1855468750000000E-02    0.1012840270996094E-02
   91   -0.1054687500000000E-02    0.7153320312500000E-03
   92    0.4863281250000000E-02    0.7551956176757812E-03
   93    0.1093750000000000E-02    0.8399963378906250E-03
   94   -0.3671875000000000E-02    0.8857727050781250E-03
   95   -0.8789062500000000E-03    0.1232795715332031E-02
   96    0.1054687500000000E-02    0.8975982666015625E-03
   97    0.3125000000000000E-03    0.1034469604492188E-02
   98    0.3378906250000000E-02    0.8109664916992188E-03
   99    0.4238281250000000E-02    0.8576583862304688E-03
  100    0.5839843750000000E-02    0.9204483032226562E-03
