# time =    0.4687
    0    0.1000000000000000E+01    0.1000000000000000E+01
    1    0.2471093750000000E+00    0.6194770812988281E-01
    2    0.6972656250000001E-01    0.5525588989257812E-02
    3    0.2951171875000000E-01    0.1720695495605469E-02
    4    0.1044921875000000E-01    0.1183204650878906E-02
    5   -0.4492187500000000E-02    0.1200103759765625E-02
    6    0.2441406250000000E-02    0.6655502319335937E-03
    7    0.1953125000000000E-04    0.1018028259277344E-02
    8   -0.5136718750000000E-02    0.1025962829589844E-02
    9    0.2207031250000000E-02    0.1146888732910156E-02
   10   -0.7617187500000000E-03    0.9766006469726562E-03
   11   -0.2617187500000000E-02    0.9786987304687500E-03
   12    0.2539062500000000E-02    0.8578491210937500E-03
   13   -0.1367187500000000E-02    0.9362792968750000E-03
   14   -0.2617187500000000E-02    0.8278656005859375E-03
   15    0.1933593750000000E-02    0.1062278747558594E-02
   16    0.7343750000000000E-02    0.1135635375976562E-02
   17    0.2910156250000000E-02    0.8346176147460937E-03
   18   -0.2441406250000000E-02    0.9894180297851563E-03
   19   -0.2695312500000000E-02    0.1102523803710937E-02
   20    0.2343750000000000E-03    0.8315277099609375E-03
   21    0.2070312500000000E-02    0.9325408935546875E-03
   22   -0.5429687500000000E-02    0.9471130371093750E-03
   23   -0.2988281250000000E-02    0.1032981872558594E-02
   24    0.1738281250000000E-02    0.1098136901855469E-02
   25    0.1953125000000000E-04    0.8893203735351562E-03
   26   -0.2578125000000000E-02    0.9615325927734375E-03
   27    0.2617187500000000E-02    0.1198196411132813E-02
   28    0.1289062500000000E-02    0.8952331542968750E-03
   29   -0.1738281250000000E-02    0.1253013610839844E-02
   30   -0.3476562500000000E-02    0.8567810058593750E-03
   31   -0.2929687500000000E-03    0.8521652221679687E-03
   32   -0.2890625000000000E-02    0.7748413085937500E-03
   33   -0.5136718750000000E-02    0.8998489379882812E-03
   34    0.7812500000000000E-03    0.9697723388671875E-03
   35    0.1289062500000000E-02    0.8222961425781250E-03
   36   -0.1074218750000000E-02    0.7960128784179687E-03
   37   -0.3007812500000000E-02    0.1160507202148438E-02
   38   -0.2500000000000000E-02    0.9529113769531250E-03
   39   -0.1933593750000000E-02    0.8902359008789063E-03
   40    0.3828125000000000E-02    0.9490203857421875E-03
   41   -0.1191406250000000E-02    0.8536911010742187E-03
   42   -0.8593750000000000E-03    0.8296966552734375E-03
   43   -0.1953125000000000E-04    0.1037406921386719E-02
   44    0.1718750000000000E-02    0.7875061035156250E-03
   45    0.2578125000000000E-02    0.9023284912109375E-03
   46   -0.1855468750000000E-02    0.9039688110351562E-03
   47   -0.2656250000000000E-02    0.9333038330078125E-03
   48    0.3984375000000000E-02    0.9786224365234376E-03
   49    0.1425781250000000E-02    0.1117134094238281E-02
   50    0.1718750000000000E-02    0.7736206054687500E-03
   51   -0.2851562500000000E-02    0.1050109863281250E-02
   52    0.3281250000000000E-02    0.1067276000976562E-02
   53    0.2968750000000000E-02    0.7597351074218750E-03
   54    0.1132812500000000E-02    0.8208465576171875E-03
   55    0.1972656250000000E-02    0.7072067260742187E-03
   56    0.1093750000000000E-02    0.1066589355468750E-02
   57    0.1132812500000000E-02    0.7661437988281250E-03
   58    0.3906250000000000E-03    0.9676361083984375E-03
   59    0.2207031250000000E-02    0.7930374145507812E-03
   60   -0.1679687500000000E-02    0.1191864013671875E-02
   61    0.8984375000000000E-03    0.1126251220703125E-02
   62    0.3632812500000000E-02    0.9921264648437499E-03
   63   -0.1953125000000000E-02    0.9314727783203125E-03
   64    0.8203125000000000E-03    0.1020507812500000E-02
   65   -0.1757812500000000E-03    0.1013450622558594E-02
   66    0.4218750000000000E-02    0.7791137695312500E-03
   67   -0.2558593750000000E-02    0.9789657592773437E-03
   68   -0.4941406250000000E-02    0.1091575622558594E-02
   69   -0.1972656250000000E-02    0.9170150756835937E-03
   70   -0.6445312500000000E-03    0.9263229370117188E-03
   71   -0.5273437500000000E-03    0.8431625366210938E-03
   72    0.2480468750000000E-02    0.8039474487304688E-03
   73   -0.4492187500000000E-03    0.9441757202148437E-03
   74    0.9960937500000000E-03    0.1042518615722656E-02
   75   -0.4316406250000000E-02    0.7912063598632812E-03
   76   -0.8496093749999999E-02    0.1166572570800781E-02
   77   -0.6054687500000000E-03    0.8765029907226563E-03
   78   -0.4082031250000000E-02    0.9109115600585937E-03
   79    0.3945312500000000E-02    0.1063308715820313E-02
   80   -0.8593750000000000E-03    0.1148605346679688E-02
   81   -0.1992187500000000E-02    0.1246948242187500E-02
   82    0.6445312500000000E-03    0.1142997741699219E-02
   83    0.1328125000000000E-02    0.9013366699218750E-03
   84   -0.5683593750000000E-02    0.1052970886230469E-02
   85   -0.4433593750000000E-02    0.8133316040039063E-03
   86    0.2734375000000000E-03    0.1002273559570313E-02
   87    0.9960937500000000E-03    0.9030532836914062E-03
   88   -0.1250000000000000E-02    0.8455657958984375E-03
   89    0.6406250000000000E-02    0.1187515258789063E-02
   90   -0.2031250000000000E-02    0.1018142700195312E-02
   91    0.1015625000000000E-02    0.6041717529296875E-03
   92   -0.3710937500000000E-03    0.1086463928222656E-02
   93    0.5468750000000001E-03    0.1013793945312500E-02
   94    0.2148437500000000E-02    0.9265899658203125E-03
   95    0.3574218750000000E-02    0.9566116333007813E-03
   96   -0.1289062500000000E-02    0.1241302490234375E-02
   97    0.1171875000000000E-03    0.1016998291015625E-02
   98    0.1464843750000000E-02    0.1078910827636719E-02
   99    0.4941406250000000E-02    0.1059455871582031E-02
  100    0.3183593750000000E-02    0.1066780090332031E-02
