# time =    0.4071
    0    0.1000000000000000E+01    0.1000000000000000E+01
    1    0.4172851562500000E+00    0.1748651504516602E+00
    2    0.2556250000000000E+00    0.6635299682617188E-01
    3    0.1893164062500000E+00    0.3653011322021484E-01
    4    0.1582812500000000E+00    0.2567871093750000E-01
    5    0.1385937500000000E+00    0.1985359191894531E-01
    6    0.1244140625000000E+00    0.1620704650878906E-01
    7    0.1147460937500000E+00    0.1400157928466797E-01
    8    0.1090820312500000E+00    0.1278820037841797E-01
    9    0.1031835937500000E+00    0.1146846771240234E-01
   10    0.9478515625000000E-01    0.9815025329589843E-02
   11    0.9150390625000000E-01    0.9151496887207032E-02
   12    0.8769531250000000E-01    0.8412246704101562E-02
   13    0.8253906250000000E-01    0.7558593750000000E-02
   14    0.8025390625000001E-01    0.7181739807128907E-02
   15    0.7947265625000000E-01    0.7178916931152344E-02
   16    0.7705078125000001E-01    0.6815452575683594E-02
   17    0.7423828125000000E-01    0.6327323913574219E-02
   18    0.7261718750000000E-01    0.6109924316406250E-02
   19    0.7039062500000000E-01    0.5712890625000000E-02
   20    0.6871093750000000E-01    0.5513916015625000E-02
   21    0.6541015625000000E-01    0.5074729919433594E-02
   22    0.6414062500000001E-01    0.5015335083007813E-02
   23    0.6322265625000000E-01    0.4968681335449219E-02
   24    0.6171875000000000E-01    0.4735565185546875E-02
   25    0.5978515625000000E-01    0.4511985778808594E-02
   26    0.5925781250000000E-01    0.4588699340820313E-02
   27    0.5775390625000000E-01    0.4388694763183594E-02
   28    0.5853515625000000E-01    0.4420890808105469E-02
   29    0.5921875000000000E-01    0.4486160278320312E-02
   30    0.5753906250000000E-01    0.4308624267578125E-02
   31    0.5582031250000000E-01    0.4099349975585937E-02
   32    0.5535156250000000E-01    0.3932266235351562E-02
   33    0.5429687500000000E-01    0.3894958496093750E-02
   34    0.5429687500000000E-01    0.3861236572265625E-02
   35    0.5330078125000000E-01    0.3640174865722656E-02
   36    0.5400390625000000E-01    0.3809471130371094E-02
   37    0.5160156250000000E-01    0.3450241088867188E-02
   38    0.5056640625000000E-01    0.3317909240722656E-02
   39    0.5091796875000000E-01    0.3407707214355469E-02
   40    0.4931640625000000E-01    0.3226814270019531E-02
   41    0.4873046875000000E-01    0.3135719299316406E-02
   42    0.4824218750000000E-01    0.3115386962890625E-02
   43    0.4683593750000000E-01    0.3082656860351563E-02
   44    0.4664062500000000E-01    0.2997055053710937E-02
   45    0.4576171875000000E-01    0.2966880798339844E-02
   46    0.4410156250000000E-01    0.2758865356445313E-02
   47    0.4320312500000000E-01    0.2631530761718750E-02
   48    0.4353515625000000E-01    0.2701530456542969E-02
   49    0.4417968750000000E-01    0.2708511352539062E-02
   50    0.4333984375000000E-01    0.2612419128417969E-02
   51    0.4320312500000000E-01    0.2701187133789063E-02
   52    0.4279296875000000E-01    0.2631416320800781E-02
   53    0.4250000000000000E-01    0.2600936889648438E-02
   54    0.4171875000000000E-01    0.2598037719726562E-02
   55    0.4289062500000000E-01    0.2745437622070313E-02
   56    0.4185546875000000E-01    0.2573432922363281E-02
   57    0.4191406250000000E-01    0.2586364746093750E-02
   58    0.4224609375000000E-01    0.2649116516113281E-02
   59    0.4158203125000000E-01    0.2563514709472656E-02
   60    0.4011718750000000E-01    0.2390365600585938E-02
   61    0.4027343750000000E-01    0.2472305297851563E-02
   62    0.3953125000000000E-01    0.2419967651367187E-02
   63    0.3759765625000000E-01    0.2200508117675781E-02
   64    0.3750000000000000E-01    0.2257995605468750E-02
   65    0.3771484375000000E-01    0.2296104431152344E-02
   66    0.3650390625000000E-01    0.2291069030761719E-02
   67    0.3664062500000000E-01    0.2240371704101562E-02
   68    0.3666015625000000E-01    0.2212181091308594E-02
   69    0.3617187500000000E-01    0.2252655029296875E-02
   70    0.3621093750000000E-01    0.2263641357421875E-02
   71    0.3650390625000000E-01    0.2347221374511719E-02
   72    0.3589843750000000E-01    0.2273864746093750E-02
   73    0.3453125000000000E-01    0.2095260620117187E-02
   74    0.3589843750000000E-01    0.2124099731445313E-02
   75    0.3535156250000000E-01    0.2146148681640625E-02
   76    0.3582031250000000E-01    0.2120590209960937E-02
   77    0.3558593750000000E-01    0.2062988281250000E-02
   78    0.3388671875000000E-01    0.1921272277832031E-02
   79    0.3437500000000000E-01    0.2044143676757813E-02
   80    0.3486328125000000E-01    0.2066993713378906E-02
   81    0.3406250000000000E-01    0.1949386596679687E-02
   82    0.3369140625000000E-01    0.1972770690917969E-02
   83    0.3283203125000000E-01    0.1853523254394531E-02
   84    0.3207031250000000E-01    0.1851806640625000E-02
   85    0.3300781250000000E-01    0.1887817382812500E-02
   86    0.3265625000000000E-01    0.1898956298828125E-02
   87    0.3259765625000000E-01    0.1856880187988281E-02
   88    0.3316406250000000E-01    0.1866836547851562E-02
   89    0.3302734375000000E-01    0.1895713806152344E-02
   90    0.3181640625000000E-01    0.1811943054199219E-02
   91    0.3205078125000000E-01    0.1775627136230469E-02
   92    0.3201171875000000E-01    0.1811714172363281E-02
   93    0.3203125000000000E-01    0.1859359741210938E-02
   94    0.3039062500000000E-01    0.1788635253906250E-02
   95    0.3035156250000000E-01    0.1786804199218750E-02
   96    0.3080078125000000E-01    0.1728553771972656E-02
   97    0.3078125000000000E-01    0.1685028076171875E-02
   98    0.2945312500000000E-01    0.1580276489257812E-02
   99    0.3001953125000000E-01    0.1670341491699219E-02
  100    0.2988281250000000E-01    0.1660919189453125E-02
