# time =    0.4600
    0    0.1000000000000000E+01    0.1000000000000000E+01
    1    0.1912890625000000E+00    0.3719635009765625E-01
    2    0.3837890625000000E-01    0.2373237609863281E-02
    3    0.1304687500000000E-01    0.1099624633789062E-02
    4    0.4238281250000000E-02    0.7110214233398437E-03
    5    0.6093750000000000E-02    0.9093475341796875E-03
    6   -0.3906250000000000E-04    0.8796691894531250E-03
    7   -0.6445312500000000E-03    0.7690811157226563E-03
    8    0.3242187500000000E-02    0.8430480957031250E-03
    9    0.3125000000000000E-02    0.7270812988281250E-03
   10    0.6445312500000000E-02    0.9162902832031250E-03
   11    0.9570312500000000E-03    0.1065025329589844E-02
   12    0.2929687500000000E-03    0.1068458557128906E-02
   13   -0.3730468750000000E-02    0.8391952514648438E-03
   14   -0.4355468750000000E-02    0.7641220092773438E-03
   15   -0.1152343750000000E-02    0.7754898071289062E-03
   16    0.2343750000000000E-03    0.7166290283203126E-03
   17    0.3906250000000000E-02    0.9239196777343750E-03
   18    0.4082031250000000E-02    0.9375381469726563E-03
   19   -0.4453125000000000E-02    0.8583831787109375E-03
   20    0.1582031250000000E-02    0.9994888305664062E-03
   21    0.1777343750000000E-02    0.1152610778808594E-02
   22    0.3242187500000000E-02    0.1131591796875000E-02
   23   -0.3164062500000000E-02    0.9934234619140626E-03
   24    0.1992187500000000E-02    0.8817291259765624E-03
   25    0.1230468750000000E-02    0.1275596618652344E-02
   26    0.4804687500000000E-02    0.7699584960937500E-03
   27   -0.1660156250000000E-02    0.1219444274902344E-02
   28    0.5429687500000000E-02    0.1069335937500000E-02
   29   -0.1738281250000000E-02    0.1075248718261719E-02
   30   -0.1601562500000000E-02    0.1013641357421875E-02
   31    0.5859375000000000E-04    0.8538436889648438E-03
   32   -0.5859375000000000E-03    0.1005325317382813E-02
   33    0.7578125000000000E-02    0.9983825683593751E-03
   34    0.4375000000000000E-02    0.9416198730468750E-03
   35    0.4414062500000000E-02    0.8023071289062500E-03
   36    0.3125000000000000E-02    0.9126281738281250E-03
   37    0.1562500000000000E-02    0.1051635742187500E-02
   38   -0.1816406250000000E-02    0.9742355346679687E-03
   39   -0.5273437500000000E-02    0.1096725463867188E-02
   40    0.1757812500000000E-03    0.8349227905273438E-03
   41    0.1621093750000000E-02    0.9692001342773437E-03
   42   -0.2343750000000000E-03    0.8351135253906250E-03
   43    0.4492187500000000E-03    0.7719802856445313E-03
   44   -0.4335937500000000E-02    0.9429168701171875E-03
   45   -0.3183593750000000E-02    0.1035194396972656E-02
   46   -0.1601562500000000E-02    0.7496643066406250E-03
   47   -0.1582031250000000E-02    0.9621047973632813E-03
   48   -0.9570312500000000E-03    0.6048965454101562E-03
   49    0.4179687500000000E-02    0.6327819824218750E-03
   50    0.5527343750000000E-02    0.7873916625976562E-03
   51   -0.3906250000000000E-04    0.8591461181640625E-03
   52   -0.7441406250000000E-02    0.1019401550292969E-02
   53   -0.7265625000000000E-02    0.8244323730468750E-03
   54   -0.1621093750000000E-02    0.7427597045898438E-03
   55    0.8242187500000000E-02    0.1039352416992187E-02
   56    0.4492187500000000E-02    0.1088790893554688E-02
   57    0.4550781250000000E-02    0.8728408813476563E-03
   58    0.1855468750000000E-02    0.1236839294433594E-02
   59    0.3906250000000000E-03    0.1048049926757813E-02
   60   -0.1464843750000000E-02    0.8472824096679688E-03
   61    0.2402343750000000E-02    0.7398605346679687E-03
   62    0.1113281250000000E-02    0.1296119689941406E-02
   63    0.5859375000000000E-03    0.9275054931640624E-03
   64    0.3554687500000000E-02    0.1087265014648437E-02
   65    0.6992187500000000E-02    0.1089324951171875E-02
   66    0.3144531250000000E-02    0.1087837219238281E-02
   67   -0.7812500000000000E-04    0.8541107177734375E-03
   68   -0.4589843750000000E-02    0.1005134582519531E-02
   69   -0.1230468750000000E-02    0.9753799438476562E-03
   70   -0.3515625000000000E-02    0.9721374511718750E-03
   71   -0.2675781250000000E-02    0.1193809509277344E-02
   72   -0.1210937500000000E-02    0.9583282470703125E-03
   73   -0.2988281250000000E-02    0.9281539916992188E-03
   74    0.4628906250000000E-02    0.7716751098632812E-03
   75    0.3164062500000000E-02    0.8975219726562500E-03
   76    0.8789062500000000E-03    0.1149787902832031E-02
   77    0.8007812500000000E-03    0.1070823669433594E-02
   78   -0.2480468750000000E-02    0.7706069946289062E-03
   79   -0.8984375000000000E-03    0.8972930908203125E-03
   80   -0.8203125000000000E-03    0.1165695190429687E-02
   81    0.3906250000000000E-03    0.1072769165039063E-02
   82    0.1738281250000000E-02    0.9193038940429688E-03
   83    0.5683593750000000E-02    0.9989547729492188E-03
   84   -0.4433593750000000E-02    0.9682083129882813E-03
   85   -0.3125000000000000E-03    0.8299255371093750E-03
   86   -0.1074218750000000E-02    0.7868576049804688E-03
   87   -0.4316406250000000E-02    0.7715225219726562E-03
   88   -0.1191406250000000E-02    0.1102409362792969E-02
   89   -0.4238281250000000E-02    0.1003913879394531E-02
   90   -0.1191406250000000E-02    0.1094779968261719E-02
   91    0.2265625000000000E-02    0.9026336669921875E-03
   92    0.1308593750000000E-02    0.9828567504882812E-03
   93   -0.1464843750000000E-02    0.1114692687988281E-02
   94   -0.2558593750000000E-02    0.9527969360351563E-03
   95    0.1152343750000000E-02    0.9680557250976563E-03
   96    0.9960937500000000E-03    0.9444046020507812E-03
   97    0.3164062500000000E-02    0.9623718261718750E-03
   98   -0.9375000000000000E-03    0.9630584716796875E-03
   99    0.1367187500000000E-03    0.1033897399902344E-02
  100    0.5273437500000000E-03    0.9412002563476562E-03
