# time =    0.4571
    0    0.1000000000000000E+01    0.1000000000000000E+01
    1    0.1792578125000000E+00    0.3298706054687500E-01
    2    0.3958984375000000E-01    0.2522850036621094E-02
    3    0.4648437500000000E-02    0.1054000854492188E-02
    4    0.3515625000000000E-02    0.8316040039062500E-03
    5    0.1445312500000000E-02    0.7060241699218750E-03
    6   -0.3613281250000000E-02    0.1121482849121094E-02
    7   -0.4218750000000000E-02    0.8922576904296875E-03
    8    0.8203125000000000E-03    0.9491729736328125E-03
    9   -0.3378906250000000E-02    0.8280563354492187E-03
   10   -0.2617187500000000E-02    0.7827758789062500E-03
   11   -0.3515625000000000E-03    0.9460449218750000E-03
   12   -0.1386718750000000E-02    0.7590866088867188E-03
   13    0.2500000000000000E-02    0.9719848632812500E-03
   14    0.6445312500000000E-03    0.1441459655761719E-02
   15    0.1250000000000000E-02    0.9852600097656249E-03
   16    0.2910156250000000E-02    0.1031608581542969E-02
   17   -0.1699218750000000E-02    0.9144973754882812E-03
   18    0.1054687500000000E-02    0.1214447021484375E-02
   19   -0.4609375000000000E-02    0.8721160888671875E-03
   20   -0.2519531250000000E-02    0.8691787719726562E-03
   21    0.1992187500000000E-02    0.9531402587890626E-03
   22   -0.1113281250000000E-02    0.9318923950195312E-03
   23    0.4453125000000000E-02    0.9644317626953125E-03
   24   -0.4394531250000000E-02    0.8141708374023438E-03
   25    0.4414062500000000E-02    0.9275817871093750E-03
   26   -0.4492187500000000E-03    0.8890151977539063E-03
   27    0.1464843750000000E-02    0.9157943725585937E-03
   28    0.4687500000000000E-02    0.7742309570312500E-03
   29    0.5214843750000000E-02    0.1091117858886719E-02
   30    0.4023437500000000E-02    0.9751129150390625E-03
   31   -0.4902343750000000E-02    0.1158714294433594E-02
   32    0.1914062500000000E-02    0.1098251342773437E-02
   33    0.2851562500000000E-02    0.9954071044921875E-03
   34    0.2773437500000000E-02    0.1014480590820312E-02
   35   -0.8105468750000001E-02    0.8853530883789063E-03
   36   -0.1679687500000000E-02    0.8482360839843751E-03
   37   -0.5410156250000000E-02    0.1044807434082031E-02
   38   -0.4921875000000000E-02    0.1000976562500000E-02
   39   -0.6054687500000000E-03    0.8157730102539062E-03
   40   -0.2207031250000000E-02    0.1120185852050781E-02
   41   -0.2050781250000000E-02    0.8267593383789062E-03
   42    0.5859375000000000E-04    0.1018638610839844E-02
   43    0.4882812500000000E-03    0.1021461486816406E-02
   44    0.1835937500000000E-02    0.1011581420898438E-02
   45   -0.4902343750000000E-02    0.9628677368164062E-03
   46    0.1953125000000000E-04    0.1007881164550781E-02
   47   -0.4199218750000000E-02    0.1090660095214844E-02
   48    0.3515625000000000E-03    0.8410644531250000E-03
   49   -0.5937500000000000E-02    0.9413909912109375E-03
   50   -0.1523437500000000E-02    0.1098327636718750E-02
   51    0.6054687500000000E-02    0.1008148193359375E-02
   52   -0.3710937500000000E-03    0.9997177124023437E-03
   53   -0.1699218750000000E-02    0.1040992736816406E-02
   54    0.9375000000000000E-03    0.1229934692382813E-02
   55    0.3300781250000000E-02    0.8221054077148437E-03
   56    0.3125000000000000E-03    0.1060180664062500E-02
   57    0.1953125000000000E-04    0.9905624389648438E-03
   58    0.2695312500000000E-02    0.8009338378906250E-03
   59   -0.2011718750000000E-02    0.1084403991699219E-02
   60   -0.8007812500000000E-03    0.9444808959960938E-03
   61    0.3203125000000000E-02    0.8940124511718751E-03
   62    0.5996093750000000E-02    0.1003227233886719E-02
   63   -0.5859375000000000E-04    0.6577682495117188E-03
   64    0.4746093750000000E-02    0.9730911254882813E-03
   65    0.1679687500000000E-02    0.1012039184570313E-02
   66    0.1191406250000000E-02    0.8814620971679687E-03
   67    0.4824218750000000E-02    0.1184959411621094E-02
   68   -0.2441406250000000E-02    0.8218002319335938E-03
   69    0.4082031250000000E-02    0.1078681945800781E-02
   70   -0.9960937500000000E-03    0.1137351989746094E-02
   71    0.3515625000000000E-03    0.9607696533203126E-03
   72    0.5195312500000000E-02    0.1007995605468750E-02
   73    0.4531250000000000E-02    0.8922576904296875E-03
   74   -0.2929687500000000E-03    0.1211662292480469E-02
   75    0.2988281250000000E-02    0.1112327575683594E-02
   76   -0.3457031250000000E-02    0.1200065612792969E-02
   77   -0.1054687500000000E-02    0.1055679321289063E-02
   78    0.1464843750000000E-02    0.9077072143554687E-03
   79    0.4667968750000000E-02    0.1021842956542969E-02
   80   -0.3398437500000000E-02    0.8721923828124999E-03
   81   -0.1875000000000000E-02    0.9925842285156250E-03
   82    0.5312500000000000E-02    0.1196060180664063E-02
   83   -0.7617187500000000E-03    0.8497238159179688E-03
   84    0.1757812500000000E-03    0.8667373657226563E-03
   85    0.4453125000000000E-02    0.9222412109375000E-03
   86   -0.1093750000000000E-02    0.8422851562500000E-03
   87   -0.2207031250000000E-02    0.9174728393554687E-03
   88    0.1640625000000000E-02    0.1012802124023438E-02
   89    0.1230468750000000E-02    0.1025886535644531E-02
   90   -0.1308593750000000E-02    0.9664535522460937E-03
   91   -0.2304687500000000E-02    0.8518218994140625E-03
   92    0.5957031250000000E-02    0.1019172668457031E-02
   93   -0.9765625000000001E-04    0.9334945678710938E-03
   94    0.6835937500000000E-03    0.1282844543457031E-02
   95   -0.6445312500000000E-03    0.9450149536132812E-03
   96   -0.5859375000000000E-03    0.8542633056640625E-03
   97   -0.4531250000000000E-02    0.9327697753906250E-03
   98   -0.7187500000000000E-02    0.1172714233398438E-02
   99   -0.1796875000000000E-02    0.9812927246093750E-03
  100   -0.3984375000000000E-02    0.1098098754882813E-02
