# time =    0.4689
    0    0.1000000000000000E+01    0.1000000000000000E+01
    1    0.1925976562500000E+00    0.3806095123291016E-01
    2    0.3974609375000000E-01    0.2433891296386719E-02
    3    0.6132812500000000E-02    0.1155471801757812E-02
    4    0.4238281250000000E-02    0.1112022399902344E-02
    5   -0.2832031250000000E-02    0.8180618286132812E-03
    6   -0.6210937500000000E-02    0.1076965332031250E-02
    7   -0.6640625000000000E-03    0.1106719970703125E-02
    8    0.4140625000000000E-02    0.1009140014648438E-02
    9   -0.6250000000000000E-03    0.1126708984375000E-02
   10    0.3359375000000000E-02    0.8979034423828125E-03
   11   -0.2656250000000000E-02    0.1126022338867188E-02
   12   -0.1972656250000000E-02    0.1141166687011719E-02
   13   -0.4921875000000000E-02    0.9825134277343750E-03
   14    0.2246093750000000E-02    0.8140945434570312E-03
   15   -0.1191406250000000E-02    0.1093406677246094E-02
   16   -0.2207031250000000E-02    0.9386062622070313E-03
   17   -0.3203125000000000E-02    0.9680175781250000E-03
   18   -0.2558593750000000E-02    0.8603286743164063E-03
   19    0.5078125000000000E-03    0.1054687500000000E-02
   20    0.5468750000000001E-03    0.1145858764648437E-02
   21    0.1503906250000000E-02    0.1163902282714844E-02
   22    0.4375000000000000E-02    0.1156158447265625E-02
   23   -0.7226562500000000E-03    0.9581375122070312E-03
   24   -0.5507812500000000E-02    0.8540344238281250E-03
   25   -0.2363281250000000E-02    0.9521102905273438E-03
   26    0.5859375000000000E-04    0.1021766662597656E-02
   27    0.2500000000000000E-02    0.1038360595703125E-02
   28   -0.1933593750000000E-02    0.9377670288085938E-03
   29    0.3320312500000000E-03    0.1027030944824219E-02
   30   -0.3789062500000000E-02    0.1122894287109375E-02
   31   -0.4296875000000000E-02    0.9824371337890626E-03
   32   -0.2988281250000000E-02    0.9967422485351563E-03
   33    0.8144531250000000E-02    0.1136589050292969E-02
   34   -0.1894531250000000E-02    0.1064109802246094E-02
   35    0.6640625000000000E-03    0.9101867675781250E-03
   36   -0.1777343750000000E-02    0.9966659545898437E-03
   37   -0.1093750000000000E-02    0.8265686035156250E-03
   38    0.3691406250000000E-02    0.1029853820800781E-02
   39   -0.2636718750000000E-02    0.8523178100585938E-03
   40    0.7226562500000000E-03    0.9782028198242188E-03
   41   -0.4199218750000000E-02    0.1290702819824219E-02
   42   -0.6835937500000000E-03    0.1146888732910156E-02
   43    0.3320312500000000E-02    0.9867095947265626E-03
   44    0.3300781250000000E-02    0.1105384826660156E-02
   45    0.3574218750000000E-02    0.1602439880371094E-02
   46    0.3535156250000000E-02    0.1168785095214844E-02
   47    0.7343750000000000E-02    0.1051559448242188E-02
   48    0.2031250000000000E-02    0.1047363281250000E-02
   49   -0.3847656250000000E-02    0.8729934692382812E-03
   50    0.1816406250000000E-02    0.1121177673339844E-02
   51   -0.3320312500000000E-02    0.1112518310546875E-02
   52    0.4375000000000000E-02    0.9702301025390625E-03
   53   -0.2890625000000000E-02    0.1202774047851563E-02
   54    0.5078125000000000E-02    0.1096115112304687E-02
   55   -0.2343750000000000E-03    0.8409881591796875E-03
   56   -0.1562500000000000E-02    0.7833099365234375E-03
   57   -0.3906250000000000E-03    0.1054992675781250E-02
   58    0.2167968750000000E-02    0.7243728637695312E-03
   59    0.2265625000000000E-02    0.1107559204101562E-02
   60    0.1445312500000000E-02    0.1013488769531250E-02
   61    0.4882812500000000E-02    0.8836364746093749E-03
   62   -0.1035156250000000E-02    0.9309005737304688E-03
   63   -0.3964843750000000E-02    0.9238815307617187E-03
   64   -0.4160156250000000E-02    0.1112785339355469E-02
   65   -0.9960937500000000E-03    0.1071357727050781E-02
   66   -0.1367187500000000E-02    0.1033782958984375E-02
   67   -0.1621093750000000E-02    0.1216850280761719E-02
   68    0.1308593750000000E-02    0.9074783325195312E-03
   69   -0.9375000000000000E-03    0.1063537597656250E-02
   70    0.1601562500000000E-02    0.1080474853515625E-02
   71   -0.2871093750000000E-02    0.8716964721679687E-03
   72   -0.3906250000000000E-02    0.1092910766601562E-02
   73    0.1367187500000000E-03    0.1009635925292969E-02
   74   -0.4199218750000000E-02    0.1233482360839844E-02
   75   -0.4335937500000000E-02    0.9651184082031250E-03
   76   -0.3320312500000000E-03    0.1074562072753906E-02
   77    0.1425781250000000E-02    0.7703018188476563E-03
   78    0.2539062500000000E-02    0.7746887207031250E-03
   79    0.2226562500000000E-02    0.1018981933593750E-02
   80    0.1230468750000000E-02    0.1004142761230469E-02
   81    0.1757812500000000E-02    0.9934234619140626E-03
   82   -0.6093750000000000E-02    0.1007537841796875E-02
   83   -0.3574218750000000E-02    0.1207389831542969E-02
   84   -0.3632812500000000E-02    0.8200073242187500E-03
   85   -0.5390625000000000E-02    0.9889984130859375E-03
   86   -0.1757812500000000E-03    0.1039924621582031E-02
   87   -0.3085937500000000E-02    0.1067733764648437E-02
   88   -0.2363281250000000E-02    0.1149482727050781E-02
   89   -0.3906250000000000E-03    0.9001159667968750E-03
   90   -0.2851562500000000E-02    0.8485412597656250E-03
   91    0.3398437500000000E-02    0.9832763671875000E-03
   92   -0.7792968750000000E-02    0.9839248657226563E-03
   93   -0.5703125000000000E-02    0.7666015625000000E-03
   94    0.7421875000000000E-03    0.8483886718750000E-03
   95    0.6250000000000000E-03    0.1036911010742187E-02
   96   -0.2539062500000000E-03    0.9569168090820312E-03
   97   -0.6445312500000000E-03    0.9644699096679688E-03
   98    0.1289062500000000E-02    0.1025772094726562E-02
   99   -0.2207031250000000E-02    0.1031532287597656E-02
  100   -0.2031250000000000E-02    0.1034698486328125E-02
