# time =    0.4793
    0    0.1000000000000000E+01    0.1000000000000000E+01
    1    0.2415039062500000E+00    0.5911273956298828E-01
    2    0.7248046875000000E-01    0.6253013610839844E-02
    3    0.2890625000000000E-01    0.1615905761718750E-02
    4    0.1164062500000000E-01    0.1083068847656250E-02
    5    0.1875000000000000E-02    0.1034545898437500E-02
    6    0.1562500000000000E-03    0.1216278076171875E-02
    7    0.3730468750000000E-02    0.1052284240722656E-02
    8   -0.2324218750000000E-02    0.9924697875976563E-03
    9    0.5273437500000000E-03    0.9820175170898438E-03
   10   -0.2324218750000000E-02    0.1071968078613281E-02
   11    0.5683593750000000E-02    0.1157493591308594E-02
   12    0.1933593750000000E-02    0.8479690551757812E-03
   13   -0.3125000000000000E-03    0.1134643554687500E-02
   14    0.4863281250000000E-02    0.1043052673339844E-02
   15    0.7812500000000000E-03    0.8014678955078125E-03
   16   -0.7421875000000000E-03    0.1044845581054687E-02
   17   -0.2070312500000000E-02    0.9615325927734375E-03
   18   -0.3007812500000000E-02    0.8890533447265625E-03
   19   -0.6328125000000000E-02    0.1061019897460937E-02
   20   -0.6406250000000000E-02    0.8623504638671875E-03
   21   -0.6699218750000000E-02    0.8069229125976563E-03
   22   -0.1210937500000000E-02    0.9447479248046875E-03
   23   -0.1230468750000000E-02    0.1056022644042969E-02
   24   -0.2597656250000000E-02    0.1055030822753906E-02
   25   -0.4746093750000000E-02    0.9422683715820312E-03
   26    0.3828125000000000E-02    0.1095504760742188E-02
   27    0.3125000000000000E-02    0.9812927246093750E-03
   28   -0.4687500000000000E-03    0.1015930175781250E-02
   29   -0.1386718750000000E-02    0.9243392944335938E-03
   30   -0.2597656250000000E-02    0.9626388549804687E-03
   31   -0.5898437500000000E-02    0.8943176269531250E-03
   32   -0.3320312500000000E-03    0.1189079284667969E-02
   33   -0.2402343750000000E-02    0.1044425964355469E-02
   34   -0.5507812500000000E-02    0.1144714355468750E-02
   35   -0.5859375000000000E-04    0.8876419067382812E-03
   36   -0.8593750000000000E-03    0.1068801879882813E-02
   37   -0.5664062500000000E-03    0.9656906127929688E-03
   38    0.4101562500000000E-03    0.1001167297363281E-02
   39    0.2949218750000000E-02    0.9457778930664063E-03
   40   -0.2851562500000000E-02    0.1131134033203125E-02
   41   -0.2714843750000000E-02    0.6722640991210937E-03
   42   -0.2109375000000000E-02    0.8530426025390625E-03
   43   -0.1953125000000000E-03    0.1201095581054688E-02
   44    0.3261718750000000E-02    0.1053962707519531E-02
   45    0.1523437500000000E-02    0.1392440795898437E-02
   46    0.1855468750000000E-02    0.1230278015136719E-02
   47   -0.6445312500000000E-03    0.1110954284667969E-02
   48    0.5859375000000000E-04    0.8214950561523437E-03
   49   -0.5468750000000001E-03    0.9418487548828125E-03
   50    0.1699218750000000E-02    0.1040611267089844E-02
   51    0.3046875000000000E-02    0.1002655029296875E-02
   52   -0.3613281250000000E-02    0.8608627319335937E-03
   53   -0.9179687499999999E-03    0.7561874389648437E-03
   54   -0.3710937500000000E-02    0.9500122070312500E-03
   55   -0.1250000000000000E-02    0.8502960205078125E-03
   56    0.2734375000000000E-03    0.1102600097656250E-02
   57    0.4746093750000000E-02    0.9686660766601563E-03
   58    0.3964843750000000E-02    0.8414840698242188E-03
   59    0.8593750000000000E-03    0.9944915771484375E-03
   60   -0.6777343750000000E-02    0.7911300659179687E-03
   61   -0.4707031250000000E-02    0.1243171691894531E-02
   62    0.1269531250000000E-02    0.1071815490722656E-02
   63    0.7617187500000000E-03    0.8424758911132812E-03
   64    0.6113281250000000E-02    0.9949874877929687E-03
   65   -0.1953125000000000E-04    0.7867813110351562E-03
   66    0.8789062500000000E-03    0.8816909790039062E-03
   67    0.5468750000000001E-03    0.8023834228515625E-03
   68    0.3144531250000000E-02    0.9086227416992187E-03
   69    0.1835937500000000E-02    0.1325225830078125E-02
   70    0.7421875000000000E-03    0.9878540039062499E-03
   71    0.3906250000000000E-03    0.7836914062500000E-03
   72   -0.3320312500000000E-02    0.8926391601562500E-03
   73   -0.6054687500000000E-03    0.8643722534179688E-03
   74    0.7812500000000000E-04    0.1132354736328125E-02
   75   -0.6835937500000000E-03    0.1032981872558594E-02
   76    0.4882812500000000E-03    0.1117668151855469E-02
   77   -0.1308593750000000E-02    0.1185569763183594E-02
   78   -0.7167968750000000E-02    0.1029396057128906E-02
   79   -0.2402343750000000E-02    0.1035881042480469E-02
   80   -0.5800781250000000E-02    0.1189231872558594E-02
   81    0.7031250000000000E-03    0.9098815917968750E-03
   82   -0.4882812500000000E-03    0.9444046020507812E-03
   83   -0.4316406250000000E-02    0.1156425476074219E-02
   84    0.3222656250000000E-02    0.9877395629882813E-03
   85   -0.1679687500000000E-02    0.9398651123046875E-03
   86   -0.1503906250000000E-02    0.9366226196289063E-03
   87   -0.8984375000000000E-03    0.1033477783203125E-02
   88    0.1464843750000000E-02    0.9118270874023438E-03
   89    0.4394531250000000E-02    0.1131706237792969E-02
   90    0.3359375000000000E-02    0.1303863525390625E-02
   91    0.2167968750000000E-02    0.8557510375976563E-03
   92    0.5097656250000000E-02    0.1162605285644531E-02
   93   -0.2968750000000000E-02    0.9087371826171875E-03
   94   -0.2734375000000000E-02    0.1085815429687500E-02
   95    0.7421875000000000E-03    0.1122283935546875E-02
   96    0.3515625000000000E-03    0.9288787841796875E-03
   97   -0.1445312500000000E-02    0.7915496826171875E-03
   98   -0.2988281250000000E-02    0.8430099487304688E-03
   99   -0.3808593750000000E-02    0.7949447631835937E-03
  100    0.2421875000000000E-02    0.8297729492187500E-03
