# time =    0.4787
    0    0.1000000000000000E+01    0.1000000000000000E+01
    1    0.2286914062500000E+00    0.5310649871826172E-01
    2    0.6597656250000000E-01    0.5463409423828125E-02
    3    0.2259765625000000E-01    0.1441688537597656E-02
    4    0.1320312500000000E-01    0.1289138793945312E-02
    5    0.6230468750000000E-02    0.9073257446289062E-03
    6    0.1894531250000000E-02    0.1061668395996094E-02
    7    0.5839843750000000E-02    0.1125755310058594E-02
    8   -0.2265625000000000E-02    0.1143569946289062E-02
    9    0.5820312500000000E-02    0.8989715576171875E-03
   10    0.3847656250000000E-02    0.9854507446289062E-03
   11    0.5722656250000000E-02    0.1152229309082031E-02
   12   -0.5664062500000000E-03    0.1018867492675781E-02
   13    0.5839843750000000E-02    0.1182212829589844E-02
   14   -0.4296875000000000E-03    0.7125854492187500E-03
   15   -0.4453125000000000E-02    0.1219787597656250E-02
   16   -0.2089843750000000E-02    0.9995651245117186E-03
   17   -0.2929687500000000E-02    0.1060638427734375E-02
   18    0.3710937500000000E-03    0.9638595581054687E-03
   19    0.3476562500000000E-02    0.1037292480468750E-02
   20    0.3281250000000000E-02    0.1083068847656250E-02
   21   -0.1445312500000000E-02    0.1115646362304687E-02
   22    0.2871093750000000E-02    0.1041374206542969E-02
   23   -0.7421875000000000E-03    0.9491729736328125E-03
   24    0.1777343750000000E-02    0.1020240783691406E-02
   25    0.9570312500000000E-03    0.7938766479492188E-03
   26    0.2597656250000000E-02    0.8746719360351562E-03
   27    0.6972656250000000E-02    0.8788681030273437E-03
   28    0.4472656250000000E-02    0.8668136596679687E-03
   29    0.3222656250000000E-02    0.9356307983398438E-03
   30    0.1328125000000000E-02    0.9187316894531250E-03
   31   -0.1953125000000000E-02    0.8909606933593750E-03
   32    0.7402343750000000E-02    0.8788681030273437E-03
   33    0.5332031250000000E-02    0.9883499145507812E-03
   34   -0.2832031250000000E-02    0.1062278747558594E-02
   35   -0.2128906250000000E-02    0.7828140258789063E-03
   36   -0.7421875000000000E-03    0.8789062500000000E-03
   37   -0.7031250000000000E-03    0.9960937500000000E-03
   38   -0.1582031250000000E-02    0.7707595825195313E-03
   39   -0.2910156250000000E-02    0.8665847778320312E-03
   40   -0.2246093750000000E-02    0.7335281372070312E-03
   41    0.1953125000000000E-03    0.8248138427734375E-03
   42    0.9960937500000000E-03    0.1016578674316406E-02
   43   -0.1796875000000000E-02    0.7319641113281250E-03
   44   -0.5273437500000000E-03    0.8725357055664062E-03
   45    0.2343750000000000E-02    0.9703063964843751E-03
   46    0.1738281250000000E-02    0.8531570434570313E-03
   47    0.3457031250000000E-02    0.1004219055175781E-02
   48    0.1406250000000000E-02    0.1079788208007813E-02
   49   -0.5488281250000000E-02    0.7999038696289062E-03
   50   -0.2597656250000000E-02    0.9740829467773437E-03
   51    0.1562500000000000E-03    0.1003341674804687E-02
   52    0.1835937500000000E-02    0.9224700927734375E-03
   53   -0.1308593750000000E-02    0.1045722961425781E-02
   54    0.1718750000000000E-02    0.9708404541015625E-03
   55   -0.4121093750000000E-02    0.1054649353027344E-02
   56   -0.1933593750000000E-02    0.1059379577636719E-02
   57    0.9765625000000000E-03    0.1283645629882812E-02
   58   -0.1738281250000000E-02    0.1164665222167969E-02
   59   -0.2890625000000000E-02    0.1028823852539062E-02
   60   -0.2734375000000000E-02    0.8422088623046875E-03
   61   -0.1953125000000000E-04    0.1101799011230469E-02
   62    0.2675781250000000E-02    0.9794235229492188E-03
   63    0.1933593750000000E-02    0.9949874877929687E-03
   64    0.1191406250000000E-02    0.9704971313476562E-03
   65    0.2714843750000000E-02    0.1024513244628906E-02
   66    0.1953125000000000E-03    0.9663391113281250E-03
   67   -0.2148437500000000E-03    0.9542465209960938E-03
   68   -0.2968750000000000E-02    0.8391571044921875E-03
   69   -0.1406250000000000E-02    0.8630371093750000E-03
   70   -0.2539062500000000E-03    0.8261489868164062E-03
   71   -0.2773437500000000E-02    0.1070861816406250E-02
   72   -0.2968750000000000E-02    0.8352661132812500E-03
   73   -0.3710937500000000E-03    0.1149177551269531E-02
   74    0.2441406250000000E-02    0.8845138549804688E-03
   75    0.7812500000000000E-03    0.1284790039062500E-02
   76   -0.1367187500000000E-03    0.1006965637207031E-02
   77    0.4843750000000000E-02    0.1073379516601562E-02
   78    0.2539062500000000E-02    0.1013565063476562E-02
   79    0.4101562500000000E-02    0.1045913696289063E-02
   80   -0.4492187500000000E-03    0.1095771789550781E-02
   81   -0.9179687499999999E-03    0.9903335571289063E-03
   82    0.1562500000000000E-03    0.8409118652343750E-03
   83   -0.7421875000000000E-03    0.9960174560546876E-03
   84   -0.9765625000000000E-03    0.1055984497070312E-02
   85    0.5722656250000000E-02    0.1192512512207031E-02
   86   -0.6835937500000000E-03    0.7120132446289063E-03
   87   -0.1894531250000000E-02    0.1310310363769531E-02
   88   -0.1933593750000000E-02    0.1034889221191406E-02
   89    0.8007812500000000E-03    0.7444381713867188E-03
   90    0.4296875000000000E-02    0.9780120849609375E-03
   91    0.2753906250000000E-02    0.1324119567871094E-02
   92    0.4609375000000000E-02    0.1062088012695313E-02
   93    0.2949218750000000E-02    0.8011245727539062E-03
   94   -0.4101562500000000E-03    0.8292007446289063E-03
   95   -0.5332031250000000E-02    0.8669662475585938E-03
   96    0.1093750000000000E-02    0.1012268066406250E-02
   97   -0.1816406250000000E-02    0.9724807739257813E-03
   98    0.7421875000000000E-03    0.9558868408203125E-03
   99   -0.6035156250000000E-02    0.1052589416503906E-02
  100   -0.4003906250000000E-02    0.1131782531738281E-02
