# time =    0.4746
    0    0.1000000000000000E+01    0.1000000000000000E+01
    1    0.2141406250000000E+00    0.4667846679687500E-01
    2    0.6013671875000000E-01    0.4592704772949219E-02
    3    0.2447265625000000E-01    0.1391105651855469E-02
    4    0.1253906250000000E-01    0.1095657348632813E-02
    5    0.2617187500000000E-02    0.1049499511718750E-02
    6   -0.5488281250000000E-02    0.8656692504882813E-03
    7   -0.7636718750000000E-02    0.1075325012207031E-02
    8   -0.3632812500000000E-02    0.7676696777343750E-03
    9   -0.2519531250000000E-02    0.1015815734863281E-02
   10   -0.5820312500000000E-02    0.1164703369140625E-02
   11   -0.3242187500000000E-02    0.8091735839843750E-03
   12   -0.1425781250000000E-02    0.1128349304199219E-02
   13    0.2871093750000000E-02    0.1040763854980469E-02
   14   -0.1875000000000000E-02    0.9784698486328125E-03
   15   -0.1875000000000000E-02    0.8631896972656250E-03
   16   -0.3222656250000000E-02    0.8494186401367187E-03
   17    0.3632812500000000E-02    0.1062545776367188E-02
   18   -0.1953125000000000E-04    0.1024360656738281E-02
   19    0.4179687500000000E-02    0.6974792480468750E-03
   20    0.5644531250000000E-02    0.1164283752441406E-02
   21    0.5468750000000001E-03    0.7895660400390625E-03
   22    0.1113281250000000E-02    0.1069831848144531E-02
   23   -0.2441406250000000E-02    0.9446334838867187E-03
   24   -0.7812500000000000E-04    0.8843994140625000E-03
   25    0.6992187500000000E-02    0.1074676513671875E-02
   26    0.3886718750000000E-02    0.7632827758789063E-03
   27    0.1992187500000000E-02    0.8453369140625000E-03
   28    0.1914062500000000E-02    0.7251739501953125E-03
   29   -0.3203125000000000E-02    0.9085083007812500E-03
   30    0.1015625000000000E-02    0.1224212646484375E-02
   31   -0.5859375000000000E-04    0.9469223022460937E-03
   32    0.7812500000000000E-03    0.8840942382812500E-03
   33   -0.4296875000000000E-03    0.1022262573242188E-02
   34   -0.1562500000000000E-02    0.7895660400390625E-03
   35    0.4160156250000000E-02    0.8863449096679687E-03
   36    0.4453125000000000E-02    0.8196258544921876E-03
   37    0.1757812500000000E-03    0.8292007446289063E-03
   38    0.5253906250000000E-02    0.1028480529785156E-02
   39    0.4179687500000000E-02    0.1062164306640625E-02
   40    0.4687500000000000E-02    0.9910583496093750E-03
   41    0.7578125000000000E-02    0.1032562255859375E-02
   42    0.3085937500000000E-02    0.1026687622070312E-02
   43    0.6542968750000000E-02    0.1169395446777344E-02
   44    0.3320312500000000E-02    0.1026611328125000E-02
   45    0.1718750000000000E-02    0.9927368164062500E-03
   46    0.1640625000000000E-02    0.8468627929687500E-03
   47    0.1894531250000000E-02    0.1039772033691406E-02
   48    0.1503906250000000E-02    0.1426124572753906E-02
   49   -0.4375000000000000E-02    0.9404754638671875E-03
   50   -0.1777343750000000E-02    0.1023063659667969E-02
   51   -0.7421875000000000E-03    0.1211700439453125E-02
   52   -0.5097656250000000E-02    0.1051750183105469E-02
   53    0.2968750000000000E-02    0.1072616577148438E-02
   54   -0.1074218750000000E-02    0.1008720397949219E-02
   55    0.9375000000000000E-03    0.1204681396484375E-02
   56    0.3203125000000000E-02    0.8697509765625000E-03
   57    0.3847656250000000E-02    0.1062812805175781E-02
   58    0.3652343750000000E-02    0.1037483215332031E-02
   59    0.2187500000000000E-02    0.7064819335937500E-03
   60   -0.4882812500000000E-03    0.8145523071289063E-03
   61   -0.1464843750000000E-02    0.1017951965332031E-02
   62   -0.3496093750000000E-02    0.9489059448242188E-03
   63   -0.2480468750000000E-02    0.7100296020507812E-03
   64   -0.2148437500000000E-03    0.9892654418945312E-03
   65   -0.9960937500000000E-03    0.1017799377441406E-02
   66   -0.2382812500000000E-02    0.1191024780273438E-02
   67   -0.6445312500000000E-02    0.1035919189453125E-02
   68   -0.7812500000000000E-04    0.8126068115234375E-03
   69    0.5859375000000000E-04    0.8371353149414062E-03
   70    0.1054687500000000E-02    0.8613586425781250E-03
   71   -0.2871093750000000E-02    0.7012557983398438E-03
   72   -0.2968750000000000E-02    0.1189651489257813E-02
   73    0.2597656250000000E-02    0.1037330627441406E-02
   74    0.8007812500000000E-03    0.1153678894042969E-02
   75   -0.1562500000000000E-02    0.9117126464843750E-03
   76   -0.1757812500000000E-02    0.9533691406250000E-03
   77    0.5468750000000001E-03    0.1016387939453125E-02
   78   -0.5468750000000001E-03    0.9741210937500001E-03
   79    0.3710937500000000E-03    0.9431076049804687E-03
   80    0.2929687500000000E-03    0.9944534301757812E-03
   81    0.1992187500000000E-02    0.9382629394531250E-03
   82    0.7226562500000000E-03    0.8810043334960937E-03
   83   -0.3886718750000000E-02    0.1069450378417969E-02
   84   -0.1562500000000000E-02    0.9470367431640625E-03
   85    0.8007812500000000E-03    0.9530258178710938E-03
   86   -0.5703125000000000E-02    0.8014678955078125E-03
   87   -0.3847656250000000E-02    0.1103019714355469E-02
   88   -0.7421875000000000E-03    0.8870697021484375E-03
   89   -0.7421875000000000E-03    0.9335327148437500E-03
   90    0.1738281250000000E-02    0.9542465209960938E-03
   91   -0.4882812500000000E-02    0.1054992675781250E-02
   92    0.2597656250000000E-02    0.8622360229492188E-03
   93    0.3125000000000000E-03    0.8153533935546875E-03
   94   -0.3671875000000000E-02    0.1022262573242188E-02
   95   -0.1152343750000000E-02    0.1054801940917969E-02
   96   -0.5078125000000000E-02    0.1090164184570312E-02
   97   -0.1171875000000000E-03    0.1084976196289063E-02
   98    0.4296875000000000E-03    0.9598541259765625E-03
   99    0.2910156250000000E-02    0.8738327026367187E-03
  100   -0.5585937500000000E-02    0.1145172119140625E-02
