# time =    0.4760
    0    0.1000000000000000E+01    0.1000000000000000E+01
    1    0.2515820312500000E+00    0.6438770294189453E-01
    2    0.7763671875000000E-01    0.6996116638183594E-02
    3    0.2916015625000000E-01    0.1966285705566406E-02
    4    0.1113281250000000E-01    0.1120223999023438E-02
    5    0.3320312500000000E-02    0.8406066894531251E-03
    6    0.1041015625000000E-01    0.1125068664550781E-02
    7    0.5488281250000000E-02    0.9515762329101562E-03
    8   -0.1582031250000000E-02    0.9275436401367188E-03
    9    0.4902343750000000E-02    0.9625625610351563E-03
   10    0.2304687500000000E-02    0.1179809570312500E-02
   11   -0.7812500000000000E-04    0.1030426025390625E-02
   12    0.1816406250000000E-02    0.8113479614257812E-03
   13    0.3398437500000000E-02    0.6136322021484376E-03
   14   -0.2988281250000000E-02    0.9411239624023438E-03
   15   -0.2773437500000000E-02    0.9013366699218750E-03
   16   -0.1503906250000000E-02    0.7470321655273438E-03
   17   -0.1074218750000000E-02    0.9366226196289063E-03
   18    0.4707031250000000E-02    0.8469772338867188E-03
   19    0.5703125000000000E-02    0.9453582763671875E-03
   20   -0.2285156250000000E-02    0.6122207641601563E-03
   21    0.3906250000000000E-03    0.9490966796875000E-03
   22    0.6308593750000000E-02    0.9163284301757813E-03
   23    0.3144531250000000E-02    0.8884811401367187E-03
   24   -0.1250000000000000E-02    0.1057815551757813E-02
   25    0.3027343750000000E-02    0.9752273559570313E-03
   26    0.4804687500000000E-02    0.1163635253906250E-02
   27    0.3867187500000000E-02    0.1192321777343750E-02
   28    0.3281250000000000E-02    0.9799957275390624E-03
   29   -0.1757812500000000E-03    0.9492874145507812E-03
   30   -0.1796875000000000E-02    0.9561157226562499E-03
   31    0.5410156250000000E-02    0.7621383666992187E-03
   32    0.3671875000000000E-02    0.9574127197265625E-03
   33    0.3828125000000000E-02    0.1190567016601563E-02
   34    0.3593750000000000E-02    0.1052322387695313E-02
   35    0.5859375000000000E-03    0.1054687500000000E-02
   36   -0.1152343750000000E-02    0.8229446411132812E-03
   37   -0.7226562500000000E-03    0.1173057556152344E-02
   38   -0.4980468750000000E-02    0.1248283386230469E-02
   39   -0.1933593750000000E-02    0.9413528442382813E-03
   40    0.3261718750000000E-02    0.9714889526367187E-03
   41    0.1386718750000000E-02    0.8211135864257812E-03
   42   -0.4375000000000000E-02    0.7994079589843750E-03
   43   -0.2636718750000000E-02    0.9692764282226563E-03
   44    0.1757812500000000E-03    0.1030921936035156E-02
   45    0.2988281250000000E-02    0.9347915649414063E-03
   46    0.2089843750000000E-02    0.1097908020019531E-02
   47    0.3476562500000000E-02    0.8779907226562500E-03
   48    0.2792968750000000E-02    0.8255386352539062E-03
   49    0.4042968750000000E-02    0.9790420532226562E-03
   50    0.4628906250000000E-02    0.1033821105957031E-02
   51    0.1718750000000000E-02    0.1221237182617187E-02
   52    0.8398437500000000E-03    0.9958267211914063E-03
   53   -0.5859375000000000E-04    0.1136970520019531E-02
   54    0.3515625000000000E-03    0.9937286376953125E-03
   55    0.2050781250000000E-02    0.9212875366210937E-03
   56   -0.3710937500000000E-03    0.9991073608398438E-03
   57    0.2773437500000000E-02    0.9276580810546875E-03
   58    0.4882812500000000E-03    0.7930374145507812E-03
   59    0.1054687500000000E-02    0.8816528320312500E-03
   60    0.2890625000000000E-02    0.8410644531250000E-03
   61    0.1308593750000000E-02    0.1006965637207031E-02
   62   -0.8984375000000000E-03    0.9719848632812500E-03
   63   -0.1914062500000000E-02    0.1076583862304688E-02
   64    0.1132812500000000E-02    0.8064270019531250E-03
   65    0.3515625000000000E-03    0.1078948974609375E-02
   66    0.4160156250000000E-02    0.1031074523925781E-02
   67   -0.2148437500000000E-03    0.1140861511230469E-02
   68    0.2207031250000000E-02    0.8469772338867188E-03
   69    0.1074218750000000E-02    0.7864761352539062E-03
   70   -0.3261718750000000E-02    0.8732223510742187E-03
   71   -0.8125000000000000E-02    0.7081604003906249E-03
   72    0.3906250000000000E-02    0.1129760742187500E-02
   73    0.1035156250000000E-02    0.9078598022460938E-03
   74   -0.7031250000000000E-03    0.1236724853515625E-02
   75   -0.2089843750000000E-02    0.8023452758789063E-03
   76    0.1640625000000000E-02    0.8389282226562500E-03
   77   -0.1621093750000000E-02    0.7249069213867188E-03
   78    0.2636718750000000E-02    0.9904861450195312E-03
   79    0.2558593750000000E-02    0.9852218627929687E-03
   80   -0.8398437500000000E-03    0.8435440063476562E-03
   81   -0.3222656250000000E-02    0.8761978149414062E-03
   82    0.2539062500000000E-02    0.9521484375000000E-03
   83   -0.2929687500000000E-03    0.1204185485839844E-02
   84   -0.4453125000000000E-02    0.1018142700195312E-02
   85    0.1816406250000000E-02    0.7094192504882812E-03
   86   -0.2128906250000000E-02    0.1146812438964844E-02
   87   -0.9179687499999999E-03    0.1360893249511719E-02
   88    0.3789062500000000E-02    0.7867431640625000E-03
   89   -0.2792968750000000E-02    0.9070205688476563E-03
   90   -0.1503906250000000E-02    0.1094703674316406E-02
   91    0.1816406250000000E-02    0.8169174194335938E-03
   92    0.2226562500000000E-02    0.8545684814453125E-03
   93    0.3710937500000000E-03    0.6816482543945312E-03
   94    0.1132812500000000E-02    0.9075164794921875E-03
   95    0.2148437500000000E-02    0.1027526855468750E-02
   96    0.1718750000000000E-02    0.9373474121093750E-03
   97    0.3437500000000000E-02    0.9311676025390625E-03
   98    0.3222656250000000E-02    0.7052993774414062E-03
   99    0.1347656250000000E-02    0.1113929748535156E-02
  100    0.1171875000000000E-02    0.9230804443359375E-03
