# time =    0.4805
    0    0.1000000000000000E+01    0.1000000000000000E+01
    1    0.2174023437500000E+00    0.4809360504150391E-01
    2    0.5291015625000000E-01    0.3592720031738281E-02
    3    0.1351562500000000E-01    0.1225738525390625E-02
    4    0.9765625000000001E-04    0.1021995544433594E-02
    5   -0.8261718750000001E-02    0.1106376647949219E-02
    6   -0.5839843750000000E-02    0.8214187622070313E-03
    7   -0.3066406250000000E-02    0.8437728881835937E-03
    8    0.5859375000000000E-04    0.1083335876464844E-02
    9    0.2812500000000000E-02    0.8172607421875000E-03
   10   -0.5273437500000000E-03    0.9364700317382813E-03
   11   -0.4218750000000000E-02    0.1023178100585938E-02
   12   -0.2343750000000000E-03    0.8840179443359375E-03
   13   -0.2519531250000000E-02    0.1131019592285156E-02
   14   -0.2753906250000000E-02    0.1175498962402344E-02
   15   -0.2167968750000000E-02    0.8732986450195313E-03
   16   -0.2988281250000000E-02    0.7762527465820313E-03
   17   -0.8789062500000000E-03    0.1191749572753906E-02
   18    0.6777343750000000E-02    0.1150093078613281E-02
   19    0.3105468750000000E-02    0.1040840148925781E-02
   20    0.1894531250000000E-02    0.1111335754394531E-02
   21    0.1484375000000000E-02    0.9328460693359375E-03
   22    0.3261718750000000E-02    0.8038711547851562E-03
   23    0.1738281250000000E-02    0.8347702026367188E-03
   24    0.8867187500000000E-02    0.9327697753906250E-03
   25    0.2578125000000000E-02    0.1067047119140625E-02
   26    0.1992187500000000E-02    0.9873199462890625E-03
   27    0.6289062500000000E-02    0.1238021850585938E-02
   28   -0.1757812500000000E-02    0.9261322021484375E-03
   29   -0.2617187500000000E-02    0.1071472167968750E-02
   30   -0.5859375000000000E-04    0.1185340881347656E-02
   31   -0.5703125000000000E-02    0.1073837280273438E-02
   32   -0.2246093750000000E-02    0.1108512878417969E-02
   33   -0.1445312500000000E-02    0.8199310302734375E-03
   34   -0.3867187500000000E-02    0.9688568115234375E-03
   35   -0.1718750000000000E-02    0.1169967651367187E-02
   36    0.1074218750000000E-02    0.1031608581542969E-02
   37    0.1875000000000000E-02    0.9070587158203125E-03
   38   -0.2421875000000000E-02    0.7034301757812500E-03
   39    0.4687500000000000E-03    0.1004638671875000E-02
   40    0.1347656250000000E-02    0.9305953979492187E-03
   41   -0.2636718750000000E-02    0.7954025268554687E-03
   42   -0.1757812500000000E-02    0.1007232666015625E-02
   43   -0.4746093750000000E-02    0.9195327758789063E-03
   44    0.2402343750000000E-02    0.9378433227539062E-03
   45    0.3808593750000000E-02    0.7461166381835938E-03
   46    0.4296875000000000E-02    0.1039276123046875E-02
   47    0.1484375000000000E-02    0.9853363037109375E-03
   48    0.6914062500000000E-02    0.1044540405273437E-02
   49   -0.1054687500000000E-02    0.8666229248046875E-03
   50   -0.5058593750000000E-02    0.1057624816894531E-02
   51    0.1269531250000000E-02    0.7888412475585937E-03
   52    0.2480468750000000E-02    0.9082412719726563E-03
   53   -0.3222656250000000E-02    0.9395980834960938E-03
   54    0.6054687500000000E-03    0.8090591430664063E-03
   55   -0.2246093750000000E-02    0.1138877868652344E-02
   56   -0.3750000000000000E-02    0.1029357910156250E-02
   57   -0.1406250000000000E-02    0.1013336181640625E-02
   58   -0.1464843750000000E-02    0.1090812683105469E-02
   59    0.1523437500000000E-02    0.1040573120117187E-02
   60    0.1503906250000000E-02    0.8632278442382812E-03
   61   -0.1367187500000000E-03    0.9727096557617188E-03
   62    0.5078125000000000E-03    0.1069183349609375E-02
   63    0.2421875000000000E-02    0.9928131103515625E-03
   64    0.1074218750000000E-02    0.7443618774414062E-03
   65    0.3300781250000000E-02    0.1210060119628906E-02
   66   -0.2031250000000000E-02    0.9065246582031249E-03
   67    0.3789062500000000E-02    0.9459686279296875E-03
   68    0.5859375000000000E-04    0.9047317504882812E-03
   69    0.8789062500000000E-03    0.7902145385742188E-03
   70   -0.8593750000000000E-03    0.7940673828125000E-03
   71   -0.1601562500000000E-02    0.9431457519531250E-03
   72   -0.9960937500000000E-03    0.7275009155273438E-03
   73    0.9765625000000000E-03    0.8335113525390625E-03
   74   -0.2050781250000000E-02    0.1053962707519531E-02
   75   -0.9765625000000000E-03    0.1356048583984375E-02
   76    0.2265625000000000E-02    0.9927368164062500E-03
   77   -0.2480468750000000E-02    0.1115379333496094E-02
   78   -0.8593750000000000E-03    0.9323120117187500E-03
   79    0.7421875000000000E-02    0.1058883666992187E-02
   80   -0.5078125000000000E-03    0.1127777099609375E-02
   81    0.2539062500000000E-03    0.9626388549804687E-03
   82   -0.2636718750000000E-02    0.1091957092285156E-02
   83    0.1308593750000000E-02    0.1014442443847656E-02
   84    0.4648437500000000E-02    0.1087036132812500E-02
   85    0.1367187500000000E-03    0.8761978149414062E-03
   86    0.3085937500000000E-02    0.9231567382812500E-03
   87   -0.4355468750000000E-02    0.9775924682617187E-03
   88   -0.8398437500000000E-02    0.9757995605468750E-03
   89   -0.5019531250000000E-02    0.8517074584960938E-03
   90    0.1523437500000000E-02    0.7276916503906250E-03
   91   -0.1992187500000000E-02    0.8356475830078125E-03
   92    0.4609375000000000E-02    0.1030120849609375E-02
   93   -0.2167968750000000E-02    0.9152603149414063E-03
   94    0.3281250000000000E-02    0.1095733642578125E-02
   95   -0.3789062500000000E-02    0.8693695068359375E-03
   96   -0.8750000000000001E-02    0.1061553955078125E-02
   97   -0.8984375000000000E-03    0.1003570556640625E-02
   98   -0.1601562500000000E-02    0.1067428588867187E-02
   99    0.3125000000000000E-03    0.8046722412109375E-03
  100   -0.7636718750000000E-02    0.1011772155761719E-02
