# time =    0.4736
    0    0.1000000000000000E+01    0.1000000000000000E+01
    1    0.2300781250000000E+00    0.5384757995605469E-01
    2    0.5724609375000000E-01    0.4592781066894531E-02
    3    0.1308593750000000E-01    0.1128387451171875E-02
    4   -0.1210937500000000E-02    0.8022308349609375E-03
    5   -0.4882812500000000E-03    0.1034202575683594E-02
    6   -0.2929687500000000E-03    0.1091728210449219E-02
    7    0.3007812500000000E-02    0.7820129394531250E-03
    8   -0.6718750000000000E-02    0.6784820556640626E-03
    9   -0.4843750000000000E-02    0.1222839355468750E-02
   10   -0.3906250000000000E-03    0.1186447143554687E-02
   11    0.2753906250000000E-02    0.9101486206054688E-03
   12   -0.6250000000000000E-03    0.7051849365234376E-03
   13    0.3281250000000000E-02    0.1054916381835938E-02
   14   -0.2773437500000000E-02    0.1193313598632812E-02
   15   -0.8789062500000000E-03    0.1072425842285156E-02
   16   -0.1992187500000000E-02    0.1003799438476562E-02
   17   -0.4277343750000000E-02    0.1060600280761719E-02
   18   -0.2890625000000000E-02    0.7392883300781250E-03
   19   -0.1484375000000000E-02    0.1183319091796875E-02
   20    0.3710937500000000E-02    0.9620666503906250E-03
   21    0.1152343750000000E-02    0.9747695922851563E-03
   22    0.5097656250000000E-02    0.1036415100097656E-02
   23    0.6445312500000000E-03    0.9553146362304688E-03
   24   -0.1953125000000000E-04    0.9943771362304688E-03
   25    0.1601562500000000E-02    0.1024703979492188E-02
   26    0.2656250000000000E-02    0.1010131835937500E-02
   27   -0.5664062500000000E-03    0.1095542907714844E-02
   28    0.5859375000000000E-02    0.1043319702148438E-02
   29   -0.4394531250000000E-02    0.8246231079101562E-03
   30   -0.5273437500000000E-03    0.7075881958007813E-03
   31   -0.3066406250000000E-02    0.1048622131347656E-02
   32   -0.3085937500000000E-02    0.1173706054687500E-02
   33   -0.1718750000000000E-02    0.1109466552734375E-02
   34    0.2285156250000000E-02    0.1065406799316406E-02
   35   -0.4492187500000000E-03    0.9291458129882812E-03
   36   -0.2343750000000000E-02    0.9570312500000000E-03
   37   -0.2949218750000000E-02    0.9270095825195312E-03
   38   -0.8203125000000000E-03    0.8361053466796875E-03
   39   -0.1777343750000000E-02    0.1166114807128906E-02
   40   -0.1757812500000000E-02    0.9236907958984374E-03
   41   -0.2851562500000000E-02    0.8489227294921875E-03
   42    0.1152343750000000E-02    0.1072120666503906E-02
   43   -0.9375000000000000E-03    0.9633636474609375E-03
   44    0.6718750000000000E-02    0.7287597656250000E-03
   45    0.5488281250000000E-02    0.1061058044433594E-02
   46    0.2226562500000000E-02    0.6539916992187500E-03
   47   -0.8984375000000000E-03    0.8282470703125000E-03
   48   -0.1210937500000000E-02    0.8847808837890625E-03
   49   -0.1250000000000000E-02    0.1106948852539063E-02
   50    0.3906250000000000E-03    0.9998321533203126E-03
   51    0.3320312500000000E-02    0.1159896850585938E-02
   52    0.1777343750000000E-02    0.9507369995117187E-03
   53    0.8593750000000000E-03    0.7985687255859375E-03
   54    0.1347656250000000E-02    0.9334945678710938E-03
   55   -0.1015625000000000E-02    0.1059799194335937E-02
   56    0.8984375000000000E-03    0.1037597656250000E-02
   57    0.8789062500000000E-03    0.1104621887207031E-02
   58   -0.6171875000000000E-02    0.9510803222656250E-03
   59   -0.2871093750000000E-02    0.9469223022460937E-03
   60    0.3554687500000000E-02    0.1259536743164063E-02
   61   -0.3515625000000000E-03    0.9661102294921875E-03
   62   -0.4980468750000000E-02    0.8649826049804688E-03
   63    0.4980468750000000E-02    0.1157722473144531E-02
   64    0.1347656250000000E-02    0.1042289733886719E-02
   65   -0.3906250000000000E-03    0.1120223999023438E-02
   66   -0.3144531250000000E-02    0.7703018188476563E-03
   67    0.1601562500000000E-02    0.8168792724609374E-03
   68   -0.2636718750000000E-02    0.1183509826660156E-02
   69    0.2167968750000000E-02    0.1091575622558594E-02
   70   -0.5722656250000000E-02    0.1098518371582031E-02
   71   -0.3710937500000000E-03    0.9830093383789062E-03
   72   -0.1367187500000000E-03    0.9066390991210937E-03
   73    0.1289062500000000E-02    0.9627532958984375E-03
   74    0.2734375000000000E-03    0.9116363525390625E-03
   75   -0.1074218750000000E-02    0.8037185668945312E-03
   76   -0.2753906250000000E-02    0.8802413940429688E-03
   77    0.2031250000000000E-02    0.1023254394531250E-02
   78   -0.1562500000000000E-02    0.7442474365234375E-03
   79   -0.1152343750000000E-02    0.8050918579101563E-03
   80   -0.3515625000000000E-03    0.9223937988281250E-03
   81    0.1113281250000000E-02    0.9241104125976562E-03
   82   -0.4062500000000000E-02    0.8361816406250000E-03
   83   -0.5507812500000000E-02    0.9872436523437500E-03
   84   -0.2207031250000000E-02    0.8540725708007812E-03
   85   -0.1406250000000000E-02    0.1031646728515625E-02
   86   -0.9570312500000000E-03    0.1065940856933594E-02
   87   -0.1562500000000000E-02    0.1062088012695313E-02
   88    0.1406250000000000E-02    0.9971618652343749E-03
   89    0.3144531250000000E-02    0.7674789428710937E-03
   90    0.1699218750000000E-02    0.9150314331054688E-03
   91    0.9375000000000000E-03    0.1066589355468750E-02
   92   -0.2382812500000000E-02    0.8831024169921875E-03
   93    0.3828125000000000E-02    0.9478759765625000E-03
   94   -0.5898437500000000E-02    0.8349609375000000E-03
   95   -0.2714843750000000E-02    0.8404159545898438E-03
   96   -0.1347656250000000E-02    0.8977890014648437E-03
   97   -0.2500000000000000E-02    0.1124191284179687E-02
   98   -0.1152343750000000E-02    0.9267044067382813E-03
   99    0.1894531250000000E-02    0.8485031127929688E-03
  100    0.3105468750000000E-02    0.1190910339355469E-02
