# time =    0.4578
    0    0.1000000000000000E+01    0.1000000000000000E+01
    1    0.2758007812500000E+00    0.7662487030029297E-01
    2    0.8798828124999999E-01    0.8654823303222656E-02
    3    0.3220703125000000E-01    0.1935386657714844E-02
    4    0.1671875000000000E-01    0.1168670654296875E-02
    5    0.3847656250000000E-02    0.1254997253417969E-02
    6    0.8398437500000000E-03    0.9869766235351563E-03
    7    0.3476562500000000E-02    0.8797454833984375E-03
    8    0.2929687500000000E-03    0.1124382019042969E-02
    9    0.6054687500000000E-03    0.8633041381835938E-03
   10   -0.3476562500000000E-02    0.9584808349609375E-03
   11    0.9765625000000000E-03    0.1142349243164062E-02
   12   -0.9570312500000000E-03    0.9902572631835937E-03
   13   -0.9765625000000001E-04    0.8451461791992188E-03
   14   -0.6835937500000000E-03    0.1127586364746094E-02
   15   -0.2578125000000000E-02    0.1223068237304688E-02
   16   -0.4511718750000000E-02    0.1137580871582031E-02
   17    0.2539062500000000E-03    0.9091567993164063E-03
   18   -0.3691406250000000E-02    0.9314346313476562E-03
   19   -0.2500000000000000E-02    0.9313964843750000E-03
   20    0.3183593750000000E-02    0.8518600463867188E-03
   21    0.1328125000000000E-02    0.1062469482421875E-02
   22   -0.2421875000000000E-02    0.8779144287109374E-03
   23    0.1347656250000000E-02    0.9179306030273437E-03
   24   -0.3593750000000000E-02    0.8492279052734375E-03
   25    0.5078125000000000E-03    0.8901977539062501E-03
   26   -0.1367187500000000E-02    0.1067199707031250E-02
   27    0.2988281250000000E-02    0.8012008666992188E-03
   28   -0.6035156250000000E-02    0.9757614135742187E-03
   29   -0.2460937500000000E-02    0.8142852783203125E-03
   30   -0.2148437500000000E-03    0.9778213500976562E-03
   31    0.9960937500000000E-03    0.1075553894042969E-02
   32   -0.2011718750000000E-02    0.1154212951660156E-02
   33    0.3398437500000000E-02    0.8576202392578125E-03
   34   -0.3515625000000000E-03    0.1110992431640625E-02
   35   -0.4335937500000000E-02    0.9020233154296875E-03
   36    0.5019531250000000E-02    0.1051063537597656E-02
   37    0.1933593750000000E-02    0.9341812133789062E-03
   38   -0.1835937500000000E-02    0.1177902221679687E-02
   39    0.1308593750000000E-02    0.1344642639160156E-02
   40    0.5468750000000001E-03    0.1060714721679688E-02
   41   -0.3183593750000000E-02    0.1068000793457031E-02
   42    0.7031250000000000E-03    0.9421539306640625E-03
   43    0.5078125000000000E-03    0.1024322509765625E-02
   44   -0.9765625000000001E-04    0.9061813354492188E-03
   45   -0.3398437500000000E-02    0.1332397460937500E-02
   46   -0.4687500000000000E-03    0.9792327880859375E-03
   47    0.1015625000000000E-02    0.1059417724609375E-02
   48    0.3984375000000000E-02    0.8924865722656250E-03
   49    0.1660156250000000E-02    0.9820175170898438E-03
   50   -0.1289062500000000E-02    0.8133697509765625E-03
   51    0.2363281250000000E-02    0.1204872131347656E-02
   52    0.1328125000000000E-02    0.7826995849609375E-03
   53    0.1171875000000000E-02    0.7974243164062500E-03
   54    0.5800781250000000E-02    0.9050369262695312E-03
   55    0.8007812500000000E-03    0.1027793884277344E-02
   56   -0.4394531250000000E-02    0.7890701293945312E-03
   57    0.5273437500000000E-03    0.6447219848632812E-03
   58   -0.1542968750000000E-02    0.1358070373535156E-02
   59    0.1269531250000000E-02    0.1271553039550781E-02
   60   -0.1542968750000000E-02    0.1004753112792969E-02
   61   -0.1406250000000000E-02    0.8066558837890625E-03
   62    0.5859375000000000E-03    0.1278533935546875E-02
   63    0.2851562500000000E-02    0.1098175048828125E-02
   64    0.2988281250000000E-02    0.8181381225585937E-03
   65    0.1250000000000000E-02    0.1213226318359375E-02
   66   -0.8984375000000000E-03    0.8638763427734375E-03
   67    0.1308593750000000E-02    0.8111190795898437E-03
   68    0.2753906250000000E-02    0.8293533325195312E-03
   69   -0.1113281250000000E-02    0.7589340209960937E-03
   70   -0.2929687500000000E-03    0.7985305786132813E-03
   71   -0.1835937500000000E-02    0.8068084716796875E-03
   72   -0.5859375000000000E-04    0.9491348266601563E-03
   73   -0.1757812500000000E-03    0.1044731140136719E-02
   74    0.1855468750000000E-02    0.7268905639648438E-03
   75    0.2402343750000000E-02    0.8817672729492188E-03
   76    0.4687500000000000E-03    0.6661224365234375E-03
   77   -0.3359375000000000E-02    0.1254272460937500E-02
   78    0.1914062500000000E-02    0.9520721435546875E-03
   79   -0.2460937500000000E-02    0.1155242919921875E-02
   80   -0.7031250000000000E-03    0.1054611206054687E-02
   81   -0.7812500000000000E-04    0.8908843994140625E-03
   82    0.2617187500000000E-02    0.9061431884765625E-03
   83    0.5410156250000000E-02    0.8284378051757812E-03
   84   -0.1718750000000000E-02    0.1346282958984375E-02
   85   -0.4101562500000000E-03    0.7643508911132813E-03
   86    0.2011718750000000E-02    0.9970474243164063E-03
   87    0.6250000000000000E-03    0.9453582763671875E-03
   88    0.5742187500000000E-02    0.1293258666992187E-02
   89   -0.1386718750000000E-02    0.8597946166992187E-03
   90   -0.1250000000000000E-02    0.9548187255859375E-03
   91    0.4882812500000000E-03    0.1093101501464844E-02
   92    0.6035156250000000E-02    0.1209831237792969E-02
   93    0.3750000000000000E-02    0.1177978515625000E-02
   94   -0.4492187500000000E-03    0.1001014709472656E-02
   95    0.2968750000000000E-02    0.1109466552734375E-02
   96    0.6328125000000000E-02    0.9017944335937500E-03
   97    0.2734375000000000E-02    0.8338928222656250E-03
   98    0.3417968750000000E-02    0.1097297668457031E-02
   99   -0.1621093750000000E-02    0.8211898803710938E-03
  100   -0.2343750000000000E-03    0.9397888183593751E-03
