# time =    0.4606
    0    0.1000000000000000E+01    0.1000000000000000E+01
    1    0.2878125000000000E+00    0.8377761840820312E-01
    2    0.1108789062500000E+00    0.1337512969970703E-01
    3    0.5443359375000000E-01    0.3974189758300781E-02
    4    0.2867187500000000E-01    0.1964721679687500E-02
    5    0.1203125000000000E-01    0.1058044433593750E-02
    6    0.1156250000000000E-01    0.1371307373046875E-02
    7    0.2539062500000000E-02    0.1101150512695313E-02
    8   -0.1484375000000000E-02    0.1196670532226562E-02
    9    0.2597656250000000E-02    0.1024818420410156E-02
   10    0.1816406250000000E-02    0.9964370727539062E-03
   11   -0.1972656250000000E-02    0.1079750061035156E-02
   12   -0.2519531250000000E-02    0.1068992614746094E-02
   13   -0.8984375000000000E-03    0.1086120605468750E-02
   14   -0.2207031250000000E-02    0.8285140991210937E-03
   15   -0.1367187500000000E-02    0.7305145263671875E-03
   16    0.6464843750000000E-02    0.1242408752441406E-02
   17   -0.1640625000000000E-02    0.1290512084960938E-02
   18   -0.1269531250000000E-02    0.9967422485351563E-03
   19    0.4511718750000000E-02    0.9018325805664062E-03
   20    0.3105468750000000E-02    0.1118431091308594E-02
   21    0.1406250000000000E-02    0.1013793945312500E-02
   22   -0.5390625000000000E-02    0.1077041625976562E-02
   23    0.1835937500000000E-02    0.1084060668945313E-02
   24    0.3183593750000000E-02    0.9018325805664062E-03
   25    0.7753906250000000E-02    0.8559036254882813E-03
   26   -0.1601562500000000E-02    0.9061431884765625E-03
   27   -0.5468750000000001E-03    0.8735656738281250E-03
   28   -0.3222656250000000E-02    0.9794235229492188E-03
   29   -0.3984375000000000E-02    0.9178924560546875E-03
   30    0.3906250000000000E-04    0.9806060791015625E-03
   31    0.2441406250000000E-02    0.9072494506835938E-03
   32    0.2343750000000000E-02    0.7719421386718751E-03
   33   -0.2167968750000000E-02    0.1015129089355469E-02
   34    0.2675781250000000E-02    0.8700180053710937E-03
   35    0.1425781250000000E-02    0.1227760314941406E-02
   36   -0.3710937500000000E-02    0.7878875732421875E-03
   37   -0.2539062500000000E-02    0.9867095947265626E-03
   38    0.5273437500000000E-03    0.1329307556152344E-02
   39    0.4257812500000000E-02    0.1242523193359375E-02
   40   -0.1894531250000000E-02    0.1042823791503906E-02
   41   -0.5859375000000000E-02    0.8642578125000000E-03
   42   -0.9960937500000000E-03    0.8943557739257812E-03
   43   -0.1542968750000000E-02    0.1076087951660156E-02
   44   -0.9570312500000000E-03    0.9065628051757813E-03
   45    0.2109375000000000E-02    0.7737731933593750E-03
   46    0.5625000000000000E-02    0.8603668212890625E-03
   47   -0.1718750000000000E-02    0.1144027709960937E-02
   48    0.1972656250000000E-02    0.1015739440917969E-02
   49    0.1015625000000000E-02    0.8907318115234375E-03
   50    0.7812500000000000E-03    0.8633422851562500E-03
   51   -0.7617187500000000E-03    0.7509994506835938E-03
   52    0.4804687500000000E-02    0.8650207519531250E-03
   53   -0.1269531250000000E-02    0.9409713745117187E-03
   54   -0.1484375000000000E-02    0.8499145507812500E-03
   55    0.6054687500000000E-03    0.8118057250976563E-03
   56    0.1718750000000000E-02    0.9716033935546875E-03
   57    0.6679687500000000E-02    0.9098815917968750E-03
   58   -0.1171875000000000E-02    0.7721710205078125E-03
   59   -0.9179687499999999E-03    0.1091880798339844E-02
   60   -0.1289062500000000E-02    0.1128921508789062E-02
   61   -0.1386718750000000E-02    0.1073875427246094E-02
   62   -0.1445312500000000E-02    0.9085083007812500E-03
   63    0.1093750000000000E-02    0.1008377075195312E-02
   64    0.1875000000000000E-02    0.8305358886718750E-03
   65    0.5019531250000000E-02    0.8507919311523438E-03
   66    0.5859375000000000E-03    0.9050750732421875E-03
   67    0.2656250000000000E-02    0.8991241455078125E-03
   68    0.3007812500000000E-02    0.1051635742187500E-02
   69    0.6445312500000000E-03    0.1308326721191406E-02
   70    0.8984375000000000E-03    0.1130676269531250E-02
   71    0.3007812500000000E-02    0.1179275512695312E-02
   72   -0.8007812500000000E-03    0.1040611267089844E-02
   73   -0.3359375000000000E-02    0.1231536865234375E-02
   74   -0.4550781250000000E-02    0.1009483337402344E-02
   75   -0.2109375000000000E-02    0.9508514404296875E-03
   76   -0.1132812500000000E-02    0.7820129394531250E-03
   77   -0.4687500000000000E-02    0.8988952636718749E-03
   78   -0.9023437500000000E-02    0.9872436523437500E-03
   79   -0.6757812500000000E-02    0.8358001708984375E-03
   80   -0.1855468750000000E-02    0.6900405883789062E-03
   81    0.3125000000000000E-03    0.9117889404296875E-03
   82    0.1074218750000000E-02    0.1063270568847656E-02
   83    0.1054687500000000E-02    0.1235198974609375E-02
   84   -0.1796875000000000E-02    0.1119689941406250E-02
   85   -0.1308593750000000E-02    0.8340835571289063E-03
   86   -0.1484375000000000E-02    0.8941650390625000E-03
   87   -0.2050781250000000E-02    0.9466934204101562E-03
   88   -0.1347656250000000E-02    0.1314048767089844E-02
   89    0.1289062500000000E-02    0.6474304199218750E-03
   90   -0.1640625000000000E-02    0.1039199829101563E-02
   91    0.8203125000000000E-03    0.9620666503906250E-03
   92   -0.4218750000000000E-02    0.8592224121093750E-03
   93    0.2910156250000000E-02    0.1109199523925781E-02
   94    0.1679687500000000E-02    0.7701873779296875E-03
   95    0.2031250000000000E-02    0.1226196289062500E-02
   96   -0.1894531250000000E-02    0.1171989440917969E-02
   97   -0.1406250000000000E-02    0.1006698608398437E-02
   98    0.1367187500000000E-03    0.6442642211914062E-03
   99   -0.5468750000000001E-03    0.9544372558593750E-03
  100    0.1113281250000000E-02    0.1122474670410156E-02
