# time =    0.4707
    0    0.1000000000000000E+01    0.1000000000000000E+01
    1    0.2162304687500000E+00    0.4757022857666016E-01
    2    0.5521484375000000E-01    0.4049339294433594E-02
    3    0.1347656250000000E-01    0.1097259521484375E-02
    4    0.5605468750000000E-02    0.9257125854492187E-03
    5    0.2343750000000000E-03    0.9601593017578125E-03
    6    0.2460937500000000E-02    0.1054458618164063E-02
    7    0.4863281250000000E-02    0.8070755004882812E-03
    8    0.3867187500000000E-02    0.1107635498046875E-02
    9   -0.8789062500000000E-03    0.1184577941894531E-02
   10   -0.1972656250000000E-02    0.7520675659179688E-03
   11   -0.1777343750000000E-02    0.7870864868164063E-03
   12    0.9179687499999999E-03    0.1067390441894531E-02
   13    0.3320312500000000E-03    0.1162147521972656E-02
   14    0.5410156250000000E-02    0.1170997619628906E-02
   15    0.3125000000000000E-03    0.6752777099609375E-03
   16   -0.5332031250000000E-02    0.1257514953613281E-02
   17   -0.4785156250000000E-02    0.1062507629394531E-02
   18   -0.3378906250000000E-02    0.9330368041992188E-03
   19   -0.5078125000000000E-03    0.1132659912109375E-02
   20   -0.5664062500000000E-03    0.1268730163574219E-02
   21   -0.1035156250000000E-02    0.9838485717773438E-03
   22   -0.3242187500000000E-02    0.9480285644531250E-03
   23   -0.2148437500000000E-03    0.7873916625976562E-03
   24   -0.6035156250000000E-02    0.9212112426757813E-03
   25   -0.7226562500000000E-03    0.1074867248535156E-02
   26   -0.3437500000000000E-02    0.8651733398437500E-03
   27    0.1464843750000000E-02    0.9198379516601562E-03
   28    0.2011718750000000E-02    0.8204269409179687E-03
   29   -0.5507812500000000E-02    0.9414672851562500E-03
   30    0.1289062500000000E-02    0.9970855712890625E-03
   31   -0.4511718750000000E-02    0.9643936157226563E-03
   32   -0.1953125000000000E-02    0.1038284301757813E-02
   33    0.4121093750000000E-02    0.9554672241210937E-03
   34   -0.9570312500000000E-03    0.9859085083007812E-03
   35   -0.3554687500000000E-02    0.9426879882812500E-03
   36   -0.2714843750000000E-02    0.9473037719726563E-03
   37   -0.1777343750000000E-02    0.1128883361816406E-02
   38    0.1953125000000000E-03    0.9495544433593750E-03
   39   -0.2480468750000000E-02    0.1054878234863281E-02
   40    0.4550781250000000E-02    0.9101486206054688E-03
   41   -0.2714843750000000E-02    0.9972763061523438E-03
   42    0.6445312500000000E-03    0.1247215270996094E-02
   43    0.1171875000000000E-03    0.9243774414062500E-03
   44    0.1796875000000000E-02    0.9737396240234375E-03
   45    0.1289062500000000E-02    0.9235382080078125E-03
   46   -0.4238281250000000E-02    0.1107215881347656E-02
   47   -0.5449218750000000E-02    0.1036567687988281E-02
   48    0.7812500000000000E-04    0.9936523437500001E-03
   49   -0.4453125000000000E-02    0.1047897338867187E-02
   50    0.1152343750000000E-02    0.7228469848632813E-03
   51   -0.2343750000000000E-02    0.1041488647460937E-02
   52   -0.6054687500000000E-03    0.8505630493164062E-03
   53   -0.2421875000000000E-02    0.1101989746093750E-02
   54   -0.2734375000000000E-03    0.8142852783203125E-03
   55    0.2343750000000000E-02    0.9669494628906250E-03
   56    0.2207031250000000E-02    0.8011245727539062E-03
   57    0.5859375000000000E-03    0.1062850952148438E-02
   58   -0.2695312500000000E-02    0.7437896728515625E-03
   59   -0.9667968750000000E-02    0.9618759155273438E-03
   60    0.2929687500000000E-03    0.8499526977539063E-03
   61   -0.1933593750000000E-02    0.1157341003417969E-02
   62   -0.5839843750000000E-02    0.8253860473632813E-03
   63   -0.2871093750000000E-02    0.9838485717773438E-03
   64    0.2343750000000000E-02    0.7716369628906250E-03
   65    0.4667968750000000E-02    0.9099960327148438E-03
   66    0.6933593750000000E-02    0.7543563842773438E-03
   67    0.4296875000000000E-02    0.8686828613281250E-03
   68    0.6640625000000000E-03    0.9294891357421875E-03
   69    0.1347656250000000E-02    0.7326889038085937E-03
   70   -0.1406250000000000E-02    0.8438110351562500E-03
   71   -0.2167968750000000E-02    0.9611892700195312E-03
   72    0.1914062500000000E-02    0.9033203125000000E-03
   73    0.4238281250000000E-02    0.1027336120605469E-02
   74   -0.1250000000000000E-02    0.7951354980468750E-03
   75   -0.7812500000000000E-04    0.1045227050781250E-02
   76    0.1367187500000000E-03    0.7097244262695313E-03
   77   -0.5390625000000000E-02    0.1058731079101563E-02
   78   -0.7226562500000000E-03    0.8919143676757813E-03
   79   -0.1054687500000000E-02    0.1107635498046875E-02
   80    0.0000000000000000E+00    0.1109695434570312E-02
   81    0.4296875000000000E-03    0.1010360717773438E-02
   82   -0.1855468750000000E-02    0.7630538940429688E-03
   83    0.7812500000000000E-04    0.1162872314453125E-02
   84    0.7226562500000000E-03    0.9193801879882812E-03
   85    0.1640625000000000E-02    0.1012649536132812E-02
   86    0.2714843750000000E-02    0.1022911071777344E-02
   87    0.2031250000000000E-02    0.9296417236328125E-03
   88   -0.3789062500000000E-02    0.9231567382812500E-03
   89    0.1542968750000000E-02    0.1086463928222656E-02
   90    0.4648437500000000E-02    0.1015090942382813E-02
   91    0.4101562500000000E-03    0.8441543579101562E-03
   92    0.4687500000000000E-03    0.8274841308593750E-03
   93   -0.3046875000000000E-02    0.1120223999023438E-02
   94   -0.3671875000000000E-02    0.1084365844726562E-02
   95    0.7148437500000000E-02    0.1137161254882813E-02
   96    0.6464843750000000E-02    0.8901596069335937E-03
   97    0.2558593750000000E-02    0.1078224182128906E-02
   98    0.4042968750000000E-02    0.8247756958007813E-03
   99    0.1582031250000000E-02    0.9011459350585937E-03
  100   -0.1074218750000000E-02    0.9875869750976562E-03
