# time =    0.4662
    0    0.1000000000000000E+01    0.1000000000000000E+01
    1    0.1832812500000000E+00    0.3455940246582032E-01
    2    0.3537109375000000E-01    0.1956138610839844E-02
    3    0.7871093750000000E-02    0.1276588439941406E-02
    4   -0.5429687500000000E-02    0.1038970947265625E-02
    5    0.2304687500000000E-02    0.8633422851562500E-03
    6   -0.2636718750000000E-02    0.1007728576660156E-02
    7    0.3847656250000000E-02    0.9477615356445312E-03
    8    0.1640625000000000E-02    0.1172561645507812E-02
    9    0.2148437500000000E-02    0.8373260498046875E-03
   10   -0.3691406250000000E-02    0.1094551086425781E-02
   11    0.2031250000000000E-02    0.1119003295898437E-02
   12   -0.4882812500000000E-03    0.9552383422851562E-03
   13   -0.1601562500000000E-02    0.9931182861328124E-03
   14   -0.8593750000000000E-03    0.9159088134765625E-03
   15    0.7812500000000000E-03    0.9210968017578125E-03
   16    0.1093750000000000E-02    0.1062774658203125E-02
   17    0.1308593750000000E-02    0.7384872436523438E-03
   18   -0.1718750000000000E-02    0.9866333007812499E-03
   19   -0.8007812500000000E-03    0.1191749572753906E-02
   20    0.3222656250000000E-02    0.1037483215332031E-02
   21    0.6152343750000000E-02    0.9638595581054687E-03
   22    0.6250000000000000E-03    0.8030700683593750E-03
   23    0.1972656250000000E-02    0.1066017150878906E-02
   24   -0.7031250000000000E-03    0.1033248901367188E-02
   25   -0.1562500000000000E-02    0.9504699707031250E-03
   26   -0.5781250000000000E-02    0.1248931884765625E-02
   27   -0.1835937500000000E-02    0.1059265136718750E-02
   28    0.1367187500000000E-03    0.6674575805664062E-03
   29    0.1308593750000000E-02    0.1138343811035156E-02
   30    0.3613281250000000E-02    0.1027412414550781E-02
   31    0.3515625000000000E-02    0.8235931396484375E-03
   32   -0.3886718750000000E-02    0.9633255004882813E-03
   33   -0.3027343750000000E-02    0.8940505981445313E-03
   34    0.1972656250000000E-02    0.1064033508300781E-02
   35   -0.3652343750000000E-02    0.8292770385742187E-03
   36   -0.3125000000000000E-02    0.1171798706054688E-02
   37   -0.2734375000000000E-03    0.1028518676757813E-02
   38   -0.9960937500000000E-03    0.9943008422851562E-03
   39    0.5859375000000000E-04    0.1137123107910156E-02
   40    0.3242187500000000E-02    0.9682464599609375E-03
   41   -0.4199218750000000E-02    0.1168861389160156E-02
   42    0.1542968750000000E-02    0.9717941284179688E-03
   43   -0.3046875000000000E-02    0.1177520751953125E-02
   44   -0.3242187500000000E-02    0.1104888916015625E-02
   45   -0.7617187500000000E-03    0.9062576293945312E-03
   46    0.2207031250000000E-02    0.9571456909179687E-03
   47    0.1484375000000000E-02    0.1118927001953125E-02
   48   -0.6835937500000000E-03    0.9973526000976562E-03
   49    0.1953125000000000E-04    0.8124160766601562E-03
   50   -0.3750000000000000E-02    0.7796478271484375E-03
   51    0.9375000000000000E-03    0.1175003051757812E-02
   52   -0.2578125000000000E-02    0.1264495849609375E-02
   53    0.1250000000000000E-02    0.9811401367187500E-03
   54   -0.1914062500000000E-02    0.1359710693359375E-02
   55    0.3515625000000000E-03    0.8721923828124999E-03
   56   -0.1132812500000000E-02    0.1015319824218750E-02
   57   -0.2929687500000000E-02    0.8261108398437500E-03
   58   -0.1796875000000000E-02    0.7157135009765625E-03
   59    0.3144531250000000E-02    0.9329605102539062E-03
   60    0.4648437500000000E-02    0.8328247070312500E-03
   61    0.3105468750000000E-02    0.1098670959472656E-02
   62    0.3691406250000000E-02    0.1179466247558594E-02
   63    0.3417968750000000E-02    0.1222953796386719E-02
   64   -0.2460937500000000E-02    0.7897186279296875E-03
   65   -0.1777343750000000E-02    0.1116447448730469E-02
   66   -0.2851562500000000E-02    0.9121704101562500E-03
   67   -0.2265625000000000E-02    0.9633636474609375E-03
   68   -0.1757812500000000E-03    0.9404373168945313E-03
   69   -0.1191406250000000E-02    0.8652877807617188E-03
   70    0.6250000000000000E-03    0.8766937255859375E-03
   71    0.5878906250000000E-02    0.1233787536621094E-02
   72   -0.3710937500000000E-03    0.6336593627929688E-03
   73    0.7421875000000000E-03    0.1043472290039063E-02
   74    0.3125000000000000E-03    0.1037063598632813E-02
   75    0.1953125000000000E-03    0.1146011352539063E-02
   76    0.3203125000000000E-02    0.9614562988281250E-03
   77    0.9179687499999999E-03    0.1258888244628906E-02
   78    0.1953125000000000E-04    0.8098220825195312E-03
   79    0.1308593750000000E-02    0.1145515441894531E-02
   80    0.4335937500000000E-02    0.9568786621093750E-03
   81   -0.2167968750000000E-02    0.1018333435058594E-02
   82   -0.3203125000000000E-02    0.1052398681640625E-02
   83   -0.2128906250000000E-02    0.8063125610351563E-03
   84    0.4550781250000000E-02    0.1003837585449219E-02
   85    0.2167968750000000E-02    0.1067695617675781E-02
   86   -0.3710937500000000E-03    0.8176803588867187E-03
   87    0.1621093750000000E-02    0.9550094604492187E-03
   88    0.1953125000000000E-04    0.9242630004882812E-03
   89    0.1074218750000000E-02    0.1162452697753906E-02
   90    0.4179687500000000E-02    0.9104156494140625E-03
   91   -0.7617187500000000E-03    0.8248519897460937E-03
   92   -0.2480468750000000E-02    0.9128189086914062E-03
   93    0.1015625000000000E-02    0.1023101806640625E-02
   94    0.1953125000000000E-02    0.1115036010742188E-02
   95    0.1191406250000000E-02    0.9769058227539062E-03
   96    0.1269531250000000E-02    0.9820175170898438E-03
   97    0.4667968750000000E-02    0.8998489379882812E-03
   98   -0.3671875000000000E-02    0.9746551513671875E-03
   99   -0.7812500000000000E-03    0.8690643310546875E-03
  100    0.5468750000000000E-02    0.1103897094726562E-02
