# time =    0.4737
    0    0.1000000000000000E+01    0.1000000000000000E+01
    1    0.1866601562500000E+00    0.3556087493896484E-01
    2    0.3654296875000000E-01    0.2295036315917969E-02
    3    0.5644531250000000E-02    0.1048469543457031E-02
    4    0.3984375000000000E-02    0.1069335937500000E-02
    5   -0.5117187500000000E-02    0.8972930908203125E-03
    6    0.3476562500000000E-02    0.8879852294921875E-03
    7    0.2070312500000000E-02    0.9410858154296875E-03
    8   -0.5644531250000000E-02    0.1344261169433594E-02
    9    0.2949218750000000E-02    0.1253623962402344E-02
   10   -0.9765625000000001E-04    0.8842086791992187E-03
   11   -0.4160156250000000E-02    0.9453201293945313E-03
   12   -0.3164062500000000E-02    0.9885406494140624E-03
   13    0.3281250000000000E-02    0.1002731323242188E-02
   14   -0.1816406250000000E-02    0.9542465209960938E-03
   15    0.1269531250000000E-02    0.9793472290039063E-03
   16    0.3105468750000000E-02    0.8031845092773438E-03
   17    0.2128906250000000E-02    0.9314346313476562E-03
   18    0.2812500000000000E-02    0.8121490478515625E-03
   19   -0.2734375000000000E-02    0.7135009765625000E-03
   20   -0.1835937500000000E-02    0.9072875976562500E-03
   21   -0.4101562500000000E-02    0.8471679687500000E-03
   22   -0.1250000000000000E-02    0.8899688720703125E-03
   23   -0.4140625000000000E-02    0.9505462646484375E-03
   24    0.1328125000000000E-02    0.1155929565429687E-02
   25   -0.5664062500000000E-03    0.8123397827148437E-03
   26    0.1621093750000000E-02    0.8409500122070312E-03
   27    0.6074218750000000E-02    0.9810256958007813E-03
   28    0.4003906250000000E-02    0.9524154663085937E-03
   29    0.8593750000000000E-03    0.1019973754882812E-02
   30   -0.3906250000000000E-04    0.1022186279296875E-02
   31   -0.1191406250000000E-02    0.7466506958007812E-03
   32   -0.2187500000000000E-02    0.9644317626953125E-03
   33    0.9570312500000000E-03    0.1272315979003906E-02
   34   -0.3535156250000000E-02    0.8734512329101562E-03
   35   -0.3261718750000000E-02    0.1128425598144531E-02
   36   -0.7812500000000000E-02    0.1194686889648438E-02
   37   -0.1523437500000000E-02    0.8093261718750000E-03
   38    0.9765625000000000E-03    0.1012115478515625E-02
   39    0.1015625000000000E-02    0.8936309814453125E-03
   40    0.2343750000000000E-03    0.9537506103515625E-03
   41   -0.2675781250000000E-02    0.9734725952148437E-03
   42   -0.3906250000000000E-04    0.1055450439453125E-02
   43   -0.2343750000000000E-03    0.1035842895507813E-02
   44   -0.1308593750000000E-02    0.1050453186035156E-02
   45   -0.4375000000000000E-02    0.9707641601562500E-03
   46   -0.2792968750000000E-02    0.1065711975097656E-02
   47    0.5078125000000000E-03    0.1064682006835938E-02
   48    0.5175781250000000E-02    0.7899856567382813E-03
   49    0.1093750000000000E-02    0.9828186035156249E-03
   50    0.2441406250000000E-02    0.1167030334472656E-02
   51   -0.2226562500000000E-02    0.9000396728515625E-03
   52   -0.5292968750000000E-02    0.1071662902832031E-02
   53    0.7226562500000000E-03    0.8665847778320312E-03
   54    0.2636718750000000E-02    0.9887313842773437E-03
   55    0.1718750000000000E-02    0.9384918212890625E-03
   56    0.1660156250000000E-02    0.9386825561523437E-03
   57    0.3906250000000000E-03    0.9199523925781250E-03
   58    0.1933593750000000E-02    0.8979415893554687E-03
   59   -0.4531250000000000E-02    0.9696960449218750E-03
   60    0.7597656250000000E-02    0.1003913879394531E-02
   61   -0.1796875000000000E-02    0.8842468261718750E-03
   62    0.5078125000000000E-03    0.1005783081054688E-02
   63   -0.1445312500000000E-02    0.7224273681640625E-03
   64   -0.6152343750000000E-02    0.9177780151367188E-03
   65    0.2285156250000000E-02    0.8843612670898438E-03
   66    0.1464843750000000E-02    0.9007644653320312E-03
   67    0.5527343750000000E-02    0.8785629272460938E-03
   68   -0.1191406250000000E-02    0.8592605590820312E-03
   69    0.2851562500000000E-02    0.8737182617187500E-03
   70   -0.5859375000000000E-03    0.9692382812500000E-03
   71   -0.1640625000000000E-02    0.9513854980468750E-03
   72   -0.1718750000000000E-02    0.8500671386718750E-03
   73    0.1347656250000000E-02    0.1195793151855469E-02
   74   -0.3417968750000000E-02    0.9453201293945313E-03
   75    0.2910156250000000E-02    0.8858871459960937E-03
   76    0.2324218750000000E-02    0.1101112365722656E-02
   77   -0.1914062500000000E-02    0.8097839355468750E-03
   78    0.5839843750000000E-02    0.8399581909179687E-03
   79   -0.1992187500000000E-02    0.9600830078125000E-03
   80    0.1777343750000000E-02    0.9140396118164063E-03
   81    0.2597656250000000E-02    0.1036949157714844E-02
   82   -0.2949218750000000E-02    0.1107368469238281E-02
   83   -0.4003906250000000E-02    0.9940719604492187E-03
   84    0.1757812500000000E-03    0.9041213989257812E-03
   85    0.5937500000000000E-02    0.1061782836914062E-02
   86    0.1347656250000000E-02    0.1204338073730469E-02
   87    0.1191406250000000E-02    0.1042747497558594E-02
   88   -0.3476562500000000E-02    0.8939361572265625E-03
   89   -0.1542968750000000E-02    0.1096000671386719E-02
   90    0.1367187500000000E-02    0.7649993896484375E-03
   91    0.2910156250000000E-02    0.8548355102539063E-03
   92    0.4882812500000000E-03    0.8610916137695312E-03
   93   -0.6835937500000000E-03    0.9245681762695313E-03
   94    0.1035156250000000E-02    0.8141708374023438E-03
   95    0.2187500000000000E-02    0.8798217773437499E-03
   96   -0.1464843750000000E-02    0.1004600524902344E-02
   97    0.1972656250000000E-02    0.9337997436523437E-03
   98   -0.1953125000000000E-03    0.8863067626953125E-03
   99    0.3652343750000000E-02    0.7990646362304687E-03
  100    0.1738281250000000E-02    0.9133529663085938E-03
