# time =    0.4262
    0    0.1000000000000000E+01    0.1000000000000000E+01
    1    0.4023046875000000E+00    0.1625875091552734E+00
    2    0.1866601562500000E+00    0.3571041107177735E-01
    3    0.1049414062500000E+00    0.1177051544189453E-01
    4    0.6494140625000000E-01    0.5305442810058594E-02
    5    0.4382812500000000E-01    0.2873535156250000E-02
    6    0.3156250000000000E-01    0.2032699584960938E-02
    7    0.2488281250000000E-01    0.1527404785156250E-02
    8    0.2173828125000000E-01    0.1376609802246094E-02
    9    0.1976562500000000E-01    0.1499023437500000E-02
   10    0.1078125000000000E-01    0.1090240478515625E-02
   11    0.1599609375000000E-01    0.1267509460449219E-02
   12    0.7890625000000000E-02    0.8938598632812500E-03
   13    0.6855468750000000E-02    0.9223556518554687E-03
   14    0.4257812500000000E-02    0.1116333007812500E-02
   15    0.2324218750000000E-02    0.9230422973632812E-03
   16   -0.2148437500000000E-03    0.8223342895507812E-03
   17    0.2812500000000000E-02    0.9317779541015625E-03
   18    0.4472656250000000E-02    0.8939743041992187E-03
   19    0.1718750000000000E-02    0.1106719970703125E-02
   20    0.2734375000000000E-03    0.9799957275390624E-03
   21   -0.1914062500000000E-02    0.6820678710937500E-03
   22   -0.3515625000000000E-03    0.9942626953124999E-03
   23   -0.2324218750000000E-02    0.7670211791992187E-03
   24   -0.2089843750000000E-02    0.8253097534179687E-03
   25   -0.1191406250000000E-02    0.8535385131835938E-03
   26   -0.2402343750000000E-02    0.7881546020507813E-03
   27    0.2675781250000000E-02    0.7541275024414062E-03
   28   -0.3164062500000000E-02    0.1061325073242188E-02
   29   -0.9765625000000001E-04    0.1076850891113281E-02
   30    0.8593750000000000E-03    0.9582519531250000E-03
   31    0.1718750000000000E-02    0.1181335449218750E-02
   32   -0.6601562500000000E-02    0.8673095703125001E-03
   33    0.1347656250000000E-02    0.1144599914550781E-02
   34    0.5019531250000000E-02    0.1081581115722656E-02
   35   -0.7812500000000000E-03    0.7944488525390625E-03
   36    0.5468750000000001E-03    0.7325744628906250E-03
   37    0.7031250000000000E-03    0.8631896972656250E-03
   38   -0.2246093750000000E-02    0.1021537780761719E-02
   39   -0.9765625000000001E-04    0.1144828796386719E-02
   40    0.1699218750000000E-02    0.9794235229492188E-03
   41   -0.4296875000000000E-03    0.1032333374023438E-02
   42    0.4277343750000000E-02    0.8108901977539062E-03
   43   -0.1953125000000000E-04    0.9748458862304688E-03
   44    0.1250000000000000E-02    0.7324218750000000E-03
   45    0.4257812500000000E-02    0.1094207763671875E-02
   46    0.5429687500000000E-02    0.1108169555664062E-02
   47    0.3300781250000000E-02    0.8470535278320313E-03
   48    0.6933593750000000E-02    0.7712936401367187E-03
   49    0.4453125000000000E-02    0.9104156494140625E-03
   50    0.2246093750000000E-02    0.9830856323242187E-03
   51    0.9765625000000000E-03    0.7381439208984375E-03
   52    0.9375000000000000E-03    0.1034545898437500E-02
   53   -0.2714843750000000E-02    0.1238517761230469E-02
   54   -0.1621093750000000E-02    0.8956527709960937E-03
   55    0.2480468750000000E-02    0.7821273803710938E-03
   56    0.3378906250000000E-02    0.1006507873535156E-02
   57   -0.1367187500000000E-02    0.1016387939453125E-02
   58    0.3906250000000000E-03    0.9903717041015625E-03
   59    0.3125000000000000E-02    0.1036453247070312E-02
   60    0.1562500000000000E-03    0.1093673706054687E-02
   61   -0.6835937500000000E-03    0.9672927856445312E-03
   62    0.1074218750000000E-02    0.9484481811523437E-03
   63    0.1308593750000000E-02    0.9160232543945312E-03
   64    0.2558593750000000E-02    0.1075096130371094E-02
   65    0.4628906250000000E-02    0.1153297424316406E-02
   66   -0.1914062500000000E-02    0.9696960449218750E-03
   67   -0.1992187500000000E-02    0.9700012207031250E-03
   68    0.9179687499999999E-03    0.1104393005371094E-02
   69    0.1523437500000000E-02    0.1191101074218750E-02
   70    0.4492187500000000E-03    0.1030387878417969E-02
   71    0.1035156250000000E-02    0.9637069702148437E-03
   72   -0.1523437500000000E-02    0.8178710937500000E-03
   73    0.3085937500000000E-02    0.1094131469726562E-02
   74   -0.2050781250000000E-02    0.1006736755371094E-02
   75   -0.5429687500000000E-02    0.9262084960937500E-03
   76    0.7812500000000000E-04    0.1161804199218750E-02
   77   -0.9375000000000000E-03    0.1093521118164063E-02
   78   -0.2148437500000000E-02    0.1011276245117188E-02
   79   -0.1562500000000000E-02    0.1191101074218750E-02
   80   -0.1738281250000000E-02    0.1096458435058594E-02
   81   -0.5449218750000000E-02    0.1024742126464844E-02
   82   -0.2597656250000000E-02    0.1207847595214844E-02
   83   -0.2070312500000000E-02    0.7699584960937500E-03
   84   -0.3222656250000000E-02    0.7889938354492188E-03
   85   -0.6835937500000000E-03    0.7572555541992187E-03
   86   -0.1503906250000000E-02    0.8271408081054688E-03
   87   -0.1289062500000000E-02    0.9885406494140624E-03
   88    0.5800781250000000E-02    0.1181068420410156E-02
   89    0.1816406250000000E-02    0.8301162719726563E-03
   90   -0.1484375000000000E-02    0.1046447753906250E-02
   91   -0.3710937500000000E-02    0.1066894531250000E-02
   92   -0.8203125000000000E-03    0.7090759277343750E-03
   93   -0.2460937500000000E-02    0.9750366210937500E-03
   94    0.1875000000000000E-02    0.1094207763671875E-02
   95   -0.3906250000000000E-03    0.8929443359375000E-03
   96   -0.2968750000000000E-02    0.1054458618164063E-02
   97    0.2539062500000000E-03    0.9678268432617188E-03
   98    0.5957031250000000E-02    0.1180915832519531E-02
   99    0.8789062500000000E-02    0.1100387573242187E-02
  100    0.7714843750000000E-02    0.1246604919433594E-02
