# time =    0.4788
    0    0.1000000000000000E+01    0.1000000000000000E+01
    1    0.2283984375000000E+00    0.5288482666015625E-01
    2    0.6632812500000000E-01    0.5261230468750000E-02
    3    0.2148437500000000E-01    0.1310577392578125E-02
    4    0.1082031250000000E-01    0.1257629394531250E-02
    5    0.1718750000000000E-02    0.9645843505859376E-03
    6    0.1523437500000000E-02    0.1098403930664062E-02
    7    0.2285156250000000E-02    0.1113471984863281E-02
    8   -0.1074218750000000E-02    0.1010627746582031E-02
    9    0.1113281250000000E-02    0.1094703674316406E-02
   10   -0.3515625000000000E-02    0.1317749023437500E-02
   11    0.8203125000000000E-03    0.1028289794921875E-02
   12   -0.2890625000000000E-02    0.1087951660156250E-02
   13   -0.2187500000000000E-02    0.9394836425781250E-03
   14    0.4941406250000000E-02    0.9035110473632812E-03
   15    0.5664062500000000E-03    0.8579635620117187E-03
   16    0.4296875000000000E-02    0.7962799072265625E-03
   17   -0.1367187500000000E-02    0.8044433593750000E-03
   18   -0.2421875000000000E-02    0.1061935424804687E-02
   19    0.1308593750000000E-02    0.1010475158691406E-02
   20    0.1855468750000000E-02    0.1034049987792969E-02
   21    0.3320312500000000E-03    0.1060447692871094E-02
   22   -0.3125000000000000E-03    0.8213043212890625E-03
   23   -0.4687500000000000E-03    0.9040832519531250E-03
   24   -0.2285156250000000E-02    0.1008415222167969E-02
   25    0.9570312500000000E-03    0.9409713745117187E-03
   26    0.2148437500000000E-03    0.1111946105957031E-02
   27    0.0000000000000000E+00    0.1047821044921875E-02
   28   -0.5273437500000000E-02    0.8499145507812500E-03
   29   -0.1640625000000000E-02    0.9648132324218750E-03
   30    0.1347656250000000E-02    0.6905746459960938E-03
   31    0.2109375000000000E-02    0.9694671630859374E-03
   32   -0.2871093750000000E-02    0.1005058288574219E-02
   33    0.3222656250000000E-02    0.1021308898925781E-02
   34    0.7031250000000000E-03    0.1389465332031250E-02
   35   -0.4121093750000000E-02    0.9487533569335938E-03
   36   -0.2011718750000000E-02    0.9087753295898437E-03
   37    0.1875000000000000E-02    0.8882904052734376E-03
   38    0.2246093750000000E-02    0.1087913513183594E-02
   39    0.4667968750000000E-02    0.1103324890136719E-02
   40    0.1972656250000000E-02    0.7432174682617188E-03
   41   -0.1367187500000000E-03    0.9875869750976562E-03
   42    0.5429687500000000E-02    0.8225250244140625E-03
   43    0.2890625000000000E-02    0.9192657470703125E-03
   44   -0.1367187500000000E-02    0.6845855712890625E-03
   45   -0.1582031250000000E-02    0.1094474792480469E-02
   46   -0.6601562500000000E-02    0.1292572021484375E-02
   47    0.4941406250000000E-02    0.1013069152832031E-02
   48    0.4863281250000000E-02    0.9682083129882813E-03
   49    0.4375000000000000E-02    0.9948730468750000E-03
   50    0.2070312500000000E-02    0.9714508056640625E-03
   51    0.4609375000000000E-02    0.9665679931640625E-03
   52    0.2324218750000000E-02    0.9254074096679688E-03
   53   -0.4121093750000000E-02    0.1341056823730469E-02
   54   -0.5898437500000000E-02    0.1099243164062500E-02
   55    0.6757812500000000E-02    0.9149169921875000E-03
   56   -0.2578125000000000E-02    0.1158294677734375E-02
   57   -0.7421875000000000E-03    0.1005554199218750E-02
   58    0.1445312500000000E-02    0.9726715087890625E-03
   59   -0.2285156250000000E-02    0.1317176818847656E-02
   60   -0.9570312500000000E-03    0.9847640991210937E-03
   61    0.7265625000000000E-02    0.9238433837890625E-03
   62    0.5117187500000000E-02    0.7966613769531250E-03
   63    0.2128906250000000E-02    0.9168624877929687E-03
   64    0.2246093750000000E-02    0.1098442077636719E-02
   65    0.6269531250000000E-02    0.1061515808105469E-02
   66    0.1093750000000000E-02    0.9841156005859376E-03
   67   -0.4101562500000000E-03    0.6470870971679687E-03
   68   -0.3457031250000000E-02    0.9090042114257812E-03
   69   -0.6250000000000000E-03    0.9125518798828125E-03
   70   -0.1152343750000000E-02    0.1201210021972656E-02
   71    0.3476562500000000E-02    0.1078720092773437E-02
   72   -0.5449218750000000E-02    0.1094398498535156E-02
   73    0.2871093750000000E-02    0.1092567443847656E-02
   74   -0.5019531250000000E-02    0.8903121948242187E-03
   75   -0.3203125000000000E-02    0.9878540039062499E-03
   76   -0.7597656250000000E-02    0.1134376525878906E-02
   77   -0.2949218750000000E-02    0.8535385131835938E-03
   78   -0.5820312500000000E-02    0.8612823486328125E-03
   79   -0.2109375000000000E-02    0.9990692138671874E-03
   80   -0.9179687499999999E-03    0.9719467163085937E-03
   81   -0.1542968750000000E-02    0.1079521179199219E-02
   82    0.0000000000000000E+00    0.9428405761718750E-03
   83    0.1054687500000000E-02    0.9469604492187500E-03
   84   -0.5390625000000000E-02    0.7238006591796875E-03
   85   -0.7617187500000000E-03    0.1033134460449219E-02
   86   -0.3671875000000000E-02    0.9621429443359375E-03
   87    0.1191406250000000E-02    0.9062576293945312E-03
   88   -0.2382812500000000E-02    0.9879302978515626E-03
   89    0.2753906250000000E-02    0.7324600219726562E-03
   90    0.1757812500000000E-03    0.1061058044433594E-02
   91   -0.1953125000000000E-03    0.8756256103515625E-03
   92    0.2539062500000000E-02    0.1011810302734375E-02
   93   -0.2148437500000000E-02    0.8312225341796875E-03
   94   -0.4570312500000000E-02    0.9588623046875001E-03
   95   -0.6992187500000000E-02    0.1036071777343750E-02
   96    0.2890625000000000E-02    0.9881591796875001E-03
   97    0.1972656250000000E-02    0.1442070007324219E-02
   98   -0.1953125000000000E-03    0.1010665893554687E-02
   99    0.2851562500000000E-02    0.8500671386718750E-03
  100   -0.1953125000000000E-04    0.8692550659179688E-03
