# time =    0.4144
    0    0.1000000000000000E+01    0.1000000000000000E+01
    1    0.4538281250000000E+00    0.2065837097167969E+00
    2    0.2928125000000000E+00    0.8650428771972657E-01
    3    0.2242968750000000E+00    0.5100845336914062E-01
    4    0.1918164062500000E+00    0.3757915496826172E-01
    5    0.1670312500000000E+00    0.2877120971679687E-01
    6    0.1529882812500000E+00    0.2429012298583984E-01
    7    0.1429296875000000E+00    0.2137619018554688E-01
    8    0.1298828125000000E+00    0.1773094177246094E-01
    9    0.1252734375000000E+00    0.1653854370117187E-01
   10    0.1171875000000000E+00    0.1457252502441406E-01
   11    0.1102539062500000E+00    0.1302623748779297E-01
   12    0.1066406250000000E+00    0.1226051330566406E-01
   13    0.1039062500000000E+00    0.1162101745605469E-01
   14    0.9865234375000000E-01    0.1056270599365234E-01
   15    0.9666015625000000E-01    0.1018154144287109E-01
   16    0.9248046875000000E-01    0.9400215148925781E-02
   17    0.8867187500000000E-01    0.8601608276367188E-02
   18    0.8716796875000000E-01    0.8424034118652344E-02
   19    0.8503906250000000E-01    0.8016967773437500E-02
   20    0.8314453125000000E-01    0.7760353088378906E-02
   21    0.8179687500000000E-01    0.7467727661132812E-02
   22    0.8019531250000000E-01    0.7207183837890625E-02
   23    0.7824218750000000E-01    0.6996078491210938E-02
   24    0.7550781249999999E-01    0.6448211669921875E-02
   25    0.7455078125000000E-01    0.6318473815917968E-02
   26    0.7140625000000000E-01    0.5852890014648437E-02
   27    0.6935546875000000E-01    0.5617485046386718E-02
   28    0.6794921875000000E-01    0.5358848571777344E-02
   29    0.6863281250000000E-01    0.5469665527343750E-02
   30    0.6691406250000000E-01    0.5203247070312500E-02
   31    0.6599609375000000E-01    0.5142097473144531E-02
   32    0.6406249999999999E-01    0.4781570434570313E-02
   33    0.6345703125000000E-01    0.4611396789550781E-02
   34    0.6265625000000000E-01    0.4519729614257812E-02
   35    0.6343749999999999E-01    0.4587554931640625E-02
   36    0.6164062500000000E-01    0.4410247802734375E-02
   37    0.6324218750000000E-01    0.4591827392578125E-02
   38    0.6044921875000000E-01    0.4287528991699219E-02
   39    0.6085937500000000E-01    0.4339523315429687E-02
   40    0.5941406250000000E-01    0.4175109863281250E-02
   41    0.5861328125000000E-01    0.4011497497558593E-02
   42    0.5798828125000000E-01    0.3913459777832032E-02
   43    0.5750000000000000E-01    0.3947830200195313E-02
   44    0.5708984375000000E-01    0.3939857482910156E-02
   45    0.5593750000000000E-01    0.3852462768554687E-02
   46    0.5683593750000000E-01    0.3945159912109375E-02
   47    0.5644531250000000E-01    0.3984680175781250E-02
   48    0.5671875000000000E-01    0.3960037231445312E-02
   49    0.5369140625000000E-01    0.3540611267089844E-02
   50    0.5269531250000000E-01    0.3482055664062500E-02
   51    0.5210937500000000E-01    0.3355636596679687E-02
   52    0.5271484375000000E-01    0.3431739807128906E-02
   53    0.5210937500000000E-01    0.3346023559570312E-02
   54    0.5259765625000000E-01    0.3373603820800781E-02
   55    0.5117187500000000E-01    0.3308868408203125E-02
   56    0.5048828125000000E-01    0.3188209533691406E-02
   57    0.4957031250000000E-01    0.3132400512695312E-02
   58    0.5029296875000000E-01    0.3242378234863281E-02
   59    0.4904296875000000E-01    0.3074226379394531E-02
   60    0.4933593750000000E-01    0.3080062866210937E-02
   61    0.4791015625000000E-01    0.2978477478027344E-02
   62    0.4562500000000000E-01    0.2754364013671875E-02
   63    0.4689453125000000E-01    0.2781944274902344E-02
   64    0.4732421875000000E-01    0.2797660827636719E-02
   65    0.4720703125000000E-01    0.2828330993652344E-02
   66    0.4660156250000000E-01    0.2831497192382812E-02
   67    0.4644531250000000E-01    0.2826614379882813E-02
   68    0.4490234375000000E-01    0.2572898864746094E-02
   69    0.4617187500000000E-01    0.2720336914062500E-02
   70    0.4601562500000000E-01    0.2716293334960937E-02
   71    0.4472656250000000E-01    0.2603683471679687E-02
   72    0.4419921875000000E-01    0.2553520202636719E-02
   73    0.4371093750000000E-01    0.2547607421875000E-02
   74    0.4271484375000000E-01    0.2441520690917969E-02
   75    0.4294921875000000E-01    0.2479896545410156E-02
   76    0.4234375000000000E-01    0.2418899536132813E-02
   77    0.4185546875000000E-01    0.2388801574707031E-02
   78    0.4103515625000000E-01    0.2371864318847656E-02
   79    0.4111328125000000E-01    0.2361335754394531E-02
   80    0.4060546875000000E-01    0.2315940856933594E-02
   81    0.3998046875000000E-01    0.2337226867675781E-02
   82    0.3898437500000000E-01    0.2228622436523438E-02
   83    0.3904296875000000E-01    0.2317771911621094E-02
   84    0.3957031250000000E-01    0.2305297851562500E-02
   85    0.3865234375000000E-01    0.2260093688964844E-02
   86    0.3984375000000000E-01    0.2414398193359375E-02
   87    0.4001953125000000E-01    0.2398338317871094E-02
   88    0.4015625000000000E-01    0.2413482666015625E-02
   89    0.3923828125000000E-01    0.2380790710449219E-02
   90    0.3923828125000000E-01    0.2395896911621094E-02
   91    0.3886718750000000E-01    0.2364120483398438E-02
   92    0.3896484375000000E-01    0.2380332946777344E-02
   93    0.3812500000000000E-01    0.2293701171875000E-02
   94    0.3792968750000000E-01    0.2294692993164062E-02
   95    0.3648437500000000E-01    0.2135925292968750E-02
   96    0.3673828125000000E-01    0.2100334167480469E-02
   97    0.3607421875000000E-01    0.2074699401855469E-02
   98    0.3582031250000000E-01    0.2061462402343750E-02
   99    0.3640625000000000E-01    0.2058181762695312E-02
  100    0.3583984375000000E-01    0.2028312683105469E-02
