# time =    0.4497
    0    0.1000000000000000E+01    0.1000000000000000E+01
    1    0.3238476562500000E+00    0.1056624984741211E+00
    2    0.1303125000000000E+00    0.1803321838378906E-01
    3    0.6744140625000000E-01    0.5388069152832031E-02
    4    0.3804687500000000E-01    0.2161941528320313E-02
    5    0.2025390625000000E-01    0.1273307800292969E-02
    6    0.1386718750000000E-01    0.1041717529296875E-02
    7    0.7343750000000000E-02    0.8624267578125000E-03
    8    0.3652343750000000E-02    0.9035110473632812E-03
    9    0.3828125000000000E-02    0.9756469726562500E-03
   10    0.2480468750000000E-02    0.1038780212402344E-02
   11    0.4003906250000000E-02    0.8990097045898437E-03
   12    0.5273437500000000E-03    0.8658981323242188E-03
   13    0.5019531250000000E-02    0.1086540222167969E-02
   14    0.4531250000000000E-02    0.1289138793945312E-02
   15    0.8574218749999999E-02    0.1248893737792969E-02
   16   -0.1367187500000000E-03    0.9903335571289063E-03
   17    0.3867187500000000E-02    0.9693145751953125E-03
   18    0.4003906250000000E-02    0.9115982055664062E-03
   19    0.4218750000000000E-02    0.9797668457031249E-03
   20    0.1093750000000000E-02    0.9971618652343749E-03
   21    0.5468750000000000E-02    0.9393310546875000E-03
   22    0.9179687499999999E-03    0.8876419067382812E-03
   23   -0.1640625000000000E-02    0.1016845703125000E-02
   24   -0.4160156250000000E-02    0.7673263549804688E-03
   25   -0.1816406250000000E-02    0.8082962036132812E-03
   26   -0.4687500000000000E-02    0.1089248657226563E-02
   27   -0.4707031250000000E-02    0.1155738830566406E-02
   28   -0.5996093750000000E-02    0.9525680541992188E-03
   29    0.1210937500000000E-02    0.7471466064453126E-03
   30    0.3808593750000000E-02    0.8023452758789063E-03
   31    0.6464843750000000E-02    0.9154129028320312E-03
   32    0.3125000000000000E-02    0.8072662353515625E-03
   33    0.2988281250000000E-02    0.8508682250976563E-03
   34    0.3691406250000000E-02    0.8688735961914063E-03
   35   -0.1953125000000000E-02    0.7958221435546875E-03
   36   -0.4707031250000000E-02    0.1054344177246094E-02
   37   -0.3261718750000000E-02    0.1089668273925781E-02
   38   -0.3847656250000000E-02    0.9381484985351563E-03
   39   -0.4453125000000000E-02    0.8541107177734375E-03
   40   -0.5703125000000000E-02    0.8663177490234375E-03
   41   -0.2812500000000000E-02    0.8649444580078125E-03
   42   -0.3808593750000000E-02    0.9665298461914063E-03
   43   -0.1269531250000000E-02    0.9474563598632813E-03
   44    0.3730468750000000E-02    0.9009170532226562E-03
   45    0.4667968750000000E-02    0.1040153503417969E-02
   46    0.1171875000000000E-02    0.1206283569335938E-02
   47    0.5234375000000000E-02    0.1024246215820312E-02
   48   -0.2148437500000000E-03    0.1116218566894531E-02
   49    0.3847656250000000E-02    0.8507919311523438E-03
   50    0.3300781250000000E-02    0.1109733581542969E-02
   51   -0.2070312500000000E-02    0.1063613891601562E-02
   52   -0.3515625000000000E-02    0.9272766113281250E-03
   53   -0.3691406250000000E-02    0.1128883361816406E-02
   54   -0.3945312500000000E-02    0.1065902709960938E-02
   55   -0.6601562500000000E-02    0.9439849853515625E-03
   56   -0.1855468750000000E-02    0.1004829406738281E-02
   57    0.2363281250000000E-02    0.7824325561523438E-03
   58   -0.1855468750000000E-02    0.1022529602050781E-02
   59    0.1855468750000000E-02    0.8527755737304688E-03
   60   -0.4765625000000000E-02    0.7757568359375001E-03
   61    0.5468750000000001E-03    0.9017944335937500E-03
   62   -0.1289062500000000E-02    0.1042938232421875E-02
   63    0.4316406250000000E-02    0.1131172180175781E-02
   64   -0.1171875000000000E-03    0.9616851806640625E-03
   65   -0.1464843750000000E-02    0.9666824340820312E-03
   66   -0.1640625000000000E-02    0.9307861328125000E-03
   67   -0.3105468750000000E-02    0.1156272888183594E-02
   68   -0.2011718750000000E-02    0.8845901489257812E-03
   69   -0.6250000000000000E-03    0.8744049072265625E-03
   70   -0.1660156250000000E-02    0.8615493774414062E-03
   71    0.3398437500000000E-02    0.6812286376953125E-03
   72   -0.5859375000000000E-04    0.7552719116210938E-03
   73   -0.4062500000000000E-02    0.7744598388671875E-03
   74   -0.2871093750000000E-02    0.1124992370605469E-02
   75   -0.5039062500000000E-02    0.7366943359375000E-03
   76   -0.1289062500000000E-02    0.7111358642578125E-03
   77   -0.7031250000000000E-03    0.7582092285156250E-03
   78   -0.3457031250000000E-02    0.9841537475585938E-03
   79    0.1503906250000000E-02    0.1187629699707031E-02
   80    0.1953125000000000E-03    0.1075286865234375E-02
   81   -0.6835937500000000E-03    0.1032905578613281E-02
   82   -0.6445312500000000E-03    0.1013221740722656E-02
   83   -0.1562500000000000E-03    0.1018829345703125E-02
   84    0.5859375000000000E-03    0.1332244873046875E-02
   85   -0.2304687500000000E-02    0.1165466308593750E-02
   86   -0.2812500000000000E-02    0.9990692138671874E-03
   87   -0.7617187500000000E-02    0.1145324707031250E-02
   88   -0.1582031250000000E-02    0.9180068969726563E-03
   89   -0.5917968750000000E-02    0.1438407897949219E-02
   90   -0.3183593750000000E-02    0.9827804565429687E-03
   91   -0.2675781250000000E-02    0.1092033386230469E-02
   92   -0.4121093750000000E-02    0.1088981628417969E-02
   93   -0.2539062500000000E-02    0.7820892333984375E-03
   94   -0.1035156250000000E-02    0.9184646606445313E-03
   95    0.7617187500000000E-03    0.9000778198242187E-03
   96    0.7421875000000000E-02    0.9979248046875001E-03
   97    0.5253906250000000E-02    0.1019859313964844E-02
   98    0.1054687500000000E-02    0.8003997802734375E-03
   99    0.3730468750000000E-02    0.1453361511230469E-02
  100    0.3007812500000000E-02    0.9461212158203125E-03
