# time =    0.4717
    0    0.1000000000000000E+01    0.1000000000000000E+01
    1    0.2269531250000000E+00    0.5225326538085937E-01
    2    0.5308593750000000E-01    0.3650512695312500E-02
    3    0.1072265625000000E-01    0.9350204467773438E-03
    4    0.7187500000000000E-02    0.7502746582031250E-03
    5    0.9648437500000001E-02    0.1094284057617188E-02
    6    0.8789062500000000E-03    0.8118057250976563E-03
    7   -0.4218750000000000E-02    0.8122253417968750E-03
    8   -0.1445312500000000E-02    0.8728790283203125E-03
    9    0.9570312500000000E-03    0.1051445007324219E-02
   10    0.3125000000000000E-03    0.7119750976562499E-03
   11   -0.1796875000000000E-02    0.9362792968750000E-03
   12   -0.6035156250000000E-02    0.8895492553710937E-03
   13   -0.1328125000000000E-02    0.7980346679687500E-03
   14    0.1660156250000000E-02    0.1175041198730469E-02
   15    0.3535156250000000E-02    0.9787368774414062E-03
   16   -0.5468750000000001E-03    0.1028747558593750E-02
   17   -0.1757812500000000E-03    0.8980178833007812E-03
   18   -0.1503906250000000E-02    0.9215164184570312E-03
   19    0.8984375000000000E-03    0.9160614013671874E-03
   20    0.2714843750000000E-02    0.9068679809570312E-03
   21   -0.1621093750000000E-02    0.9846115112304688E-03
   22   -0.2363281250000000E-02    0.9834671020507813E-03
   23   -0.3359375000000000E-02    0.9632873535156250E-03
   24   -0.3906250000000000E-03    0.8460235595703125E-03
   25    0.5664062500000000E-03    0.9266281127929687E-03
   26   -0.2910156250000000E-02    0.1076622009277344E-02
   27   -0.4238281250000000E-02    0.1070213317871094E-02
   28   -0.3886718750000000E-02    0.8764266967773438E-03
   29   -0.4550781250000000E-02    0.8749771118164063E-03
   30   -0.9238281250000001E-02    0.1342735290527344E-02
   31   -0.2871093750000000E-02    0.9736251831054687E-03
   32    0.2031250000000000E-02    0.8249664306640625E-03
   33   -0.2773437500000000E-02    0.8616638183593750E-03
   34   -0.7421875000000000E-03    0.9350585937500000E-03
   35    0.4199218750000000E-02    0.9632492065429687E-03
   36    0.5566406250000000E-02    0.1195793151855469E-02
   37    0.6347656250000000E-02    0.1026191711425781E-02
   38   -0.2460937500000000E-02    0.1166076660156250E-02
   39    0.1562500000000000E-02    0.1015625000000000E-02
   40    0.1386718750000000E-02    0.1006584167480469E-02
   41    0.1777343750000000E-02    0.9312820434570312E-03
   42    0.2324218750000000E-02    0.1064643859863281E-02
   43   -0.3671875000000000E-02    0.8473968505859374E-03
   44   -0.3769531250000000E-02    0.8806228637695312E-03
   45   -0.2382812500000000E-02    0.1050872802734375E-02
   46    0.5429687500000000E-02    0.9442901611328125E-03
   47    0.3847656250000000E-02    0.9628677368164062E-03
   48    0.5078125000000000E-03    0.1218795776367188E-02
   49   -0.2792968750000000E-02    0.9157943725585937E-03
   50   -0.1464843750000000E-02    0.9904098510742187E-03
   51    0.4843750000000000E-02    0.1046905517578125E-02
   52    0.1601562500000000E-02    0.9231567382812500E-03
   53    0.1054687500000000E-02    0.9251403808593750E-03
   54   -0.5351562500000000E-02    0.1242904663085937E-02
   55   -0.2519531250000000E-02    0.7442092895507813E-03
   56   -0.1933593750000000E-02    0.8237838745117187E-03
   57   -0.4492187500000000E-03    0.9077072143554687E-03
   58   -0.4296875000000000E-02    0.1072311401367188E-02
   59   -0.1113281250000000E-02    0.1022377014160156E-02
   60    0.3476562500000000E-02    0.7513427734375000E-03
   61    0.1953125000000000E-04    0.8698654174804688E-03
   62    0.6445312500000000E-02    0.9695434570312500E-03
   63   -0.1171875000000000E-02    0.8129119873046875E-03
   64    0.1464843750000000E-02    0.1050071716308594E-02
   65   -0.1562500000000000E-03    0.1106185913085938E-02
   66    0.1777343750000000E-02    0.9915542602539063E-03
   67    0.2343750000000000E-02    0.1036911010742187E-02
   68    0.3906250000000000E-04    0.1102371215820313E-02
   69    0.5781250000000000E-02    0.8776855468750000E-03
   70   -0.1074218750000000E-02    0.9512710571289063E-03
   71   -0.2871093750000000E-02    0.9026718139648437E-03
   72    0.5664062500000000E-02    0.9019470214843750E-03
   73   -0.1054687500000000E-02    0.1003952026367188E-02
   74   -0.4355468750000000E-02    0.8764266967773438E-03
   75    0.3183593750000000E-02    0.1044654846191406E-02
   76    0.7558593750000000E-02    0.9186172485351563E-03
   77    0.5917968750000000E-02    0.7680892944335937E-03
   78   -0.5273437500000000E-02    0.9402465820312500E-03
   79   -0.8593750000000000E-03    0.9132385253906250E-03
   80   -0.4902343750000000E-02    0.9846115112304688E-03
   81    0.4296875000000000E-03    0.1002426147460937E-02
   82   -0.2128906250000000E-02    0.7552719116210938E-03
   83    0.1953125000000000E-02    0.1047897338867187E-02
   84   -0.2207031250000000E-02    0.7564163208007812E-03
   85    0.2128906250000000E-02    0.9334182739257812E-03
   86   -0.4609375000000000E-02    0.1072845458984375E-02
   87   -0.8593750000000000E-03    0.1148071289062500E-02
   88    0.2519531250000000E-02    0.1384010314941406E-02
   89    0.2578125000000000E-02    0.1063995361328125E-02
   90   -0.2304687500000000E-02    0.9243011474609375E-03
   91   -0.9375000000000000E-03    0.9333801269531250E-03
   92   -0.5351562500000000E-02    0.9215545654296875E-03
   93   -0.1796875000000000E-02    0.6929779052734375E-03
   94   -0.3632812500000000E-02    0.1100158691406250E-02
   95   -0.7851562499999999E-02    0.9040069580078125E-03
   96    0.1953125000000000E-04    0.8275222778320313E-03
   97   -0.2148437500000000E-03    0.8804702758789063E-03
   98    0.3925781250000000E-02    0.8416366577148437E-03
   99    0.7421875000000000E-03    0.9906005859375000E-03
  100   -0.4882812500000000E-02    0.9160614013671874E-03
