# time =    0.4270
    0    0.1000000000000000E+01    0.1000000000000000E+01
    1    0.3471679687500000E+00    0.1212262344360352E+00
    2    0.1848437500000000E+00    0.3486221313476563E-01
    3    0.1237109375000000E+00    0.1604103088378906E-01
    4    0.9351562500000000E-01    0.9690170288085937E-02
    5    0.7615234375000000E-01    0.6659584045410156E-02
    6    0.6421875000000000E-01    0.5037841796875000E-02
    7    0.6080078125000000E-01    0.4473838806152344E-02
    8    0.5445312500000000E-01    0.3706893920898438E-02
    9    0.4896484375000000E-01    0.3169593811035156E-02
   10    0.4496093750000000E-01    0.2791671752929688E-02
   11    0.4107421875000000E-01    0.2490806579589844E-02
   12    0.4003906250000000E-01    0.2525787353515625E-02
   13    0.3810546875000000E-01    0.2190437316894531E-02
   14    0.3535156250000000E-01    0.2250289916992187E-02
   15    0.3500000000000000E-01    0.2077941894531250E-02
   16    0.3078125000000000E-01    0.1929244995117188E-02
   17    0.3123046875000000E-01    0.1990242004394531E-02
   18    0.3136718750000000E-01    0.2058258056640625E-02
   19    0.2867187500000000E-01    0.1696777343750000E-02
   20    0.2708984375000000E-01    0.1522483825683594E-02
   21    0.2707031250000000E-01    0.1604766845703125E-02
   22    0.2410156250000000E-01    0.1426773071289062E-02
   23    0.2492187500000000E-01    0.1548385620117187E-02
   24    0.2568359375000000E-01    0.1443443298339844E-02
   25    0.2636718750000000E-01    0.1535644531250000E-02
   26    0.2439453125000000E-01    0.1314582824707031E-02
   27    0.2390625000000000E-01    0.1297760009765625E-02
   28    0.1845703125000000E-01    0.1181602478027344E-02
   29    0.2037109375000000E-01    0.1266212463378906E-02
   30    0.1652343750000000E-01    0.1330413818359375E-02
   31    0.1441406250000000E-01    0.1112213134765625E-02
   32    0.1515625000000000E-01    0.1141815185546875E-02
   33    0.1541015625000000E-01    0.1176643371582031E-02
   34    0.1478515625000000E-01    0.1186027526855469E-02
   35    0.1373046875000000E-01    0.1155586242675781E-02
   36    0.1750000000000000E-01    0.1189270019531250E-02
   37    0.1638671875000000E-01    0.1133766174316406E-02
   38    0.2062500000000000E-01    0.1290206909179688E-02
   39    0.2242187500000000E-01    0.1504974365234375E-02
   40    0.1824218750000000E-01    0.1221847534179688E-02
   41    0.2023437500000000E-01    0.1241149902343750E-02
   42    0.2013671875000000E-01    0.1168022155761719E-02
   43    0.1585937500000000E-01    0.1218719482421875E-02
   44    0.1982421875000000E-01    0.1210823059082031E-02
   45    0.1339843750000000E-01    0.1083297729492188E-02
   46    0.1367187500000000E-01    0.9986114501953124E-03
   47    0.1869140625000000E-01    0.1292991638183594E-02
   48    0.1509765625000000E-01    0.1095771789550781E-02
   49    0.1791015625000000E-01    0.1108589172363281E-02
   50    0.1429687500000000E-01    0.9054565429687501E-03
   51    0.1390625000000000E-01    0.1129455566406250E-02
   52    0.1449218750000000E-01    0.9477996826171875E-03
   53    0.1152343750000000E-01    0.9510803222656250E-03
   54    0.1214843750000000E-01    0.1012878417968750E-02
   55    0.1132812500000000E-01    0.1067276000976562E-02
   56    0.1435546875000000E-01    0.1030464172363281E-02
   57    0.1406250000000000E-01    0.1031799316406250E-02
   58    0.1265625000000000E-01    0.9763336181640625E-03
   59    0.1085937500000000E-01    0.1070632934570313E-02
   60    0.8867187500000000E-02    0.8959197998046876E-03
   61    0.1183593750000000E-01    0.1088027954101563E-02
   62    0.1250000000000000E-01    0.1180572509765625E-02
   63    0.1240234375000000E-01    0.1063423156738281E-02
   64    0.1250000000000000E-01    0.1197280883789063E-02
   65    0.1191406250000000E-01    0.1180572509765625E-02
   66    0.1421875000000000E-01    0.1185150146484375E-02
   67    0.1708984375000000E-01    0.1017875671386719E-02
   68    0.1173828125000000E-01    0.8520889282226563E-03
   69    0.9824218750000000E-02    0.8336257934570313E-03
   70    0.9921875000000000E-02    0.9575653076171875E-03
   71    0.1273437500000000E-01    0.1093215942382812E-02
   72    0.1197265625000000E-01    0.1053810119628906E-02
   73    0.1224609375000000E-01    0.9856033325195313E-03
   74    0.9160156250000001E-02    0.9741592407226563E-03
   75    0.9316406249999999E-02    0.9331893920898437E-03
   76    0.1162109375000000E-01    0.9544754028320313E-03
   77    0.1128906250000000E-01    0.1140975952148438E-02
   78    0.1015625000000000E-01    0.9554290771484375E-03
   79    0.1023437500000000E-01    0.8816528320312500E-03
   80    0.1042968750000000E-01    0.1006546020507813E-02
   81    0.1183593750000000E-01    0.9304809570312500E-03
   82    0.8867187500000000E-02    0.1193771362304687E-02
   83    0.9707031250000000E-02    0.1070671081542969E-02
   84    0.8632812500000000E-02    0.9435272216796875E-03
   85    0.8789062500000000E-02    0.1021575927734375E-02
   86    0.1261718750000000E-01    0.1175765991210938E-02
   87    0.9882812499999999E-02    0.1134414672851562E-02
   88    0.9667968750000000E-02    0.1165275573730469E-02
   89    0.1062500000000000E-01    0.9818267822265625E-03
   90    0.7421875000000000E-02    0.9343719482421875E-03
   91    0.7167968750000000E-02    0.1165046691894531E-02
   92    0.8671875000000001E-02    0.1144027709960937E-02
   93    0.8691406250000000E-02    0.1158790588378906E-02
   94    0.8750000000000001E-02    0.9964752197265626E-03
   95    0.1177734375000000E-01    0.1000328063964844E-02
   96    0.9179687500000000E-02    0.1016921997070312E-02
   97    0.8320312500000000E-02    0.9578704833984375E-03
   98    0.7695312500000000E-02    0.8839416503906250E-03
   99    0.1042968750000000E-01    0.9749603271484375E-03
  100    0.1187500000000000E-01    0.1020889282226563E-02
