# time =    0.4590
    0    0.1000000000000000E+01    0.1000000000000000E+01
    1    0.2656054687500000E+00    0.7138439178466797E-01
    2    0.7736328125000000E-01    0.6851768493652344E-02
    3    0.2792968750000000E-01    0.1521530151367188E-02
    4    0.1412109375000000E-01    0.1129951477050781E-02
    5    0.4687500000000000E-02    0.9259796142578125E-03
    6    0.8183593750000001E-02    0.1021614074707031E-02
    7    0.5820312500000000E-02    0.9898376464843751E-03
    8    0.3535156250000000E-02    0.1046791076660156E-02
    9    0.9179687499999999E-03    0.1172447204589844E-02
   10    0.4765625000000000E-02    0.1030807495117188E-02
   11   -0.4960937500000000E-02    0.1049652099609375E-02
   12    0.8398437500000000E-03    0.1072807312011719E-02
   13   -0.1386718750000000E-02    0.1103935241699219E-02
   14    0.2792968750000000E-02    0.1165580749511719E-02
   15    0.1640625000000000E-02    0.1076049804687500E-02
   16   -0.6640625000000000E-03    0.1182861328125000E-02
   17    0.9179687499999999E-03    0.1006355285644531E-02
   18   -0.8984375000000000E-03    0.8518218994140625E-03
   19    0.1757812500000000E-02    0.7306671142578125E-03
   20    0.1425781250000000E-02    0.9563827514648438E-03
   21   -0.3300781250000000E-02    0.9083938598632812E-03
   22    0.7910156250000000E-02    0.9312820434570312E-03
   23    0.3164062500000000E-02    0.9457397460937500E-03
   24    0.3906250000000000E-04    0.1229095458984375E-02
   25   -0.1875000000000000E-02    0.1015014648437500E-02
   26    0.2832031250000000E-02    0.9029006958007812E-03
   27    0.1953125000000000E-03    0.1005401611328125E-02
   28    0.3437500000000000E-02    0.8935546875000000E-03
   29    0.3906250000000000E-02    0.8739471435546875E-03
   30    0.2597656250000000E-02    0.9218215942382813E-03
   31   -0.1093750000000000E-02    0.7528686523437501E-03
   32   -0.5664062500000000E-03    0.1029624938964844E-02
   33   -0.9960937500000000E-03    0.1004905700683594E-02
   34   -0.1074218750000000E-02    0.1128730773925781E-02
   35   -0.9765625000000000E-03    0.9851074218750000E-03
   36    0.3906250000000000E-03    0.1047821044921875E-02
   37   -0.3691406250000000E-02    0.7999038696289062E-03
   38    0.3984375000000000E-02    0.9939575195312500E-03
   39    0.2382812500000000E-02    0.1013259887695313E-02
   40    0.1464843750000000E-02    0.9917831420898438E-03
   41    0.2031250000000000E-02    0.8183288574218750E-03
   42    0.2089843750000000E-02    0.8964157104492188E-03
   43    0.3867187500000000E-02    0.9828186035156249E-03
   44    0.1093750000000000E-02    0.9658813476562500E-03
   45   -0.3906250000000000E-04    0.8751678466796875E-03
   46   -0.4394531250000000E-02    0.1065483093261719E-02
   47   -0.6640625000000000E-02    0.9662628173828125E-03
   48   -0.2167968750000000E-02    0.9093856811523437E-03
   49   -0.1269531250000000E-02    0.7810592651367188E-03
   50    0.6250000000000000E-03    0.1007461547851563E-02
   51    0.5859375000000000E-04    0.8470535278320313E-03
   52    0.9375000000000000E-03    0.1128616333007813E-02
   53   -0.3066406250000000E-02    0.9008407592773438E-03
   54   -0.8984375000000000E-03    0.1105194091796875E-02
   55    0.1757812500000000E-03    0.1121406555175781E-02
   56   -0.1074218750000000E-02    0.9292984008789063E-03
   57   -0.2460937500000000E-02    0.1323471069335937E-02
   58   -0.2207031250000000E-02    0.1035575866699219E-02
   59   -0.4785156250000000E-02    0.9483718872070313E-03
   60   -0.2460937500000000E-02    0.1037521362304688E-02
   61   -0.1015625000000000E-02    0.9368133544921875E-03
   62   -0.1796875000000000E-02    0.8404541015625000E-03
   63   -0.1875000000000000E-02    0.1172790527343750E-02
   64   -0.1660156250000000E-02    0.1108894348144531E-02
   65   -0.2070312500000000E-02    0.8962249755859375E-03
   66   -0.5859375000000000E-03    0.8698272705078125E-03
   67   -0.4101562500000000E-02    0.1148529052734375E-02
   68   -0.2851562500000000E-02    0.1258850097656250E-02
   69    0.9570312500000000E-03    0.1065559387207031E-02
   70    0.3515625000000000E-03    0.8992004394531250E-03
   71   -0.3085937500000000E-02    0.1030883789062500E-02
   72   -0.2539062500000000E-02    0.7714843750000000E-03
   73    0.5820312500000000E-02    0.1033630371093750E-02
   74    0.1035156250000000E-02    0.8489608764648438E-03
   75   -0.2558593750000000E-02    0.1232490539550781E-02
   76   -0.5078125000000000E-03    0.1166839599609375E-02
   77   -0.1484375000000000E-02    0.1166839599609375E-02
   78   -0.5683593750000000E-02    0.1032371520996094E-02
   79    0.1132812500000000E-02    0.9783935546875001E-03
   80    0.1621093750000000E-02    0.9321212768554687E-03
   81    0.6191406250000000E-02    0.1083183288574219E-02
   82    0.1972656250000000E-02    0.9717941284179688E-03
   83   -0.8984375000000000E-03    0.9315490722656250E-03
   84   -0.1875000000000000E-02    0.1152648925781250E-02
   85    0.1328125000000000E-02    0.1233291625976563E-02
   86    0.1328125000000000E-02    0.8383941650390625E-03
   87   -0.1621093750000000E-02    0.7916641235351563E-03
   88    0.6621093750000000E-02    0.9506607055664063E-03
   89    0.6152343750000000E-02    0.8696365356445312E-03
   90   -0.7421875000000000E-03    0.1010742187500000E-02
   91   -0.5703125000000000E-02    0.1299285888671875E-02
   92   -0.6191406250000000E-02    0.1286659240722656E-02
   93   -0.1425781250000000E-02    0.9011459350585937E-03
   94    0.5468750000000000E-02    0.1048355102539062E-02
   95   -0.4492187500000000E-03    0.9063339233398438E-03
   96    0.4101562500000000E-03    0.1262931823730469E-02
   97    0.5136718750000000E-02    0.9250259399414063E-03
   98   -0.2636718750000000E-02    0.1096992492675781E-02
   99   -0.1699218750000000E-02    0.1063880920410156E-02
  100   -0.6250000000000000E-03    0.9787750244140624E-03
