# time =    0.4089
    0    0.1000000000000000E+01    0.1000000000000000E+01
    1    0.4419726562500000E+00    0.1958573532104492E+00
    2    0.2842968750000000E+00    0.8137046813964843E-01
    3    0.2231445312500000E+00    0.5040691375732422E-01
    4    0.1869140625000000E+00    0.3559860229492187E-01
    5    0.1665625000000000E+00    0.2841560363769531E-01
    6    0.1510156250000000E+00    0.2343200683593750E-01
    7    0.1401562500000000E+00    0.2022781372070313E-01
    8    0.1320117187500000E+00    0.1809406280517578E-01
    9    0.1254687500000000E+00    0.1649139404296875E-01
   10    0.1192382812500000E+00    0.1498561859130859E-01
   11    0.1136718750000000E+00    0.1379486083984375E-01
   12    0.1064453125000000E+00    0.1216598510742187E-01
   13    0.1034570312500000E+00    0.1157482147216797E-01
   14    0.1004687500000000E+00    0.1094467163085937E-01
   15    0.9798828125000000E-01    0.1050945281982422E-01
   16    0.9558593750000000E-01    0.1003730773925781E-01
   17    0.9246093750000001E-01    0.9455871582031251E-02
   18    0.9089843750000000E-01    0.9150695800781251E-02
   19    0.8712890625000000E-01    0.8485679626464843E-02
   20    0.8562500000000001E-01    0.8143310546874999E-02
   21    0.8248046874999999E-01    0.7598228454589843E-02
   22    0.8000000000000000E-01    0.7187957763671875E-02
   23    0.7945312500000000E-01    0.7098770141601563E-02
   24    0.7730468750000000E-01    0.6727066040039063E-02
   25    0.7632812500000000E-01    0.6558609008789062E-02
   26    0.7541015625000000E-01    0.6455268859863281E-02
   27    0.7462890625000000E-01    0.6260643005371094E-02
   28    0.7419921875000000E-01    0.6159934997558594E-02
   29    0.7322265625000000E-01    0.6026191711425781E-02
   30    0.7107421875000000E-01    0.5727882385253906E-02
   31    0.6908203125000000E-01    0.5474891662597656E-02
   32    0.6714843750000000E-01    0.5251312255859375E-02
   33    0.6597656250000000E-01    0.5043182373046875E-02
   34    0.6587890624999999E-01    0.5049400329589844E-02
   35    0.6505859375000000E-01    0.5056343078613281E-02
   36    0.6380859375000000E-01    0.4903221130371093E-02
   37    0.6330078124999999E-01    0.4832191467285156E-02
   38    0.6232421875000000E-01    0.4648551940917968E-02
   39    0.6125000000000000E-01    0.4527511596679687E-02
   40    0.6011718750000000E-01    0.4375534057617187E-02
   41    0.5886718750000000E-01    0.4275512695312500E-02
   42    0.5843750000000000E-01    0.4181365966796875E-02
   43    0.5738281250000000E-01    0.4036331176757812E-02
   44    0.5708984375000000E-01    0.3990516662597656E-02
   45    0.5691406250000000E-01    0.3925552368164062E-02
   46    0.5625000000000000E-01    0.3813705444335938E-02
   47    0.5554687500000000E-01    0.3770217895507813E-02
   48    0.5533203125000000E-01    0.3756370544433594E-02
   49    0.5453125000000000E-01    0.3618774414062500E-02
   50    0.5492187500000000E-01    0.3675003051757812E-02
   51    0.5480468750000000E-01    0.3620300292968750E-02
   52    0.5464843750000000E-01    0.3644104003906250E-02
   53    0.5302734375000000E-01    0.3455162048339844E-02
   54    0.5224609375000000E-01    0.3379096984863281E-02
   55    0.5242187500000000E-01    0.3471145629882813E-02
   56    0.5166015625000000E-01    0.3364448547363281E-02
   57    0.5064453125000000E-01    0.3239173889160156E-02
   58    0.4998046875000000E-01    0.3201866149902344E-02
   59    0.4996093750000000E-01    0.3222198486328125E-02
   60    0.4890625000000000E-01    0.3081359863281250E-02
   61    0.4878906250000000E-01    0.3052062988281250E-02
   62    0.4808593750000000E-01    0.3032226562500000E-02
   63    0.4705078125000000E-01    0.2891502380371094E-02
   64    0.4558593750000000E-01    0.2794342041015625E-02
   65    0.4376953125000000E-01    0.2543449401855469E-02
   66    0.4433593750000000E-01    0.2571258544921875E-02
   67    0.4324218750000000E-01    0.2469635009765625E-02
   68    0.4423828125000000E-01    0.2625083923339844E-02
   69    0.4210937500000000E-01    0.2392807006835937E-02
   70    0.4259765625000000E-01    0.2419700622558594E-02
   71    0.4167968750000000E-01    0.2460403442382813E-02
   72    0.4058593750000000E-01    0.2365036010742188E-02
   73    0.4041015625000000E-01    0.2337303161621094E-02
   74    0.3919921875000000E-01    0.2209053039550781E-02
   75    0.3945312500000000E-01    0.2306060791015625E-02
   76    0.3984375000000000E-01    0.2307205200195313E-02
   77    0.3912109375000000E-01    0.2229194641113281E-02
   78    0.3882812500000000E-01    0.2152099609375000E-02
   79    0.4013671875000000E-01    0.2328376770019531E-02
   80    0.3962890625000000E-01    0.2281303405761719E-02
   81    0.3759765625000000E-01    0.2135887145996094E-02
   82    0.3884765625000000E-01    0.2219276428222656E-02
   83    0.3939453125000000E-01    0.2263984680175781E-02
   84    0.3865234375000000E-01    0.2190055847167969E-02
   85    0.3736328125000000E-01    0.2065315246582031E-02
   86    0.3816406250000000E-01    0.2113876342773437E-02
   87    0.3867187500000000E-01    0.2199020385742188E-02
   88    0.3853515625000000E-01    0.2205009460449219E-02
   89    0.3833984375000000E-01    0.2204551696777344E-02
   90    0.3812500000000000E-01    0.2209091186523438E-02
   91    0.3710937500000000E-01    0.2095565795898438E-02
   92    0.3677734375000000E-01    0.2056388854980469E-02
   93    0.3486328125000000E-01    0.1901741027832031E-02
   94    0.3441406250000000E-01    0.1846923828125000E-02
   95    0.3550781250000000E-01    0.1973724365234375E-02
   96    0.3542968750000000E-01    0.2009735107421875E-02
   97    0.3519531250000000E-01    0.1982040405273438E-02
   98    0.3496093750000000E-01    0.1974105834960938E-02
   99    0.3511718750000000E-01    0.2017440795898438E-02
  100    0.3544921875000000E-01    0.2021369934082031E-02
