# time =    0.4695
    0    0.1000000000000000E+01    0.1000000000000000E+01
    1    0.2132226562500000E+00    0.4629795074462890E-01
    2    0.5095703125000000E-01    0.3545722961425781E-02
    3    0.1070312500000000E-01    0.1207199096679687E-02
    4    0.3359375000000000E-02    0.9827423095703125E-03
    5   -0.1523437500000000E-02    0.9587860107421875E-03
    6   -0.2187500000000000E-02    0.1127395629882813E-02
    7    0.2734375000000000E-03    0.1027526855468750E-02
    8    0.5273437500000000E-02    0.1139755249023437E-02
    9    0.2324218750000000E-02    0.9920120239257813E-03
   10   -0.5078125000000000E-03    0.8008575439453125E-03
   11   -0.1640625000000000E-02    0.1094436645507812E-02
   12    0.7617187500000000E-03    0.1042289733886719E-02
   13   -0.2265625000000000E-02    0.9735870361328125E-03
   14    0.5078125000000000E-02    0.1086196899414063E-02
   15   -0.1250000000000000E-02    0.8531188964843749E-03
   16   -0.1230468750000000E-02    0.1014213562011719E-02
   17   -0.1542968750000000E-02    0.9333419799804687E-03
   18   -0.2636718750000000E-02    0.1078453063964844E-02
   19    0.2832031250000000E-02    0.1132926940917969E-02
   20    0.1347656250000000E-02    0.9624862670898438E-03
   21   -0.2695312500000000E-02    0.1194915771484375E-02
   22   -0.3476562500000000E-02    0.1187286376953125E-02
   23    0.2089843750000000E-02    0.9837722778320312E-03
   24   -0.4746093750000000E-02    0.1182365417480469E-02
   25   -0.5664062500000000E-02    0.1168823242187500E-02
   26   -0.5292968750000000E-02    0.1203727722167969E-02
   27    0.2246093750000000E-02    0.8806228637695312E-03
   28   -0.1132812500000000E-02    0.1291732788085938E-02
   29   -0.5820312500000000E-02    0.9825134277343750E-03
   30    0.1269531250000000E-02    0.8958816528320312E-03
   31   -0.3632812500000000E-02    0.7009887695312500E-03
   32    0.3964843750000000E-02    0.1104927062988281E-02
   33    0.1679687500000000E-02    0.7994079589843750E-03
   34   -0.2285156250000000E-02    0.9857559204101563E-03
   35   -0.4882812500000000E-03    0.1115913391113281E-02
   36   -0.3007812500000000E-02    0.8953094482421875E-03
   37   -0.8593750000000000E-03    0.1064376831054687E-02
   38    0.2949218750000000E-02    0.9811019897460937E-03
   39    0.7226562500000000E-03    0.7814407348632812E-03
   40    0.4023437500000000E-02    0.9560394287109375E-03
   41    0.9296875000000000E-02    0.1157836914062500E-02
   42   -0.1953125000000000E-02    0.8428192138671875E-03
   43   -0.7421875000000000E-03    0.6226348876953125E-03
   44   -0.3437500000000000E-02    0.1001663208007812E-02
   45   -0.1933593750000000E-02    0.8196640014648438E-03
   46   -0.6191406250000000E-02    0.1164283752441406E-02
   47   -0.5390625000000000E-02    0.8593750000000000E-03
   48   -0.4140625000000000E-02    0.1245651245117188E-02
   49   -0.4765625000000000E-02    0.1113281250000000E-02
   50    0.1542968750000000E-02    0.1022529602050781E-02
   51   -0.2539062500000000E-02    0.1008300781250000E-02
   52   -0.5800781250000000E-02    0.1274604797363281E-02
   53    0.2421875000000000E-02    0.9768676757812499E-03
   54   -0.8984375000000000E-03    0.8757019042968750E-03
   55    0.1035156250000000E-02    0.8630752563476562E-03
   56   -0.2050781250000000E-02    0.9089279174804688E-03
   57    0.4335937500000000E-02    0.7951354980468750E-03
   58    0.2968750000000000E-02    0.1206283569335938E-02
   59    0.7656250000000000E-02    0.1017684936523437E-02
   60    0.3574218750000000E-02    0.9418869018554687E-03
   61   -0.1015625000000000E-02    0.8968353271484375E-03
   62   -0.1367187500000000E-03    0.9146499633789063E-03
   63   -0.5078125000000000E-03    0.8630371093750000E-03
   64   -0.5058593750000000E-02    0.8291244506835937E-03
   65    0.3105468750000000E-02    0.1268882751464844E-02
   66    0.1406250000000000E-02    0.9765625000000000E-03
   67    0.3886718750000000E-02    0.9789657592773437E-03
   68   -0.3867187500000000E-02    0.8923339843750000E-03
   69   -0.1210937500000000E-02    0.8985137939453125E-03
   70   -0.9179687499999999E-03    0.1226158142089844E-02
   71   -0.5839843750000000E-02    0.9276199340820312E-03
   72   -0.2324218750000000E-02    0.9251022338867187E-03
   73   -0.2050781250000000E-02    0.9281539916992188E-03
   74    0.9765625000000000E-03    0.7712554931640625E-03
   75   -0.3750000000000000E-02    0.1118621826171875E-02
   76    0.2304687500000000E-02    0.1307144165039063E-02
   77    0.2343750000000000E-03    0.1169967651367187E-02
   78   -0.1035156250000000E-02    0.1039695739746094E-02
   79    0.5566406250000000E-02    0.8861923217773438E-03
   80    0.5019531250000000E-02    0.1054725646972656E-02
   81   -0.8007812500000000E-03    0.1001701354980469E-02
   82   -0.9570312500000000E-03    0.9452438354492187E-03
   83    0.2480468750000000E-02    0.1080360412597656E-02
   84    0.4863281250000000E-02    0.9341812133789062E-03
   85    0.1425781250000000E-02    0.9906387329101562E-03
   86    0.3710937500000000E-03    0.8698654174804688E-03
   87    0.3437500000000000E-02    0.1012649536132812E-02
   88    0.7070312500000000E-02    0.1133193969726563E-02
   89   -0.2324218750000000E-02    0.5752944946289063E-03
   90    0.2343750000000000E-03    0.7122039794921875E-03
   91   -0.1718750000000000E-02    0.9806060791015625E-03
   92   -0.4511718750000000E-02    0.9966659545898437E-03
   93   -0.7265625000000000E-02    0.9464263916015625E-03
   94   -0.5976562500000000E-02    0.1070938110351563E-02
   95    0.3437500000000000E-02    0.9267425537109375E-03
   96    0.2050781250000000E-02    0.8609390258789062E-03
   97   -0.3691406250000000E-02    0.7307815551757812E-03
   98    0.1914062500000000E-02    0.9408569335937499E-03
   99   -0.1542968750000000E-02    0.9809494018554687E-03
  100    0.1445312500000000E-02    0.7958984374999999E-03
