# time =    0.4618
    0    0.1000000000000000E+01    0.1000000000000000E+01
    1    0.2521289062500000E+00    0.6445980072021484E-01
    2    0.7314453125000001E-01    0.6228294372558594E-02
    3    0.2103515625000000E-01    0.1286811828613281E-02
    4    0.1035156250000000E-01    0.1176605224609375E-02
    5    0.1914062500000000E-02    0.8964538574218750E-03
    6    0.2656250000000000E-02    0.9279632568359375E-03
    7    0.5605468750000000E-02    0.1045722961425781E-02
    8   -0.7226562500000000E-03    0.9254074096679688E-03
    9   -0.3222656250000000E-02    0.1119041442871094E-02
   10   -0.7031250000000000E-03    0.1016998291015625E-02
   11   -0.2500000000000000E-02    0.1057434082031250E-02
   12    0.4316406250000000E-02    0.1129493713378906E-02
   13    0.3906250000000000E-03    0.9555816650390625E-03
   14    0.7226562500000000E-03    0.9268569946289062E-03
   15    0.5703125000000000E-02    0.8160400390625000E-03
   16    0.3164062500000000E-02    0.9704589843750000E-03
   17   -0.2636718750000000E-02    0.1499061584472656E-02
   18   -0.8203125000000000E-03    0.1103439331054687E-02
   19    0.3125000000000000E-02    0.1034240722656250E-02
   20    0.4550781250000000E-02    0.1101112365722656E-02
   21   -0.4687500000000000E-03    0.7200622558593750E-03
   22    0.1054687500000000E-02    0.1068191528320312E-02
   23    0.1191406250000000E-02    0.1034660339355469E-02
   24    0.2031250000000000E-02    0.9308624267578125E-03
   25    0.4238281250000000E-02    0.9338760375976563E-03
   26   -0.1796875000000000E-02    0.9460449218750000E-03
   27    0.2402343750000000E-02    0.1052970886230469E-02
   28   -0.1074218750000000E-02    0.9855270385742188E-03
   29    0.2832031250000000E-02    0.9235000610351563E-03
   30    0.7812500000000000E-04    0.1092758178710937E-02
   31   -0.3613281250000000E-02    0.9262466430664063E-03
   32   -0.2519531250000000E-02    0.1163520812988281E-02
   33   -0.3339843750000000E-02    0.1114921569824219E-02
   34    0.1132812500000000E-02    0.1112518310546875E-02
   35    0.3398437500000000E-02    0.8473968505859374E-03
   36    0.1582031250000000E-02    0.8409500122070312E-03
   37   -0.2070312500000000E-02    0.9211730957031250E-03
   38   -0.9765625000000001E-04    0.9158706665039063E-03
   39   -0.1757812500000000E-03    0.8221817016601563E-03
   40    0.1601562500000000E-02    0.1022338867187500E-02
   41    0.4492187500000000E-02    0.1180038452148437E-02
   42    0.3496093750000000E-02    0.1006889343261719E-02
   43    0.5859375000000000E-03    0.1014099121093750E-02
   44   -0.2968750000000000E-02    0.8502960205078125E-03
   45   -0.6015625000000000E-02    0.1072006225585937E-02
   46    0.7421875000000000E-03    0.1409072875976562E-02
   47    0.1699218750000000E-02    0.8133316040039063E-03
   48   -0.3125000000000000E-03    0.8541870117187500E-03
   49    0.9960937500000000E-03    0.8435440063476562E-03
   50   -0.8398437500000000E-03    0.1136512756347656E-02
   51    0.5859375000000000E-03    0.9728240966796875E-03
   52    0.1005859375000000E-01    0.1034889221191406E-02
   53    0.3945312500000000E-02    0.8425903320312500E-03
   54    0.2382812500000000E-02    0.9204864501953125E-03
   55   -0.1035156250000000E-02    0.9645462036132812E-03
   56   -0.9375000000000000E-03    0.8368682861328125E-03
   57   -0.2246093750000000E-02    0.8150863647460937E-03
   58   -0.1542968750000000E-02    0.1097450256347656E-02
   59   -0.2011718750000000E-02    0.1114768981933594E-02
   60   -0.1718750000000000E-02    0.1069564819335937E-02
   61    0.3515625000000000E-03    0.9029388427734375E-03
   62    0.7812500000000000E-03    0.9542083740234374E-03
   63   -0.2539062500000000E-03    0.7844161987304687E-03
   64   -0.4101562500000000E-03    0.8515548706054687E-03
   65   -0.2714843750000000E-02    0.1062583923339844E-02
   66    0.2929687500000000E-03    0.8402633666992188E-03
   67   -0.2832031250000000E-02    0.8860397338867188E-03
   68    0.1191406250000000E-02    0.8846664428710937E-03
   69   -0.1328125000000000E-02    0.1131591796875000E-02
   70   -0.5273437500000000E-03    0.1157035827636719E-02
   71   -0.1250000000000000E-02    0.9461212158203125E-03
   72   -0.8593750000000000E-03    0.8706665039062500E-03
   73    0.5410156250000000E-02    0.9294509887695313E-03
   74   -0.3710937500000000E-02    0.9307861328125000E-03
   75   -0.1171875000000000E-02    0.1054840087890625E-02
   76   -0.1113281250000000E-02    0.1108283996582031E-02
   77    0.2988281250000000E-02    0.1126441955566406E-02
   78    0.2421875000000000E-02    0.1031646728515625E-02
   79    0.2812500000000000E-02    0.8946990966796875E-03
   80    0.2226562500000000E-02    0.9130859375000001E-03
   81    0.1718750000000000E-02    0.1359939575195312E-02
   82   -0.1464843750000000E-02    0.9535598754882812E-03
   83   -0.2382812500000000E-02    0.9691619873046875E-03
   84    0.1914062500000000E-02    0.1074295043945313E-02
   85    0.3242187500000000E-02    0.7990264892578125E-03
   86    0.4121093750000000E-02    0.1067161560058594E-02
   87    0.1542968750000000E-02    0.8173751831054688E-03
   88    0.4101562500000000E-02    0.1052246093750000E-02
   89    0.3027343750000000E-02    0.1030082702636719E-02
   90    0.3105468750000000E-02    0.1140785217285156E-02
   91    0.3515625000000000E-03    0.9491729736328125E-03
   92    0.1953125000000000E-03    0.1092300415039062E-02
   93   -0.4335937500000000E-02    0.1114120483398438E-02
   94   -0.2187500000000000E-02    0.1093673706054687E-02
   95   -0.1171875000000000E-02    0.1157379150390625E-02
   96   -0.1171875000000000E-02    0.9107971191406250E-03
   97   -0.2363281250000000E-02    0.1051750183105469E-02
   98    0.3730468750000000E-02    0.8940505981445313E-03
   99   -0.3554687500000000E-02    0.9224700927734375E-03
  100   -0.4414062500000000E-02    0.1082839965820313E-02
