# time =    0.4669
    0    0.1000000000000000E+01    0.1000000000000000E+01
    1    0.2798242187500000E+00    0.7913578033447266E-01
    2    0.1128906250000000E+00    0.1346176147460938E-01
    3    0.5126953125000000E-01    0.3602104187011719E-02
    4    0.2984375000000000E-01    0.1812896728515625E-02
    5    0.2550781250000000E-01    0.1659164428710937E-02
    6    0.1652343750000000E-01    0.1324691772460937E-02
    7    0.9980468750000001E-02    0.1099357604980469E-02
    8    0.9082031250000001E-02    0.8963394165039062E-03
    9    0.2578125000000000E-02    0.1008758544921875E-02
   10    0.8203125000000000E-03    0.8853149414062500E-03
   11    0.2871093750000000E-02    0.9505081176757812E-03
   12    0.4238281250000000E-02    0.8900833129882813E-03
   13    0.3164062500000000E-02    0.8457946777343750E-03
   14   -0.1230468750000000E-02    0.9416580200195312E-03
   15   -0.1347656250000000E-02    0.8783340454101562E-03
   16   -0.6132812500000000E-02    0.9648132324218750E-03
   17   -0.4531250000000000E-02    0.9584045410156250E-03
   18   -0.1464843750000000E-02    0.1216545104980469E-02
   19   -0.4882812500000000E-03    0.1045799255371094E-02
   20   -0.1113281250000000E-02    0.9247207641601562E-03
   21   -0.1953125000000000E-02    0.8568572998046875E-03
   22   -0.3496093750000000E-02    0.1128883361816406E-02
   23   -0.1660156250000000E-02    0.9823989868164061E-03
   24    0.1328125000000000E-02    0.1129531860351563E-02
   25   -0.1035156250000000E-02    0.1127357482910156E-02
   26   -0.1171875000000000E-03    0.9979248046875001E-03
   27   -0.2363281250000000E-02    0.1096153259277344E-02
   28    0.2187500000000000E-02    0.1269073486328125E-02
   29    0.3164062500000000E-02    0.9426879882812500E-03
   30    0.1093750000000000E-02    0.9786987304687500E-03
   31   -0.2246093750000000E-02    0.9681320190429687E-03
   32   -0.1210937500000000E-02    0.9703063964843751E-03
   33    0.2246093750000000E-02    0.1096687316894531E-02
   34   -0.1953125000000000E-03    0.9905242919921876E-03
   35   -0.5507812500000000E-02    0.1114273071289063E-02
   36   -0.4179687500000000E-02    0.9605407714843750E-03
   37   -0.6445312500000000E-03    0.9421920776367188E-03
   38   -0.2871093750000000E-02    0.9035110473632812E-03
   39   -0.5273437500000000E-03    0.1188392639160156E-02
   40    0.3125000000000000E-03    0.1169204711914062E-02
   41    0.2207031250000000E-02    0.1030006408691406E-02
   42    0.7402343750000000E-02    0.1061134338378906E-02
   43    0.6191406250000000E-02    0.9090805053710938E-03
   44    0.2910156250000000E-02    0.1018486022949219E-02
   45   -0.4628906250000000E-02    0.1196937561035156E-02
   46    0.2128906250000000E-02    0.9788894653320313E-03
   47    0.1054687500000000E-02    0.9614562988281250E-03
   48    0.6171875000000000E-02    0.9158325195312500E-03
   49    0.4414062500000000E-02    0.8693695068359375E-03
   50    0.1484375000000000E-02    0.1048812866210937E-02
   51    0.5234375000000000E-02    0.9335327148437500E-03
   52    0.4042968750000000E-02    0.8410263061523437E-03
   53    0.5566406250000000E-02    0.1000175476074219E-02
   54   -0.9375000000000000E-03    0.1164627075195313E-02
   55    0.5800781250000000E-02    0.1034049987792969E-02
   56    0.2949218750000000E-02    0.9236526489257812E-03
   57    0.2636718750000000E-02    0.1020011901855469E-02
   58    0.1464843750000000E-02    0.7712173461914062E-03
   59   -0.2539062500000000E-03    0.8507156372070312E-03
   60   -0.1503906250000000E-02    0.8141708374023438E-03
   61   -0.6445312500000000E-03    0.9276962280273437E-03
   62   -0.1484375000000000E-02    0.9976959228515626E-03
   63    0.1152343750000000E-02    0.1031227111816406E-02
   64    0.3125000000000000E-02    0.7539367675781249E-03
   65   -0.4531250000000000E-02    0.8452606201171875E-03
   66   -0.2148437500000000E-03    0.1174278259277344E-02
   67   -0.2871093750000000E-02    0.1027107238769531E-02
   68    0.3535156250000000E-02    0.1109428405761719E-02
   69    0.1250000000000000E-02    0.1018981933593750E-02
   70    0.2519531250000000E-02    0.8985519409179688E-03
   71   -0.2128906250000000E-02    0.1034660339355469E-02
   72    0.1914062500000000E-02    0.1172180175781250E-02
   73   -0.3300781250000000E-02    0.1262702941894531E-02
   74   -0.4882812500000000E-03    0.9559249877929688E-03
   75    0.5058593750000000E-02    0.1043281555175781E-02
   76   -0.1093750000000000E-02    0.7427978515625000E-03
   77    0.3691406250000000E-02    0.9923171997070312E-03
   78    0.7148437500000000E-02    0.1162643432617187E-02
   79    0.7402343750000000E-02    0.1205177307128906E-02
   80    0.3671875000000000E-02    0.1079101562500000E-02
   81   -0.3320312500000000E-03    0.8211898803710938E-03
   82   -0.1894531250000000E-02    0.8221817016601563E-03
   83    0.5273437500000000E-03    0.1163291931152344E-02
   84    0.1367187500000000E-02    0.1435470581054688E-02
   85    0.1289062500000000E-02    0.1159667968750000E-02
   86    0.4550781250000000E-02    0.1169853210449219E-02
   87    0.8886718750000000E-02    0.1140098571777344E-02
   88    0.7421875000000000E-03    0.6697082519531250E-03
   89    0.4492187500000000E-03    0.9078598022460938E-03
   90   -0.3398437500000000E-02    0.8737182617187500E-03
   91   -0.2304687500000000E-02    0.1175003051757812E-02
   92   -0.3046875000000000E-02    0.1120452880859375E-02
   93   -0.2167968750000000E-02    0.7814407348632812E-03
   94    0.2421875000000000E-02    0.1144180297851562E-02
   95   -0.3906250000000000E-04    0.1183776855468750E-02
   96   -0.1367187500000000E-03    0.9527969360351563E-03
   97   -0.6367187500000000E-02    0.9660339355468750E-03
   98    0.2148437500000000E-03    0.9515762329101562E-03
   99    0.1347656250000000E-02    0.9067153930664062E-03
  100   -0.9570312500000000E-03    0.6883621215820312E-03
