# time =    0.4585
    0    0.1000000000000000E+01    0.1000000000000000E+01
    1    0.2846875000000000E+00    0.8185226440429688E-01
    2    0.1122265625000000E+00    0.1342102050781250E-01
    3    0.5386718750000000E-01    0.4343109130859375E-02
    4    0.3089843750000000E-01    0.2054748535156250E-02
    5    0.1869140625000000E-01    0.1225395202636719E-02
    6    0.1162109375000000E-01    0.1162986755371094E-02
    7    0.1062500000000000E-01    0.1128921508789062E-02
    8    0.4023437500000000E-02    0.9481811523437500E-03
    9    0.5800781250000000E-02    0.1199455261230469E-02
   10    0.2753906250000000E-02    0.8932876586914062E-03
   11   -0.1660156250000000E-02    0.9600448608398437E-03
   12    0.1054687500000000E-02    0.9413909912109375E-03
   13   -0.6835937500000000E-03    0.9514999389648438E-03
   14    0.1855468750000000E-02    0.9144210815429688E-03
   15   -0.4257812500000000E-02    0.1008453369140625E-02
   16    0.1113281250000000E-02    0.9975814819335937E-03
   17   -0.6328125000000000E-02    0.9716033935546875E-03
   18   -0.3535156250000000E-02    0.9178543090820313E-03
   19    0.1425781250000000E-02    0.9891891479492188E-03
   20    0.4804687500000000E-02    0.9181976318359375E-03
   21    0.8398437500000000E-03    0.8976364135742188E-03
   22   -0.6250000000000000E-03    0.7599639892578125E-03
   23   -0.5058593750000000E-02    0.7639694213867188E-03
   24   -0.1250000000000000E-02    0.9943389892578126E-03
   25   -0.1406250000000000E-02    0.9863281250000000E-03
   26   -0.1132812500000000E-02    0.9067535400390625E-03
   27    0.8007812500000000E-03    0.1041603088378906E-02
   28   -0.5742187500000000E-02    0.1066741943359375E-02
   29   -0.1894531250000000E-02    0.1049613952636719E-02
   30   -0.3750000000000000E-02    0.1217269897460938E-02
   31    0.3300781250000000E-02    0.1050071716308594E-02
   32    0.1894531250000000E-02    0.1012763977050781E-02
   33   -0.4511718750000000E-02    0.8752822875976562E-03
   34   -0.4882812500000000E-02    0.7888031005859375E-03
   35   -0.2207031250000000E-02    0.9560775756835937E-03
   36    0.2265625000000000E-02    0.6888580322265625E-03
   37    0.3574218750000000E-02    0.9222793579101563E-03
   38   -0.3515625000000000E-03    0.8843231201171875E-03
   39    0.1093750000000000E-02    0.8521270751953125E-03
   40   -0.6445312500000000E-03    0.8652114868164063E-03
   41   -0.1464843750000000E-02    0.9585189819335938E-03
   42   -0.4882812500000000E-03    0.8406448364257813E-03
   43   -0.6250000000000000E-03    0.9531402587890626E-03
   44    0.2929687500000000E-02    0.8583068847656250E-03
   45    0.2441406250000000E-02    0.9997177124023437E-03
   46    0.4667968750000000E-02    0.8589553833007812E-03
   47   -0.3476562500000000E-02    0.1030807495117188E-02
   48    0.3906250000000000E-04    0.8036804199218750E-03
   49   -0.1757812500000000E-02    0.8046722412109375E-03
   50    0.4101562500000000E-03    0.9154129028320312E-03
   51   -0.2441406250000000E-02    0.8005142211914062E-03
   52   -0.4804687500000000E-02    0.8641815185546875E-03
   53   -0.2441406250000000E-02    0.8324813842773437E-03
   54    0.1562500000000000E-03    0.8876037597656250E-03
   55   -0.1152343750000000E-02    0.9656143188476562E-03
   56    0.5585937500000000E-02    0.1011962890625000E-02
   57    0.3710937500000000E-02    0.1127471923828125E-02
   58    0.2890625000000000E-02    0.1056213378906250E-02
   59    0.6640625000000000E-03    0.1213760375976563E-02
   60   -0.4375000000000000E-02    0.8958435058593750E-03
   61   -0.1406250000000000E-02    0.1203689575195313E-02
   62   -0.1718750000000000E-02    0.9868621826171875E-03
   63   -0.4335937500000000E-02    0.1045684814453125E-02
   64    0.1464843750000000E-02    0.9114456176757813E-03
   65    0.1660156250000000E-02    0.9428787231445312E-03
   66    0.1601562500000000E-02    0.1125335693359375E-02
   67    0.2363281250000000E-02    0.8580398559570313E-03
   68    0.2207031250000000E-02    0.8341598510742187E-03
   69    0.2714843750000000E-02    0.1107597351074219E-02
   70    0.7812500000000000E-04    0.9320068359375000E-03
   71    0.3105468750000000E-02    0.9016799926757813E-03
   72    0.8593750000000000E-03    0.1129837036132813E-02
   73    0.1367187500000000E-02    0.1126785278320312E-02
   74   -0.2304687500000000E-02    0.1155776977539063E-02
   75    0.1113281250000000E-02    0.9908676147460938E-03
   76   -0.1171875000000000E-03    0.1120300292968750E-02
   77   -0.3515625000000000E-03    0.9821319580078124E-03
   78   -0.4804687500000000E-02    0.8763122558593750E-03
   79    0.5078125000000000E-03    0.9943389892578126E-03
   80   -0.5097656250000000E-02    0.1101722717285156E-02
   81   -0.3203125000000000E-02    0.1216735839843750E-02
   82    0.4375000000000000E-02    0.1079940795898438E-02
   83    0.2910156250000000E-02    0.9230422973632812E-03
   84    0.1464843750000000E-02    0.7158279418945313E-03
   85    0.3613281250000000E-02    0.9932327270507813E-03
   86   -0.1523437500000000E-02    0.9942626953124999E-03
   87   -0.1152343750000000E-02    0.1135292053222656E-02
   88    0.1816406250000000E-02    0.1319084167480469E-02
   89   -0.6796875000000000E-02    0.1170730590820312E-02
   90   -0.6621093750000000E-02    0.1062660217285156E-02
   91    0.2792968750000000E-02    0.9817886352539063E-03
   92    0.2324218750000000E-02    0.9695816040039062E-03
   93    0.1933593750000000E-02    0.6598281860351562E-03
   94    0.1582031250000000E-02    0.9732437133789062E-03
   95   -0.1171875000000000E-03    0.8848571777343750E-03
   96   -0.1562500000000000E-03    0.8503723144531250E-03
   97    0.3320312500000000E-03    0.8938217163085938E-03
   98   -0.9765625000000001E-04    0.1120338439941406E-02
   99   -0.5273437500000000E-02    0.1015853881835938E-02
  100   -0.2070312500000000E-02    0.9181213378906250E-03
