# time =    0.4755
    0    0.1000000000000000E+01    0.1000000000000000E+01
    1    0.1938867187500000E+00    0.3822772979736328E-01
    2    0.4271484375000000E-01    0.2964210510253906E-02
    3    0.1460937500000000E-01    0.1036300659179688E-02
    4    0.3320312500000000E-02    0.8814239501953125E-03
    5    0.5976562500000000E-02    0.8775329589843750E-03
    6    0.1289062500000000E-02    0.1144332885742188E-02
    7   -0.3906250000000000E-04    0.8992004394531250E-03
    8    0.1542968750000000E-02    0.1111793518066406E-02
    9    0.7617187500000000E-03    0.1258735656738281E-02
   10   -0.3515625000000000E-03    0.1162872314453125E-02
   11    0.4296875000000000E-03    0.1185455322265625E-02
   12    0.1113281250000000E-02    0.1245079040527344E-02
   13    0.3144531250000000E-02    0.1205635070800781E-02
   14   -0.8593750000000000E-03    0.9072875976562500E-03
   15    0.1230468750000000E-02    0.9112167358398438E-03
   16    0.1367187500000000E-03    0.8707046508789062E-03
   17   -0.1621093750000000E-02    0.9378433227539062E-03
   18    0.2128906250000000E-02    0.8287429809570312E-03
   19    0.2187500000000000E-02    0.9080505371093750E-03
   20    0.1660156250000000E-02    0.1066246032714844E-02
   21   -0.3261718750000000E-02    0.1031837463378906E-02
   22    0.9765625000000000E-03    0.8583831787109375E-03
   23    0.3808593750000000E-02    0.1081352233886719E-02
   24    0.1503906250000000E-02    0.1106834411621094E-02
   25   -0.3632812500000000E-02    0.9240722656250000E-03
   26    0.6445312500000000E-03    0.9354019165039063E-03
   27    0.2929687500000000E-02    0.8194732666015625E-03
   28   -0.5703125000000000E-02    0.1142807006835937E-02
   29    0.3125000000000000E-03    0.1097946166992187E-02
   30   -0.3535156250000000E-02    0.1121711730957031E-02
   31   -0.3105468750000000E-02    0.9891128540039063E-03
   32   -0.5078125000000000E-03    0.8850860595703125E-03
   33   -0.1445312500000000E-02    0.8779144287109374E-03
   34   -0.2207031250000000E-02    0.6831741333007813E-03
   35   -0.7617187500000000E-03    0.9417343139648438E-03
   36    0.1171875000000000E-03    0.8261108398437500E-03
   37   -0.4921875000000000E-02    0.7329559326171874E-03
   38   -0.3222656250000000E-02    0.9766769409179686E-03
   39   -0.3417968750000000E-02    0.1000022888183594E-02
   40    0.5078125000000000E-02    0.9763336181640625E-03
   41   -0.1132812500000000E-02    0.9738922119140625E-03
   42   -0.4707031250000000E-02    0.1032981872558594E-02
   43   -0.3886718750000000E-02    0.1063652038574219E-02
   44   -0.1816406250000000E-02    0.9405136108398438E-03
   45   -0.5898437500000000E-02    0.9282684326171875E-03
   46    0.1914062500000000E-02    0.9753417968750000E-03
   47   -0.1621093750000000E-02    0.9131240844726563E-03
   48    0.2617187500000000E-02    0.1065979003906250E-02
   49   -0.1738281250000000E-02    0.1126060485839844E-02
   50   -0.3046875000000000E-02    0.9820556640625000E-03
   51   -0.4277343750000000E-02    0.1005287170410156E-02
   52   -0.6250000000000000E-03    0.8124542236328125E-03
   53    0.5078125000000000E-03    0.8826446533203125E-03
   54    0.2285156250000000E-02    0.1046562194824219E-02
   55    0.1972656250000000E-02    0.7368850708007812E-03
   56    0.2636718750000000E-02    0.9818649291992187E-03
   57   -0.2519531250000000E-02    0.1017265319824219E-02
   58    0.1093750000000000E-02    0.7289123535156250E-03
   59    0.4882812500000000E-03    0.9074020385742188E-03
   60    0.5664062500000000E-03    0.9677505493164062E-03
   61   -0.3671875000000000E-02    0.1028976440429688E-02
   62    0.8007812500000000E-03    0.1018791198730469E-02
   63    0.3652343750000000E-02    0.9392166137695313E-03
   64   -0.2753906250000000E-02    0.9785079956054687E-03
   65   -0.2734375000000000E-02    0.9384155273437500E-03
   66    0.7324218750000000E-02    0.1311607360839844E-02
   67    0.4394531250000000E-02    0.1121635437011719E-02
   68   -0.3105468750000000E-02    0.1207695007324219E-02
   69    0.4570312500000000E-02    0.1298294067382812E-02
   70    0.1718750000000000E-02    0.1071701049804687E-02
   71    0.2382812500000000E-02    0.1018753051757813E-02
   72    0.7617187500000000E-03    0.1016197204589844E-02
   73    0.1406250000000000E-02    0.1044235229492188E-02
   74    0.3261718750000000E-02    0.8430099487304688E-03
   75    0.2773437500000000E-02    0.9891510009765625E-03
   76    0.5253906250000000E-02    0.8654403686523438E-03
   77    0.1562500000000000E-03    0.9907531738281251E-03
   78   -0.2363281250000000E-02    0.8488845825195313E-03
   79   -0.2148437500000000E-03    0.8301925659179687E-03
   80   -0.2402343750000000E-02    0.1109733581542969E-02
   81   -0.5078125000000000E-03    0.1033935546875000E-02
   82   -0.7812500000000000E-04    0.1128082275390625E-02
   83   -0.5273437500000000E-03    0.1243019104003906E-02
   84   -0.2128906250000000E-02    0.9866714477539062E-03
   85   -0.1269531250000000E-02    0.9662246704101562E-03
   86   -0.2714843750000000E-02    0.9998703002929688E-03
   87   -0.1738281250000000E-02    0.1009788513183594E-02
   88    0.3066406250000000E-02    0.1026268005371094E-02
   89    0.6308593750000000E-02    0.1011924743652344E-02
   90    0.1015625000000000E-02    0.1113052368164062E-02
   91   -0.1562500000000000E-02    0.1101150512695313E-02
   92   -0.7324218750000000E-02    0.9482192993164062E-03
   93    0.2460937500000000E-02    0.8604431152343750E-03
   94    0.7832031250000000E-02    0.9785842895507811E-03
   95   -0.3906250000000000E-03    0.7991790771484375E-03
   96   -0.2578125000000000E-02    0.9171295166015625E-03
   97   -0.4609375000000000E-02    0.9415435791015625E-03
   98   -0.2011718750000000E-02    0.9260177612304688E-03
   99    0.9765625000000000E-03    0.1077575683593750E-02
  100    0.1582031250000000E-02    0.8482742309570313E-03
