# time =    0.4560
    0    0.1000000000000000E+01    0.1000000000000000E+01
    1    0.2978320312500000E+00    0.8946506500244140E-01
    2    0.1132812500000000E+00    0.1374290466308594E-01
    3    0.5375000000000000E-01    0.3850250244140625E-02
    4    0.3248046875000000E-01    0.2219581604003906E-02
    5    0.2121093750000000E-01    0.1548080444335937E-02
    6    0.1642578125000000E-01    0.1095008850097656E-02
    7    0.1146484375000000E-01    0.1068077087402344E-02
    8    0.5839843750000000E-02    0.9123611450195312E-03
    9    0.4394531250000000E-02    0.7857894897460938E-03
   10    0.1777343750000000E-02    0.8208847045898437E-03
   11    0.1582031250000000E-02    0.9221267700195312E-03
   12   -0.1074218750000000E-02    0.8121871948242187E-03
   13    0.1445312500000000E-02    0.9961700439453124E-03
   14   -0.3359375000000000E-02    0.1082992553710937E-02
   15    0.1035156250000000E-02    0.1044960021972656E-02
   16   -0.4179687500000000E-02    0.7865905761718750E-03
   17   -0.3085937500000000E-02    0.1067581176757813E-02
   18   -0.2304687500000000E-02    0.8258056640625000E-03
   19   -0.9375000000000000E-03    0.8914947509765625E-03
   20    0.1328125000000000E-02    0.8376312255859375E-03
   21    0.1855468750000000E-02    0.1174507141113281E-02
   22   -0.3496093750000000E-02    0.1160850524902344E-02
   23   -0.3222656250000000E-02    0.1313056945800781E-02
   24   -0.4355468750000000E-02    0.9653854370117187E-03
   25   -0.5097656250000000E-02    0.9267044067382813E-03
   26    0.2734375000000000E-03    0.1012344360351562E-02
   27   -0.1445312500000000E-02    0.8446502685546875E-03
   28    0.9960937500000000E-03    0.9548568725585938E-03
   29   -0.1132812500000000E-02    0.9588623046875001E-03
   30   -0.2929687500000000E-03    0.8166885375976563E-03
   31    0.8203125000000000E-03    0.9552001953125000E-03
   32    0.3398437500000000E-02    0.1101608276367187E-02
   33   -0.9960937500000000E-03    0.1003532409667969E-02
   34    0.7617187500000000E-03    0.9564590454101562E-03
   35   -0.3964843750000000E-02    0.1193122863769531E-02
   36   -0.2167968750000000E-02    0.7635879516601562E-03
   37    0.5117187500000000E-02    0.1069030761718750E-02
   38    0.3867187500000000E-02    0.1021423339843750E-02
   39   -0.1113281250000000E-02    0.1152839660644531E-02
   40   -0.3222656250000000E-02    0.1033897399902344E-02
   41    0.8984375000000000E-03    0.1495819091796875E-02
   42    0.1757812500000000E-02    0.1130828857421875E-02
   43    0.4082031250000000E-02    0.7045364379882812E-03
   44   -0.8007812500000000E-03    0.1126213073730469E-02
   45    0.9765625000000000E-03    0.1134567260742188E-02
   46    0.3847656250000000E-02    0.1222648620605469E-02
   47    0.5917968750000000E-02    0.1002159118652344E-02
   48    0.4687500000000000E-02    0.9992218017578125E-03
   49   -0.5859375000000000E-04    0.1059684753417969E-02
   50    0.2617187500000000E-02    0.1035995483398437E-02
   51    0.5390625000000000E-02    0.7345581054687500E-03
   52    0.5859375000000000E-03    0.1065750122070312E-02
   53    0.5937500000000000E-02    0.8452606201171875E-03
   54   -0.2382812500000000E-02    0.1283874511718750E-02
   55   -0.5859375000000000E-04    0.1128349304199219E-02
   56   -0.1132812500000000E-02    0.1133117675781250E-02
   57    0.2324218750000000E-02    0.9501266479492187E-03
   58    0.2207031250000000E-02    0.1013298034667969E-02
   59   -0.4179687500000000E-02    0.1001510620117188E-02
   60   -0.3437500000000000E-02    0.1108779907226563E-02
   61   -0.5722656250000000E-02    0.1076087951660156E-02
   62   -0.4667968750000000E-02    0.8758163452148438E-03
   63    0.9179687499999999E-03    0.9290695190429688E-03
   64    0.3515625000000000E-03    0.1027069091796875E-02
   65   -0.5664062500000000E-03    0.1164436340332031E-02
   66   -0.1757812500000000E-02    0.9580230712890624E-03
   67    0.7421875000000000E-03    0.9559631347656250E-03
   68   -0.6250000000000000E-03    0.8445739746093750E-03
   69    0.3105468750000000E-02    0.8629989624023437E-03
   70   -0.4414062500000000E-02    0.9250640869140625E-03
   71   -0.5996093750000000E-02    0.1012382507324219E-02
   72   -0.3281250000000000E-02    0.9806823730468749E-03
   73   -0.3359375000000000E-02    0.1409988403320313E-02
   74   -0.3437500000000000E-02    0.8050537109375000E-03
   75   -0.2265625000000000E-02    0.8128356933593750E-03
   76   -0.2421875000000000E-02    0.8332824707031250E-03
   77   -0.4785156250000000E-02    0.1217842102050781E-02
   78   -0.4199218750000000E-02    0.1144294738769531E-02
   79    0.6054687500000000E-03    0.1196708679199219E-02
   80    0.2304687500000000E-02    0.1215209960937500E-02
   81    0.1406250000000000E-02    0.8808135986328125E-03
   82   -0.1679687500000000E-02    0.1120529174804688E-02
   83    0.3125000000000000E-03    0.1058654785156250E-02
   84   -0.6503906250000000E-02    0.1179924011230469E-02
   85   -0.1582031250000000E-02    0.1004676818847656E-02
   86   -0.5585937500000000E-02    0.7761383056640625E-03
   87   -0.5742187500000000E-02    0.7410430908203125E-03
   88   -0.6113281250000000E-02    0.1127738952636719E-02
   89   -0.2675781250000000E-02    0.1112709045410156E-02
   90   -0.7421875000000000E-03    0.9278869628906250E-03
   91   -0.5273437500000000E-03    0.1159400939941406E-02
   92   -0.5097656250000000E-02    0.1012992858886719E-02
   93   -0.4140625000000000E-02    0.1128082275390625E-02
   94   -0.4707031250000000E-02    0.8677291870117187E-03
   95   -0.7851562499999999E-02    0.9581756591796875E-03
   96   -0.1660156250000000E-02    0.8573532104492188E-03
   97   -0.1757812500000000E-03    0.8082199096679688E-03
   98    0.1660156250000000E-02    0.1017265319824219E-02
   99    0.4941406250000000E-02    0.1088981628417969E-02
  100    0.1875000000000000E-02    0.9490966796875000E-03
