# time =    0.4636
    0    0.1000000000000000E+01    0.1000000000000000E+01
    1    0.1996093750000000E+00    0.4059410095214844E-01
    2    0.4511718750000000E-01    0.3314590454101562E-02
    3    0.1017578125000000E-01    0.1118278503417969E-02
    4    0.3945312500000000E-02    0.1041946411132812E-02
    5    0.8574218749999999E-02    0.1032066345214844E-02
    6   -0.3125000000000000E-02    0.1131286621093750E-02
    7   -0.2519531250000000E-02    0.8601760864257813E-03
    8   -0.4492187500000000E-03    0.7866287231445313E-03
    9    0.2109375000000000E-02    0.9136962890625000E-03
   10   -0.5449218750000000E-02    0.1128730773925781E-02
   11   -0.1953125000000000E-04    0.1070671081542969E-02
   12    0.1054687500000000E-02    0.8975982666015625E-03
   13   -0.2851562500000000E-02    0.6983184814453125E-03
   14   -0.4257812500000000E-02    0.1114501953125000E-02
   15   -0.2597656250000000E-02    0.1010398864746094E-02
   16    0.1132812500000000E-02    0.1192016601562500E-02
   17   -0.1132812500000000E-02    0.8269500732421875E-03
   18    0.6250000000000000E-03    0.1167449951171875E-02
   19    0.5117187500000000E-02    0.1101608276367187E-02
   20    0.2285156250000000E-02    0.9061813354492188E-03
   21   -0.5859375000000000E-04    0.1090660095214844E-02
   22    0.6855468750000000E-02    0.8828353881835938E-03
   23    0.2695312500000000E-02    0.9059143066406250E-03
   24    0.1953125000000000E-03    0.1014022827148437E-02
   25   -0.4335937500000000E-02    0.9207153320312501E-03
   26   -0.9765625000000001E-04    0.1045417785644531E-02
   27    0.1835937500000000E-02    0.9059143066406250E-03
   28    0.4843750000000000E-02    0.1028289794921875E-02
   29   -0.2246093750000000E-02    0.9729385375976563E-03
   30   -0.1855468750000000E-02    0.1045341491699219E-02
   31   -0.1953125000000000E-02    0.8528900146484375E-03
   32   -0.2265625000000000E-02    0.9565734863281250E-03
   33   -0.1191406250000000E-02    0.1287269592285156E-02
   34   -0.2011718750000000E-02    0.1068382263183594E-02
   35    0.2890625000000000E-02    0.8364105224609375E-03
   36    0.1621093750000000E-02    0.7746505737304687E-03
   37   -0.3925781250000000E-02    0.1301383972167969E-02
   38   -0.1738281250000000E-02    0.1118659973144531E-02
   39   -0.3320312500000000E-02    0.9560394287109375E-03
   40    0.2265625000000000E-02    0.9977722167968750E-03
   41    0.1425781250000000E-02    0.8015823364257812E-03
   42    0.2539062500000000E-03    0.1280708312988281E-02
   43   -0.3085937500000000E-02    0.7187652587890625E-03
   44   -0.4414062500000000E-02    0.9252929687500000E-03
   45    0.3574218750000000E-02    0.1109657287597656E-02
   46    0.3906250000000000E-04    0.9245300292968751E-03
   47    0.4296875000000000E-03    0.7614898681640625E-03
   48    0.5429687500000000E-02    0.1125183105468750E-02
   49   -0.3222656250000000E-02    0.9744644165039062E-03
   50    0.3222656250000000E-02    0.9220504760742188E-03
   51   -0.9570312500000000E-03    0.8288192749023438E-03
   52    0.8593750000000000E-03    0.8783721923828125E-03
   53   -0.1855468750000000E-02    0.9518051147460937E-03
   54    0.3710937500000000E-02    0.9914398193359374E-03
   55    0.1875000000000000E-02    0.1026992797851563E-02
   56    0.3222656250000000E-02    0.7330703735351562E-03
   57    0.8417968749999999E-02    0.1125373840332031E-02
   58    0.2343750000000000E-02    0.7741546630859375E-03
   59   -0.3652343750000000E-02    0.9450149536132812E-03
   60   -0.1972656250000000E-02    0.9991836547851563E-03
   61    0.6933593750000000E-02    0.7715225219726562E-03
   62    0.1484375000000000E-02    0.8989715576171875E-03
   63    0.8593750000000000E-03    0.9654998779296875E-03
   64   -0.1757812500000000E-02    0.8729553222656250E-03
   65    0.6386718750000000E-02    0.8539199829101562E-03
   66    0.3789062500000000E-02    0.1096267700195312E-02
   67    0.3007812500000000E-02    0.9867095947265626E-03
   68   -0.2460937500000000E-02    0.8766937255859375E-03
   69    0.9179687499999999E-03    0.1068916320800781E-02
   70    0.5078125000000000E-03    0.9258270263671875E-03
   71    0.6445312500000000E-03    0.9998703002929688E-03
   72   -0.6640625000000000E-03    0.1254882812500000E-02
   73    0.1777343750000000E-02    0.9010696411132813E-03
   74   -0.1601562500000000E-02    0.1040954589843750E-02
   75    0.3281250000000000E-02    0.1096649169921875E-02
   76   -0.1601562500000000E-02    0.9542846679687500E-03
   77    0.1269531250000000E-02    0.1017417907714844E-02
   78    0.5664062500000000E-03    0.1066322326660156E-02
   79    0.2167968750000000E-02    0.9110641479492188E-03
   80    0.5527343750000000E-02    0.1341972351074219E-02
   81   -0.2167968750000000E-02    0.8617782592773437E-03
   82    0.2382812500000000E-02    0.1101608276367187E-02
   83   -0.3281250000000000E-02    0.7701110839843750E-03
   84   -0.5410156250000000E-02    0.9555435180664063E-03
   85   -0.5859375000000000E-02    0.1215972900390625E-02
   86    0.1992187500000000E-02    0.8264160156249999E-03
   87   -0.1113281250000000E-02    0.1052436828613281E-02
   88    0.7617187500000000E-02    0.9330749511718750E-03
   89    0.3066406250000000E-02    0.6984329223632813E-03
   90    0.2949218750000000E-02    0.9463119506835937E-03
   91   -0.2714843750000000E-02    0.9954452514648437E-03
   92    0.5507812500000000E-02    0.8786773681640625E-03
   93    0.3925781250000000E-02    0.8832168579101563E-03
   94    0.4628906250000000E-02    0.9507369995117187E-03
   95   -0.5273437500000000E-03    0.8739089965820313E-03
   96    0.1582031250000000E-02    0.9251022338867187E-03
   97   -0.9765625000000001E-04    0.1004142761230469E-02
   98    0.2988281250000000E-02    0.9525680541992188E-03
   99    0.1386718750000000E-02    0.7960891723632812E-03
  100    0.3183593750000000E-02    0.9483718872070313E-03
