# time =    0.4420
    0    0.1000000000000000E+01    0.1000000000000000E+01
    1    0.3082812500000000E+00    0.9575752258300781E-01
    2    0.1047460937500000E+00    0.1161403656005859E-01
    3    0.4296875000000000E-01    0.2814178466796875E-02
    4    0.1083984375000000E-01    0.1213111877441406E-02
    5    0.9101562500000000E-02    0.1033020019531250E-02
    6    0.4414062500000000E-02    0.1165771484375000E-02
    7   -0.4882812500000000E-02    0.1111679077148438E-02
    8    0.2929687500000000E-02    0.8630371093750000E-03
    9   -0.9179687499999999E-03    0.1246376037597656E-02
   10    0.4003906250000000E-02    0.8919906616210938E-03
   11   -0.1503906250000000E-02    0.1224479675292969E-02
   12   -0.9179687499999999E-03    0.9416580200195312E-03
   13    0.3906250000000000E-04    0.1154098510742188E-02
   14    0.7675781250000000E-02    0.1201820373535156E-02
   15    0.2148437500000000E-03    0.1120185852050781E-02
   16   -0.6093750000000000E-02    0.1073074340820313E-02
   17   -0.1347656250000000E-02    0.1105461120605469E-02
   18   -0.2480468750000000E-02    0.8545303344726562E-03
   19    0.6972656250000000E-02    0.9083175659179688E-03
   20    0.4394531250000000E-02    0.8618545532226563E-03
   21   -0.4296875000000000E-03    0.8374023437500000E-03
   22   -0.2734375000000000E-02    0.1344909667968750E-02
   23   -0.8007812500000000E-03    0.9463119506835937E-03
   24    0.1035156250000000E-02    0.1174430847167969E-02
   25    0.4667968750000000E-02    0.9431076049804687E-03
   26    0.7695312500000000E-02    0.1116638183593750E-02
   27    0.2714843750000000E-02    0.8447647094726562E-03
   28   -0.4296875000000000E-03    0.8791351318359375E-03
   29    0.5449218750000000E-02    0.1106910705566406E-02
   30    0.1875000000000000E-02    0.1361541748046875E-02
   31   -0.2988281250000000E-02    0.8621597290039062E-03
   32    0.5273437500000000E-03    0.9988021850585937E-03
   33    0.4492187500000000E-02    0.8438873291015625E-03
   34    0.2890625000000000E-02    0.8885955810546875E-03
   35   -0.2363281250000000E-02    0.9777450561523438E-03
   36   -0.1562500000000000E-03    0.9286499023437500E-03
   37   -0.2070312500000000E-02    0.8781433105468750E-03
   38   -0.2207031250000000E-02    0.1395835876464844E-02
   39    0.3574218750000000E-02    0.1096382141113281E-02
   40    0.4121093750000000E-02    0.1344413757324219E-02
   41    0.2324218750000000E-02    0.1042366027832031E-02
   42    0.2539062500000000E-03    0.1162376403808594E-02
   43   -0.1191406250000000E-02    0.1309471130371094E-02
   44   -0.4101562500000000E-03    0.1007423400878906E-02
   45    0.4082031250000000E-02    0.9100723266601562E-03
   46   -0.3300781250000000E-02    0.9855270385742188E-03
   47    0.4375000000000000E-02    0.9644317626953125E-03
   48   -0.1679687500000000E-02    0.1128311157226562E-02
   49   -0.1171875000000000E-03    0.7736206054687500E-03
   50    0.2656250000000000E-02    0.9549713134765625E-03
   51    0.1074218750000000E-02    0.9157180786132813E-03
   52    0.1562500000000000E-03    0.1079330444335937E-02
   53    0.4433593750000000E-02    0.9595108032226563E-03
   54    0.2343750000000000E-03    0.1106567382812500E-02
   55    0.3359375000000000E-02    0.1059341430664062E-02
   56    0.1367187500000000E-02    0.8830261230468750E-03
   57    0.3906250000000000E-03    0.7344055175781250E-03
   58    0.4687500000000000E-03    0.9081268310546875E-03
   59   -0.2402343750000000E-02    0.8428573608398437E-03
   60   -0.8789062500000000E-03    0.1023445129394531E-02
   61   -0.2109375000000000E-02    0.7658386230468750E-03
   62   -0.7421875000000000E-03    0.7852935791015626E-03
   63    0.3906250000000000E-03    0.1312637329101563E-02
   64    0.5234375000000000E-02    0.9623718261718750E-03
   65    0.6054687500000000E-02    0.9767913818359375E-03
   66   -0.1953125000000000E-03    0.7988739013671875E-03
   67   -0.4531250000000000E-02    0.1001968383789063E-02
   68   -0.8398437500000000E-03    0.9855270385742188E-03
   69    0.1152343750000000E-02    0.9383773803710938E-03
   70    0.1464843750000000E-02    0.1020317077636719E-02
   71    0.5273437500000000E-02    0.1013565063476562E-02
   72    0.6367187500000000E-02    0.1337203979492188E-02
   73    0.3320312500000000E-03    0.1265449523925781E-02
   74    0.3125000000000000E-02    0.1060791015625000E-02
   75    0.1230468750000000E-02    0.9516525268554687E-03
   76   -0.2929687500000000E-03    0.1024513244628906E-02
   77   -0.4882812500000000E-03    0.1108894348144531E-02
   78   -0.4804687500000000E-02    0.9937286376953125E-03
   79   -0.3847656250000000E-02    0.1087684631347656E-02
   80   -0.4589843750000000E-02    0.8929824829101563E-03
   81   -0.6386718750000000E-02    0.9122848510742188E-03
   82   -0.4140625000000000E-02    0.1072769165039063E-02
   83    0.3496093750000000E-02    0.1019477844238281E-02
   84   -0.2343750000000000E-03    0.8897399902343750E-03
   85    0.1562500000000000E-02    0.8740234375000000E-03
   86    0.5273437500000000E-02    0.7670593261718750E-03
   87    0.4785156250000000E-02    0.1201515197753906E-02
   88    0.3632812500000000E-02    0.8150482177734375E-03
   89    0.2734375000000000E-02    0.1212387084960937E-02
   90    0.4882812500000000E-03    0.1039619445800781E-02
   91    0.1582031250000000E-02    0.7851028442382813E-03
   92    0.3125000000000000E-03    0.1168212890625000E-02
   93    0.3222656250000000E-02    0.9898757934570313E-03
   94    0.4296875000000000E-02    0.8099365234375000E-03
   95   -0.7617187500000000E-03    0.8934402465820313E-03
   96    0.1054687500000000E-02    0.7105255126953125E-03
   97   -0.5117187500000000E-02    0.1139755249023437E-02
   98   -0.5292968750000000E-02    0.1007575988769531E-02
   99   -0.2167968750000000E-02    0.9159469604492188E-03
  100   -0.6152343750000000E-02    0.1086921691894531E-02
