# time =    0.4736
    0    0.1000000000000000E+01    0.1000000000000000E+01
    1    0.2164257812500000E+00    0.4767421722412109E-01
    2    0.5101562500000000E-01    0.3370132446289063E-02
    3    0.1160156250000000E-01    0.1332473754882813E-02
    4    0.3125000000000000E-02    0.8930969238281250E-03
    5    0.1250000000000000E-02    0.9029388427734375E-03
    6   -0.5253906250000000E-02    0.7793807983398438E-03
    7   -0.3730468750000000E-02    0.9455490112304688E-03
    8   -0.7050781250000000E-02    0.8693313598632812E-03
    9   -0.6738281250000000E-02    0.7270431518554688E-03
   10    0.1074218750000000E-02    0.7467269897460938E-03
   11   -0.9765625000000001E-04    0.1136817932128906E-02
   12   -0.3515625000000000E-03    0.8496093750000000E-03
   13   -0.1015625000000000E-02    0.9430694580078125E-03
   14   -0.3378906250000000E-02    0.9560012817382813E-03
   15    0.1914062500000000E-02    0.1060256958007812E-02
   16    0.6777343750000000E-02    0.1000480651855469E-02
   17    0.1816406250000000E-02    0.8417129516601563E-03
   18    0.1523437500000000E-02    0.1085815429687500E-02
   19    0.2187500000000000E-02    0.8805084228515625E-03
   20    0.2441406250000000E-02    0.9754562377929688E-03
   21    0.5878906250000000E-02    0.8799362182617187E-03
   22    0.1425781250000000E-02    0.1195411682128906E-02
   23   -0.6835937500000000E-03    0.7694625854492188E-03
   24   -0.5898437500000000E-02    0.1059341430664062E-02
   25    0.1347656250000000E-02    0.1055488586425781E-02
   26   -0.6835937500000000E-03    0.1263236999511719E-02
   27   -0.1445312500000000E-02    0.8635711669921875E-03
   28    0.3222656250000000E-02    0.1101875305175781E-02
   29    0.6933593750000000E-02    0.1111869812011719E-02
   30    0.3281250000000000E-02    0.9327697753906250E-03
   31    0.4687500000000000E-02    0.1173400878906250E-02
   32    0.1953125000000000E-04    0.1271247863769531E-02
   33   -0.8593750000000000E-03    0.9742736816406250E-03
   34    0.3222656250000000E-02    0.1225090026855469E-02
   35    0.3515625000000000E-02    0.1033706665039063E-02
   36    0.2792968750000000E-02    0.1004905700683594E-02
   37    0.3125000000000000E-03    0.1213302612304688E-02
   38    0.5468750000000000E-02    0.1012268066406250E-02
   39   -0.5214843750000000E-02    0.1031150817871094E-02
   40    0.1093750000000000E-02    0.8869934082031250E-03
   41   -0.1015625000000000E-02    0.8603668212890625E-03
   42    0.3476562500000000E-02    0.1106567382812500E-02
   43    0.7109375000000000E-02    0.9583282470703125E-03
   44    0.1953125000000000E-03    0.9914398193359374E-03
   45    0.1835937500000000E-02    0.1149368286132813E-02
   46   -0.8320312500000000E-02    0.1080017089843750E-02
   47   -0.3828125000000000E-02    0.7634735107421874E-03
   48   -0.3125000000000000E-02    0.9572601318359375E-03
   49    0.1953125000000000E-03    0.8975219726562500E-03
   50   -0.1503906250000000E-02    0.9560012817382813E-03
   51    0.4531250000000000E-02    0.8891296386718750E-03
   52    0.1992187500000000E-02    0.1059188842773438E-02
   53    0.2480468750000000E-02    0.9191513061523437E-03
   54   -0.1542968750000000E-02    0.1017570495605469E-02
   55   -0.2304687500000000E-02    0.1047134399414062E-02
   56    0.2480468750000000E-02    0.9627914428710937E-03
   57    0.1640625000000000E-02    0.9468841552734375E-03
   58    0.1562500000000000E-03    0.8486175537109375E-03
   59    0.4550781250000000E-02    0.1066627502441406E-02
   60    0.5097656250000000E-02    0.9316635131835937E-03
   61    0.2910156250000000E-02    0.9814834594726563E-03
   62   -0.3750000000000000E-02    0.1168365478515625E-02
   63   -0.2851562500000000E-02    0.1010437011718750E-02
   64   -0.2285156250000000E-02    0.8743667602539063E-03
   65   -0.4687500000000000E-02    0.1055145263671875E-02
   66    0.5019531250000000E-02    0.8042526245117188E-03
   67   -0.6640625000000000E-03    0.8765411376953125E-03
   68   -0.1621093750000000E-02    0.7568740844726562E-03
   69   -0.5859375000000000E-04    0.9128189086914062E-03
   70   -0.1582031250000000E-02    0.9566879272460937E-03
   71   -0.3066406250000000E-02    0.1050605773925781E-02
   72    0.8593750000000000E-03    0.1015472412109375E-02
   73    0.4453125000000000E-02    0.1147232055664063E-02
   74   -0.2285156250000000E-02    0.7354354858398437E-03
   75   -0.1621093750000000E-02    0.1014747619628906E-02
   76    0.5664062500000000E-02    0.8175659179687500E-03
   77   -0.3046875000000000E-02    0.6565093994140625E-03
   78   -0.5468750000000000E-02    0.1048812866210937E-02
   79    0.1601562500000000E-02    0.8628845214843750E-03
   80    0.2792968750000000E-02    0.8266830444335938E-03
   81   -0.8203125000000000E-03    0.9344482421875000E-03
   82    0.3457031250000000E-02    0.9803390502929688E-03
   83   -0.1640625000000000E-02    0.1004867553710938E-02
   84   -0.3710937500000000E-02    0.9146118164062500E-03
   85   -0.3652343750000000E-02    0.1098518371582031E-02
   86   -0.1503906250000000E-02    0.1030921936035156E-02
   87   -0.1855468750000000E-02    0.1156959533691406E-02
   88    0.6386718750000000E-02    0.8719253540039062E-03
   89    0.3164062500000000E-02    0.1225509643554687E-02
   90    0.3496093750000000E-02    0.8742141723632812E-03
   91    0.7675781250000000E-02    0.1062355041503906E-02
   92   -0.5273437500000000E-03    0.1098823547363281E-02
   93   -0.2070312500000000E-02    0.6946563720703125E-03
   94   -0.4492187500000000E-02    0.1134643554687500E-02
   95   -0.3476562500000000E-02    0.9462738037109375E-03
   96   -0.3085937500000000E-02    0.8403778076171875E-03
   97   -0.5468750000000001E-03    0.1230926513671875E-02
   98   -0.2558593750000000E-02    0.1340141296386719E-02
   99    0.2070312500000000E-02    0.7951354980468750E-03
  100    0.2148437500000000E-02    0.8683013916015625E-03
