# time =    0.4683
    0    0.1000000000000000E+01    0.1000000000000000E+01
    1    0.2630078125000000E+00    0.7003868103027344E-01
    2    0.8353515625000001E-01    0.7853202819824219E-02
    3    0.3378906250000000E-01    0.2659072875976562E-02
    4    0.1080078125000000E-01    0.1040687561035156E-02
    5    0.7382812500000000E-02    0.8660888671875000E-03
    6    0.3789062500000000E-02    0.8448791503906250E-03
    7    0.7402343750000000E-02    0.8749771118164063E-03
    8   -0.5468750000000001E-03    0.1158065795898437E-02
    9   -0.2773437500000000E-02    0.1076965332031250E-02
   10   -0.3964843750000000E-02    0.1020469665527344E-02
   11   -0.1191406250000000E-02    0.9869766235351563E-03
   12   -0.2226562500000000E-02    0.1101379394531250E-02
   13    0.2285156250000000E-02    0.1094627380371094E-02
   14    0.3339843750000000E-02    0.9904861450195312E-03
   15    0.6640625000000000E-03    0.8033752441406250E-03
   16   -0.8593750000000000E-03    0.1070404052734375E-02
   17    0.2929687500000000E-02    0.1070632934570313E-02
   18   -0.2753906250000000E-02    0.8579635620117187E-03
   19    0.1601562500000000E-02    0.1038818359375000E-02
   20   -0.9570312500000000E-03    0.1214179992675781E-02
   21    0.1503906250000000E-02    0.8584976196289063E-03
   22    0.1933593750000000E-02    0.5281448364257812E-03
   23    0.2734375000000000E-03    0.1100082397460937E-02
   24   -0.1953125000000000E-04    0.1032981872558594E-02
   25    0.1074218750000000E-02    0.9856033325195313E-03
   26    0.4550781250000000E-02    0.8552169799804687E-03
   27    0.4199218750000000E-02    0.9570693969726562E-03
   28    0.1210937500000000E-02    0.1006774902343750E-02
   29   -0.1250000000000000E-02    0.7779693603515625E-03
   30   -0.2558593750000000E-02    0.8027267456054688E-03
   31   -0.1699218750000000E-02    0.1386146545410156E-02
   32   -0.2734375000000000E-03    0.8560943603515625E-03
   33    0.2441406250000000E-02    0.1155128479003906E-02
   34    0.1601562500000000E-02    0.7384490966796875E-03
   35    0.1367187500000000E-02    0.8370971679687500E-03
   36    0.4101562500000000E-02    0.1256942749023438E-02
   37    0.3906250000000000E-02    0.1068420410156250E-02
   38    0.3691406250000000E-02    0.9769821166992188E-03
   39    0.3457031250000000E-02    0.9133529663085938E-03
   40    0.4355468750000000E-02    0.1047782897949219E-02
   41   -0.1503906250000000E-02    0.1096687316894531E-02
   42   -0.4296875000000000E-03    0.1040344238281250E-02
   43    0.3457031250000000E-02    0.1023750305175781E-02
   44    0.3164062500000000E-02    0.9413146972656250E-03
   45    0.2871093750000000E-02    0.1030311584472656E-02
   46    0.3574218750000000E-02    0.9263992309570312E-03
   47    0.1601562500000000E-02    0.1275558471679687E-02
   48    0.1953125000000000E-04    0.1026268005371094E-02
   49    0.2460937500000000E-02    0.9889984130859375E-03
   50   -0.1699218750000000E-02    0.1038093566894531E-02
   51   -0.3066406250000000E-02    0.1070671081542969E-02
   52   -0.2910156250000000E-02    0.1161918640136719E-02
   53    0.9765625000000001E-04    0.6753921508789063E-03
   54    0.2343750000000000E-03    0.9674072265625000E-03
   55    0.3925781250000000E-02    0.1044044494628906E-02
   56    0.8789062500000000E-03    0.9733963012695312E-03
   57   -0.2480468750000000E-02    0.6764602661132813E-03
   58    0.3125000000000000E-03    0.1015014648437500E-02
   59    0.5859375000000000E-04    0.7992172241210937E-03
   60    0.1875000000000000E-02    0.9344482421875000E-03
   61    0.2050781250000000E-02    0.1034126281738281E-02
   62    0.3671875000000000E-02    0.1079177856445312E-02
   63    0.2871093750000000E-02    0.8287429809570312E-03
   64   -0.2285156250000000E-02    0.1026725769042969E-02
   65   -0.9179687500000000E-02    0.1148300170898437E-02
   66    0.6640625000000000E-03    0.1333618164062500E-02
   67   -0.8203125000000000E-03    0.8956909179687500E-03
   68   -0.1386718750000000E-02    0.1082420349121094E-02
   69   -0.9179687499999999E-03    0.1056098937988281E-02
   70    0.4687500000000000E-02    0.1080856323242187E-02
   71    0.4589843750000000E-02    0.9047317504882812E-03
   72   -0.6562500000000000E-02    0.1072921752929687E-02
   73   -0.5273437500000000E-03    0.1100120544433594E-02
   74    0.9257812500000000E-02    0.1140975952148438E-02
   75    0.4726562500000000E-02    0.9394073486328125E-03
   76    0.4687500000000000E-03    0.9487915039062500E-03
   77    0.1230468750000000E-02    0.9643173217773437E-03
   78   -0.6660156250000000E-02    0.1082649230957031E-02
   79    0.1914062500000000E-02    0.7644653320312500E-03
   80    0.1406250000000000E-02    0.1080551147460937E-02
   81   -0.4003906250000000E-02    0.1205253601074219E-02
   82   -0.2675781250000000E-02    0.9078598022460938E-03
   83   -0.7402343750000000E-02    0.1225929260253906E-02
   84   -0.1835937500000000E-02    0.7846832275390625E-03
   85   -0.2441406250000000E-02    0.9109115600585937E-03
   86    0.1972656250000000E-02    0.9310531616210937E-03
   87    0.8789062500000000E-03    0.1163520812988281E-02
   88   -0.2792968750000000E-02    0.1002388000488281E-02
   89   -0.7929687499999999E-02    0.8871459960937500E-03
   90    0.1328125000000000E-02    0.1022949218750000E-02
   91    0.1777343750000000E-02    0.1069145202636719E-02
   92    0.2050781250000000E-02    0.9486770629882812E-03
   93    0.4101562500000000E-02    0.9337615966796875E-03
   94    0.1269531250000000E-02    0.9034347534179688E-03
   95    0.2929687500000000E-03    0.1053352355957031E-02
   96   -0.5859375000000000E-04    0.9943008422851562E-03
   97    0.5273437500000000E-03    0.9540939331054688E-03
   98   -0.1250000000000000E-02    0.9664916992187501E-03
   99    0.2578125000000000E-02    0.9570312500000000E-03
  100    0.4355468750000000E-02    0.1064643859863281E-02
