# time =    0.4244
    0    0.1000000000000000E+01    0.1000000000000000E+01
    1    0.3824414062500000E+00    0.1469870376586914E+00
    2    0.1632812500000000E+00    0.2748947143554687E-01
    3    0.8148437500000000E-01    0.7542114257812500E-02
    4    0.4404296875000000E-01    0.2853736877441406E-02
    5    0.2179687500000000E-01    0.1357803344726562E-02
    6    0.1732421875000000E-01    0.1510734558105469E-02
    7    0.8476562500000000E-02    0.1015930175781250E-02
    8   -0.5664062500000000E-03    0.8546066284179688E-03
    9    0.1171875000000000E-02    0.9893798828125001E-03
   10   -0.2148437500000000E-03    0.1029930114746094E-02
   11    0.5859375000000000E-03    0.1071701049804687E-02
   12    0.2753906250000000E-02    0.1069221496582031E-02
   13    0.5761718750000000E-02    0.1115684509277344E-02
   14    0.1113281250000000E-02    0.1108818054199219E-02
   15    0.4277343750000000E-02    0.7545089721679687E-03
   16    0.1718750000000000E-02    0.8627319335937500E-03
   17    0.3496093750000000E-02    0.8840560913085938E-03
   18    0.4882812500000000E-02    0.1049194335937500E-02
   19    0.6445312500000000E-03    0.1169395446777344E-02
   20    0.3515625000000000E-03    0.9859466552734374E-03
   21   -0.2324218750000000E-02    0.9594345092773437E-03
   22   -0.1777343750000000E-02    0.9954452514648437E-03
   23   -0.1367187500000000E-02    0.7721710205078125E-03
   24    0.9765625000000000E-03    0.7345581054687500E-03
   25   -0.4492187500000000E-03    0.1001014709472656E-02
   26    0.1113281250000000E-02    0.9167098999023438E-03
   27    0.9375000000000000E-02    0.1087112426757813E-02
   28    0.3320312500000000E-02    0.8707427978515625E-03
   29    0.4296875000000000E-02    0.9378051757812500E-03
   30    0.5253906250000000E-02    0.1151084899902344E-02
   31    0.2187500000000000E-02    0.9618377685546874E-03
   32    0.6835937500000000E-03    0.1044960021972656E-02
   33    0.1621093750000000E-02    0.1033821105957031E-02
   34    0.8593750000000000E-03    0.9432220458984375E-03
   35    0.4667968750000000E-02    0.1040153503417969E-02
   36    0.4531250000000000E-02    0.7918548583984375E-03
   37    0.6347656250000000E-02    0.8971786499023437E-03
   38    0.4062500000000000E-02    0.1040191650390625E-02
   39   -0.1035156250000000E-02    0.8357620239257813E-03
   40    0.3867187500000000E-02    0.9044647216796875E-03
   41    0.4824218750000000E-02    0.1043128967285156E-02
   42   -0.2597656250000000E-02    0.1002922058105469E-02
   43    0.2636718750000000E-02    0.9416580200195312E-03
   44   -0.1640625000000000E-02    0.8892059326171875E-03
   45   -0.1054687500000000E-02    0.1020202636718750E-02
   46   -0.1308593750000000E-02    0.8797073364257813E-03
   47   -0.3320312500000000E-03    0.7542037963867188E-03
   48   -0.9570312500000000E-03    0.9563827514648438E-03
   49   -0.8984375000000000E-03    0.9245300292968751E-03
   50   -0.4882812500000000E-03    0.9544754028320313E-03
   51   -0.3710937500000000E-03    0.1233177185058594E-02
   52   -0.5781250000000000E-02    0.1049652099609375E-02
   53   -0.3808593750000000E-02    0.9888076782226562E-03
   54   -0.3847656250000000E-02    0.9895706176757813E-03
   55   -0.1523437500000000E-02    0.1115417480468750E-02
   56   -0.2675781250000000E-02    0.8610153198242188E-03
   57   -0.3203125000000000E-02    0.9134674072265625E-03
   58    0.2539062500000000E-02    0.1000213623046875E-02
   59   -0.1152343750000000E-02    0.9618759155273438E-03
   60   -0.8789062500000000E-03    0.1093177795410156E-02
   61    0.2734375000000000E-02    0.1072845458984375E-02
   62    0.7812500000000000E-03    0.1188507080078125E-02
   63    0.1191406250000000E-02    0.9827804565429687E-03
   64    0.1113281250000000E-02    0.1375923156738281E-02
   65    0.7226562500000000E-03    0.9154129028320312E-03
   66    0.8398437500000000E-03    0.9270858764648438E-03
   67    0.3906250000000000E-04    0.9439849853515625E-03
   68    0.2011718750000000E-02    0.1041069030761719E-02
   69    0.1484375000000000E-02    0.6730651855468750E-03
   70   -0.2812500000000000E-02    0.7054138183593750E-03
   71   -0.5468750000000000E-02    0.9288787841796875E-03
   72   -0.4921875000000000E-02    0.8701324462890625E-03
   73   -0.2226562500000000E-02    0.8600616455078125E-03
   74    0.1562500000000000E-03    0.9978485107421874E-03
   75   -0.2558593750000000E-02    0.8747482299804688E-03
   76   -0.1894531250000000E-02    0.9692001342773437E-03
   77   -0.9570312500000000E-03    0.1175804138183594E-02
   78    0.2343750000000000E-03    0.1120223999023438E-02
   79    0.3808593750000000E-02    0.7771682739257812E-03
   80    0.6777343750000000E-02    0.8890151977539063E-03
   81   -0.3125000000000000E-02    0.8247375488281250E-03
   82   -0.3300781250000000E-02    0.6858444213867187E-03
   83   -0.4199218750000000E-02    0.1233558654785156E-02
   84   -0.2148437500000000E-02    0.1036300659179688E-02
   85   -0.5996093750000000E-02    0.1135368347167969E-02
   86   -0.2675781250000000E-02    0.1026649475097656E-02
   87   -0.1191406250000000E-02    0.1228904724121094E-02
   88   -0.4453125000000000E-02    0.1154785156250000E-02
   89   -0.1074218750000000E-02    0.1184425354003906E-02
   90   -0.2070312500000000E-02    0.1167449951171875E-02
   91   -0.7832031250000000E-02    0.1211357116699219E-02
   92   -0.1718750000000000E-02    0.9976196289062499E-03
   93    0.1367187500000000E-03    0.8900070190429688E-03
   94    0.2617187500000000E-02    0.1093368530273438E-02
   95    0.4218750000000000E-02    0.7778167724609375E-03
   96    0.8984375000000000E-03    0.8081817626953126E-03
   97   -0.5664062500000000E-03    0.1038856506347656E-02
   98   -0.2343750000000000E-02    0.9597778320312500E-03
   99    0.5664062500000000E-03    0.9761428833007812E-03
  100    0.7617187500000000E-03    0.8919143676757813E-03
