# time =    0.4554
    0    0.1000000000000000E+01    0.1000000000000000E+01
    1    0.2756640625000000E+00    0.7680885314941406E-01
    2    0.8789062500000000E-01    0.8390274047851563E-02
    3    0.2910156250000000E-01    0.1860885620117187E-02
    4    0.1375000000000000E-01    0.1187210083007813E-02
    5    0.3691406250000000E-02    0.7588577270507813E-03
    6    0.8593750000000000E-03    0.7853698730468750E-03
    7    0.2871093750000000E-02    0.7230758666992188E-03
    8    0.2714843750000000E-02    0.7989883422851562E-03
    9    0.1152343750000000E-02    0.8246994018554687E-03
   10    0.1367187500000000E-03    0.7757949829101563E-03
   11    0.3378906250000000E-02    0.1032752990722656E-02
   12    0.3437500000000000E-02    0.9863281250000000E-03
   13   -0.7421875000000000E-03    0.1098251342773437E-02
   14   -0.3417968750000000E-02    0.8829116821289062E-03
   15   -0.2050781250000000E-02    0.8861923217773438E-03
   16   -0.4687500000000000E-02    0.1037673950195312E-02
   17   -0.1933593750000000E-02    0.1001625061035156E-02
   18    0.3281250000000000E-02    0.1242065429687500E-02
   19    0.1210937500000000E-02    0.9361267089843750E-03
   20   -0.3867187500000000E-02    0.1220932006835938E-02
   21    0.5332031250000000E-02    0.9217453002929687E-03
   22    0.3320312500000000E-03    0.1163902282714844E-02
   23   -0.1796875000000000E-02    0.1127624511718750E-02
   24    0.1757812500000000E-02    0.1154937744140625E-02
   25    0.1132812500000000E-02    0.7839202880859375E-03
   26    0.4296875000000000E-03    0.9204864501953125E-03
   27    0.3300781250000000E-02    0.9450912475585938E-03
   28    0.3945312500000000E-02    0.1023483276367188E-02
   29   -0.9765625000000000E-03    0.9698486328125000E-03
   30    0.3730468750000000E-02    0.9746170043945313E-03
   31    0.2812500000000000E-02    0.1087493896484375E-02
   32    0.4394531250000000E-02    0.9844589233398437E-03
   33   -0.2382812500000000E-02    0.8301544189453125E-03
   34    0.5410156250000000E-02    0.1079978942871094E-02
   35    0.1171875000000000E-03    0.8506774902343750E-03
   36   -0.3906250000000000E-02    0.9906005859375000E-03
   37    0.3515625000000000E-03    0.9910583496093750E-03
   38    0.3769531250000000E-02    0.9195327758789063E-03
   39    0.5722656250000000E-02    0.1008567810058594E-02
   40    0.1660156250000000E-02    0.9097671508789063E-03
   41    0.2949218750000000E-02    0.9933853149414063E-03
   42   -0.3203125000000000E-02    0.9220123291015625E-03
   43   -0.8593750000000000E-03    0.9613800048828125E-03
   44   -0.2714843750000000E-02    0.1151618957519531E-02
   45   -0.1015625000000000E-02    0.8248901367187500E-03
   46    0.6367187500000000E-02    0.1331481933593750E-02
   47    0.3046875000000000E-02    0.9973907470703124E-03
   48    0.8789062500000000E-03    0.6995773315429687E-03
   49    0.3652343750000000E-02    0.8770370483398437E-03
   50   -0.1113281250000000E-02    0.1023597717285156E-02
   51   -0.1542968750000000E-02    0.7651138305664062E-03
   52   -0.2265625000000000E-02    0.1150054931640625E-02
   53    0.1894531250000000E-02    0.8493423461914063E-03
   54   -0.4375000000000000E-02    0.9419250488281250E-03
   55   -0.2460937500000000E-02    0.1037292480468750E-02
   56   -0.3769531250000000E-02    0.1277656555175781E-02
   57   -0.4414062500000000E-02    0.9720611572265625E-03
   58    0.3300781250000000E-02    0.8192062377929688E-03
   59    0.9179687499999999E-03    0.8911514282226563E-03
   60    0.2363281250000000E-02    0.1114311218261719E-02
   61    0.6484375000000000E-02    0.7681274414062501E-03
   62    0.9570312500000000E-03    0.9949874877929687E-03
   63   -0.1171875000000000E-03    0.1083602905273438E-02
   64   -0.6347656250000000E-02    0.8913040161132813E-03
   65    0.6054687500000000E-02    0.8178710937500000E-03
   66   -0.1367187500000000E-03    0.6871414184570312E-03
   67    0.5742187500000000E-02    0.1294097900390625E-02
   68   -0.1015625000000000E-02    0.8665466308593750E-03
   69    0.3046875000000000E-02    0.1132812500000000E-02
   70   -0.1679687500000000E-02    0.8943176269531250E-03
   71   -0.5546875000000000E-02    0.9725189208984375E-03
   72   -0.5820312500000000E-02    0.1029129028320312E-02
   73   -0.5839843750000000E-02    0.8593368530273438E-03
   74   -0.2714843750000000E-02    0.1067695617675781E-02
   75    0.4687500000000000E-03    0.7720184326171875E-03
   76    0.2578125000000000E-02    0.9705352783203125E-03
   77    0.3281250000000000E-02    0.1193313598632812E-02
   78   -0.1953125000000000E-04    0.7433700561523438E-03
   79   -0.1542968750000000E-02    0.8361434936523437E-03
   80    0.1093750000000000E-02    0.9477233886718750E-03
   81    0.4472656250000000E-02    0.8126449584960938E-03
   82    0.5156250000000000E-02    0.7355499267578125E-03
   83   -0.2246093750000000E-02    0.1021537780761719E-02
   84    0.3300781250000000E-02    0.7963943481445313E-03
   85   -0.5351562500000000E-02    0.7661437988281250E-03
   86   -0.1445312500000000E-02    0.1012496948242188E-02
   87   -0.1503906250000000E-02    0.8718490600585938E-03
   88   -0.5390625000000000E-02    0.1183471679687500E-02
   89   -0.1640625000000000E-02    0.1010284423828125E-02
   90    0.2421875000000000E-02    0.8580780029296875E-03
   91   -0.6640625000000000E-03    0.8909606933593750E-03
   92    0.3925781250000000E-02    0.8221054077148437E-03
   93   -0.1093750000000000E-02    0.9378051757812500E-03
   94    0.1953125000000000E-04    0.9381484985351563E-03
   95   -0.1894531250000000E-02    0.8552932739257813E-03
   96   -0.8203125000000000E-03    0.9762573242187500E-03
   97   -0.4707031250000000E-02    0.8498764038085937E-03
   98    0.1406250000000000E-02    0.8831024169921875E-03
   99    0.5859375000000000E-04    0.1181144714355469E-02
  100   -0.5292968750000000E-02    0.8478164672851562E-03
