# time =    0.4690
    0    0.1000000000000000E+01    0.1000000000000000E+01
    1    0.2183203125000000E+00    0.4838394165039062E-01
    2    0.5396484375000000E-01    0.3847770690917969E-02
    3    0.1632812500000000E-01    0.1308975219726562E-02
    4   -0.2949218750000000E-02    0.7933425903320312E-03
    5    0.1367187500000000E-02    0.9500122070312500E-03
    6    0.5273437500000000E-03    0.8298873901367188E-03
    7    0.4023437500000000E-02    0.9566497802734375E-03
    8    0.1972656250000000E-02    0.9256362915039063E-03
    9   -0.6152343750000000E-02    0.1128578186035156E-02
   10   -0.4765625000000000E-02    0.1047592163085938E-02
   11   -0.3906250000000000E-04    0.1016769409179688E-02
   12    0.4609375000000000E-02    0.9851074218750000E-03
   13    0.1835937500000000E-02    0.7118225097656250E-03
   14    0.3339843750000000E-02    0.1156044006347656E-02
   15   -0.6054687500000000E-03    0.1012001037597656E-02
   16   -0.6464843750000000E-02    0.1017341613769531E-02
   17   -0.3144531250000000E-02    0.7162094116210938E-03
   18   -0.2421875000000000E-02    0.9422302246093750E-03
   19    0.1230468750000000E-02    0.9398269653320313E-03
   20    0.6835937500000000E-03    0.1039085388183594E-02
   21    0.6152343750000000E-02    0.9852218627929687E-03
   22    0.4824218750000000E-02    0.1016273498535156E-02
   23    0.3066406250000000E-02    0.1255683898925781E-02
   24   -0.9375000000000000E-03    0.7070922851562501E-03
   25   -0.3085937500000000E-02    0.9660339355468750E-03
   26    0.7617187500000000E-03    0.9615707397460937E-03
   27   -0.1757812500000000E-02    0.1136550903320312E-02
   28    0.4765625000000000E-02    0.1146697998046875E-02
   29    0.3144531250000000E-02    0.8385086059570313E-03
   30    0.1523437500000000E-02    0.1042556762695313E-02
   31    0.1503906250000000E-02    0.1090812683105469E-02
   32    0.3222656250000000E-02    0.9879684448242188E-03
   33    0.1425781250000000E-02    0.9457778930664063E-03
   34   -0.4257812500000000E-02    0.8393859863281250E-03
   35    0.2148437500000000E-02    0.1203994750976563E-02
   36    0.7812500000000000E-04    0.1021499633789062E-02
   37   -0.1289062500000000E-02    0.9027099609374999E-03
   38   -0.5390625000000000E-02    0.8666992187500000E-03
   39   -0.2949218750000000E-02    0.8784103393554688E-03
   40    0.3046875000000000E-02    0.9866333007812499E-03
   41    0.6445312500000000E-03    0.8392715454101562E-03
   42   -0.2324218750000000E-02    0.9936904907226563E-03
   43   -0.1757812500000000E-03    0.9157943725585937E-03
   44    0.2285156250000000E-02    0.1035881042480469E-02
   45   -0.6425781250000000E-02    0.1021232604980469E-02
   46   -0.1562500000000000E-02    0.8608245849609375E-03
   47   -0.5585937500000000E-02    0.9272766113281250E-03
   48   -0.3593750000000000E-02    0.8921813964843750E-03
   49    0.3203125000000000E-02    0.9033203125000000E-03
   50    0.2734375000000000E-02    0.8625030517578125E-03
   51   -0.2363281250000000E-02    0.7515335083007812E-03
   52   -0.1328125000000000E-02    0.1092376708984375E-02
   53   -0.3554687500000000E-02    0.1289215087890625E-02
   54   -0.3613281250000000E-02    0.7925033569335938E-03
   55    0.1015625000000000E-02    0.7855224609375000E-03
   56   -0.1972656250000000E-02    0.7799148559570312E-03
   57   -0.2285156250000000E-02    0.1144828796386719E-02
   58    0.1210937500000000E-02    0.8788299560546875E-03
   59    0.1679687500000000E-02    0.1145858764648437E-02
   60   -0.1718750000000000E-02    0.1193161010742187E-02
   61    0.2460937500000000E-02    0.9212493896484375E-03
   62   -0.1699218750000000E-02    0.1017341613769531E-02
   63   -0.1308593750000000E-02    0.9019851684570312E-03
   64    0.4570312500000000E-02    0.1065216064453125E-02
   65    0.2851562500000000E-02    0.1055603027343750E-02
   66   -0.4472656250000000E-02    0.8646774291992187E-03
   67   -0.8007812500000000E-03    0.1013908386230469E-02
   68   -0.1953125000000000E-04    0.1165504455566406E-02
   69    0.5117187500000000E-02    0.7822418212890625E-03
   70   -0.7421875000000000E-03    0.9689331054687500E-03
   71    0.3007812500000000E-02    0.8657836914062500E-03
   72    0.2558593750000000E-02    0.1032905578613281E-02
   73    0.2226562500000000E-02    0.8043670654296876E-03
   74    0.4218750000000000E-02    0.9319305419921875E-03
   75   -0.5742187500000000E-02    0.1051330566406250E-02
   76   -0.2421875000000000E-02    0.1146087646484375E-02
   77   -0.1562500000000000E-03    0.7358551025390625E-03
   78   -0.2832031250000000E-02    0.8827590942382812E-03
   79    0.3320312500000000E-03    0.9720993041992188E-03
   80   -0.5078125000000000E-03    0.1112747192382812E-02
   81   -0.8593750000000000E-03    0.1150131225585938E-02
   82   -0.2148437500000000E-03    0.1168937683105469E-02
   83    0.2343750000000000E-03    0.1048507690429688E-02
   84    0.5468750000000001E-03    0.1065673828125000E-02
   85   -0.9375000000000000E-03    0.9995269775390624E-03
   86    0.1953125000000000E-03    0.1036987304687500E-02
   87    0.9375000000000000E-03    0.9501647949218750E-03
   88    0.3925781250000000E-02    0.7005691528320313E-03
   89    0.4570312500000000E-02    0.1019363403320313E-02
   90   -0.3710937500000000E-02    0.9224700927734375E-03
   91   -0.4492187500000000E-03    0.8198928833007813E-03
   92    0.4687500000000000E-03    0.7489776611328125E-03
   93    0.1093750000000000E-02    0.1053924560546875E-02
   94   -0.1093750000000000E-02    0.9387207031250000E-03
   95    0.2597656250000000E-02    0.7863998413085938E-03
   96    0.1425781250000000E-02    0.6539535522460938E-03
   97    0.7265625000000000E-02    0.1089477539062500E-02
   98    0.8203125000000000E-03    0.1224899291992188E-02
   99   -0.3125000000000000E-03    0.8273315429687500E-03
  100    0.3261718750000000E-02    0.9302139282226562E-03
