# time =    0.4657
    0    0.1000000000000000E+01    0.1000000000000000E+01
    1    0.2554101562500000E+00    0.6613430023193359E-01
    2    0.7267578125000000E-01    0.6293144226074219E-02
    3    0.2697265625000000E-01    0.1578559875488281E-02
    4    0.8066406250000000E-02    0.9173965454101563E-03
    5    0.5664062500000000E-03    0.7242965698242188E-03
    6   -0.6835937500000000E-03    0.6927871704101563E-03
    7    0.5664062500000000E-03    0.8987808227539063E-03
    8   -0.2382812500000000E-02    0.1148910522460938E-02
    9   -0.3613281250000000E-02    0.1060142517089844E-02
   10    0.3691406250000000E-02    0.1023597717285156E-02
   11   -0.2929687500000000E-03    0.1011314392089844E-02
   12    0.5859375000000000E-04    0.9387588500976563E-03
   13    0.1464843750000000E-02    0.1006584167480469E-02
   14   -0.3300781250000000E-02    0.9224319458007813E-03
   15   -0.1308593750000000E-02    0.9228897094726563E-03
   16   -0.1816406250000000E-02    0.1210975646972656E-02
   17   -0.4062500000000000E-02    0.1065826416015625E-02
   18    0.9179687499999999E-03    0.1064567565917969E-02
   19   -0.2304687500000000E-02    0.1002578735351562E-02
   20    0.9003906250000001E-02    0.9412765502929688E-03
   21    0.4199218750000000E-02    0.8558273315429687E-03
   22    0.4511718750000000E-02    0.9223556518554687E-03
   23    0.4003906250000000E-02    0.1100425720214844E-02
   24   -0.5937500000000000E-02    0.1199569702148437E-02
   25    0.1660156250000000E-02    0.1098365783691406E-02
   26    0.6953125000000000E-02    0.1236724853515625E-02
   27    0.7226562500000000E-03    0.9101486206054688E-03
   28    0.4648437500000000E-02    0.1130905151367187E-02
   29    0.2539062500000000E-03    0.1071739196777344E-02
   30    0.4648437500000000E-02    0.9362792968750000E-03
   31   -0.3339843750000000E-02    0.7828903198242187E-03
   32   -0.8984375000000000E-03    0.1022567749023438E-02
   33   -0.2246093750000000E-02    0.8736038208007812E-03
   34   -0.4023437500000000E-02    0.1206665039062500E-02
   35    0.2558593750000000E-02    0.9533309936523437E-03
   36    0.5253906250000000E-02    0.8689498901367187E-03
   37    0.2480468750000000E-02    0.9327316284179687E-03
   38    0.5429687500000000E-02    0.1087417602539063E-02
   39   -0.1601562500000000E-02    0.1244277954101563E-02
   40    0.4257812500000000E-02    0.8454895019531249E-03
   41    0.2636718750000000E-02    0.1026420593261719E-02
   42    0.9765625000000000E-03    0.8352661132812500E-03
   43   -0.5078125000000000E-03    0.8865356445312500E-03
   44   -0.4335937500000000E-02    0.1061401367187500E-02
   45   -0.5742187500000000E-02    0.1177749633789063E-02
   46   -0.2636718750000000E-02    0.8426284790039062E-03
   47   -0.1757812500000000E-02    0.1058959960937500E-02
   48   -0.2167968750000000E-02    0.9419631958007813E-03
   49    0.8789062500000000E-03    0.8163070678710938E-03
   50    0.2636718750000000E-02    0.8643722534179688E-03
   51   -0.1328125000000000E-02    0.8705902099609375E-03
   52    0.1367187500000000E-02    0.1229019165039063E-02
   53   -0.2968750000000000E-02    0.1122436523437500E-02
   54    0.1718750000000000E-02    0.8649444580078125E-03
   55    0.3710937500000000E-03    0.7128524780273438E-03
   56   -0.5273437500000000E-03    0.9211349487304687E-03
   57    0.2285156250000000E-02    0.1165428161621094E-02
   58   -0.1621093750000000E-02    0.8929824829101563E-03
   59   -0.9765625000000000E-03    0.1048431396484375E-02
   60   -0.8398437500000000E-03    0.9538650512695313E-03
   61   -0.3710937500000000E-03    0.8824539184570313E-03
   62   -0.3730468750000000E-02    0.9510421752929688E-03
   63   -0.1601562500000000E-02    0.9329223632812500E-03
   64   -0.2519531250000000E-02    0.1026115417480469E-02
   65   -0.2207031250000000E-02    0.8868789672851563E-03
   66   -0.1152343750000000E-02    0.8476638793945313E-03
   67   -0.1230468750000000E-02    0.8633804321289063E-03
   68    0.3496093750000000E-02    0.1101264953613281E-02
   69    0.2148437500000000E-03    0.9243392944335938E-03
   70   -0.1562500000000000E-03    0.1112670898437500E-02
   71    0.1406250000000000E-02    0.1116333007812500E-02
   72   -0.3378906250000000E-02    0.1197471618652344E-02
   73   -0.1718750000000000E-02    0.1001739501953125E-02
   74   -0.1230468750000000E-02    0.1153297424316406E-02
   75   -0.5859375000000000E-04    0.1086769104003906E-02
   76   -0.4414062500000000E-02    0.1019363403320313E-02
   77   -0.7812500000000000E-04    0.9733581542968750E-03
   78    0.1933593750000000E-02    0.8989334106445313E-03
   79   -0.5136718750000000E-02    0.1038551330566406E-02
   80   -0.2187500000000000E-02    0.8822631835937500E-03
   81   -0.1542968750000000E-02    0.8513259887695312E-03
   82   -0.3261718750000000E-02    0.1000556945800781E-02
   83    0.1152343750000000E-02    0.8434677124023438E-03
   84   -0.2207031250000000E-02    0.9865951538085937E-03
   85   -0.4082031250000000E-02    0.1115303039550781E-02
   86   -0.2089843750000000E-02    0.1053276062011719E-02
   87   -0.3046875000000000E-02    0.1237945556640625E-02
   88    0.4882812500000000E-03    0.1021080017089844E-02
   89   -0.4199218750000000E-02    0.1305732727050781E-02
   90   -0.1796875000000000E-02    0.1398239135742188E-02
   91   -0.3261718750000000E-02    0.1424217224121094E-02
   92   -0.5468750000000000E-02    0.1326446533203125E-02
   93   -0.1562500000000000E-02    0.1113281250000000E-02
   94   -0.1074218750000000E-02    0.8286666870117187E-03
   95    0.5859375000000000E-04    0.1269187927246094E-02
   96    0.2539062500000000E-03    0.1039924621582031E-02
   97   -0.7226562500000000E-03    0.1303443908691406E-02
   98    0.1953125000000000E-03    0.1185607910156250E-02
   99   -0.3828125000000000E-02    0.1043548583984375E-02
  100   -0.2773437500000000E-02    0.7279205322265625E-03
