# time =    0.4619
    0    0.1000000000000000E+01    0.1000000000000000E+01
    1    0.2013671875000000E+00    0.4158126831054688E-01
    2    0.4462890625000000E-01    0.2846870422363281E-02
    3    0.1097656250000000E-01    0.1057739257812500E-02
    4   -0.1074218750000000E-02    0.9354019165039063E-03
    5   -0.2421875000000000E-02    0.1035003662109375E-02
    6    0.2148437500000000E-02    0.7232666015625000E-03
    7   -0.2011718750000000E-02    0.6860733032226562E-03
    8   -0.6250000000000000E-03    0.1184005737304687E-02
    9    0.2695312500000000E-02    0.9679412841796875E-03
   10   -0.2968750000000000E-02    0.8305358886718750E-03
   11    0.1562500000000000E-03    0.1101837158203125E-02
   12    0.3359375000000000E-02    0.7857513427734375E-03
   13    0.2734375000000000E-03    0.8177947998046875E-03
   14   -0.1113281250000000E-02    0.8249282836914062E-03
   15   -0.1132812500000000E-02    0.9438323974609375E-03
   16    0.3769531250000000E-02    0.1007957458496094E-02
   17    0.1972656250000000E-02    0.6814956665039063E-03
   18   -0.1640625000000000E-02    0.8919525146484375E-03
   19    0.1601562500000000E-02    0.9900665283203126E-03
   20   -0.3125000000000000E-03    0.1027755737304688E-02
   21   -0.2714843750000000E-02    0.9946060180664063E-03
   22   -0.2128906250000000E-02    0.8425521850585938E-03
   23    0.2695312500000000E-02    0.9630584716796875E-03
   24   -0.3750000000000000E-02    0.1057205200195312E-02
   25    0.3437500000000000E-02    0.1050033569335937E-02
   26    0.6445312500000000E-03    0.8423233032226563E-03
   27    0.2812500000000000E-02    0.8557891845703125E-03
   28    0.3828125000000000E-02    0.1014404296875000E-02
   29    0.4023437500000000E-02    0.9014892578125000E-03
   30   -0.1582031250000000E-02    0.9256362915039063E-03
   31    0.3125000000000000E-03    0.1044921875000000E-02
   32    0.8398437500000000E-03    0.9998703002929688E-03
   33    0.5039062500000000E-02    0.9175872802734375E-03
   34    0.3320312500000000E-03    0.1115226745605469E-02
   35    0.2148437500000000E-03    0.9228897094726563E-03
   36   -0.1777343750000000E-02    0.1192741394042969E-02
   37   -0.1171875000000000E-02    0.9252166748046875E-03
   38    0.3164062500000000E-02    0.1272811889648438E-02
   39    0.7421875000000000E-03    0.1009140014648438E-02
   40    0.4941406250000000E-02    0.8485031127929688E-03
   41    0.3847656250000000E-02    0.1035575866699219E-02
   42    0.4296875000000000E-03    0.7434082031250000E-03
   43    0.3554687500000000E-02    0.1054229736328125E-02
   44   -0.4277343750000000E-02    0.1072959899902344E-02
   45   -0.7421875000000000E-03    0.8876037597656250E-03
   46   -0.4472656250000000E-02    0.7725906372070313E-03
   47    0.4257812500000000E-02    0.9102630615234375E-03
   48    0.3476562500000000E-02    0.9069061279296875E-03
   49   -0.2773437500000000E-02    0.8648681640625000E-03
   50    0.2109375000000000E-02    0.1023788452148437E-02
   51    0.6054687500000000E-03    0.9984207153320313E-03
   52    0.8593750000000000E-03    0.9667968750000000E-03
   53    0.3730468750000000E-02    0.9354019165039063E-03
   54    0.1992187500000000E-02    0.1148529052734375E-02
   55   -0.3710937500000000E-03    0.9179306030273437E-03
   56   -0.1816406250000000E-02    0.9538650512695313E-03
   57   -0.1054687500000000E-01    0.1089401245117187E-02
   58    0.2304687500000000E-02    0.9184265136718750E-03
   59    0.6992187500000000E-02    0.8929443359375000E-03
   60    0.2890625000000000E-02    0.1116104125976562E-02
   61   -0.2402343750000000E-02    0.1209907531738281E-02
   62   -0.1328125000000000E-02    0.1321487426757813E-02
   63   -0.5488281250000000E-02    0.1136360168457031E-02
   64    0.1250000000000000E-02    0.9250640869140625E-03
   65   -0.4414062500000000E-02    0.1072387695312500E-02
   66   -0.3750000000000000E-02    0.9569549560546876E-03
   67    0.2363281250000000E-02    0.1406974792480469E-02
   68    0.3378906250000000E-02    0.1014900207519531E-02
   69   -0.1171875000000000E-02    0.1194686889648438E-02
   70    0.5742187500000000E-02    0.9051513671875000E-03
   71   -0.9179687499999999E-03    0.1104621887207031E-02
   72    0.4296875000000000E-03    0.1009140014648438E-02
   73    0.2070312500000000E-02    0.9118652343750000E-03
   74   -0.6250000000000000E-03    0.1046066284179688E-02
   75    0.9960937500000000E-03    0.1009483337402344E-02
   76   -0.2773437500000000E-02    0.9609985351562500E-03
   77    0.1171875000000000E-02    0.9526062011718750E-03
   78   -0.6191406250000000E-02    0.8359146118164062E-03
   79   -0.2343750000000000E-03    0.1152420043945313E-02
   80   -0.3828125000000000E-02    0.9842681884765624E-03
   81    0.3906250000000000E-04    0.1095809936523437E-02
   82    0.1796875000000000E-02    0.9302520751953126E-03
   83   -0.2363281250000000E-02    0.7817459106445313E-03
   84    0.5078125000000000E-03    0.1039810180664062E-02
   85    0.3750000000000000E-02    0.9857177734374999E-03
   86    0.2226562500000000E-02    0.8920288085937500E-03
   87   -0.1953125000000000E-02    0.8194732666015625E-03
   88   -0.4531250000000000E-02    0.1109619140625000E-02
   89    0.2148437500000000E-02    0.1120376586914062E-02
   90    0.5117187500000000E-02    0.1243743896484375E-02
   91    0.5371093750000000E-02    0.9776687622070313E-03
   92    0.3613281250000000E-02    0.1038475036621094E-02
   93   -0.1523437500000000E-02    0.7901763916015624E-03
   94   -0.4492187500000000E-02    0.1101837158203125E-02
   95    0.3906250000000000E-04    0.7421112060546875E-03
   96   -0.8203125000000000E-03    0.1193161010742187E-02
   97   -0.2832031250000000E-02    0.9902572631835937E-03
   98   -0.8398437500000000E-03    0.1073265075683594E-02
   99   -0.2382812500000000E-02    0.9355926513671875E-03
  100    0.3769531250000000E-02    0.8957290649414063E-03
