# time =    0.4592
    0    0.1000000000000000E+01    0.1000000000000000E+01
    1    0.2674804687500000E+00    0.7225498199462890E-01
    2    0.8246093750000000E-01    0.7679977416992187E-02
    3    0.2890625000000000E-01    0.1932373046875000E-02
    4    0.1099609375000000E-01    0.8503341674804687E-03
    5    0.1001953125000000E-01    0.8276748657226562E-03
    6    0.8574218749999999E-02    0.1119956970214844E-02
    7    0.4804687500000000E-02    0.9272003173828125E-03
    8   -0.1757812500000000E-03    0.9019851684570312E-03
    9    0.1992187500000000E-02    0.9740447998046875E-03
   10   -0.1542968750000000E-02    0.9283065795898437E-03
   11   -0.2734375000000000E-03    0.8218383789062500E-03
   12    0.3125000000000000E-02    0.9236907958984374E-03
   13    0.7031250000000000E-03    0.8614349365234375E-03
   14    0.5273437500000000E-03    0.7181930541992188E-03
   15    0.2207031250000000E-02    0.1062202453613281E-02
   16    0.5859375000000000E-03    0.1244430541992188E-02
   17    0.5859375000000000E-03    0.1167297363281250E-02
   18    0.5859375000000000E-04    0.8914566040039062E-03
   19    0.3125000000000000E-02    0.9207916259765625E-03
   20   -0.1679687500000000E-02    0.9313964843750000E-03
   21   -0.2480468750000000E-02    0.9786605834960938E-03
   22   -0.4472656250000000E-02    0.8919906616210938E-03
   23   -0.1464843750000000E-02    0.9585189819335938E-03
   24   -0.7226562500000000E-03    0.7783126831054688E-03
   25   -0.1269531250000000E-02    0.1034584045410156E-02
   26    0.1445312500000000E-02    0.1062545776367188E-02
   27    0.4277343750000000E-02    0.1262321472167969E-02
   28    0.1171875000000000E-02    0.9928894042968749E-03
   29    0.6054687500000000E-03    0.1039543151855469E-02
   30   -0.2226562500000000E-02    0.9494018554687500E-03
   31   -0.2792968750000000E-02    0.9633255004882813E-03
   32   -0.3691406250000000E-02    0.8808517456054687E-03
   33   -0.4121093750000000E-02    0.8642959594726562E-03
   34   -0.9765625000000000E-03    0.1155624389648437E-02
   35    0.1035156250000000E-02    0.8205032348632813E-03
   36    0.1113281250000000E-02    0.9412002563476562E-03
   37    0.2929687500000000E-02    0.1100921630859375E-02
   38   -0.2832031250000000E-02    0.8564376831054687E-03
   39   -0.4804687500000000E-02    0.1114044189453125E-02
   40    0.3808593750000000E-02    0.1001396179199219E-02
   41    0.2441406250000000E-02    0.9789657592773437E-03
   42    0.2187500000000000E-02    0.7369995117187500E-03
   43    0.2304687500000000E-02    0.1085281372070312E-02
   44   -0.3984375000000000E-02    0.1272888183593750E-02
   45    0.7031250000000000E-03    0.9627532958984375E-03
   46    0.5136718750000000E-02    0.1163444519042969E-02
   47    0.1757812500000000E-03    0.1041526794433594E-02
   48    0.1035156250000000E-02    0.8279800415039063E-03
   49    0.1933593750000000E-02    0.1075477600097656E-02
   50   -0.2109375000000000E-02    0.1000823974609375E-02
   51    0.6445312500000000E-03    0.1198539733886719E-02
   52   -0.3652343750000000E-02    0.1022377014160156E-02
   53   -0.5273437500000000E-02    0.8158874511718750E-03
   54   -0.4824218750000000E-02    0.1020774841308594E-02
   55    0.4492187500000000E-02    0.9512329101562501E-03
   56    0.6054687500000000E-03    0.8839035034179688E-03
   57   -0.2226562500000000E-02    0.1049041748046875E-02
   58   -0.2011718750000000E-02    0.1261253356933594E-02
   59    0.7421875000000000E-03    0.9513854980468750E-03
   60    0.2363281250000000E-02    0.1015129089355469E-02
   61   -0.3027343750000000E-02    0.1046485900878906E-02
   62    0.2382812500000000E-02    0.1039276123046875E-02
   63    0.3964843750000000E-02    0.1017265319824219E-02
   64    0.1191406250000000E-02    0.8353042602539062E-03
   65    0.5078125000000000E-02    0.7748413085937500E-03
   66    0.2597656250000000E-02    0.9257125854492187E-03
   67    0.5078125000000000E-03    0.8974456787109375E-03
   68    0.7421875000000000E-02    0.1089172363281250E-02
   69    0.0000000000000000E+00    0.1086349487304687E-02
   70   -0.1406250000000000E-02    0.1051483154296875E-02
   71   -0.5957031250000000E-02    0.1056556701660156E-02
   72    0.2265625000000000E-02    0.8925628662109375E-03
   73   -0.1074218750000000E-02    0.9117507934570312E-03
   74    0.6445312500000000E-03    0.8106613159179687E-03
   75    0.2421875000000000E-02    0.9868621826171875E-03
   76   -0.3789062500000000E-02    0.8761596679687500E-03
   77   -0.3730468750000000E-02    0.1190910339355469E-02
   78    0.4101562500000000E-03    0.9872055053710938E-03
   79    0.9375000000000000E-03    0.8568572998046875E-03
   80    0.2871093750000000E-02    0.9046554565429688E-03
   81    0.2050781250000000E-02    0.1007041931152344E-02
   82   -0.3515625000000000E-02    0.7734680175781250E-03
   83   -0.2343750000000000E-02    0.9787750244140624E-03
   84   -0.2480468750000000E-02    0.1019554138183594E-02
   85   -0.7031250000000000E-03    0.1051483154296875E-02
   86    0.0000000000000000E+00    0.8914947509765625E-03
   87   -0.5292968750000000E-02    0.1039848327636719E-02
   88   -0.7421875000000000E-03    0.1061706542968750E-02
   89    0.2519531250000000E-02    0.9792709350585937E-03
   90    0.2500000000000000E-02    0.9480285644531250E-03
   91    0.5546875000000000E-02    0.7971954345703125E-03
   92   -0.5468750000000001E-03    0.1024398803710938E-02
   93   -0.1425781250000000E-02    0.8913803100585937E-03
   94   -0.2441406250000000E-02    0.1033363342285156E-02
   95   -0.1210937500000000E-02    0.1040878295898438E-02
   96   -0.1757812500000000E-03    0.1053047180175781E-02
   97    0.1562500000000000E-03    0.1329116821289063E-02
   98    0.1777343750000000E-02    0.9107589721679688E-03
   99    0.3378906250000000E-02    0.1334495544433594E-02
  100    0.1562500000000000E-03    0.8235931396484375E-03
