# time =    0.4756
    0    0.1000000000000000E+01    0.1000000000000000E+01
    1    0.1991601562500000E+00    0.4042247772216797E-01
    2    0.4585937500000000E-01    0.3048629760742187E-02
    3    0.1552734375000000E-01    0.1329154968261719E-02
    4    0.4316406250000000E-02    0.1122627258300781E-02
    5    0.4355468750000000E-02    0.1097145080566406E-02
    6    0.4394531250000000E-02    0.1181907653808594E-02
    7   -0.4101562500000000E-03    0.1009254455566406E-02
    8    0.2382812500000000E-02    0.7559967041015625E-03
    9    0.2910156250000000E-02    0.9272384643554687E-03
   10   -0.1582031250000000E-02    0.9547042846679688E-03
   11   -0.1679687500000000E-02    0.8714294433593750E-03
   12   -0.6250000000000000E-03    0.9622192382812500E-03
   13   -0.1093750000000000E-02    0.1230316162109375E-02
   14    0.3964843750000000E-02    0.1022834777832031E-02
   15   -0.1250000000000000E-02    0.7189178466796875E-03
   16    0.8203125000000000E-03    0.1024169921875000E-02
   17   -0.3906250000000000E-04    0.8223724365234375E-03
   18   -0.1894531250000000E-02    0.8648300170898438E-03
   19   -0.7226562500000000E-03    0.1027183532714844E-02
   20   -0.6835937500000000E-03    0.8606338500976563E-03
   21   -0.5097656250000000E-02    0.1065025329589844E-02
   22   -0.5898437500000000E-02    0.1023330688476562E-02
   23   -0.6484375000000000E-02    0.1100997924804688E-02
   24   -0.5078125000000000E-02    0.9205627441406250E-03
   25   -0.1191406250000000E-02    0.1120033264160156E-02
   26    0.3027343750000000E-02    0.7532882690429687E-03
   27   -0.1953125000000000E-03    0.1092681884765625E-02
   28   -0.4121093750000000E-02    0.9532546997070312E-03
   29   -0.1660156250000000E-02    0.9263992309570312E-03
   30   -0.4140625000000000E-02    0.8820343017578125E-03
   31   -0.1347656250000000E-02    0.9001541137695312E-03
   32   -0.1523437500000000E-02    0.1207962036132813E-02
   33    0.1855468750000000E-02    0.1132926940917969E-02
   34   -0.5429687500000000E-02    0.9442901611328125E-03
   35   -0.4062500000000000E-02    0.9717559814453125E-03
   36   -0.1718750000000000E-02    0.8428192138671875E-03
   37    0.1757812500000000E-03    0.1094017028808594E-02
   38    0.3281250000000000E-02    0.9893035888671874E-03
   39   -0.8398437500000000E-03    0.9656143188476562E-03
   40    0.2636718750000000E-02    0.1041145324707031E-02
   41    0.4765625000000000E-02    0.9097290039062500E-03
   42    0.2128906250000000E-02    0.9653091430664063E-03
   43    0.6054687500000000E-03    0.8799362182617187E-03
   44    0.6191406250000000E-02    0.1152534484863281E-02
   45    0.2753906250000000E-02    0.8115768432617188E-03
   46    0.2734375000000000E-02    0.9480285644531250E-03
   47   -0.8945312500000000E-02    0.9439086914062500E-03
   48   -0.2949218750000000E-02    0.7757949829101563E-03
   49    0.3671875000000000E-02    0.1016998291015625E-02
   50    0.9375000000000000E-03    0.8908081054687500E-03
   51    0.1035156250000000E-02    0.9917068481445314E-03
   52    0.3144531250000000E-02    0.1224327087402344E-02
   53   -0.7226562500000000E-03    0.1176109313964844E-02
   54   -0.2089843750000000E-02    0.1003532409667969E-02
   55   -0.4101562500000000E-03    0.1007881164550781E-02
   56    0.2382812500000000E-02    0.8010864257812500E-03
   57    0.6367187500000000E-02    0.9643554687500000E-03
   58   -0.5859375000000000E-03    0.6874084472656250E-03
   59   -0.1992187500000000E-02    0.9119415283203125E-03
   60   -0.2050781250000000E-02    0.1038169860839844E-02
   61   -0.5859375000000000E-02    0.1118392944335938E-02
   62    0.2070312500000000E-02    0.1160583496093750E-02
   63   -0.3046875000000000E-02    0.9249877929687500E-03
   64   -0.3984375000000000E-02    0.1105957031250000E-02
   65    0.3671875000000000E-02    0.1140899658203125E-02
   66    0.2558593750000000E-02    0.1069374084472656E-02
   67   -0.3398437500000000E-02    0.1041870117187500E-02
   68    0.6679687500000000E-02    0.1136627197265625E-02
   69    0.1230468750000000E-02    0.9440231323242187E-03
   70   -0.7812500000000000E-03    0.1056594848632813E-02
   71    0.1562500000000000E-03    0.7977294921875000E-03
   72    0.4121093750000000E-02    0.1279563903808594E-02
   73    0.4882812500000000E-03    0.7861709594726563E-03
   74    0.2421875000000000E-02    0.1280517578125000E-02
   75    0.9570312500000000E-03    0.1061897277832031E-02
   76    0.3457031250000000E-02    0.1162071228027344E-02
   77    0.2949218750000000E-02    0.9602737426757812E-03
   78   -0.4648437500000000E-02    0.7511901855468750E-03
   79   -0.1386718750000000E-02    0.6438064575195313E-03
   80    0.5468750000000001E-03    0.9829711914062500E-03
   81   -0.6054687500000000E-03    0.8845901489257812E-03
   82    0.3105468750000000E-02    0.8536911010742187E-03
   83    0.6054687500000000E-03    0.1006202697753906E-02
   84    0.7050781250000000E-02    0.1342582702636719E-02
   85    0.7265625000000000E-02    0.1209640502929688E-02
   86   -0.6835937500000000E-03    0.8443069458007813E-03
   87   -0.4863281250000000E-02    0.1404762268066406E-02
   88   -0.3964843750000000E-02    0.1010169982910156E-02
   89   -0.5292968750000000E-02    0.9311294555664063E-03
   90    0.1796875000000000E-02    0.1022949218750000E-02
   91    0.8203125000000000E-03    0.9544372558593750E-03
   92   -0.2148437500000000E-03    0.8208847045898437E-03
   93    0.6230468750000000E-02    0.1051902770996094E-02
   94    0.1250000000000000E-02    0.1011810302734375E-02
   95   -0.4804687500000000E-02    0.8421325683593750E-03
   96    0.5078125000000000E-03    0.9970855712890625E-03
   97    0.1035156250000000E-02    0.8874893188476563E-03
   98    0.2539062500000000E-02    0.1199951171875000E-02
   99    0.1386718750000000E-02    0.1020164489746094E-02
  100    0.2968750000000000E-02    0.1030731201171875E-02
