# time =    0.4346
    0    0.1000000000000000E+01    0.1000000000000000E+01
    1    0.3379296875000000E+00    0.1149469757080078E+00
    2    0.1743945312500000E+00    0.3156063079833984E-01
    3    0.1128125000000000E+00    0.1379913330078125E-01
    4    0.8427734375000000E-01    0.7906913757324219E-02
    5    0.6324218750000000E-01    0.4690780639648438E-02
    6    0.4921875000000000E-01    0.3460540771484375E-02
    7    0.5001953125000000E-01    0.3296394348144531E-02
    8    0.4404296875000000E-01    0.2472496032714844E-02
    9    0.4128906250000000E-01    0.2405853271484375E-02
   10    0.4195312500000000E-01    0.2467422485351563E-02
   11    0.3273437500000000E-01    0.1938247680664063E-02
   12    0.2984375000000000E-01    0.1650161743164062E-02
   13    0.3261718750000000E-01    0.1662368774414062E-02
   14    0.3064453125000000E-01    0.1688346862792969E-02
   15    0.2650390625000000E-01    0.1540870666503906E-02
   16    0.2273437500000000E-01    0.1336593627929687E-02
   17    0.2359375000000000E-01    0.1278991699218750E-02
   18    0.2242187500000000E-01    0.1233062744140625E-02
   19    0.1816406250000000E-01    0.1138229370117187E-02
   20    0.2128906250000000E-01    0.1112976074218750E-02
   21    0.1533203125000000E-01    0.8250045776367188E-03
   22    0.1845703125000000E-01    0.1100807189941406E-02
   23    0.2126953125000000E-01    0.1199913024902344E-02
   24    0.1703125000000000E-01    0.1114273071289063E-02
   25    0.1927734375000000E-01    0.1183509826660156E-02
   26    0.1525390625000000E-01    0.1124076843261719E-02
   27    0.1832031250000000E-01    0.1192398071289062E-02
   28    0.1792968750000000E-01    0.1068801879882813E-02
   29    0.1685546875000000E-01    0.1009712219238281E-02
   30    0.1744140625000000E-01    0.1152915954589844E-02
   31    0.1746093750000000E-01    0.1206817626953125E-02
   32    0.1517578125000000E-01    0.9557723999023438E-03
   33    0.1414062500000000E-01    0.9487915039062500E-03
   34    0.1326171875000000E-01    0.9846878051757812E-03
   35    0.1205078125000000E-01    0.8879470825195313E-03
   36    0.1429687500000000E-01    0.1142196655273438E-02
   37    0.1281250000000000E-01    0.9799194335937500E-03
   38    0.1351562500000000E-01    0.1062622070312500E-02
   39    0.1316406250000000E-01    0.7677459716796875E-03
   40    0.7421875000000000E-02    0.1012573242187500E-02
   41    0.9394531249999999E-02    0.7121658325195312E-03
   42    0.1041015625000000E-01    0.7426834106445312E-03
   43    0.1142578125000000E-01    0.8424758911132812E-03
   44    0.6582031250000000E-02    0.8665847778320312E-03
   45    0.5976562500000000E-02    0.9648895263671875E-03
   46    0.9296875000000000E-02    0.9817504882812501E-03
   47    0.1142578125000000E-01    0.1130485534667969E-02
   48    0.1226562500000000E-01    0.1075744628906250E-02
   49    0.8261718750000001E-02    0.1022529602050781E-02
   50    0.7929687499999999E-02    0.8711242675781251E-03
   51    0.1117187500000000E-01    0.1050109863281250E-02
   52    0.1023437500000000E-01    0.1017379760742187E-02
   53    0.1191406250000000E-01    0.8660888671875000E-03
   54    0.1130859375000000E-01    0.8340072631835937E-03
   55    0.7753906250000000E-02    0.7251358032226563E-03
   56    0.8984374999999999E-02    0.9673309326171875E-03
   57    0.9667968750000000E-02    0.8888626098632812E-03
   58    0.1121093750000000E-01    0.8779907226562500E-03
   59    0.8203125000000000E-02    0.8652496337890625E-03
   60    0.7519531250000000E-02    0.8124160766601562E-03
   61    0.9140624999999999E-02    0.8125305175781250E-03
   62    0.1031250000000000E-01    0.7575988769531250E-03
   63    0.1070312500000000E-01    0.8917236328125000E-03
   64    0.1376953125000000E-01    0.1108589172363281E-02
   65    0.8027343750000001E-02    0.7934951782226562E-03
   66    0.8535156250000000E-02    0.9446334838867187E-03
   67    0.1035156250000000E-01    0.1020965576171875E-02
   68    0.8789062500000000E-02    0.9414672851562500E-03
   69    0.1095703125000000E-01    0.1160392761230469E-02
   70    0.9628906249999999E-02    0.1236000061035156E-02
   71    0.5625000000000000E-02    0.9340667724609376E-03
   72    0.9199218750000000E-02    0.9473037719726563E-03
   73    0.1019531250000000E-01    0.1036453247070312E-02
   74    0.8339843749999999E-02    0.1129722595214844E-02
   75    0.6347656250000000E-02    0.1010017395019531E-02
   76    0.7285156250000000E-02    0.1185569763183594E-02
   77    0.8574218749999999E-02    0.1297798156738281E-02
   78    0.6738281250000000E-02    0.1140785217285156E-02
   79    0.4375000000000000E-02    0.8898925781250000E-03
   80    0.2636718750000000E-02    0.9263229370117188E-03
   81    0.5605468750000000E-02    0.1185798645019531E-02
   82    0.7519531250000000E-02    0.1261711120605469E-02
   83    0.5019531250000000E-02    0.1145820617675781E-02
   84    0.3632812500000000E-02    0.1029739379882812E-02
   85    0.5878906250000000E-02    0.1019325256347656E-02
   86    0.2988281250000000E-02    0.9841537475585938E-03
   87    0.6542968750000000E-02    0.9204483032226562E-03
   88    0.3300781250000000E-02    0.8693313598632812E-03
   89    0.5273437500000000E-02    0.8646392822265625E-03
   90    0.6230468750000000E-02    0.1014442443847656E-02
   91    0.8203125000000000E-02    0.9526062011718750E-03
   92    0.5039062500000000E-02    0.7684326171875000E-03
   93    0.4863281250000000E-02    0.6734848022460938E-03
   94    0.8320312500000000E-02    0.8431243896484375E-03
   95    0.6093750000000000E-02    0.8554077148437500E-03
   96    0.8808593750000000E-02    0.1084098815917969E-02
   97    0.6855468750000000E-02    0.1202888488769531E-02
   98    0.3144531250000000E-02    0.9461593627929688E-03
   99    0.5175781250000000E-02    0.1042594909667969E-02
  100    0.1992187500000000E-02    0.9887695312500000E-03
