# time =    0.4609
    0    0.1000000000000000E+01    0.1000000000000000E+01
    1    0.2571679687500000E+00    0.6698734283447266E-01
    2    0.7048828125000001E-01    0.6040763854980469E-02
    3    0.2292968750000000E-01    0.1517333984375000E-02
    4    0.7558593750000000E-02    0.9347152709960938E-03
    5    0.4277343750000000E-02    0.9381484985351563E-03
    6    0.4179687500000000E-02    0.7969665527343750E-03
    7    0.2519531250000000E-02    0.1108512878417969E-02
    8    0.1894531250000000E-02    0.8134078979492187E-03
    9    0.7031250000000000E-03    0.1097946166992187E-02
   10   -0.2343750000000000E-03    0.8840179443359375E-03
   11    0.2343750000000000E-03    0.7656097412109375E-03
   12    0.4101562500000000E-03    0.1066551208496094E-02
   13    0.7812500000000000E-04    0.9436035156250001E-03
   14    0.3886718750000000E-02    0.9547042846679688E-03
   15    0.5820312500000000E-02    0.1051864624023438E-02
   16    0.2167968750000000E-02    0.7342910766601563E-03
   17   -0.4062500000000000E-02    0.7147979736328125E-03
   18   -0.5078125000000000E-02    0.9582519531250000E-03
   19   -0.1503906250000000E-02    0.8732223510742187E-03
   20    0.7617187500000000E-03    0.1389503479003906E-02
   21   -0.1621093750000000E-02    0.7809066772460938E-03
   22    0.3359375000000000E-02    0.7166290283203126E-03
   23   -0.7226562500000000E-03    0.9247207641601562E-03
   24   -0.3710937500000000E-03    0.1358604431152344E-02
   25    0.2929687500000000E-02    0.8017730712890625E-03
   26    0.1289062500000000E-02    0.9304809570312500E-03
   27   -0.6445312500000000E-02    0.9187316894531250E-03
   28    0.3378906250000000E-02    0.1186180114746094E-02
   29    0.8593750000000000E-03    0.1003494262695313E-02
   30    0.3574218750000000E-02    0.1006584167480469E-02
   31    0.1328125000000000E-02    0.9909820556640624E-03
   32    0.2910156250000000E-02    0.1311912536621094E-02
   33    0.1562500000000000E-03    0.1222229003906250E-02
   34   -0.6835937500000000E-03    0.1087608337402344E-02
   35   -0.4667968750000000E-02    0.1027717590332031E-02
   36    0.3085937500000000E-02    0.8935546875000000E-03
   37   -0.2714843750000000E-02    0.8783340454101562E-03
   38    0.4531250000000000E-02    0.9754180908203125E-03
   39    0.5273437500000000E-02    0.8450317382812500E-03
   40    0.4199218750000000E-02    0.8266067504882812E-03
   41   -0.5859375000000000E-03    0.7532501220703125E-03
   42    0.3222656250000000E-02    0.1378517150878906E-02
   43   -0.1582031250000000E-02    0.1059379577636719E-02
   44    0.3398437500000000E-02    0.8103179931640625E-03
   45    0.8984375000000000E-03    0.8667755126953125E-03
   46    0.3105468750000000E-02    0.8271408081054688E-03
   47   -0.5468750000000000E-02    0.1235885620117188E-02
   48   -0.3535156250000000E-02    0.7866287231445313E-03
   49    0.6445312500000000E-03    0.1194648742675781E-02
   50   -0.2480468750000000E-02    0.1002922058105469E-02
   51   -0.1386718750000000E-02    0.9566879272460937E-03
   52    0.5449218750000000E-02    0.8569717407226563E-03
   53   -0.3554687500000000E-02    0.8992004394531250E-03
   54    0.1269531250000000E-02    0.1053657531738281E-02
   55    0.3359375000000000E-02    0.9113311767578125E-03
   56   -0.3457031250000000E-02    0.1062049865722656E-02
   57    0.7578125000000000E-02    0.1139755249023437E-02
   58   -0.1738281250000000E-02    0.1250114440917969E-02
   59   -0.2011718750000000E-02    0.9810256958007813E-03
   60   -0.7617187500000000E-03    0.1121788024902344E-02
   61   -0.6835937500000000E-03    0.8057785034179687E-03
   62    0.5468750000000001E-03    0.1123352050781250E-02
   63    0.1875000000000000E-02    0.1188583374023437E-02
   64   -0.2675781250000000E-02    0.8400344848632813E-03
   65   -0.5000000000000000E-02    0.1068878173828125E-02
   66   -0.9765625000000000E-03    0.9035491943359376E-03
   67   -0.3691406250000000E-02    0.9505081176757812E-03
   68   -0.4257812500000000E-02    0.1065673828125000E-02
   69   -0.5859375000000000E-03    0.9308624267578125E-03
   70    0.2851562500000000E-02    0.1097869873046875E-02
   71   -0.1230468750000000E-02    0.1010246276855469E-02
   72    0.5273437500000000E-03    0.1023750305175781E-02
   73   -0.1152343750000000E-02    0.1147499084472656E-02
   74   -0.3906250000000000E-04    0.9322357177734375E-03
   75    0.2519531250000000E-02    0.9685134887695312E-03
   76    0.1816406250000000E-02    0.8897018432617187E-03
   77    0.5820312500000000E-02    0.9040069580078125E-03
   78   -0.1347656250000000E-02    0.8347702026367188E-03
   79   -0.4296875000000000E-02    0.9824371337890626E-03
   80   -0.2832031250000000E-02    0.8665847778320312E-03
   81    0.1152343750000000E-02    0.8120346069335938E-03
   82    0.4433593750000000E-02    0.1030082702636719E-02
   83    0.3808593750000000E-02    0.7969284057617187E-03
   84    0.4960937500000000E-02    0.5992126464843750E-03
   85    0.7929687499999999E-02    0.8536529541015625E-03
   86    0.4003906250000000E-02    0.9173965454101563E-03
   87    0.3574218750000000E-02    0.8417129516601563E-03
   88    0.7617187500000000E-03    0.9875106811523438E-03
   89    0.3066406250000000E-02    0.1159019470214844E-02
   90   -0.1757812500000000E-02    0.8725738525390625E-03
   91    0.3769531250000000E-02    0.1096916198730469E-02
   92    0.2714843750000000E-02    0.9682083129882813E-03
   93    0.1171875000000000E-03    0.9667205810546875E-03
   94   -0.2695312500000000E-02    0.8345031738281250E-03
   95   -0.1132812500000000E-02    0.8649444580078125E-03
   96    0.1699218750000000E-02    0.1031990051269531E-02
   97    0.1250000000000000E-02    0.7815551757812500E-03
   98   -0.9765625000000001E-04    0.9708786010742187E-03
   99    0.1445312500000000E-02    0.1075439453125000E-02
  100    0.5722656250000000E-02    0.1048393249511719E-02
