# time =    0.4724
    0    0.1000000000000000E+01    0.1000000000000000E+01
    1    0.1986718750000000E+00    0.4023139953613281E-01
    2    0.4679687500000000E-01    0.3250122070312500E-02
    3    0.1037109375000000E-01    0.8790206909179688E-03
    4   -0.3515625000000000E-02    0.1116409301757813E-02
    5    0.3281250000000000E-02    0.1394500732421875E-02
    6   -0.1738281250000000E-02    0.6658554077148438E-03
    7    0.2402343750000000E-02    0.8466720581054687E-03
    8   -0.3066406250000000E-02    0.1172599792480469E-02
    9   -0.6542968750000000E-02    0.8916854858398438E-03
   10    0.1367187500000000E-02    0.9429931640625000E-03
   11   -0.3554687500000000E-02    0.9001922607421875E-03
   12    0.7421875000000000E-03    0.1093902587890625E-02
   13    0.8007812500000000E-03    0.8148574829101563E-03
   14   -0.3027343750000000E-02    0.1031379699707031E-02
   15   -0.4960937500000000E-02    0.1040573120117187E-02
   16   -0.7812500000000000E-04    0.1062164306640625E-02
   17    0.4296875000000000E-03    0.1067504882812500E-02
   18   -0.9960937500000000E-03    0.9199142456054688E-03
   19    0.2070312500000000E-02    0.1468505859375000E-02
   20    0.3593750000000000E-02    0.1151275634765625E-02
   21    0.2343750000000000E-03    0.9584045410156250E-03
   22   -0.1972656250000000E-02    0.6739425659179687E-03
   23   -0.4101562500000000E-02    0.9083557128906250E-03
   24   -0.2812500000000000E-02    0.1039428710937500E-02
   25    0.3867187500000000E-02    0.1149978637695312E-02
   26   -0.3632812500000000E-02    0.1169738769531250E-02
   27   -0.2910156250000000E-02    0.8806228637695312E-03
   28    0.2636718750000000E-02    0.9725570678710937E-03
   29    0.1738281250000000E-02    0.7864761352539062E-03
   30    0.3320312500000000E-03    0.1131477355957031E-02
   31   -0.4023437500000000E-02    0.7836151123046875E-03
   32   -0.6894531250000000E-02    0.9144210815429688E-03
   33    0.2539062500000000E-03    0.9183883666992188E-03
   34   -0.7636718750000000E-02    0.8323287963867187E-03
   35    0.3320312500000000E-03    0.8211898803710938E-03
   36   -0.3886718750000000E-02    0.7878494262695313E-03
   37   -0.1738281250000000E-02    0.7429122924804688E-03
   38   -0.4042968750000000E-02    0.8313369750976563E-03
   39   -0.3125000000000000E-03    0.9474182128906251E-03
   40   -0.4296875000000000E-02    0.1184997558593750E-02
   41    0.3769531250000000E-02    0.9914016723632812E-03
   42   -0.1132812500000000E-02    0.9954071044921875E-03
   43    0.2031250000000000E-02    0.1077270507812500E-02
   44    0.1171875000000000E-03    0.1140975952148438E-02
   45    0.1132812500000000E-02    0.1018753051757813E-02
   46    0.2851562500000000E-02    0.9213256835937500E-03
   47    0.5976562500000000E-02    0.1151199340820312E-02
   48   -0.1523437500000000E-02    0.7734680175781250E-03
   49    0.2031250000000000E-02    0.1089172363281250E-02
   50    0.3535156250000000E-02    0.9258651733398438E-03
   51    0.5917968750000000E-02    0.8177566528320313E-03
   52    0.1406250000000000E-02    0.9462738037109375E-03
   53   -0.8984375000000000E-03    0.1097412109375000E-02
   54   -0.1718750000000000E-02    0.7683563232421875E-03
   55   -0.8398437500000000E-03    0.9728622436523438E-03
   56   -0.2578125000000000E-02    0.8134460449218750E-03
   57   -0.8066406250000000E-02    0.7627487182617187E-03
   58   -0.2929687500000000E-03    0.8247756958007813E-03
   59    0.1132812500000000E-02    0.9726715087890625E-03
   60    0.6640625000000000E-03    0.1014404296875000E-02
   61    0.5703125000000000E-02    0.1030807495117188E-02
   62    0.2792968750000000E-02    0.9104537963867187E-03
   63   -0.2773437500000000E-02    0.1040954589843750E-02
   64   -0.4355468750000000E-02    0.1012916564941406E-02
   65   -0.2363281250000000E-02    0.1023063659667969E-02
   66    0.1523437500000000E-02    0.1152954101562500E-02
   67    0.2011718750000000E-02    0.8951187133789063E-03
   68    0.3125000000000000E-03    0.1061401367187500E-02
   69    0.1289062500000000E-02    0.1156616210937500E-02
   70    0.6855468750000000E-02    0.9333419799804687E-03
   71    0.2109375000000000E-02    0.1262969970703125E-02
   72    0.1523437500000000E-02    0.1038513183593750E-02
   73   -0.2792968750000000E-02    0.1032676696777344E-02
   74    0.1347656250000000E-02    0.8956527709960937E-03
   75    0.1562500000000000E-03    0.1103210449218750E-02
   76    0.3125000000000000E-03    0.1045227050781250E-02
   77   -0.1015625000000000E-02    0.1106491088867188E-02
   78    0.4082031250000000E-02    0.8190536499023438E-03
   79   -0.1035156250000000E-02    0.8775711059570313E-03
   80    0.6445312500000000E-03    0.1151008605957031E-02
   81   -0.1835937500000000E-02    0.6169128417968750E-03
   82   -0.5273437500000000E-03    0.1113929748535156E-02
   83   -0.4140625000000000E-02    0.9532165527343750E-03
   84   -0.5058593750000000E-02    0.1156806945800781E-02
   85    0.1171875000000000E-03    0.9574890136718750E-03
   86    0.2500000000000000E-02    0.9274291992187500E-03
   87    0.4687500000000000E-03    0.8216094970703125E-03
   88   -0.1425781250000000E-02    0.1018104553222656E-02
   89    0.2675781250000000E-02    0.9341812133789062E-03
   90    0.1425781250000000E-02    0.7830429077148438E-03
   91   -0.1171875000000000E-03    0.1081237792968750E-02
   92    0.1953125000000000E-02    0.8375549316406250E-03
   93   -0.2812500000000000E-02    0.8170318603515625E-03
   94   -0.3339843750000000E-02    0.8191299438476562E-03
   95   -0.2285156250000000E-02    0.8656692504882813E-03
   96    0.2519531250000000E-02    0.9272384643554687E-03
   97    0.7285156250000000E-02    0.1036186218261719E-02
   98    0.1933593750000000E-02    0.1190376281738281E-02
   99    0.4042968750000000E-02    0.8749008178710937E-03
  100    0.2675781250000000E-02    0.8490371704101562E-03
