# time =    0.4611
    0    0.1000000000000000E+01    0.1000000000000000E+01
    1    0.1945312500000000E+00    0.3869125366210938E-01
    2    0.4437500000000000E-01    0.3031082153320313E-02
    3    0.5605468750000000E-02    0.9473037719726563E-03
    4    0.2695312500000000E-02    0.1352767944335938E-02
    5   -0.1757812500000000E-03    0.9082412719726563E-03
    6    0.1171875000000000E-02    0.1053695678710938E-02
    7    0.9375000000000000E-03    0.7936096191406250E-03
    8   -0.3261718750000000E-02    0.8874130249023437E-03
    9   -0.1601562500000000E-02    0.9895324707031249E-03
   10    0.8398437500000000E-03    0.1018867492675781E-02
   11    0.1111328125000000E-01    0.1237449645996094E-02
   12    0.5371093750000000E-02    0.1047325134277344E-02
   13    0.3789062500000000E-02    0.9806060791015625E-03
   14    0.4433593750000000E-02    0.9572982788085937E-03
   15   -0.2109375000000000E-02    0.8171081542968750E-03
   16    0.4023437500000000E-02    0.1070251464843750E-02
   17   -0.5019531250000000E-02    0.8015823364257812E-03
   18   -0.2714843750000000E-02    0.1010627746582031E-02
   19   -0.2832031250000000E-02    0.1258659362792969E-02
   20   -0.3007812500000000E-02    0.1228561401367188E-02
   21   -0.5273437500000000E-03    0.9089279174804688E-03
   22    0.2207031250000000E-02    0.8517074584960938E-03
   23    0.6484375000000000E-02    0.7850646972656250E-03
   24    0.1250000000000000E-02    0.9169006347656251E-03
   25   -0.3710937500000000E-03    0.9284591674804687E-03
   26    0.2636718750000000E-02    0.8419418334960938E-03
   27    0.4121093750000000E-02    0.8518600463867188E-03
   28    0.1699218750000000E-02    0.8548355102539063E-03
   29    0.2324218750000000E-02    0.7603836059570313E-03
   30    0.7226562500000000E-03    0.9125137329101563E-03
   31   -0.4433593750000000E-02    0.1238975524902344E-02
   32    0.2089843750000000E-02    0.1013984680175781E-02
   33   -0.4960937500000000E-02    0.1388626098632812E-02
   34    0.0000000000000000E+00    0.1146240234375000E-02
   35   -0.1914062500000000E-02    0.8943939208984375E-03
   36   -0.1796875000000000E-02    0.9680175781250000E-03
   37    0.4296875000000000E-03    0.9980010986328125E-03
   38   -0.1347656250000000E-02    0.1001548767089844E-02
   39   -0.2910156250000000E-02    0.9857559204101563E-03
   40   -0.5390625000000000E-02    0.9407806396484375E-03
   41    0.6132812500000000E-02    0.9004974365234375E-03
   42   -0.1660156250000000E-02    0.1301460266113281E-02
   43    0.5468750000000001E-03    0.8100128173828125E-03
   44   -0.1464843750000000E-02    0.8618545532226563E-03
   45   -0.3417968750000000E-02    0.9206771850585937E-03
   46    0.4589843750000000E-02    0.7789230346679687E-03
   47    0.8203125000000000E-02    0.9713745117187499E-03
   48   -0.2128906250000000E-02    0.9529495239257813E-03
   49    0.1523437500000000E-02    0.1043930053710938E-02
   50    0.3457031250000000E-02    0.1023216247558594E-02
   51   -0.5761718750000000E-02    0.1115837097167969E-02
   52   -0.4179687500000000E-02    0.9958648681640625E-03
   53   -0.8398437500000000E-03    0.6947708129882812E-03
   54   -0.1250000000000000E-02    0.6840515136718750E-03
   55   -0.3554687500000000E-02    0.1139984130859375E-02
   56   -0.4492187500000000E-03    0.1210441589355469E-02
   57    0.2500000000000000E-02    0.1137924194335938E-02
   58   -0.6445312500000000E-03    0.8469772338867188E-03
   59    0.3242187500000000E-02    0.9754943847656250E-03
   60    0.4296875000000000E-02    0.9397125244140625E-03
   61    0.1523437500000000E-02    0.8142089843750000E-03
   62    0.4746093750000000E-02    0.1203041076660156E-02
   63    0.1347656250000000E-02    0.1010704040527344E-02
   64    0.2382812500000000E-02    0.1069107055664062E-02
   65    0.4316406250000000E-02    0.1047782897949219E-02
   66   -0.3261718750000000E-02    0.9578323364257813E-03
   67   -0.7617187500000000E-03    0.8386611938476562E-03
   68   -0.9179687499999999E-03    0.7471847534179688E-03
   69    0.6445312500000000E-03    0.1040763854980469E-02
   70   -0.1699218750000000E-02    0.1072959899902344E-02
   71    0.7812500000000000E-04    0.9768676757812499E-03
   72    0.3906250000000000E-04    0.8950042724609375E-03
   73   -0.5214843750000000E-02    0.9624862670898438E-03
   74   -0.4375000000000000E-02    0.1346664428710937E-02
   75    0.1914062500000000E-02    0.1152114868164062E-02
   76    0.1835937500000000E-02    0.9529113769531250E-03
   77    0.1621093750000000E-02    0.9134292602539062E-03
   78    0.6835937500000000E-02    0.1125793457031250E-02
   79    0.4609375000000000E-02    0.8866882324218750E-03
   80    0.1582031250000000E-02    0.1185798645019531E-02
   81    0.1875000000000000E-02    0.7852172851562500E-03
   82   -0.5078125000000000E-03    0.1028060913085938E-02
   83   -0.4023437500000000E-02    0.1019363403320313E-02
   84    0.4003906250000000E-02    0.8508682250976563E-03
   85   -0.5937500000000000E-02    0.7463836669921875E-03
   86   -0.2109375000000000E-02    0.9883117675781249E-03
   87   -0.1953125000000000E-03    0.9562683105468750E-03
   88   -0.3359375000000000E-02    0.8850097656250000E-03
   89    0.3496093750000000E-02    0.8443832397460937E-03
   90    0.1855468750000000E-02    0.9380722045898437E-03
   91   -0.3906250000000000E-02    0.9046173095703124E-03
   92   -0.2148437500000000E-03    0.9508895874023438E-03
   93   -0.1972656250000000E-02    0.1047019958496094E-02
   94   -0.3652343750000000E-02    0.1001014709472656E-02
   95    0.1953125000000000E-02    0.9013366699218750E-03
   96   -0.3906250000000000E-02    0.9360504150390625E-03
   97   -0.9765625000000001E-04    0.7936477661132813E-03
   98    0.8398437500000000E-03    0.6796646118164062E-03
   99    0.8593750000000000E-03    0.1121139526367187E-02
  100   -0.3828125000000000E-02    0.1128845214843750E-02
