# time =    0.4407
    0    0.1000000000000000E+01    0.1000000000000000E+01
    1    0.3295117187500000E+00    0.1091512680053711E+00
    2    0.1318945312500000E+00    0.1848239898681641E-01
    3    0.6345703125000000E-01    0.5137138366699219E-02
    4    0.2966796875000000E-01    0.2110786437988281E-02
    5    0.2238281250000000E-01    0.1500930786132812E-02
    6    0.1636718750000000E-01    0.1237182617187500E-02
    7    0.7812500000000000E-02    0.8596801757812501E-03
    8    0.4277343750000000E-02    0.8815383911132813E-03
    9    0.2480468750000000E-02    0.1085243225097656E-02
   10    0.5273437500000000E-03    0.8889389038085938E-03
   11    0.2832031250000000E-02    0.1068382263183594E-02
   12    0.3671875000000000E-02    0.1233139038085937E-02
   13    0.4882812500000000E-03    0.9764480590820312E-03
   14    0.7617187500000000E-03    0.8816909790039062E-03
   15    0.4101562500000000E-02    0.1038284301757813E-02
   16    0.2812500000000000E-02    0.8748626708984375E-03
   17    0.4238281250000000E-02    0.1135749816894531E-02
   18    0.5351562500000000E-02    0.9133148193359375E-03
   19    0.2343750000000000E-03    0.7895660400390625E-03
   20    0.2675781250000000E-02    0.9803390502929688E-03
   21    0.5214843750000000E-02    0.8573532104492188E-03
   22    0.5703125000000000E-02    0.9572601318359375E-03
   23    0.3574218750000000E-02    0.9379959106445312E-03
   24   -0.9765625000000000E-03    0.8791351318359375E-03
   25    0.6250000000000000E-03    0.1117553710937500E-02
   26   -0.3164062500000000E-02    0.1045074462890625E-02
   27   -0.3125000000000000E-02    0.1329193115234375E-02
   28    0.6425781250000000E-02    0.1346473693847656E-02
   29    0.4257812500000000E-02    0.1200485229492187E-02
   30    0.4687500000000000E-03    0.9488677978515625E-03
   31   -0.1367187500000000E-03    0.1228370666503906E-02
   32    0.2675781250000000E-02    0.1001930236816406E-02
   33   -0.3886718750000000E-02    0.8457565307617188E-03
   34    0.1328125000000000E-02    0.8171844482421875E-03
   35   -0.2070312500000000E-02    0.9154510498046875E-03
   36    0.4589843750000000E-02    0.1266670227050781E-02
   37    0.3671875000000000E-02    0.9557342529296875E-03
   38    0.2148437500000000E-02    0.8543395996093750E-03
   39   -0.2792968750000000E-02    0.9379959106445312E-03
   40    0.1992187500000000E-02    0.8473205566406250E-03
   41    0.2792968750000000E-02    0.8776473999023437E-03
   42    0.4003906250000000E-02    0.8470535278320313E-03
   43    0.2617187500000000E-02    0.7637023925781250E-03
   44    0.4843750000000000E-02    0.1005783081054688E-02
   45    0.3242187500000000E-02    0.1189498901367187E-02
   46    0.1199218750000000E-01    0.1295089721679688E-02
   47    0.4375000000000000E-02    0.7775878906250000E-03
   48    0.3183593750000000E-02    0.8808517456054687E-03
   49    0.1074218750000000E-02    0.8626174926757812E-03
   50    0.1250000000000000E-02    0.7579040527343750E-03
   51   -0.4863281250000000E-02    0.9461593627929688E-03
   52    0.4882812500000000E-03    0.9764480590820312E-03
   53    0.1308593750000000E-02    0.7588577270507813E-03
   54    0.9570312500000000E-03    0.1298103332519531E-02
   55   -0.2792968750000000E-02    0.9447860717773437E-03
   56    0.3320312500000000E-03    0.8584213256835938E-03
   57    0.3554687500000000E-02    0.9671020507812500E-03
   58    0.7812500000000000E-03    0.8677673339843750E-03
   59    0.3750000000000000E-02    0.8892059326171875E-03
   60    0.3125000000000000E-03    0.1117630004882813E-02
   61   -0.2558593750000000E-02    0.7814407348632812E-03
   62   -0.4492187500000000E-03    0.1053733825683594E-02
   63   -0.6640625000000000E-03    0.8551025390625000E-03
   64   -0.1445312500000000E-02    0.8982086181640625E-03
   65    0.2128906250000000E-02    0.9636306762695313E-03
   66    0.1113281250000000E-02    0.8016586303710938E-03
   67    0.1640625000000000E-02    0.1183471679687500E-02
   68   -0.2167968750000000E-02    0.9538650512695313E-03
   69   -0.4707031250000000E-02    0.9912490844726563E-03
   70    0.8398437500000000E-03    0.1071662902832031E-02
   71    0.1953125000000000E-02    0.9212493896484375E-03
   72    0.4375000000000000E-02    0.1131439208984375E-02
   73    0.6093750000000000E-02    0.9004211425781250E-03
   74    0.5957031250000000E-02    0.9084701538085938E-03
   75    0.4296875000000000E-03    0.9405517578125000E-03
   76    0.2050781250000000E-02    0.9347915649414063E-03
   77    0.1621093750000000E-02    0.9654617309570313E-03
   78   -0.1464843750000000E-02    0.9965896606445312E-03
   79    0.1230468750000000E-02    0.1013679504394531E-02
   80    0.3984375000000000E-02    0.9504699707031250E-03
   81    0.6250000000000000E-03    0.1255416870117188E-02
   82    0.1210937500000000E-02    0.1002578735351562E-02
   83    0.1171875000000000E-03    0.1016540527343750E-02
   84   -0.1660156250000000E-02    0.9949111938476563E-03
   85   -0.4296875000000000E-02    0.1023788452148437E-02
   86   -0.5781250000000000E-02    0.1153182983398438E-02
   87   -0.4492187500000000E-03    0.9368515014648438E-03
   88   -0.5683593750000000E-02    0.1158790588378906E-02
   89   -0.6484375000000000E-02    0.1050033569335937E-02
   90   -0.1425781250000000E-02    0.1077995300292969E-02
   91   -0.4296875000000000E-03    0.9761047363281250E-03
   92   -0.2148437500000000E-03    0.8797836303710937E-03
   93    0.2128906250000000E-02    0.1062736511230469E-02
   94   -0.1718750000000000E-02    0.9561920166015625E-03
   95    0.2011718750000000E-02    0.1008796691894531E-02
   96   -0.6445312500000000E-03    0.9620285034179687E-03
   97   -0.3535156250000000E-02    0.8211135864257812E-03
   98   -0.1562500000000000E-03    0.9503936767578124E-03
   99    0.6445312500000000E-03    0.9021377563476563E-03
  100    0.1308593750000000E-02    0.1002693176269531E-02
