# time =    0.4495
    0    0.1000000000000000E+01    0.1000000000000000E+01
    1    0.3156445312500000E+00    0.1003217697143555E+00
    2    0.1551562500000000E+00    0.2501731872558594E-01
    3    0.9515625000000000E-01    0.1016235351562500E-01
    4    0.7087890625000000E-01    0.6182518005371094E-02
    5    0.5785156250000000E-01    0.4493865966796875E-02
    6    0.4789062500000000E-01    0.3225555419921875E-02
    7    0.3837890625000000E-01    0.2536354064941406E-02
    8    0.3515625000000000E-01    0.2291412353515625E-02
    9    0.2863281250000000E-01    0.2034759521484375E-02
   10    0.2902343750000000E-01    0.1825714111328125E-02
   11    0.2376953125000000E-01    0.1559562683105469E-02
   12    0.2080078125000000E-01    0.1433296203613281E-02
   13    0.1810546875000000E-01    0.1287422180175781E-02
   14    0.1699218750000000E-01    0.1339035034179687E-02
   15    0.1412109375000000E-01    0.1192054748535156E-02
   16    0.1152343750000000E-01    0.1148223876953125E-02
   17    0.1388671875000000E-01    0.1563606262207031E-02
   18    0.1113281250000000E-01    0.1288070678710938E-02
   19    0.1054687500000000E-01    0.1320648193359375E-02
   20    0.9394531249999999E-02    0.1028251647949219E-02
   21    0.8085937499999999E-02    0.1022796630859375E-02
   22    0.7558593750000000E-02    0.9640121459960938E-03
   23    0.1208984375000000E-01    0.1210136413574219E-02
   24    0.1082031250000000E-01    0.9636688232421875E-03
   25    0.1369140625000000E-01    0.8873367309570313E-03
   26    0.9726562500000001E-02    0.9078979492187500E-03
   27    0.1050781250000000E-01    0.1025085449218750E-02
   28    0.1312500000000000E-01    0.1239013671875000E-02
   29    0.1328125000000000E-01    0.1243972778320313E-02
   30    0.1074218750000000E-01    0.1475143432617187E-02
   31    0.7187500000000000E-02    0.9779357910156251E-03
   32    0.9023437500000000E-02    0.8636474609375000E-03
   33    0.6640625000000000E-02    0.1088333129882813E-02
   34    0.3730468750000000E-02    0.9771347045898437E-03
   35    0.3828125000000000E-02    0.7799530029296875E-03
   36    0.2890625000000000E-02    0.9451293945312500E-03
   37    0.1875000000000000E-02    0.1014099121093750E-02
   38    0.5644531250000000E-02    0.7584762573242188E-03
   39    0.4296875000000000E-02    0.9373474121093750E-03
   40    0.5742187500000000E-02    0.9533691406250000E-03
   41    0.1085937500000000E-01    0.9513854980468750E-03
   42    0.4101562500000000E-02    0.7488250732421875E-03
   43    0.3828125000000000E-02    0.1103668212890625E-02
   44    0.2910156250000000E-02    0.1003761291503906E-02
   45    0.6406250000000000E-02    0.9253692626953125E-03
   46    0.6503906250000000E-02    0.1121788024902344E-02
   47    0.5175781250000000E-02    0.1329078674316406E-02
   48    0.3632812500000000E-02    0.1369552612304687E-02
   49    0.4433593750000000E-02    0.1105766296386719E-02
   50    0.3613281250000000E-02    0.8291244506835937E-03
   51    0.3554687500000000E-02    0.8489990234375000E-03
   52    0.1503906250000000E-02    0.1041297912597656E-02
   53   -0.1367187500000000E-03    0.1087760925292969E-02
   54    0.2324218750000000E-02    0.7927322387695313E-03
   55    0.1562500000000000E-03    0.1037521362304688E-02
   56    0.2304687500000000E-02    0.1182632446289062E-02
   57   -0.8789062500000000E-03    0.1071662902832031E-02
   58   -0.2539062500000000E-03    0.8288192749023438E-03
   59   -0.5664062500000000E-03    0.1007575988769531E-02
   60   -0.2304687500000000E-02    0.1167221069335938E-02
   61    0.8007812500000000E-03    0.1113166809082031E-02
   62    0.1562500000000000E-03    0.1090316772460937E-02
   63   -0.1464843750000000E-02    0.1256980895996094E-02
   64   -0.1699218750000000E-02    0.1227302551269531E-02
   65    0.5273437500000000E-03    0.1273612976074219E-02
   66    0.2246093750000000E-02    0.1136894226074219E-02
   67    0.6640625000000000E-03    0.1161956787109375E-02
   68   -0.3125000000000000E-03    0.1056976318359375E-02
   69    0.1757812500000000E-03    0.1164817810058594E-02
   70    0.5136718750000000E-02    0.1218528747558594E-02
   71    0.1875000000000000E-02    0.9788513183593751E-03
   72   -0.2695312500000000E-02    0.1183395385742188E-02
   73   -0.5859375000000000E-03    0.9655761718750000E-03
   74    0.5097656250000000E-02    0.9393692016601562E-03
   75   -0.1953125000000000E-03    0.1014556884765625E-02
   76    0.2558593750000000E-02    0.8214950561523437E-03
   77    0.2050781250000000E-02    0.1109962463378906E-02
   78    0.3027343750000000E-02    0.1046104431152344E-02
   79    0.7421875000000000E-03    0.1221771240234375E-02
   80    0.1347656250000000E-02    0.1143531799316406E-02
   81    0.3222656250000000E-02    0.1027717590332031E-02
   82    0.4042968750000000E-02    0.1068992614746094E-02
   83    0.1171875000000000E-03    0.9423065185546875E-03
   84    0.3828125000000000E-02    0.1168518066406250E-02
   85    0.2089843750000000E-02    0.1123085021972656E-02
   86    0.1621093750000000E-02    0.1176185607910156E-02
   87    0.3710937500000000E-02    0.7492065429687500E-03
   88   -0.6835937500000000E-03    0.7661819458007812E-03
   89   -0.1933593750000000E-02    0.8658981323242188E-03
   90   -0.2597656250000000E-02    0.9235763549804688E-03
   91   -0.1210937500000000E-02    0.1106262207031250E-02
   92    0.4902343750000000E-02    0.1092185974121094E-02
   93    0.1738281250000000E-02    0.1084480285644531E-02
   94    0.3554687500000000E-02    0.8598327636718750E-03
   95    0.2050781250000000E-02    0.1156883239746094E-02
   96    0.2968750000000000E-02    0.9088897705078125E-03
   97    0.6054687500000000E-03    0.9891891479492188E-03
   98   -0.1757812500000000E-02    0.8847045898437500E-03
   99   -0.1308593750000000E-02    0.1038398742675781E-02
  100   -0.6191406250000000E-02    0.1075630187988281E-02
