# time =    0.4365
    0    0.1000000000000000E+01    0.1000000000000000E+01
    1    0.3530859375000000E+00    0.1253710174560547E+00
    2    0.1713476562500000E+00    0.3034633636474609E-01
    3    0.1082031250000000E+00    0.1273445129394531E-01
    4    0.7550781249999999E-01    0.6649475097656250E-02
    5    0.5748046875000000E-01    0.4258995056152344E-02
    6    0.4125000000000000E-01    0.2601394653320313E-02
    7    0.3619140625000000E-01    0.2321357727050781E-02
    8    0.2880859375000000E-01    0.1728782653808594E-02
    9    0.2160156250000000E-01    0.1595916748046875E-02
   10    0.2308593750000000E-01    0.1355895996093750E-02
   11    0.2314453125000000E-01    0.1580696105957031E-02
   12    0.1955078125000000E-01    0.1240882873535156E-02
   13    0.1906250000000000E-01    0.1419982910156250E-02
   14    0.1537109375000000E-01    0.1204414367675781E-02
   15    0.1060546875000000E-01    0.8917617797851563E-03
   16    0.1453125000000000E-01    0.9220123291015625E-03
   17    0.1242187500000000E-01    0.9457397460937500E-03
   18    0.9023437500000000E-02    0.7857513427734375E-03
   19    0.1150390625000000E-01    0.1064109802246094E-02
   20    0.7324218750000000E-02    0.9935379028320312E-03
   21    0.9101562500000000E-02    0.1006088256835938E-02
   22    0.4199218750000000E-02    0.8885574340820313E-03
   23    0.9570312500000000E-03    0.1050376892089844E-02
   24    0.4511718750000000E-02    0.1043663024902344E-02
   25    0.6484375000000000E-02    0.1072921752929687E-02
   26    0.4492187500000000E-02    0.1028976440429688E-02
   27    0.5156250000000000E-02    0.9661865234375000E-03
   28    0.3945312500000000E-02    0.1122055053710937E-02
   29    0.4218750000000000E-02    0.1033020019531250E-02
   30    0.6894531250000000E-02    0.1126594543457031E-02
   31    0.3261718750000000E-02    0.9779739379882813E-03
   32    0.4121093750000000E-02    0.8768844604492188E-03
   33    0.3906250000000000E-03    0.7252502441406250E-03
   34    0.1582031250000000E-02    0.9162521362304687E-03
   35    0.6464843750000000E-02    0.7430648803710937E-03
   36    0.7363281250000000E-02    0.9659194946289063E-03
   37    0.3808593750000000E-02    0.1025581359863281E-02
   38   -0.3906250000000000E-04    0.1146163940429687E-02
   39    0.1152343750000000E-02    0.1258125305175781E-02
   40   -0.5507812500000000E-02    0.1043701171875000E-02
   41   -0.8203125000000000E-03    0.8966064453125000E-03
   42   -0.1132812500000000E-02    0.1002502441406250E-02
   43   -0.2031250000000000E-02    0.9141540527343749E-03
   44   -0.2089843750000000E-02    0.1036033630371094E-02
   45   -0.1640625000000000E-02    0.1069412231445312E-02
   46   -0.5664062500000000E-03    0.1156196594238281E-02
   47    0.3125000000000000E-03    0.1077880859375000E-02
   48    0.2148437500000000E-02    0.1065750122070312E-02
   49    0.2480468750000000E-02    0.1044731140136719E-02
   50   -0.7617187500000000E-03    0.1012229919433594E-02
   51    0.3203125000000000E-02    0.8164978027343750E-03
   52    0.4101562500000000E-03    0.8922195434570312E-03
   53   -0.4003906250000000E-02    0.9177780151367188E-03
   54   -0.2617187500000000E-02    0.9301757812500000E-03
   55   -0.4062500000000000E-02    0.7857513427734375E-03
   56   -0.1660156250000000E-02    0.9807205200195312E-03
   57   -0.5859375000000000E-03    0.1062164306640625E-02
   58   -0.8593750000000000E-03    0.1024475097656250E-02
   59    0.4882812500000000E-03    0.1010093688964844E-02
   60    0.4414062500000000E-02    0.8934020996093750E-03
   61    0.2636718750000000E-02    0.1019477844238281E-02
   62    0.2714843750000000E-02    0.1009712219238281E-02
   63    0.5449218750000000E-02    0.8967971801757813E-03
   64    0.3828125000000000E-02    0.9785461425781249E-03
   65    0.8398437500000000E-02    0.9030914306640625E-03
   66    0.8652343749999999E-02    0.1201057434082031E-02
   67    0.1011718750000000E-01    0.1209106445312500E-02
   68    0.5996093750000000E-02    0.1215934753417969E-02
   69    0.6074218750000000E-02    0.1059226989746094E-02
   70    0.4218750000000000E-02    0.1085815429687500E-02
   71    0.2285156250000000E-02    0.9793472290039063E-03
   72   -0.4882812500000000E-03    0.8921432495117188E-03
   73   -0.2382812500000000E-02    0.9024047851562500E-03
   74   -0.5859375000000000E-03    0.7907104492187500E-03
   75    0.4082031250000000E-02    0.1085395812988281E-02
   76    0.3281250000000000E-02    0.9548950195312500E-03
   77    0.4042968750000000E-02    0.1090202331542969E-02
   78    0.1347656250000000E-02    0.1026344299316406E-02
   79   -0.1269531250000000E-02    0.8569717407226563E-03
   80   -0.6425781250000000E-02    0.8373641967773437E-03
   81   -0.4042968750000000E-02    0.8094406127929687E-03
   82   -0.1367187500000000E-03    0.8385086059570313E-03
   83   -0.2363281250000000E-02    0.1030693054199219E-02
   84   -0.1953125000000000E-03    0.7331085205078125E-03
   85   -0.2851562500000000E-02    0.9822082519531251E-03
   86   -0.8398437500000000E-03    0.9393692016601562E-03
   87    0.1250000000000000E-02    0.9414672851562500E-03
   88    0.2011718750000000E-02    0.1120033264160156E-02
   89   -0.5468750000000001E-03    0.1200027465820312E-02
   90    0.3554687500000000E-02    0.1124725341796875E-02
   91    0.6132812500000000E-02    0.1127395629882813E-02
   92    0.2285156250000000E-02    0.1193428039550781E-02
   93    0.2519531250000000E-02    0.9698867797851562E-03
   94   -0.4492187500000000E-03    0.9478378295898437E-03
   95   -0.8984375000000000E-03    0.8378601074218749E-03
   96   -0.1464843750000000E-02    0.8911514282226563E-03
   97   -0.1757812500000000E-03    0.6959152221679688E-03
   98    0.6054687500000000E-03    0.7786941528320312E-03
   99    0.2851562500000000E-02    0.7129669189453125E-03
  100    0.9003906250000001E-02    0.9405136108398438E-03
