# time =    0.4516
    0    0.1000000000000000E+01    0.1000000000000000E+01
    1    0.2815429687500000E+00    0.7997379302978516E-01
    2    0.9238281249999999E-01    0.9488677978515625E-02
    3    0.3433593750000000E-01    0.2153549194335937E-02
    4    0.1150390625000000E-01    0.9607315063476562E-03
    5    0.4140625000000000E-02    0.7563781738281250E-03
    6    0.3496093750000000E-02    0.9428787231445312E-03
    7    0.5507812500000000E-02    0.9659576416015625E-03
    8    0.5468750000000000E-02    0.1239929199218750E-02
    9    0.5429687500000000E-02    0.1289596557617188E-02
   10    0.8203125000000000E-02    0.1106567382812500E-02
   11    0.3847656250000000E-02    0.1438789367675781E-02
   12   -0.1074218750000000E-02    0.9587478637695313E-03
   13    0.8398437500000000E-03    0.8013534545898437E-03
   14    0.4628906250000000E-02    0.9947586059570312E-03
   15    0.6054687500000000E-02    0.6322479248046875E-03
   16    0.4941406250000000E-02    0.9137344360351563E-03
   17   -0.3925781250000000E-02    0.7966995239257812E-03
   18   -0.2343750000000000E-03    0.7579803466796875E-03
   19   -0.6757812500000000E-02    0.7851409912109375E-03
   20    0.6054687500000000E-03    0.1043891906738281E-02
   21   -0.3867187500000000E-02    0.1100997924804688E-02
   22   -0.2500000000000000E-02    0.1107559204101562E-02
   23    0.4941406250000000E-02    0.9315109252929687E-03
   24    0.4921875000000000E-02    0.7933807373046875E-03
   25   -0.2148437500000000E-03    0.8031845092773438E-03
   26    0.5859375000000000E-04    0.9361648559570312E-03
   27   -0.2343750000000000E-03    0.1025695800781250E-02
   28   -0.5332031250000000E-02    0.1196479797363281E-02
   29   -0.4296875000000000E-02    0.9849548339843750E-03
   30   -0.4140625000000000E-02    0.1040115356445313E-02
   31    0.4101562500000000E-03    0.9026718139648437E-03
   32    0.8789062500000000E-03    0.1012229919433594E-02
   33    0.4042968750000000E-02    0.9310531616210937E-03
   34   -0.1015625000000000E-02    0.8694458007812500E-03
   35    0.6054687500000000E-03    0.8829116821289062E-03
   36   -0.5859375000000000E-03    0.8676147460937500E-03
   37   -0.1503906250000000E-02    0.9822463989257813E-03
   38   -0.1523437500000000E-02    0.7754516601562500E-03
   39   -0.2539062500000000E-02    0.1154174804687500E-02
   40   -0.1113281250000000E-02    0.1197242736816406E-02
   41    0.9375000000000000E-03    0.1143341064453125E-02
   42    0.1171875000000000E-02    0.9401702880859375E-03
   43    0.1601562500000000E-02    0.8892059326171875E-03
   44    0.7812500000000000E-03    0.9255981445312499E-03
   45   -0.4238281250000000E-02    0.9271621704101563E-03
   46   -0.2011718750000000E-02    0.9482192993164062E-03
   47   -0.2558593750000000E-02    0.8329391479492187E-03
   48    0.3437500000000000E-02    0.9967803955078125E-03
   49    0.4296875000000000E-03    0.1082305908203125E-02
   50   -0.1445312500000000E-02    0.7552337646484375E-03
   51   -0.4687500000000000E-03    0.9840393066406249E-03
   52   -0.9570312500000000E-03    0.1143760681152344E-02
   53    0.3476562500000000E-02    0.8264160156249999E-03
   54    0.1406250000000000E-02    0.1236495971679687E-02
   55    0.1562500000000000E-03    0.8828735351562500E-03
   56    0.2929687500000000E-03    0.1062049865722656E-02
   57   -0.1406250000000000E-02    0.1145858764648437E-02
   58    0.1035156250000000E-02    0.1239509582519531E-02
   59   -0.1718750000000000E-02    0.1244506835937500E-02
   60    0.4648437500000000E-02    0.9989166259765626E-03
   61    0.2226562500000000E-02    0.7608795166015625E-03
   62    0.2343750000000000E-03    0.8240509033203125E-03
   63   -0.1367187500000000E-02    0.9249114990234375E-03
   64   -0.4902343750000000E-02    0.9967422485351563E-03
   65    0.4707031250000000E-02    0.1116905212402344E-02
   66   -0.7812500000000000E-04    0.8373260498046875E-03
   67    0.1113281250000000E-02    0.9920120239257813E-03
   68    0.2734375000000000E-02    0.9262847900390625E-03
   69   -0.4882812500000000E-02    0.1319274902343750E-02
   70    0.7617187500000000E-03    0.9675216674804687E-03
   71    0.3125000000000000E-02    0.8052062988281250E-03
   72   -0.8984375000000000E-03    0.1025924682617187E-02
   73   -0.1621093750000000E-02    0.9160995483398438E-03
   74   -0.9960937500000000E-03    0.9487533569335938E-03
   75   -0.1660156250000000E-02    0.9187698364257812E-03
   76   -0.4882812500000000E-03    0.8414840698242188E-03
   77    0.1699218750000000E-02    0.8657455444335937E-03
   78    0.2812500000000000E-02    0.1074066162109375E-02
   79    0.3164062500000000E-02    0.1105194091796875E-02
   80   -0.1855468750000000E-02    0.9137344360351563E-03
   81   -0.6445312500000000E-03    0.8024215698242187E-03
   82   -0.1562500000000000E-03    0.8078002929687500E-03
   83    0.8398437500000000E-03    0.8489608764648438E-03
   84   -0.2929687500000000E-03    0.1101722717285156E-02
   85    0.2792968750000000E-02    0.9402084350585937E-03
   86    0.1093750000000000E-02    0.1015167236328125E-02
   87    0.3085937500000000E-02    0.1084365844726562E-02
   88   -0.2695312500000000E-02    0.8446502685546875E-03
   89   -0.5058593750000000E-02    0.8749008178710937E-03
   90    0.1640625000000000E-02    0.1012725830078125E-02
   91   -0.2636718750000000E-02    0.7949447631835937E-03
   92   -0.4882812500000000E-03    0.9450912475585938E-03
   93    0.2441406250000000E-02    0.1168708801269531E-02
   94   -0.2070312500000000E-02    0.9174346923828125E-03
   95   -0.4277343750000000E-02    0.1237144470214844E-02
   96   -0.2851562500000000E-02    0.7608795166015625E-03
   97    0.3847656250000000E-02    0.8689498901367187E-03
   98    0.2441406250000000E-02    0.1071128845214844E-02
   99   -0.7812500000000000E-04    0.1028594970703125E-02
  100    0.1953125000000000E-04    0.9225845336914062E-03
