# time =    0.4671
    0    0.1000000000000000E+01    0.1000000000000000E+01
    1    0.2084179687500000E+00    0.4409946441650391E-01
    2    0.3859375000000000E-01    0.2359466552734375E-02
    3    0.1085937500000000E-01    0.1007690429687500E-02
    4   -0.1250000000000000E-02    0.1039276123046875E-02
    5   -0.3964843750000000E-02    0.1136436462402344E-02
    6    0.1386718750000000E-02    0.9661483764648438E-03
    7   -0.5000000000000000E-02    0.1118621826171875E-02
    8    0.5175781250000000E-02    0.9238815307617187E-03
    9    0.3710937500000000E-03    0.8983230590820313E-03
   10   -0.3535156250000000E-02    0.7620620727539063E-03
   11    0.1738281250000000E-02    0.1001853942871094E-02
   12    0.2929687500000000E-02    0.9456634521484375E-03
   13   -0.1132812500000000E-02    0.8984375000000000E-03
   14    0.9765625000000000E-03    0.7610321044921875E-03
   15    0.2480468750000000E-02    0.7399368286132812E-03
   16    0.6250000000000000E-03    0.1039352416992187E-02
   17   -0.1640625000000000E-02    0.9679412841796875E-03
   18   -0.4531250000000000E-02    0.9561157226562499E-03
   19   -0.9941406250000000E-02    0.1126976013183594E-02
   20   -0.3085937500000000E-02    0.1150588989257813E-02
   21    0.1757812500000000E-03    0.9969711303710938E-03
   22    0.3535156250000000E-02    0.9899520874023437E-03
   23    0.8671875000000001E-02    0.1032867431640625E-02
   24    0.1015625000000000E-02    0.1065750122070312E-02
   25    0.1054687500000000E-02    0.1106414794921875E-02
   26   -0.2832031250000000E-02    0.1020393371582031E-02
   27   -0.2558593750000000E-02    0.9020614624023437E-03
   28    0.1445312500000000E-02    0.1099548339843750E-02
   29    0.4121093750000000E-02    0.9488296508789062E-03
   30    0.3496093750000000E-02    0.1198005676269531E-02
   31    0.5273437500000000E-03    0.1146965026855469E-02
   32   -0.3710937500000000E-03    0.1448402404785156E-02
   33    0.4570312500000000E-02    0.1099243164062500E-02
   34    0.3046875000000000E-02    0.7503509521484375E-03
   35   -0.4296875000000000E-03    0.1001510620117188E-02
   36    0.6621093750000000E-02    0.8725357055664062E-03
   37    0.4511718750000000E-02    0.9915542602539063E-03
   38    0.2148437500000000E-02    0.1102981567382812E-02
   39   -0.4589843750000000E-02    0.1271934509277344E-02
   40    0.2753906250000000E-02    0.9284591674804687E-03
   41   -0.2753906250000000E-02    0.1053962707519531E-02
   42    0.5468750000000001E-03    0.1496887207031250E-02
   43   -0.3457031250000000E-02    0.9247970581054688E-03
   44   -0.4628906250000000E-02    0.9592056274414062E-03
   45    0.2734375000000000E-03    0.1012649536132812E-02
   46   -0.2949218750000000E-02    0.1177864074707031E-02
   47    0.4531250000000000E-02    0.1230850219726563E-02
   48   -0.4121093750000000E-02    0.1020088195800781E-02
   49   -0.2480468750000000E-02    0.8764266967773438E-03
   50    0.2031250000000000E-02    0.1025009155273437E-02
   51    0.1562500000000000E-03    0.9340667724609376E-03
   52    0.2539062500000000E-02    0.1121749877929688E-02
   53    0.5957031250000000E-02    0.8520126342773437E-03
   54   -0.1757812500000000E-02    0.9677124023437500E-03
   55   -0.6582031250000000E-02    0.1063270568847656E-02
   56    0.6445312500000000E-03    0.1138038635253906E-02
   57    0.2148437500000000E-02    0.8155822753906250E-03
   58   -0.1738281250000000E-02    0.1012306213378906E-02
   59   -0.3046875000000000E-02    0.9264373779296876E-03
   60   -0.4492187500000000E-02    0.8695983886718750E-03
   61   -0.3554687500000000E-02    0.1087341308593750E-02
   62   -0.2402343750000000E-02    0.8066940307617187E-03
   63   -0.2734375000000000E-02    0.8145141601562500E-03
   64   -0.3867187500000000E-02    0.1114807128906250E-02
   65   -0.2031250000000000E-02    0.8722686767578125E-03
   66    0.2949218750000000E-02    0.1354408264160156E-02
   67   -0.3378906250000000E-02    0.1293373107910156E-02
   68    0.5664062500000000E-03    0.1025199890136719E-02
   69    0.2148437500000000E-02    0.5244445800781250E-03
   70    0.7031250000000000E-03    0.9128570556640625E-03
   71    0.1464843750000000E-02    0.8662796020507813E-03
   72    0.2226562500000000E-02    0.7295989990234375E-03
   73   -0.9375000000000000E-03    0.1081314086914062E-02
   74    0.1191406250000000E-02    0.7784652709960937E-03
   75   -0.1953125000000000E-02    0.8975982666015625E-03
   76   -0.1210937500000000E-02    0.1024017333984375E-02
   77    0.1015625000000000E-02    0.1223602294921875E-02
   78   -0.2910156250000000E-02    0.1084709167480469E-02
   79    0.3007812500000000E-02    0.1022872924804687E-02
   80    0.2714843750000000E-02    0.1099510192871094E-02
   81    0.4472656250000000E-02    0.1074028015136719E-02
   82   -0.5273437500000000E-02    0.1082534790039062E-02
   83   -0.9375000000000000E-03    0.1042633056640625E-02
   84    0.3164062500000000E-02    0.1062316894531250E-02
   85   -0.2480468750000000E-02    0.8167648315429688E-03
   86   -0.5859375000000000E-03    0.1110305786132813E-02
   87   -0.2148437500000000E-03    0.9087753295898437E-03
   88    0.1191406250000000E-02    0.9756088256835938E-03
   89   -0.1953125000000000E-04    0.1077156066894531E-02
   90   -0.4589843750000000E-02    0.9418869018554687E-03
   91   -0.3867187500000000E-02    0.9014129638671875E-03
   92    0.1562500000000000E-02    0.1071319580078125E-02
   93   -0.1464843750000000E-02    0.1286430358886719E-02
   94   -0.7226562500000000E-03    0.9907150268554687E-03
   95   -0.1015625000000000E-02    0.9873199462890625E-03
   96   -0.1679687500000000E-02    0.9190368652343750E-03
   97    0.6640625000000000E-03    0.8689117431640625E-03
   98    0.2500000000000000E-02    0.7777404785156250E-03
   99    0.3671875000000000E-02    0.1041488647460937E-02
  100    0.2343750000000000E-03    0.9720611572265625E-03
