# time =    0.4598
    0    0.1000000000000000E+01    0.1000000000000000E+01
    1    0.2567382812500000E+00    0.6681888580322265E-01
    2    0.7341796875000001E-01    0.6531333923339844E-02
    3    0.2109375000000000E-01    0.1637725830078125E-02
    4    0.5312500000000000E-02    0.1062011718750000E-02
    5    0.2929687500000000E-03    0.1096916198730469E-02
    6   -0.1777343750000000E-02    0.9651565551757812E-03
    7   -0.2226562500000000E-02    0.8548736572265625E-03
    8    0.7812500000000000E-04    0.9592437744140625E-03
    9    0.1210937500000000E-02    0.1018524169921875E-02
   10    0.6406250000000000E-02    0.1213989257812500E-02
   11    0.4316406250000000E-02    0.1099739074707031E-02
   12    0.2617187500000000E-02    0.9835052490234375E-03
   13   -0.1562500000000000E-02    0.8373260498046875E-03
   14    0.3769531250000000E-02    0.8539962768554688E-03
   15    0.2128906250000000E-02    0.9881210327148436E-03
   16   -0.2773437500000000E-02    0.8089447021484375E-03
   17   -0.4960937500000000E-02    0.9040069580078125E-03
   18   -0.7617187500000000E-03    0.8009719848632812E-03
   19    0.2871093750000000E-02    0.9827041625976563E-03
   20   -0.2929687500000000E-02    0.9990692138671874E-03
   21    0.2734375000000000E-02    0.8079528808593750E-03
   22    0.1601562500000000E-02    0.8221435546875000E-03
   23    0.5078125000000000E-03    0.1109313964843750E-02
   24    0.2343750000000000E-03    0.1035079956054687E-02
   25   -0.1738281250000000E-02    0.9817123413085938E-03
   26   -0.3144531250000000E-02    0.9334182739257812E-03
   27   -0.1621093750000000E-02    0.1156578063964844E-02
   28   -0.2089843750000000E-02    0.9083175659179688E-03
   29    0.1308593750000000E-02    0.9397506713867187E-03
   30   -0.2187500000000000E-02    0.1111297607421875E-02
   31   -0.3320312500000000E-02    0.9885406494140624E-03
   32   -0.2539062500000000E-03    0.9162521362304687E-03
   33    0.2929687500000000E-03    0.1153068542480469E-02
   34    0.6386718750000000E-02    0.8452224731445312E-03
   35   -0.8984375000000000E-03    0.9542846679687500E-03
   36    0.1738281250000000E-02    0.8041763305664063E-03
   37   -0.6835937500000000E-03    0.8330917358398437E-03
   38   -0.4375000000000000E-02    0.1167831420898437E-02
   39   -0.1074218750000000E-02    0.9467697143554687E-03
   40    0.3710937500000000E-03    0.8144760131835937E-03
   41    0.4375000000000000E-02    0.8917236328125000E-03
   42   -0.2324218750000000E-02    0.6940078735351563E-03
   43   -0.2949218750000000E-02    0.9267044067382813E-03
   44    0.7285156250000000E-02    0.1225318908691406E-02
   45    0.4257812500000000E-02    0.1081390380859375E-02
   46    0.1386718750000000E-02    0.1049842834472656E-02
   47    0.2500000000000000E-02    0.1033477783203125E-02
   48    0.3789062500000000E-02    0.1021957397460937E-02
   49    0.2382812500000000E-02    0.1074218750000000E-02
   50    0.7031250000000000E-03    0.8918762207031250E-03
   51   -0.1562500000000000E-03    0.9224700927734375E-03
   52    0.1914062500000000E-02    0.1202926635742187E-02
   53    0.2128906250000000E-02    0.9699630737304688E-03
   54   -0.1367187500000000E-03    0.9057235717773438E-03
   55   -0.1503906250000000E-02    0.8558273315429687E-03
   56   -0.1699218750000000E-02    0.8065414428710938E-03
   57   -0.1933593750000000E-02    0.9880447387695312E-03
   58   -0.3320312500000000E-03    0.9552383422851562E-03
   59    0.7070312500000000E-02    0.7855987548828125E-03
   60    0.5742187500000000E-02    0.1064682006835938E-02
   61   -0.3515625000000000E-03    0.1045455932617188E-02
   62    0.1464843750000000E-02    0.1321601867675781E-02
   63   -0.5859375000000000E-03    0.1191940307617187E-02
   64    0.5859375000000000E-04    0.8248519897460937E-03
   65    0.2753906250000000E-02    0.9274673461914062E-03
   66    0.1171875000000000E-02    0.8123779296875000E-03
   67   -0.2480468750000000E-02    0.9448623657226562E-03
   68   -0.5078125000000000E-03    0.1115493774414063E-02
   69   -0.6835937500000000E-03    0.9910202026367188E-03
   70   -0.4160156250000000E-02    0.1131553649902344E-02
   71   -0.1816406250000000E-02    0.7409286499023437E-03
   72    0.9765625000000001E-04    0.1131629943847656E-02
   73    0.3320312500000000E-03    0.1146202087402344E-02
   74   -0.7617187500000000E-02    0.1086730957031250E-02
   75   -0.9375000000000000E-03    0.7905578613281250E-03
   76    0.1074218750000000E-02    0.1062736511230469E-02
   77   -0.1835937500000000E-02    0.9103393554687499E-03
   78   -0.6445312500000000E-03    0.9674453735351563E-03
   79   -0.2089843750000000E-02    0.1034584045410156E-02
   80    0.2226562500000000E-02    0.1239242553710938E-02
   81    0.2089843750000000E-02    0.8735275268554688E-03
   82   -0.1972656250000000E-02    0.1054267883300781E-02
   83   -0.3085937500000000E-02    0.1287155151367188E-02
   84   -0.3515625000000000E-02    0.1020355224609375E-02
   85    0.2285156250000000E-02    0.9502792358398438E-03
   86    0.4101562500000000E-02    0.1150588989257813E-02
   87    0.2910156250000000E-02    0.1020469665527344E-02
   88   -0.1347656250000000E-02    0.8765792846679687E-03
   89   -0.1875000000000000E-02    0.9026336669921875E-03
   90    0.5175781250000000E-02    0.9668350219726562E-03
   91   -0.2929687500000000E-03    0.1010704040527344E-02
   92   -0.6191406250000000E-02    0.1008720397949219E-02
   93   -0.5800781250000000E-02    0.1036033630371094E-02
   94   -0.5742187500000000E-02    0.1142349243164062E-02
   95    0.3046875000000000E-02    0.1124343872070313E-02
   96    0.4687500000000000E-03    0.8475494384765625E-03
   97   -0.3359375000000000E-02    0.1124114990234375E-02
   98   -0.3710937500000000E-02    0.9187316894531250E-03
   99   -0.2851562500000000E-02    0.1106338500976562E-02
  100    0.4101562500000000E-03    0.9655380249023438E-03
