# time =    0.4666
    0    0.1000000000000000E+01    0.1000000000000000E+01
    1    0.2296875000000000E+00    0.5330352783203125E-01
    2    0.5044921875000000E-01    0.3957710266113281E-02
    3    0.1767578125000000E-01    0.1202812194824219E-02
    4    0.6835937500000000E-02    0.9217834472656249E-03
    5    0.4394531250000000E-02    0.7863998413085938E-03
    6   -0.3906250000000000E-03    0.1013183593750000E-02
    7   -0.5058593750000000E-02    0.9438705444335938E-03
    8   -0.1484375000000000E-02    0.8463287353515626E-03
    9    0.4316406250000000E-02    0.8472061157226563E-03
   10    0.3964843750000000E-02    0.6747817993164062E-03
   11    0.3164062500000000E-02    0.9445953369140625E-03
   12    0.7812500000000000E-04    0.9659576416015625E-03
   13   -0.2070312500000000E-02    0.1010131835937500E-02
   14    0.1953125000000000E-03    0.9668731689453125E-03
   15   -0.1542968750000000E-02    0.1006736755371094E-02
   16   -0.1796875000000000E-02    0.9377288818359375E-03
   17   -0.1582031250000000E-02    0.9637069702148437E-03
   18    0.3027343750000000E-02    0.9542465209960938E-03
   19    0.1308593750000000E-02    0.9594345092773437E-03
   20   -0.5292968750000000E-02    0.9543991088867187E-03
   21    0.1035156250000000E-02    0.7128524780273438E-03
   22   -0.2753906250000000E-02    0.8258438110351563E-03
   23   -0.4062500000000000E-02    0.9101867675781250E-03
   24   -0.3046875000000000E-02    0.7253265380859374E-03
   25   -0.3046875000000000E-02    0.1101989746093750E-02
   26   -0.3691406250000000E-02    0.1256141662597656E-02
   27    0.4257812500000000E-02    0.8644866943359375E-03
   28    0.4628906250000000E-02    0.8917617797851563E-03
   29    0.2949218750000000E-02    0.9331893920898437E-03
   30    0.1894531250000000E-02    0.8642196655273438E-03
   31   -0.4667968750000000E-02    0.1011238098144531E-02
   32   -0.4960937500000000E-02    0.1181106567382813E-02
   33   -0.3261718750000000E-02    0.6359481811523438E-03
   34   -0.1308593750000000E-02    0.8208084106445312E-03
   35    0.1113281250000000E-02    0.9013748168945312E-03
   36   -0.2343750000000000E-02    0.9221649169921875E-03
   37    0.2539062500000000E-02    0.8583831787109375E-03
   38    0.1640625000000000E-02    0.1052627563476562E-02
   39   -0.3984375000000000E-02    0.8898162841796875E-03
   40    0.1542968750000000E-02    0.9993362426757814E-03
   41    0.5859375000000000E-04    0.8938980102539063E-03
   42   -0.2089843750000000E-02    0.1009254455566406E-02
   43    0.4960937500000000E-02    0.9682464599609375E-03
   44   -0.1503906250000000E-02    0.1080436706542969E-02
   45    0.1113281250000000E-02    0.8093643188476562E-03
   46    0.5273437500000000E-02    0.1214675903320313E-02
   47   -0.7812500000000000E-03    0.9670257568359375E-03
   48   -0.3710937500000000E-03    0.1044960021972656E-02
   49    0.4042968750000000E-02    0.8725357055664062E-03
   50    0.1289062500000000E-02    0.1120681762695312E-02
   51    0.1171875000000000E-02    0.1140365600585937E-02
   52   -0.6523437500000000E-02    0.8981323242187500E-03
   53   -0.3691406250000000E-02    0.8062362670898437E-03
   54    0.5566406250000000E-02    0.9229660034179687E-03
   55    0.2519531250000000E-02    0.6600570678710938E-03
   56    0.1718750000000000E-02    0.8589172363281250E-03
   57   -0.1796875000000000E-02    0.9661865234375000E-03
   58   -0.2011718750000000E-02    0.9571456909179687E-03
   59    0.1132812500000000E-02    0.1016616821289062E-02
   60    0.1445312500000000E-02    0.1150741577148438E-02
   61   -0.7812500000000000E-04    0.8891296386718750E-03
   62   -0.2460937500000000E-02    0.9096527099609375E-03
   63    0.2187500000000000E-02    0.9333801269531250E-03
   64    0.4921875000000000E-02    0.8718872070312500E-03
   65    0.5957031250000000E-02    0.8917617797851563E-03
   66   -0.5859375000000000E-04    0.1062965393066406E-02
   67   -0.4511718750000000E-02    0.1069297790527344E-02
   68    0.1562500000000000E-03    0.8956909179687500E-03
   69    0.4316406250000000E-02    0.8991622924804688E-03
   70    0.4765625000000000E-02    0.1044311523437500E-02
   71    0.6250000000000000E-03    0.1033706665039063E-02
   72   -0.4882812500000000E-03    0.1205558776855469E-02
   73   -0.1855468750000000E-02    0.9725570678710937E-03
   74    0.2382812500000000E-02    0.1231842041015625E-02
   75   -0.1562500000000000E-02    0.1021881103515625E-02
   76    0.1503906250000000E-02    0.9193038940429688E-03
   77   -0.4316406250000000E-02    0.1187248229980469E-02
   78   -0.5175781250000000E-02    0.7342147827148437E-03
   79    0.6250000000000000E-03    0.8743286132812500E-03
   80    0.1347656250000000E-02    0.8605575561523438E-03
   81   -0.6054687500000000E-03    0.9373855590820312E-03
   82   -0.1679687500000000E-02    0.7399749755859375E-03
   83    0.1171875000000000E-02    0.1048965454101563E-02
   84   -0.5351562500000000E-02    0.9721374511718750E-03
   85    0.4101562500000000E-03    0.6770706176757813E-03
   86   -0.6445312500000000E-03    0.7669448852539063E-03
   87   -0.8203125000000000E-03    0.1060180664062500E-02
   88   -0.2539062500000000E-03    0.1094932556152344E-02
   89   -0.5273437500000000E-03    0.1140632629394531E-02
   90   -0.1367187500000000E-03    0.8671951293945313E-03
   91    0.1210937500000000E-02    0.1136245727539063E-02
   92    0.2890625000000000E-02    0.9498596191406250E-03
   93   -0.4628906250000000E-02    0.9949874877929687E-03
   94   -0.1445312500000000E-02    0.1348190307617188E-02
   95    0.1699218750000000E-02    0.9814834594726563E-03
   96   -0.7031250000000000E-03    0.1216659545898437E-02
   97   -0.2148437500000000E-02    0.1036911010742187E-02
   98   -0.5644531250000000E-02    0.1211280822753906E-02
   99    0.1289062500000000E-02    0.6595611572265625E-03
  100    0.2304687500000000E-02    0.9896087646484376E-03
