# time =    0.5017
    0    0.1000000000000000E+01    0.1000000000000000E+01
    1    0.2030468750000000E+00    0.4195945739746094E-01
    2    0.4167968750000000E-01    0.2915725708007813E-02
    3    0.7148437500000000E-02    0.9573364257812500E-03
    4   -0.2714843750000000E-02    0.1179542541503906E-02
    5   -0.2656250000000000E-02    0.1403579711914062E-02
    6   -0.2148437500000000E-03    0.9447097778320313E-03
    7   -0.4101562500000000E-02    0.1158370971679688E-02
    8   -0.1152343750000000E-02    0.1163749694824219E-02
    9    0.5332031250000000E-02    0.9891128540039063E-03
   10    0.2734375000000000E-02    0.1036453247070312E-02
   11    0.4453125000000000E-02    0.1273574829101563E-02
   12   -0.2597656250000000E-02    0.1013832092285156E-02
   13   -0.4863281250000000E-02    0.1101493835449219E-02
   14    0.9179687499999999E-03    0.7905960083007812E-03
   15   -0.6835937500000000E-03    0.1226463317871094E-02
   16    0.2597656250000000E-02    0.1076545715332031E-02
   17   -0.1113281250000000E-02    0.9845352172851562E-03
   18   -0.3457031250000000E-02    0.9814834594726563E-03
   19    0.4433593750000000E-02    0.7892990112304687E-03
   20    0.4433593750000000E-02    0.1073951721191406E-02
   21    0.3750000000000000E-02    0.1123580932617188E-02
   22    0.1015625000000000E-02    0.9671783447265625E-03
   23    0.3144531250000000E-02    0.1047935485839844E-02
   24    0.7812500000000000E-04    0.9210205078125000E-03
   25   -0.9960937500000000E-03    0.7987594604492187E-03
   26    0.2929687500000000E-03    0.1130943298339844E-02
   27   -0.4492187500000000E-03    0.8732223510742187E-03
   28   -0.3847656250000000E-02    0.9356307983398438E-03
   29    0.2148437500000000E-02    0.8260345458984375E-03
   30    0.6191406250000000E-02    0.9611129760742187E-03
   31    0.3867187500000000E-02    0.1142425537109375E-02
   32    0.3125000000000000E-03    0.1227264404296875E-02
   33   -0.3730468750000000E-02    0.9231185913085938E-03
   34   -0.1015625000000000E-02    0.8375549316406250E-03
   35   -0.5468750000000000E-02    0.9474945068359375E-03
   36   -0.5800781250000000E-02    0.9067916870117188E-03
   37    0.6835937500000000E-02    0.1111450195312500E-02
   38    0.5468750000000001E-03    0.9447479248046875E-03
   39   -0.8203125000000000E-03    0.1032104492187500E-02
   40   -0.2539062500000000E-03    0.9199142456054688E-03
   41   -0.6171875000000000E-02    0.1253814697265625E-02
   42   -0.2851562500000000E-02    0.1224365234375000E-02
   43    0.7050781250000000E-02    0.1096992492675781E-02
   44   -0.3378906250000000E-02    0.8914566040039062E-03
   45   -0.1953125000000000E-02    0.1007995605468750E-02
   46    0.3378906250000000E-02    0.1075477600097656E-02
   47    0.2441406250000000E-02    0.1351432800292969E-02
   48    0.1679687500000000E-02    0.1141433715820313E-02
   49    0.3945312500000000E-02    0.9216308593750000E-03
   50   -0.4492187500000000E-03    0.7583236694335937E-03
   51    0.7617187500000000E-03    0.7841873168945312E-03
   52   -0.1035156250000000E-02    0.1049385070800781E-02
   53    0.5058593750000000E-02    0.8139419555664063E-03
   54    0.2988281250000000E-02    0.9511184692382813E-03
   55   -0.8945312500000000E-02    0.1054534912109375E-02
   56    0.5625000000000000E-02    0.7454681396484375E-03
   57    0.3398437500000000E-02    0.9397125244140625E-03
   58   -0.1972656250000000E-02    0.1095695495605469E-02
   59   -0.2910156250000000E-02    0.1041755676269531E-02
   60    0.3496093750000000E-02    0.9038162231445313E-03
   61   -0.5214843750000000E-02    0.9268569946289062E-03
   62   -0.4375000000000000E-02    0.1179351806640625E-02
   63    0.3105468750000000E-02    0.1217613220214844E-02
   64   -0.8789062500000000E-03    0.8115768432617188E-03
   65   -0.1113281250000000E-02    0.1065559387207031E-02
   66   -0.3730468750000000E-02    0.8265304565429687E-03
   67    0.5859375000000000E-03    0.9024047851562500E-03
   68   -0.1269531250000000E-02    0.1004829406738281E-02
   69   -0.5371093750000000E-02    0.1252403259277344E-02
   70   -0.1640625000000000E-02    0.8019256591796875E-03
   71    0.1835937500000000E-02    0.9709930419921875E-03
   72    0.3515625000000000E-03    0.1070404052734375E-02
   73   -0.1093750000000000E-02    0.6818389892578125E-03
   74   -0.3300781250000000E-02    0.7593154907226563E-03
   75    0.1992187500000000E-02    0.1001586914062500E-02
   76   -0.1718750000000000E-02    0.8707427978515625E-03
   77    0.4570312500000000E-02    0.1089630126953125E-02
   78    0.1562500000000000E-02    0.1015396118164063E-02
   79   -0.8984375000000000E-03    0.1044311523437500E-02
   80    0.6054687500000000E-02    0.1000137329101563E-02
   81    0.2578125000000000E-02    0.9474182128906251E-03
   82    0.2167968750000000E-02    0.9028244018554687E-03
   83    0.1171875000000000E-03    0.9347534179687500E-03
   84   -0.1875000000000000E-02    0.1142883300781250E-02
   85    0.1875000000000000E-02    0.6314849853515625E-03
   86   -0.6113281250000000E-02    0.1101646423339844E-02
   87    0.5859375000000000E-04    0.9024429321289062E-03
   88   -0.2128906250000000E-02    0.1136970520019531E-02
   89    0.4628906250000000E-02    0.9183883666992188E-03
   90   -0.1191406250000000E-02    0.9276962280273437E-03
   91   -0.2558593750000000E-02    0.7397079467773437E-03
   92   -0.5703125000000000E-02    0.9352111816406250E-03
   93   -0.1914062500000000E-02    0.1068038940429688E-02
   94   -0.1621093750000000E-02    0.1066474914550781E-02
   95    0.1171875000000000E-02    0.7473754882812500E-03
   96    0.4296875000000000E-03    0.1010513305664062E-02
   97    0.4257812500000000E-02    0.1094665527343750E-02
   98    0.2382812500000000E-02    0.1349182128906250E-02
   99   -0.2265625000000000E-02    0.1036987304687500E-02
  100   -0.4121093750000000E-02    0.9070968627929687E-03
