# time =    0.4624
    0    0.1000000000000000E+01    0.1000000000000000E+01
    1    0.1895703125000000E+00    0.3685615539550782E-01
    2    0.4037109375000000E-01    0.2659187316894531E-02
    3    0.5703125000000000E-02    0.7765197753906250E-03
    4    0.6250000000000000E-02    0.1200408935546875E-02
    5    0.2773437500000000E-02    0.8142089843750000E-03
    6   -0.1992187500000000E-02    0.8117675781250000E-03
    7   -0.3378906250000000E-02    0.9533309936523437E-03
    8   -0.2343750000000000E-03    0.6566619873046874E-03
    9   -0.3574218750000000E-02    0.8991622924804688E-03
   10    0.6054687500000000E-03    0.8890151977539063E-03
   11    0.1835937500000000E-02    0.8320617675781250E-03
   12    0.2753906250000000E-02    0.1088523864746094E-02
   13    0.2304687500000000E-02    0.1016540527343750E-02
   14   -0.9960937500000000E-03    0.1206626892089844E-02
   15   -0.2343750000000000E-03    0.1026000976562500E-02
   16   -0.3027343750000000E-02    0.8256149291992188E-03
   17   -0.1757812500000000E-02    0.9708404541015625E-03
   18    0.1367187500000000E-02    0.1110763549804688E-02
   19    0.2460937500000000E-02    0.1060485839843750E-02
   20    0.3789062500000000E-02    0.8706665039062500E-03
   21    0.3007812500000000E-02    0.1005706787109375E-02
   22   -0.2734375000000000E-03    0.9119415283203125E-03
   23    0.2148437500000000E-03    0.9740066528320313E-03
   24   -0.9179687499999999E-03    0.1053276062011719E-02
   25    0.3007812500000000E-02    0.8947753906250000E-03
   26    0.2050781250000000E-02    0.9469985961914062E-03
   27    0.3164062500000000E-02    0.8422851562500000E-03
   28    0.2421875000000000E-02    0.8032226562500000E-03
   29    0.5214843750000000E-02    0.1200599670410156E-02
   30   -0.1171875000000000E-03    0.1121978759765625E-02
   31   -0.2265625000000000E-02    0.1147232055664063E-02
   32    0.1484375000000000E-02    0.1115798950195312E-02
   33   -0.5117187500000000E-02    0.8540344238281250E-03
   34   -0.2558593750000000E-02    0.7891464233398438E-03
   35    0.3847656250000000E-02    0.1495857238769531E-02
   36    0.3417968750000000E-02    0.1053886413574219E-02
   37   -0.1367187500000000E-02    0.8972930908203125E-03
   38   -0.3359375000000000E-02    0.6546020507812500E-03
   39   -0.3828125000000000E-02    0.9473419189453125E-03
   40   -0.4882812500000000E-03    0.6769943237304687E-03
   41   -0.2539062500000000E-03    0.1020469665527344E-02
   42    0.1308593750000000E-02    0.9289932250976563E-03
   43   -0.6640625000000000E-03    0.1091995239257812E-02
   44   -0.2949218750000000E-02    0.8897018432617187E-03
   45    0.2636718750000000E-02    0.6992721557617188E-03
   46   -0.3925781250000000E-02    0.9436416625976563E-03
   47    0.6933593750000000E-02    0.1061058044433594E-02
   48    0.5332031250000000E-02    0.7454299926757812E-03
   49    0.1601562500000000E-02    0.1229629516601562E-02
   50    0.2539062500000000E-03    0.1162834167480469E-02
   51    0.9960937500000000E-03    0.8657455444335937E-03
   52    0.1074218750000000E-02    0.9622573852539062E-03
   53   -0.2031250000000000E-02    0.9947204589843750E-03
   54    0.2246093750000000E-02    0.1046180725097656E-02
   55   -0.3515625000000000E-03    0.1043319702148438E-02
   56   -0.2949218750000000E-02    0.8602523803710937E-03
   57   -0.2910156250000000E-02    0.1034812927246094E-02
   58    0.1953125000000000E-03    0.9040069580078125E-03
   59   -0.1562500000000000E-03    0.1050262451171875E-02
   60   -0.2558593750000000E-02    0.8536148071289063E-03
   61    0.7812500000000000E-04    0.9075927734375000E-03
   62    0.1406250000000000E-02    0.1014175415039063E-02
   63   -0.3710937500000000E-03    0.9457015991210937E-03
   64   -0.2167968750000000E-02    0.9366226196289063E-03
   65   -0.8007812500000000E-03    0.1208152770996094E-02
   66    0.2851562500000000E-02    0.9828948974609376E-03
   67    0.6074218750000000E-02    0.1039772033691406E-02
   68   -0.1757812500000000E-03    0.9349441528320313E-03
   69   -0.7617187500000000E-03    0.1201515197753906E-02
   70   -0.4375000000000000E-02    0.9477233886718750E-03
   71   -0.3320312500000000E-02    0.8679199218750000E-03
   72    0.3046875000000000E-02    0.7875823974609375E-03
   73   -0.4882812500000000E-03    0.9371566772460937E-03
   74   -0.1484375000000000E-02    0.9807586669921876E-03
   75   -0.2734375000000000E-03    0.8517456054687500E-03
   76   -0.4765625000000000E-02    0.8071136474609375E-03
   77   -0.2304687500000000E-02    0.9745025634765625E-03
   78    0.7832031250000000E-02    0.1008033752441406E-02
   79   -0.1171875000000000E-02    0.1037139892578125E-02
   80   -0.4414062500000000E-02    0.1062240600585937E-02
   81   -0.3183593750000000E-02    0.1182746887207031E-02
   82   -0.3183593750000000E-02    0.1174354553222656E-02
   83   -0.1093750000000000E-02    0.1126785278320312E-02
   84    0.1953125000000000E-02    0.8160400390625000E-03
   85   -0.6445312500000000E-03    0.9460830688476562E-03
   86   -0.4589843750000000E-02    0.1225090026855469E-02
   87   -0.3164062500000000E-02    0.8914947509765625E-03
   88   -0.3183593750000000E-02    0.9247207641601562E-03
   89   -0.1152343750000000E-02    0.7309341430664063E-03
   90    0.6015625000000000E-02    0.1052932739257812E-02
   91    0.1171875000000000E-02    0.9561157226562499E-03
   92    0.2480468750000000E-02    0.7399368286132812E-03
   93    0.2929687500000000E-03    0.9586715698242188E-03
   94   -0.1777343750000000E-02    0.9424209594726563E-03
   95    0.2343750000000000E-03    0.7971954345703125E-03
   96   -0.1464843750000000E-02    0.8227920532226562E-03
   97   -0.2617187500000000E-02    0.8132171630859375E-03
   98    0.1015625000000000E-02    0.1169281005859375E-02
   99    0.1777343750000000E-02    0.8830642700195313E-03
  100    0.1953125000000000E-03    0.9696960449218750E-03
