# time =    0.4582
    0    0.1000000000000000E+01    0.1000000000000000E+01
    1    0.2561914062500000E+00    0.6674289703369141E-01
    2    0.7041015624999999E-01    0.5881538391113281E-02
    3    0.2541015625000000E-01    0.1763725280761719E-02
    4    0.9550781249999999E-02    0.1133232116699219E-02
    5    0.1191406250000000E-02    0.1369590759277344E-02
    6    0.4902343750000000E-02    0.9028244018554687E-03
    7   -0.3515625000000000E-03    0.9417724609375000E-03
    8    0.4687500000000000E-03    0.8319854736328125E-03
    9   -0.1328125000000000E-02    0.8381652832031250E-03
   10   -0.3457031250000000E-02    0.8862686157226563E-03
   11    0.4492187500000000E-03    0.1168861389160156E-02
   12    0.1386718750000000E-02    0.1072273254394531E-02
   13    0.1542968750000000E-02    0.9585952758789062E-03
   14   -0.2656250000000000E-02    0.1066818237304688E-02
   15   -0.2832031250000000E-02    0.1185493469238281E-02
   16    0.3125000000000000E-03    0.8264923095703125E-03
   17   -0.6445312500000000E-02    0.8647918701171875E-03
   18   -0.3457031250000000E-02    0.1132087707519531E-02
   19    0.7812500000000000E-03    0.1094970703125000E-02
   20    0.1953125000000000E-04    0.1005516052246094E-02
   21    0.5664062500000000E-03    0.1168556213378906E-02
   22    0.1972656250000000E-02    0.1002159118652344E-02
   23   -0.3632812500000000E-02    0.1087265014648437E-02
   24    0.2636718750000000E-02    0.1044731140136719E-02
   25   -0.1679687500000000E-02    0.1082611083984375E-02
   26   -0.1464843750000000E-02    0.1010169982910156E-02
   27   -0.1484375000000000E-02    0.1037750244140625E-02
   28   -0.3945312500000000E-02    0.9794616699218750E-03
   29   -0.7324218750000000E-02    0.1197700500488281E-02
   30   -0.3320312500000000E-02    0.1011047363281250E-02
   31   -0.5839843750000000E-02    0.1060752868652344E-02
   32   -0.2500000000000000E-02    0.9980773925781249E-03
   33   -0.6445312500000000E-03    0.7350540161132812E-03
   34   -0.5761718750000000E-02    0.1155891418457031E-02
   35    0.3164062500000000E-02    0.9729766845703125E-03
   36   -0.1230468750000000E-02    0.8781814575195313E-03
   37   -0.4941406250000000E-02    0.1042976379394531E-02
   38   -0.1855468750000000E-02    0.7584762573242188E-03
   39    0.9765625000000001E-04    0.1062202453613281E-02
   40   -0.2285156250000000E-02    0.9395217895507812E-03
   41    0.2324218750000000E-02    0.8548355102539063E-03
   42    0.5156250000000000E-02    0.8083343505859375E-03
   43    0.1777343750000000E-02    0.8983230590820313E-03
   44    0.4667968750000000E-02    0.1139945983886719E-02
   45   -0.1699218750000000E-02    0.1080894470214844E-02
   46   -0.2539062500000000E-02    0.7848358154296875E-03
   47   -0.2929687500000000E-02    0.9029388427734375E-03
   48   -0.3125000000000000E-03    0.1089019775390625E-02
   49    0.5429687500000000E-02    0.1015701293945312E-02
   50    0.6835937500000000E-03    0.1179008483886719E-02
   51   -0.3945312500000000E-02    0.8914947509765625E-03
   52   -0.2148437500000000E-03    0.1102790832519531E-02
   53   -0.1093750000000000E-02    0.7057952880859375E-03
   54    0.2304687500000000E-02    0.9485626220703125E-03
   55    0.2812500000000000E-02    0.8915710449218750E-03
   56   -0.1699218750000000E-02    0.8024215698242187E-03
   57    0.2539062500000000E-03    0.8218765258789062E-03
   58    0.1171875000000000E-03    0.1118011474609375E-02
   59   -0.4062500000000000E-02    0.8073425292968749E-03
   60   -0.1367187500000000E-02    0.1016006469726562E-02
   61    0.9765625000000001E-04    0.7733535766601562E-03
   62    0.4843750000000000E-02    0.9371185302734375E-03
   63   -0.5273437500000000E-03    0.9724807739257813E-03
   64    0.3925781250000000E-02    0.9222030639648438E-03
   65    0.1933593750000000E-02    0.1119956970214844E-02
   66   -0.8515625000000001E-02    0.8636474609375000E-03
   67    0.1171875000000000E-03    0.8422088623046875E-03
   68   -0.2890625000000000E-02    0.7735443115234375E-03
   69   -0.2421875000000000E-02    0.9882354736328125E-03
   70    0.1386718750000000E-02    0.7531356811523438E-03
   71    0.1289062500000000E-02    0.9867095947265626E-03
   72    0.9765625000000000E-03    0.9451293945312500E-03
   73   -0.6328125000000000E-02    0.1039810180664062E-02
   74    0.7812500000000000E-03    0.8815765380859375E-03
   75   -0.5429687500000000E-02    0.1017837524414062E-02
   76    0.2890625000000000E-02    0.9940338134765624E-03
   77    0.7812500000000000E-04    0.9662628173828125E-03
   78   -0.7812500000000000E-04    0.8581542968750000E-03
   79   -0.1289062500000000E-02    0.9070587158203125E-03
   80   -0.1816406250000000E-02    0.1358604431152344E-02
   81    0.2734375000000000E-03    0.8227539062500000E-03
   82    0.3652343750000000E-02    0.1207618713378906E-02
   83   -0.6250000000000000E-03    0.7355499267578125E-03
   84   -0.2812500000000000E-02    0.1004028320312500E-02
   85   -0.3886718750000000E-02    0.1174049377441406E-02
   86   -0.9570312500000000E-03    0.1009635925292969E-02
   87   -0.4785156250000000E-02    0.1049232482910156E-02
   88   -0.5253906250000000E-02    0.8485031127929688E-03
   89    0.1953125000000000E-03    0.1061706542968750E-02
   90   -0.1269531250000000E-02    0.8807754516601562E-03
   91   -0.3808593750000000E-02    0.8138656616210937E-03
   92   -0.5566406250000000E-02    0.1347999572753906E-02
   93   -0.2949218750000000E-02    0.1237602233886719E-02
   94    0.3359375000000000E-02    0.1090850830078125E-02
   95   -0.1171875000000000E-03    0.9319305419921875E-03
   96   -0.1679687500000000E-02    0.8862304687500000E-03
   97    0.2128906250000000E-02    0.1065711975097656E-02
   98   -0.5664062500000000E-03    0.1009712219238281E-02
   99   -0.1640625000000000E-02    0.1008224487304688E-02
  100   -0.2031250000000000E-02    0.9309387207031250E-03
