# time =    0.4557
    0    0.1000000000000000E+01    0.1000000000000000E+01
    1    0.2611132812500000E+00    0.6905437469482421E-01
    2    0.7398437500000000E-01    0.6403350830078125E-02
    3    0.1865234375000000E-01    0.1304588317871094E-02
    4    0.5664062500000000E-03    0.1195793151855469E-02
    5   -0.3144531250000000E-02    0.9698867797851562E-03
    6   -0.3730468750000000E-02    0.1091194152832031E-02
    7    0.2539062500000000E-02    0.1052322387695313E-02
    8    0.1855468750000000E-02    0.9937667846679687E-03
    9    0.1054687500000000E-02    0.1135101318359375E-02
   10   -0.2109375000000000E-02    0.1065750122070312E-02
   11   -0.1582031250000000E-02    0.6963729858398438E-03
   12    0.6054687500000000E-03    0.8983993530273437E-03
   13    0.5546875000000000E-02    0.1090850830078125E-02
   14    0.1015625000000000E-02    0.1044387817382812E-02
   15   -0.2988281250000000E-02    0.8757400512695312E-03
   16   -0.2929687500000000E-02    0.1020278930664062E-02
   17   -0.1250000000000000E-02    0.1054763793945312E-02
   18    0.4492187500000000E-03    0.9057235717773438E-03
   19   -0.1015625000000000E-02    0.1077041625976562E-02
   20   -0.4414062500000000E-02    0.8508300781250000E-03
   21   -0.4746093750000000E-02    0.1078071594238281E-02
   22   -0.4667968750000000E-02    0.9656143188476562E-03
   23    0.3925781250000000E-02    0.8482742309570313E-03
   24    0.3261718750000000E-02    0.9846115112304688E-03
   25    0.4492187500000000E-03    0.7715988159179688E-03
   26    0.1601562500000000E-02    0.9966278076171875E-03
   27   -0.1406250000000000E-02    0.1094131469726562E-02
   28   -0.1308593750000000E-02    0.7870864868164063E-03
   29   -0.8203125000000000E-03    0.1083145141601562E-02
   30   -0.2968750000000000E-02    0.8701324462890625E-03
   31   -0.1738281250000000E-02    0.9107589721679688E-03
   32    0.1132812500000000E-02    0.7695770263671875E-03
   33    0.1816406250000000E-02    0.1145439147949219E-02
   34   -0.9570312500000000E-03    0.9717941284179688E-03
   35   -0.1230468750000000E-02    0.7833480834960937E-03
   36   -0.2949218750000000E-02    0.1096916198730469E-02
   37   -0.8593750000000001E-02    0.1156311035156250E-02
   38   -0.2148437500000000E-03    0.9926986694335938E-03
   39   -0.2109375000000000E-02    0.1006011962890625E-02
   40   -0.5507812500000000E-02    0.1189117431640625E-02
   41   -0.2011718750000000E-02    0.8454513549804687E-03
   42   -0.2539062500000000E-02    0.7739257812500000E-03
   43   -0.1367187500000000E-03    0.1039237976074219E-02
   44    0.5019531250000000E-02    0.8309555053710938E-03
   45    0.3339843750000000E-02    0.9366226196289063E-03
   46    0.1972656250000000E-02    0.8441543579101562E-03
   47   -0.3007812500000000E-02    0.1024703979492188E-02
   48   -0.1425781250000000E-02    0.8987045288085938E-03
   49   -0.3515625000000000E-03    0.9676361083984375E-03
   50   -0.4609375000000000E-02    0.8006286621093750E-03
   51   -0.5390625000000000E-02    0.9902191162109374E-03
   52   -0.3945312500000000E-02    0.9226226806640626E-03
   53   -0.1640625000000000E-02    0.9095764160156250E-03
   54    0.0000000000000000E+00    0.8434295654296875E-03
   55    0.1601562500000000E-02    0.8432006835937500E-03
   56   -0.2656250000000000E-02    0.1053237915039063E-02
   57    0.3652343750000000E-02    0.7896804809570312E-03
   58   -0.3300781250000000E-02    0.9204483032226562E-03
   59    0.1289062500000000E-02    0.7600402832031250E-03
   60   -0.5078125000000000E-03    0.8335876464843750E-03
   61   -0.2246093750000000E-02    0.1021537780761719E-02
   62   -0.4355468750000000E-02    0.7809829711914062E-03
   63   -0.3984375000000000E-02    0.8332824707031250E-03
   64   -0.2558593750000000E-02    0.1124992370605469E-02
   65   -0.2597656250000000E-02    0.7992935180664063E-03
   66   -0.2011718750000000E-02    0.8141708374023438E-03
   67   -0.2753906250000000E-02    0.8015823364257812E-03
   68   -0.1503906250000000E-02    0.1087379455566406E-02
   69    0.1289062500000000E-02    0.1142196655273438E-02
   70   -0.3183593750000000E-02    0.1087379455566406E-02
   71    0.3378906250000000E-02    0.1049690246582031E-02
   72    0.2265625000000000E-02    0.1116027832031250E-02
   73    0.1835937500000000E-02    0.7754516601562500E-03
   74   -0.2050781250000000E-02    0.1078910827636719E-02
   75   -0.1914062500000000E-02    0.1020050048828125E-02
   76    0.1562500000000000E-03    0.7726287841796875E-03
   77    0.2851562500000000E-02    0.7035827636718750E-03
   78    0.1796875000000000E-02    0.8480834960937500E-03
   79    0.1464843750000000E-02    0.8784866333007812E-03
   80   -0.2226562500000000E-02    0.8497619628906250E-03
   81    0.2539062500000000E-02    0.1175460815429687E-02
   82    0.1113281250000000E-02    0.8495712280273438E-03
   83    0.3691406250000000E-02    0.1058235168457031E-02
   84    0.3867187500000000E-02    0.9982299804687500E-03
   85    0.3359375000000000E-02    0.8274078369140625E-03
   86   -0.8398437500000000E-03    0.8832931518554688E-03
   87   -0.1308593750000000E-02    0.8211898803710938E-03
   88    0.3613281250000000E-02    0.9325790405273437E-03
   89    0.2558593750000000E-02    0.7875442504882812E-03
   90   -0.3906250000000000E-04    0.8895111083984375E-03
   91    0.2109375000000000E-02    0.1019744873046875E-02
   92    0.5605468750000000E-02    0.6885147094726563E-03
   93   -0.1445312500000000E-02    0.7814025878906250E-03
   94   -0.2187500000000000E-02    0.1078643798828125E-02
   95   -0.5664062500000000E-03    0.1044044494628906E-02
   96    0.4453125000000000E-02    0.1194992065429687E-02
   97    0.9570312500000000E-03    0.9172439575195312E-03
   98    0.3906250000000000E-03    0.9492492675781250E-03
   99    0.6250000000000000E-03    0.9207153320312501E-03
  100    0.2832031250000000E-02    0.1027870178222656E-02
