# time =    0.4755
    0    0.1000000000000000E+01    0.1000000000000000E+01
    1    0.2234179687500000E+00    0.5085460662841797E-01
    2    0.5667968750000000E-01    0.4233856201171875E-02
    3    0.1191406250000000E-01    0.1261367797851563E-02
    4    0.6757812500000000E-02    0.8773803710937500E-03
    5    0.7480468750000000E-02    0.1074638366699219E-02
    6    0.1113281250000000E-02    0.8864212036132813E-03
    7   -0.3632812500000000E-02    0.9861755371093749E-03
    8   -0.1406250000000000E-02    0.1032943725585937E-02
    9   -0.3398437500000000E-02    0.6730651855468750E-03
   10   -0.3652343750000000E-02    0.1048469543457031E-02
   11   -0.3457031250000000E-02    0.9338760375976563E-03
   12   -0.2343750000000000E-02    0.1057815551757813E-02
   13   -0.3027343750000000E-02    0.8948135375976562E-03
   14    0.2871093750000000E-02    0.7959365844726563E-03
   15    0.3750000000000000E-02    0.8344268798828125E-03
   16    0.3789062500000000E-02    0.7930755615234375E-03
   17    0.7617187500000000E-03    0.7944107055664062E-03
   18    0.2519531250000000E-02    0.1054573059082031E-02
   19   -0.4687500000000000E-03    0.8830261230468750E-03
   20   -0.4882812500000000E-03    0.9434127807617188E-03
   21    0.2734375000000000E-02    0.9861755371093749E-03
   22    0.2832031250000000E-02    0.8159255981445312E-03
   23    0.4492187500000000E-03    0.8964157104492188E-03
   24    0.1074218750000000E-02    0.1114540100097656E-02
   25    0.5097656250000000E-02    0.1098289489746094E-02
   26    0.1171875000000000E-02    0.8828735351562500E-03
   27    0.1757812500000000E-02    0.1172332763671875E-02
   28    0.2050781250000000E-02    0.1107215881347656E-02
   29    0.4980468750000000E-02    0.8650588989257813E-03
   30    0.5292968750000000E-02    0.8201980590820312E-03
   31    0.6835937500000000E-03    0.9464645385742188E-03
   32    0.8007812499999999E-02    0.1113967895507812E-02
   33    0.2792968750000000E-02    0.7734298706054688E-03
   34   -0.2500000000000000E-02    0.1108169555664062E-02
   35    0.3476562500000000E-02    0.1028900146484375E-02
   36    0.4980468750000000E-02    0.9354019165039063E-03
   37    0.1562500000000000E-03    0.8664703369140624E-03
   38   -0.1347656250000000E-02    0.9665298461914063E-03
   39    0.1464843750000000E-02    0.9996414184570313E-03
   40    0.2089843750000000E-02    0.9947586059570312E-03
   41    0.6113281250000000E-02    0.9545516967773437E-03
   42    0.4433593750000000E-02    0.1032218933105469E-02
   43    0.1171875000000000E-03    0.9474945068359375E-03
   44    0.2617187500000000E-02    0.8635711669921875E-03
   45   -0.1269531250000000E-02    0.8886337280273437E-03
   46    0.2734375000000000E-03    0.8933258056640625E-03
   47   -0.2031250000000000E-02    0.8060455322265625E-03
   48   -0.5566406250000000E-02    0.1007881164550781E-02
   49   -0.2675781250000000E-02    0.9068679809570312E-03
   50    0.0000000000000000E+00    0.1108474731445312E-02
   51   -0.2070312500000000E-02    0.9668731689453125E-03
   52   -0.1953125000000000E-04    0.8732223510742187E-03
   53   -0.4218750000000000E-02    0.1072921752929687E-02
   54   -0.5664062500000000E-03    0.1050224304199219E-02
   55   -0.5175781250000000E-02    0.1052360534667969E-02
   56   -0.4121093750000000E-02    0.9058761596679687E-03
   57    0.9570312500000000E-03    0.1001853942871094E-02
   58    0.2128906250000000E-02    0.1117591857910156E-02
   59    0.7031250000000000E-02    0.1022338867187500E-02
   60    0.3339843750000000E-02    0.1189460754394531E-02
   61    0.1855468750000000E-02    0.9769058227539062E-03
   62    0.4628906250000000E-02    0.1105690002441406E-02
   63    0.2421875000000000E-02    0.1255493164062500E-02
   64    0.1621093750000000E-02    0.1026420593261719E-02
   65    0.2500000000000000E-02    0.8026123046875000E-03
   66   -0.1835937500000000E-02    0.6162261962890625E-03
   67    0.5625000000000000E-02    0.9362792968750000E-03
   68    0.8632812500000000E-02    0.1344146728515625E-02
   69    0.5292968750000000E-02    0.8855819702148438E-03
   70    0.1601562500000000E-02    0.1257019042968750E-02
   71   -0.9960937500000000E-03    0.1055030822753906E-02
   72   -0.2246093750000000E-02    0.9650802612304688E-03
   73   -0.2910156250000000E-02    0.1082725524902344E-02
   74   -0.3632812500000000E-02    0.1156692504882813E-02
   75   -0.3417968750000000E-02    0.8235549926757812E-03
   76    0.2890625000000000E-02    0.6054687500000000E-03
   77   -0.3339843750000000E-02    0.1029853820800781E-02
   78    0.2382812500000000E-02    0.1049804687500000E-02
   79    0.5761718750000000E-02    0.1045722961425781E-02
   80    0.7675781250000000E-02    0.1066474914550781E-02
   81   -0.1074218750000000E-02    0.1073951721191406E-02
   82    0.5234375000000000E-02    0.9659576416015625E-03
   83   -0.2695312500000000E-02    0.1149597167968750E-02
   84   -0.8007812500000000E-03    0.1033821105957031E-02
   85   -0.4492187500000000E-02    0.1082229614257812E-02
   86    0.1914062500000000E-02    0.8707427978515625E-03
   87   -0.8320312500000000E-02    0.1200714111328125E-02
   88   -0.6445312500000000E-02    0.1182708740234375E-02
   89    0.1054687500000000E-02    0.7952880859375000E-03
   90    0.1875000000000000E-02    0.1141815185546875E-02
   91    0.4375000000000000E-02    0.1095199584960938E-02
   92   -0.5468750000000001E-03    0.1136245727539063E-02
   93    0.4785156250000000E-02    0.8401107788085937E-03
   94   -0.1523437500000000E-02    0.1147842407226562E-02
   95    0.2812500000000000E-02    0.9768676757812499E-03
   96   -0.3750000000000000E-02    0.8410644531250000E-03
   97   -0.5000000000000000E-02    0.1110153198242187E-02
   98    0.2031250000000000E-02    0.1124572753906250E-02
   99   -0.1425781250000000E-02    0.1160850524902344E-02
  100    0.5898437500000000E-02    0.1072845458984375E-02
