# time =    0.4534
    0    0.1000000000000000E+01    0.1000000000000000E+01
    1    0.1792773437500000E+00    0.3304874420166016E-01
    2    0.3119140625000000E-01    0.1758766174316406E-02
    3    0.4726562500000000E-02    0.9199523925781250E-03
    4   -0.5859375000000000E-03    0.1125564575195313E-02
    5    0.1933593750000000E-02    0.1073341369628906E-02
    6   -0.5078125000000000E-03    0.1165695190429687E-02
    7   -0.2324218750000000E-02    0.8237075805664063E-03
    8    0.2792968750000000E-02    0.8111190795898437E-03
    9   -0.4492187500000000E-03    0.1036186218261719E-02
   10    0.4101562500000000E-03    0.1056022644042969E-02
   11   -0.2929687500000000E-03    0.9617233276367188E-03
   12   -0.4687500000000000E-02    0.8077239990234375E-03
   13    0.2382812500000000E-02    0.1107330322265625E-02
   14    0.7812500000000000E-04    0.9532928466796875E-03
   15   -0.1074218750000000E-02    0.8841323852539063E-03
   16   -0.6835937500000000E-03    0.9449386596679688E-03
   17   -0.9179687499999999E-03    0.1082801818847656E-02
   18   -0.5957031250000000E-02    0.1234397888183594E-02
   19   -0.1250000000000000E-02    0.7556915283203125E-03
   20    0.3925781250000000E-02    0.1223945617675781E-02
   21   -0.4023437500000000E-02    0.1316146850585937E-02
   22    0.7031250000000000E-03    0.1155624389648437E-02
   23   -0.7421875000000000E-03    0.1062011718750000E-02
   24    0.8203125000000000E-03    0.8083343505859375E-03
   25    0.1816406250000000E-02    0.8675765991210938E-03
   26    0.1582031250000000E-02    0.1084403991699219E-02
   27    0.7578125000000000E-02    0.8923339843750000E-03
   28   -0.7812500000000000E-04    0.8783721923828125E-03
   29   -0.3652343750000000E-02    0.1076087951660156E-02
   30   -0.5820312500000000E-02    0.1004180908203125E-02
   31    0.7812500000000000E-04    0.1039276123046875E-02
   32   -0.2265625000000000E-02    0.1137542724609375E-02
   33   -0.3046875000000000E-02    0.8070373535156250E-03
   34    0.2109375000000000E-02    0.1093292236328125E-02
   35    0.8984375000000000E-03    0.8268737792968750E-03
   36    0.2812500000000000E-02    0.9712982177734375E-03
   37    0.1542968750000000E-02    0.1082954406738281E-02
   38    0.3437500000000000E-02    0.8786010742187500E-03
   39    0.1718750000000000E-02    0.1246795654296875E-02
   40    0.6445312500000000E-02    0.1198425292968750E-02
   41    0.3281250000000000E-02    0.1035614013671875E-02
   42    0.1855468750000000E-02    0.8720016479492188E-03
   43    0.2382812500000000E-02    0.9268951416015625E-03
   44    0.5429687500000000E-02    0.8737182617187500E-03
   45    0.4628906250000000E-02    0.1290779113769531E-02
   46    0.3574218750000000E-02    0.1021614074707031E-02
   47    0.7226562500000000E-02    0.8792114257812500E-03
   48    0.1718750000000000E-02    0.8699798583984375E-03
   49   -0.7031250000000000E-03    0.9584808349609375E-03
   50   -0.1953125000000000E-03    0.9217071533203125E-03
   51   -0.2128906250000000E-02    0.1145591735839844E-02
   52   -0.1152343750000000E-02    0.8989334106445313E-03
   53   -0.4472656250000000E-02    0.1067161560058594E-02
   54   -0.1386718750000000E-02    0.9534835815429687E-03
   55    0.2773437500000000E-02    0.1029815673828125E-02
   56    0.8007812500000000E-03    0.6317520141601563E-03
   57   -0.7617187500000000E-03    0.1021919250488281E-02
   58    0.3906250000000000E-03    0.1319656372070312E-02
   59    0.5957031250000000E-02    0.7149124145507812E-03
   60    0.6699218750000000E-02    0.9751510620117187E-03
   61    0.2636718750000000E-02    0.9405899047851562E-03
   62   -0.1250000000000000E-02    0.1036376953125000E-02
   63    0.1425781250000000E-02    0.1069145202636719E-02
   64   -0.2148437500000000E-03    0.1066246032714844E-02
   65   -0.1933593750000000E-02    0.1049690246582031E-02
   66   -0.5703125000000000E-02    0.1137313842773437E-02
   67    0.1757812500000000E-03    0.9164810180664062E-03
   68   -0.5996093750000000E-02    0.8291244506835937E-03
   69    0.5429687500000000E-02    0.1097259521484375E-02
   70   -0.3789062500000000E-02    0.8704376220703125E-03
   71    0.5664062500000000E-03    0.1140403747558594E-02
   72    0.3164062500000000E-02    0.1185607910156250E-02
   73    0.7812500000000000E-04    0.8802795410156250E-03
   74   -0.2363281250000000E-02    0.1001472473144531E-02
   75   -0.3925781250000000E-02    0.9252548217773438E-03
   76   -0.1953125000000000E-04    0.9771347045898437E-03
   77    0.5449218750000000E-02    0.8584213256835938E-03
   78    0.1992187500000000E-02    0.1077880859375000E-02
   79   -0.2753906250000000E-02    0.1158866882324219E-02
   80   -0.1777343750000000E-02    0.9882736206054687E-03
   81   -0.4121093750000000E-02    0.8862686157226563E-03
   82   -0.1015625000000000E-02    0.1074600219726562E-02
   83   -0.4433593750000000E-02    0.1083946228027344E-02
   84    0.4785156250000000E-02    0.1003990173339844E-02
   85   -0.1660156250000000E-02    0.9582138061523437E-03
   86   -0.3515625000000000E-03    0.1035919189453125E-02
   87   -0.2734375000000000E-02    0.9122467041015624E-03
   88    0.2851562500000000E-02    0.9051513671875000E-03
   89   -0.2929687500000000E-03    0.9507369995117187E-03
   90    0.2343750000000000E-03    0.1029129028320312E-02
   91    0.1152343750000000E-02    0.9109878540039063E-03
   92   -0.7617187500000000E-03    0.7625198364257812E-03
   93    0.3320312500000000E-03    0.9299087524414063E-03
   94    0.2656250000000000E-02    0.1046600341796875E-02
   95    0.1093750000000000E-02    0.1160125732421875E-02
   96    0.4355468750000000E-02    0.1072654724121094E-02
   97    0.2226562500000000E-02    0.1183013916015625E-02
   98   -0.4785156250000000E-02    0.1299858093261719E-02
   99   -0.1132812500000000E-02    0.8993530273437500E-03
  100   -0.9765625000000001E-04    0.1048316955566406E-02
