# time =    0.4778
    0    0.1000000000000000E+01    0.1000000000000000E+01
    1    0.2422265625000000E+00    0.5974044799804688E-01
    2    0.7945312500000000E-01    0.7350387573242187E-02
    3    0.3154296875000000E-01    0.1885643005371094E-02
    4    0.1527343750000000E-01    0.1249237060546875E-02
    5    0.6523437500000000E-02    0.9059906005859375E-03
    6    0.4238281250000000E-02    0.8977127075195313E-03
    7   -0.1914062500000000E-02    0.9519958496093750E-03
    8   -0.3007812500000000E-02    0.1337356567382812E-02
    9    0.1953125000000000E-03    0.1104278564453125E-02
   10    0.4492187500000000E-02    0.9427642822265624E-03
   11   -0.2226562500000000E-02    0.1085891723632813E-02
   12   -0.2187500000000000E-02    0.8882904052734376E-03
   13   -0.5859375000000000E-03    0.8493041992187499E-03
   14   -0.9765625000000001E-04    0.8723068237304687E-03
   15    0.2246093750000000E-02    0.1077156066894531E-02
   16    0.5449218750000000E-02    0.1085777282714844E-02
   17    0.1855468750000000E-02    0.9385299682617188E-03
   18    0.2929687500000000E-03    0.1277275085449219E-02
   19    0.1425781250000000E-02    0.8623886108398437E-03
   20    0.4765625000000000E-02    0.1003646850585938E-02
   21    0.2558593750000000E-02    0.1050529479980469E-02
   22    0.1230468750000000E-02    0.9093856811523437E-03
   23   -0.3925781250000000E-02    0.8571243286132812E-03
   24    0.1640625000000000E-02    0.1132583618164062E-02
   25   -0.7421875000000000E-03    0.7275390625000000E-03
   26    0.3359375000000000E-02    0.9537506103515625E-03
   27   -0.1914062500000000E-02    0.8525848388671875E-03
   28   -0.3066406250000000E-02    0.8221817016601563E-03
   29    0.1054687500000000E-02    0.1087417602539063E-02
   30    0.2226562500000000E-02    0.1021804809570313E-02
   31   -0.1367187500000000E-02    0.1021194458007812E-02
   32   -0.1718750000000000E-02    0.9394836425781250E-03
   33   -0.4140625000000000E-02    0.9080505371093750E-03
   34   -0.9960937500000000E-03    0.9409713745117187E-03
   35    0.7382812500000000E-02    0.8880615234375000E-03
   36    0.2871093750000000E-02    0.1124382019042969E-02
   37    0.3125000000000000E-03    0.1002731323242188E-02
   38    0.1464843750000000E-02    0.7833480834960937E-03
   39    0.1562500000000000E-03    0.1200790405273437E-02
   40    0.5859375000000000E-03    0.9873199462890625E-03
   41   -0.3007812500000000E-02    0.9083557128906250E-03
   42    0.1699218750000000E-02    0.9358596801757813E-03
   43    0.3496093750000000E-02    0.9956741333007812E-03
   44    0.4843750000000000E-02    0.1098403930664062E-02
   45    0.5546875000000000E-02    0.8021545410156250E-03
   46    0.1250000000000000E-02    0.8151245117187500E-03
   47    0.2480468750000000E-02    0.8346939086914063E-03
   48    0.5058593750000000E-02    0.1106529235839844E-02
   49   -0.1191406250000000E-02    0.7085037231445312E-03
   50    0.7226562500000000E-02    0.7901000976562500E-03
   51    0.2539062500000000E-03    0.9051895141601562E-03
   52    0.8203125000000000E-03    0.9844970703124999E-03
   53   -0.1933593750000000E-02    0.9879684448242188E-03
   54   -0.1523437500000000E-02    0.1019439697265625E-02
   55   -0.2324218750000000E-02    0.9421157836914062E-03
   56    0.3281250000000000E-02    0.9980773925781249E-03
   57    0.3945312500000000E-02    0.9352111816406250E-03
   58    0.5488281250000000E-02    0.1175804138183594E-02
   59    0.2324218750000000E-02    0.1041984558105469E-02
   60   -0.3906250000000000E-04    0.1109466552734375E-02
   61    0.3710937500000000E-02    0.9995269775390624E-03
   62   -0.8007812500000000E-03    0.1021995544433594E-02
   63    0.9960937500000000E-03    0.9364700317382813E-03
   64   -0.2578125000000000E-02    0.9428405761718750E-03
   65    0.9765625000000001E-04    0.1181221008300781E-02
   66    0.2343750000000000E-02    0.8313751220703125E-03
   67   -0.5605468750000000E-02    0.9684371948242188E-03
   68   -0.7421875000000000E-03    0.9739685058593750E-03
   69   -0.4082031250000000E-02    0.1087913513183594E-02
   70   -0.2089843750000000E-02    0.1029548645019531E-02
   71    0.5859375000000000E-03    0.1080474853515625E-02
   72   -0.1074218750000000E-02    0.1083717346191406E-02
   73   -0.5625000000000000E-02    0.8575439453125000E-03
   74   -0.1230468750000000E-02    0.7439041137695312E-03
   75    0.1210937500000000E-02    0.7919311523437500E-03
   76   -0.5273437500000000E-03    0.9452438354492187E-03
   77    0.7968750000000000E-02    0.1173706054687500E-02
   78    0.5605468750000000E-02    0.9999465942382812E-03
   79    0.9570312500000000E-03    0.1137580871582031E-02
   80    0.1015625000000000E-02    0.9619140625000000E-03
   81   -0.1777343750000000E-02    0.1085472106933594E-02
   82    0.1171875000000000E-03    0.1043853759765625E-02
   83   -0.4375000000000000E-02    0.1168518066406250E-02
   84    0.5468750000000001E-03    0.9248352050781250E-03
   85    0.3125000000000000E-02    0.9262847900390625E-03
   86    0.1425781250000000E-02    0.1032218933105469E-02
   87   -0.6640625000000000E-03    0.9272766113281250E-03
   88   -0.3046875000000000E-02    0.7450866699218750E-03
   89    0.1367187500000000E-02    0.1127014160156250E-02
   90   -0.5468750000000001E-03    0.8795928955078125E-03
   91    0.4277343750000000E-02    0.9697341918945313E-03
   92    0.3417968750000000E-02    0.7695388793945312E-03
   93    0.2070312500000000E-02    0.8612060546875000E-03
   94   -0.1015625000000000E-02    0.8596038818359375E-03
   95   -0.4472656250000000E-02    0.1377372741699219E-02
   96   -0.1582031250000000E-02    0.1089668273925781E-02
   97    0.3574218750000000E-02    0.9780502319335937E-03
   98    0.6660156250000000E-02    0.1040077209472656E-02
   99    0.7812500000000000E-03    0.7395172119140626E-03
  100   -0.4882812500000000E-03    0.1456336975097656E-02
