# time =    0.4744
    0    0.1000000000000000E+01    0.1000000000000000E+01
    1    0.1899218750000000E+00    0.3685081481933594E-01
    2    0.3894531250000000E-01    0.2563705444335937E-02
    3    0.9785156250000000E-02    0.8797836303710937E-03
    4    0.3398437500000000E-02    0.9199523925781250E-03
    5    0.9179687499999999E-03    0.9003829956054688E-03
    6    0.4687500000000000E-03    0.9515380859375000E-03
    7   -0.3789062500000000E-02    0.8758544921875000E-03
    8    0.9765625000000000E-03    0.1094360351562500E-02
    9    0.3339843750000000E-02    0.9776687622070313E-03
   10    0.1093750000000000E-02    0.8740997314453124E-03
   11    0.3066406250000000E-02    0.1017036437988281E-02
   12   -0.4355468750000000E-02    0.1033134460449219E-02
   13   -0.8984375000000000E-03    0.9957122802734374E-03
   14   -0.4023437500000000E-02    0.1188735961914063E-02
   15    0.1777343750000000E-02    0.8090591430664063E-03
   16    0.1562500000000000E-03    0.9421539306640625E-03
   17    0.1406250000000000E-02    0.8842468261718750E-03
   18   -0.2910156250000000E-02    0.7273483276367187E-03
   19    0.1953125000000000E-02    0.9026336669921875E-03
   20   -0.2285156250000000E-02    0.1282310485839844E-02
   21    0.9960937500000000E-03    0.8740615844726562E-03
   22   -0.7812500000000000E-03    0.1159667968750000E-02
   23    0.3867187500000000E-02    0.9443664550781250E-03
   24    0.6640625000000000E-03    0.9930419921875000E-03
   25   -0.9375000000000000E-03    0.1154708862304687E-02
   26   -0.3222656250000000E-02    0.1082496643066406E-02
   27   -0.5468750000000000E-02    0.8552551269531250E-03
   28   -0.6054687500000000E-03    0.9272384643554687E-03
   29   -0.1484375000000000E-02    0.1169128417968750E-02
   30   -0.1855468750000000E-02    0.1181831359863281E-02
   31    0.3515625000000000E-02    0.1167602539062500E-02
   32    0.2500000000000000E-02    0.1073379516601562E-02
   33    0.3515625000000000E-02    0.1061325073242188E-02
   34    0.3339843750000000E-02    0.1099281311035156E-02
   35    0.1562500000000000E-03    0.8869934082031250E-03
   36    0.5664062500000000E-03    0.8889389038085938E-03
   37   -0.2382812500000000E-02    0.8541107177734375E-03
   38   -0.2031250000000000E-02    0.9098052978515625E-03
   39   -0.1171875000000000E-02    0.9464263916015625E-03
   40   -0.1015625000000000E-02    0.9603881835937500E-03
   41    0.3574218750000000E-02    0.1117668151855469E-02
   42   -0.1250000000000000E-02    0.1149291992187500E-02
   43   -0.1953125000000000E-03    0.1166687011718750E-02
   44    0.1582031250000000E-02    0.9720993041992188E-03
   45   -0.1152343750000000E-02    0.9689712524414062E-03
   46   -0.9960937500000000E-03    0.1218833923339844E-02
   47   -0.2753906250000000E-02    0.9341049194335938E-03
   48    0.4218750000000000E-02    0.8976745605468750E-03
   49    0.3886718750000000E-02    0.1033363342285156E-02
   50   -0.1484375000000000E-02    0.9974670410156251E-03
   51    0.2441406250000000E-02    0.6750869750976562E-03
   52    0.4375000000000000E-02    0.1030578613281250E-02
   53   -0.8203125000000000E-03    0.1159057617187500E-02
   54   -0.8203125000000000E-03    0.1206436157226562E-02
   55   -0.5878906250000000E-02    0.8986282348632812E-03
   56    0.3808593750000000E-02    0.9004592895507813E-03
   57    0.4179687500000000E-02    0.1085739135742188E-02
   58    0.2636718750000000E-02    0.9125137329101563E-03
   59   -0.2714843750000000E-02    0.9101486206054688E-03
   60    0.1875000000000000E-02    0.8966827392578125E-03
   61    0.4042968750000000E-02    0.6175613403320312E-03
   62    0.1718750000000000E-02    0.9568786621093750E-03
   63    0.3300781250000000E-02    0.9390640258789062E-03
   64   -0.2226562500000000E-02    0.9387969970703125E-03
   65    0.1679687500000000E-02    0.1202697753906250E-02
   66   -0.8046875000000000E-02    0.1070251464843750E-02
   67   -0.4511718750000000E-02    0.8993148803710938E-03
   68   -0.7148437500000000E-02    0.1044464111328125E-02
   69   -0.3085937500000000E-02    0.7667541503906250E-03
   70   -0.1230468750000000E-02    0.1082344055175781E-02
   71   -0.1757812500000000E-02    0.8673858642578125E-03
   72   -0.3222656250000000E-02    0.1181449890136719E-02
   73   -0.1171875000000000E-03    0.1108245849609375E-02
   74    0.4375000000000000E-02    0.1054840087890625E-02
   75    0.6035156250000000E-02    0.1093101501464844E-02
   76    0.1367187500000000E-02    0.1166839599609375E-02
   77   -0.9375000000000000E-03    0.1075897216796875E-02
   78   -0.4101562500000000E-03    0.1201286315917969E-02
   79    0.1875000000000000E-02    0.8260345458984375E-03
   80    0.2597656250000000E-02    0.1048698425292969E-02
   81    0.5292968750000000E-02    0.9925460815429687E-03
   82    0.1406250000000000E-02    0.1158523559570312E-02
   83    0.1054687500000000E-02    0.1221008300781250E-02
   84    0.3671875000000000E-02    0.8897399902343750E-03
   85   -0.3652343750000000E-02    0.9468460083007813E-03
   86    0.1679687500000000E-02    0.9568786621093750E-03
   87   -0.2226562500000000E-02    0.8634185791015625E-03
   88    0.4101562500000000E-02    0.1278991699218750E-02
   89    0.8984375000000000E-03    0.1117935180664063E-02
   90   -0.2421875000000000E-02    0.8372497558593750E-03
   91    0.2617187500000000E-02    0.9651184082031250E-03
   92   -0.2734375000000000E-02    0.1001434326171875E-02
   93   -0.1699218750000000E-02    0.8657455444335937E-03
   94   -0.9375000000000000E-03    0.1027374267578125E-02
   95   -0.1757812500000000E-02    0.7281494140625000E-03
   96   -0.5449218750000000E-02    0.6926345825195312E-03
   97    0.1464843750000000E-02    0.7528305053710937E-03
   98    0.5664062500000000E-03    0.9991073608398438E-03
   99   -0.1816406250000000E-02    0.1074562072753906E-02
  100   -0.6406250000000000E-02    0.8344268798828125E-03
