# time =    0.4753
    0    0.1000000000000000E+01    0.1000000000000000E+01
    1    0.2450000000000000E+00    0.6087043762207031E-01
    2    0.7720703125000000E-01    0.7024192810058593E-02
    3    0.2949218750000000E-01    0.1629562377929688E-02
    4    0.9160156250000001E-02    0.1484260559082031E-02
    5    0.6816406250000000E-02    0.1028785705566406E-02
    6    0.5898437500000000E-02    0.1069641113281250E-02
    7    0.5117187500000000E-02    0.1159133911132813E-02
    8    0.4179687500000000E-02    0.8810424804687500E-03
    9    0.7031250000000000E-03    0.8019256591796875E-03
   10   -0.7617187500000000E-03    0.9720993041992188E-03
   11   -0.1074218750000000E-02    0.1060447692871094E-02
   12    0.1953125000000000E-03    0.1102523803710937E-02
   13   -0.2070312500000000E-02    0.8875274658203125E-03
   14    0.2011718750000000E-02    0.1061515808105469E-02
   15    0.1523437500000000E-02    0.9868621826171875E-03
   16    0.4472656250000000E-02    0.9116744995117188E-03
   17    0.7812500000000000E-02    0.7714080810546875E-03
   18    0.2148437500000000E-03    0.9554672241210937E-03
   19    0.7910156250000000E-02    0.1122093200683594E-02
   20    0.3320312500000000E-02    0.7801055908203125E-03
   21    0.5273437500000000E-03    0.7508468627929688E-03
   22   -0.1542968750000000E-02    0.8055496215820312E-03
   23   -0.2968750000000000E-02    0.9664154052734375E-03
   24    0.5312500000000000E-02    0.7570648193359375E-03
   25    0.1894531250000000E-02    0.1046104431152344E-02
   26    0.2460937500000000E-02    0.1162719726562500E-02
   27    0.9375000000000000E-03    0.1060562133789062E-02
   28   -0.1367187500000000E-02    0.1042633056640625E-02
   29   -0.1054687500000000E-02    0.9799957275390624E-03
   30    0.1640625000000000E-02    0.1008682250976563E-02
   31    0.7421875000000000E-03    0.6766510009765625E-03
   32    0.2363281250000000E-02    0.9004592895507813E-03
   33   -0.3437500000000000E-02    0.1048583984375000E-02
   34    0.1875000000000000E-02    0.1085205078125000E-02
   35    0.1953125000000000E-04    0.9822463989257813E-03
   36    0.3085937500000000E-02    0.1045074462890625E-02
   37    0.2832031250000000E-02    0.8402633666992188E-03
   38   -0.2402343750000000E-02    0.9879684448242188E-03
   39   -0.2929687500000000E-02    0.1021347045898438E-02
   40    0.2792968750000000E-02    0.9106826782226562E-03
   41    0.3339843750000000E-02    0.9727859497070312E-03
   42   -0.8242187500000000E-02    0.7932281494140625E-03
   43    0.5683593750000000E-02    0.1120109558105469E-02
   44   -0.3515625000000000E-03    0.1004409790039063E-02
   45   -0.9179687499999999E-03    0.1153907775878906E-02
   46    0.9179687499999999E-03    0.7799148559570312E-03
   47   -0.3886718750000000E-02    0.9638595581054687E-03
   48   -0.8203125000000000E-03    0.9349060058593750E-03
   49   -0.2929687500000000E-02    0.1058731079101563E-02
   50   -0.3828125000000000E-02    0.9223937988281250E-03
   51   -0.4277343750000000E-02    0.9157943725585937E-03
   52    0.4140625000000000E-02    0.9422302246093750E-03
   53    0.2148437500000000E-03    0.9543228149414062E-03
   54   -0.1230468750000000E-02    0.9796524047851563E-03
   55   -0.5078125000000000E-03    0.1021423339843750E-02
   56    0.7617187500000000E-03    0.9016036987304687E-03
   57    0.7558593750000000E-02    0.8901596069335937E-03
   58    0.2089843750000000E-02    0.9210586547851562E-03
   59   -0.1953125000000000E-04    0.8280563354492187E-03
   60    0.8398437500000000E-03    0.9898757934570313E-03
   61    0.4023437500000000E-02    0.1029891967773438E-02
   62    0.1523437500000000E-02    0.7976531982421875E-03
   63   -0.1250000000000000E-02    0.8231353759765625E-03
   64    0.2714843750000000E-02    0.1049995422363281E-02
   65    0.4355468750000000E-02    0.7352828979492188E-03
   66   -0.2050781250000000E-02    0.9218215942382813E-03
   67   -0.2382812500000000E-02    0.1109161376953125E-02
   68   -0.1953125000000000E-04    0.8617782592773437E-03
   69    0.1718750000000000E-02    0.1084823608398437E-02
   70    0.2617187500000000E-02    0.9996032714843751E-03
   71   -0.1718750000000000E-02    0.9319305419921875E-03
   72   -0.5273437500000000E-03    0.9919357299804686E-03
   73    0.5097656250000000E-02    0.9266281127929687E-03
   74    0.2929687500000000E-03    0.1012992858886719E-02
   75    0.3105468750000000E-02    0.1187934875488281E-02
   76   -0.1367187500000000E-03    0.8655166625976562E-03
   77    0.6054687500000000E-03    0.1233787536621094E-02
   78   -0.3828125000000000E-02    0.9812927246093750E-03
   79   -0.8867187500000000E-02    0.1357574462890625E-02
   80   -0.4707031250000000E-02    0.8559799194335937E-03
   81   -0.6640625000000000E-03    0.9981536865234376E-03
   82    0.7031250000000000E-03    0.1165008544921875E-02
   83   -0.1679687500000000E-02    0.8967590332031250E-03
   84   -0.5078125000000000E-03    0.9354400634765625E-03
   85    0.7812500000000000E-04    0.8883666992187500E-03
   86    0.1406250000000000E-02    0.9164428710937500E-03
   87    0.3906250000000000E-04    0.8745574951171875E-03
   88   -0.5097656250000000E-02    0.8798599243164063E-03
   89    0.1503906250000000E-02    0.9591293334960938E-03
   90   -0.4628906250000000E-02    0.1317176818847656E-02
   91    0.9765625000000001E-04    0.1025276184082031E-02
   92    0.5078125000000000E-03    0.1004104614257813E-02
   93    0.9960937500000000E-03    0.1119117736816406E-02
   94    0.8007812500000000E-03    0.9360122680664063E-03
   95    0.4589843750000000E-02    0.9843063354492186E-03
   96   -0.8984375000000000E-03    0.6676483154296875E-03
   97    0.6542968750000000E-02    0.1032981872558594E-02
   98   -0.1210937500000000E-02    0.1347503662109375E-02
   99   -0.1972656250000000E-02    0.1031684875488281E-02
  100   -0.2792968750000000E-02    0.9178543090820313E-03
