# time =    0.4777
    0    0.1000000000000000E+01    0.1000000000000000E+01
    1    0.2373046875000000E+00    0.5734565734863281E-01
    2    0.6847656250000000E-01    0.5711593627929687E-02
    3    0.2140625000000000E-01    0.1530609130859375E-02
    4    0.8671875000000001E-02    0.9972381591796876E-03
    5    0.1796875000000000E-02    0.1025085449218750E-02
    6   -0.2226562500000000E-02    0.8572387695312500E-03
    7    0.8007812500000000E-03    0.1073570251464844E-02
    8   -0.7226562500000000E-03    0.9512710571289063E-03
    9   -0.1679687500000000E-02    0.9346008300781250E-03
   10   -0.1875000000000000E-02    0.9136962890625000E-03
   11    0.1445312500000000E-02    0.7437896728515625E-03
   12    0.7382812500000000E-02    0.1132812500000000E-02
   13    0.2539062500000000E-02    0.9956359863281250E-03
   14   -0.7031250000000000E-03    0.1111679077148438E-02
   15    0.4765625000000000E-02    0.9382629394531250E-03
   16   -0.6250000000000000E-03    0.9499359130859375E-03
   17   -0.3906250000000000E-03    0.1095123291015625E-02
   18   -0.2070312500000000E-02    0.1087112426757813E-02
   19    0.2031250000000000E-02    0.9013366699218750E-03
   20    0.2148437500000000E-03    0.8795547485351562E-03
   21    0.8984375000000000E-03    0.1093215942382812E-02
   22    0.1640625000000000E-02    0.9072113037109375E-03
   23   -0.3398437500000000E-02    0.8128356933593750E-03
   24   -0.9765625000000001E-04    0.9192276000976562E-03
   25    0.2539062500000000E-03    0.1193580627441406E-02
   26    0.6523437500000000E-02    0.1212005615234375E-02
   27    0.3437500000000000E-02    0.1001663208007812E-02
   28    0.3417968750000000E-02    0.1165351867675781E-02
   29    0.2089843750000000E-02    0.9560012817382813E-03
   30    0.2792968750000000E-02    0.9669876098632813E-03
   31    0.4257812500000000E-02    0.9735107421875000E-03
   32    0.1054687500000000E-02    0.8869934082031250E-03
   33   -0.1503906250000000E-02    0.6881332397460937E-03
   34   -0.1289062500000000E-02    0.1090698242187500E-02
   35   -0.2031250000000000E-02    0.9429168701171875E-03
   36    0.3710937500000000E-03    0.1037559509277344E-02
   37   -0.2734375000000000E-03    0.1228179931640625E-02
   38   -0.1953125000000000E-02    0.9607696533203126E-03
   39   -0.5859375000000000E-03    0.9550476074218751E-03
   40    0.1875000000000000E-02    0.1189422607421875E-02
   41    0.3359375000000000E-02    0.8483123779296875E-03
   42   -0.2089843750000000E-02    0.1052513122558594E-02
   43    0.2070312500000000E-02    0.1190032958984375E-02
   44    0.4414062500000000E-02    0.1064453125000000E-02
   45    0.4355468750000000E-02    0.1113090515136719E-02
   46    0.1523437500000000E-02    0.9221649169921875E-03
   47   -0.1132812500000000E-02    0.1195449829101562E-02
   48    0.3515625000000000E-03    0.9252166748046875E-03
   49   -0.1328125000000000E-02    0.1030502319335937E-02
   50    0.3125000000000000E-02    0.1196365356445313E-02
   51    0.5488281250000000E-02    0.1111488342285156E-02
   52    0.1757812500000000E-03    0.1141242980957031E-02
   53    0.7597656250000000E-02    0.1140022277832031E-02
   54    0.9667968750000000E-02    0.8725357055664062E-03
   55    0.5156250000000000E-02    0.8419799804687500E-03
   56   -0.7031250000000000E-03    0.8910369873046875E-03
   57    0.1660156250000000E-02    0.9918594360351562E-03
   58    0.2714843750000000E-02    0.1144828796386719E-02
   59    0.4101562500000000E-03    0.7572555541992187E-03
   60   -0.2792968750000000E-02    0.9685897827148437E-03
   61    0.2265625000000000E-02    0.1036758422851562E-02
   62    0.2734375000000000E-02    0.9566497802734375E-03
   63    0.3242187500000000E-02    0.1041488647460937E-02
   64   -0.3300781250000000E-02    0.8943557739257812E-03
   65   -0.5917968750000000E-02    0.9316635131835937E-03
   66    0.4609375000000000E-02    0.8768463134765626E-03
   67   -0.6035156250000000E-02    0.1206245422363281E-02
   68    0.1191406250000000E-02    0.1073112487792969E-02
   69    0.1894531250000000E-02    0.8149337768554687E-03
   70    0.7812500000000000E-04    0.1111297607421875E-02
   71    0.9765625000000000E-03    0.9532165527343750E-03
   72    0.7812500000000000E-03    0.9526824951171875E-03
   73    0.1621093750000000E-02    0.1188163757324219E-02
   74    0.3300781250000000E-02    0.1070442199707031E-02
   75   -0.1894531250000000E-02    0.1113090515136719E-02
   76    0.2910156250000000E-02    0.9126663208007812E-03
   77    0.5429687500000000E-02    0.1049041748046875E-02
   78    0.2343750000000000E-02    0.9017181396484375E-03
   79    0.4062500000000000E-02    0.7687377929687500E-03
   80    0.5566406250000000E-02    0.1086692810058594E-02
   81    0.1308593750000000E-02    0.7143020629882812E-03
   82    0.1796875000000000E-02    0.8606719970703125E-03
   83   -0.1660156250000000E-02    0.9270095825195312E-03
   84    0.4453125000000000E-02    0.1219711303710938E-02
   85   -0.1009765625000000E-01    0.1110038757324219E-02
   86   -0.1113281250000000E-02    0.8298110961914063E-03
   87   -0.3242187500000000E-02    0.9528350830078125E-03
   88   -0.3945312500000000E-02    0.9404754638671875E-03
   89   -0.2402343750000000E-02    0.9596633911132812E-03
   90    0.8007812500000000E-03    0.1006355285644531E-02
   91   -0.9570312500000000E-03    0.8754348754882813E-03
   92   -0.3906250000000000E-04    0.7395935058593750E-03
   93   -0.2792968750000000E-02    0.8143234252929687E-03
   94   -0.5664062500000000E-03    0.7896804809570312E-03
   95   -0.1816406250000000E-02    0.1031761169433594E-02
   96    0.3144531250000000E-02    0.1018714904785156E-02
   97    0.1875000000000000E-02    0.9780120849609375E-03
   98    0.3359375000000000E-02    0.9669494628906250E-03
   99    0.7812500000000000E-03    0.1029815673828125E-02
  100   -0.1367187500000000E-02    0.9533691406250000E-03
