# time =    0.4388
    0    0.1000000000000000E+01    0.1000000000000000E+01
    1    0.3309375000000000E+00    0.1102507781982422E+00
    2    0.1193750000000000E+00    0.1499969482421875E-01
    3    0.4681640625000000E-01    0.3258323669433594E-02
    4    0.2708984375000000E-01    0.1919670104980469E-02
    5    0.1177734375000000E-01    0.1019172668457031E-02
    6    0.4296875000000000E-02    0.9414672851562500E-03
    7   -0.1210937500000000E-02    0.1186981201171875E-02
    8    0.4042968750000000E-02    0.1086540222167969E-02
    9    0.1250000000000000E-02    0.8538055419921875E-03
   10    0.1425781250000000E-02    0.1023826599121094E-02
   11    0.2148437500000000E-03    0.8327102661132812E-03
   12    0.7226562500000000E-03    0.9995651245117186E-03
   13   -0.7949218750000001E-02    0.1024055480957031E-02
   14   -0.4160156250000000E-02    0.1032142639160156E-02
   15   -0.1660156250000000E-02    0.9281539916992188E-03
   16   -0.1601562500000000E-02    0.7176208496093750E-03
   17   -0.2285156250000000E-02    0.9553146362304688E-03
   18   -0.6777343750000000E-02    0.9247970581054688E-03
   19   -0.2871093750000000E-02    0.1096153259277344E-02
   20    0.3476562500000000E-02    0.8457946777343750E-03
   21    0.1953125000000000E-02    0.9479522705078125E-03
   22    0.1171875000000000E-03    0.9053802490234375E-03
   23    0.5273437500000000E-03    0.9963607788085937E-03
   24    0.3964843750000000E-02    0.1047630310058594E-02
   25    0.5644531250000000E-02    0.6739425659179687E-03
   26   -0.3339843750000000E-02    0.1055717468261719E-02
   27   -0.3554687500000000E-02    0.1053009033203125E-02
   28    0.6152343750000000E-02    0.1032295227050781E-02
   29    0.1171875000000000E-02    0.1094131469726562E-02
   30    0.1835937500000000E-02    0.9549713134765625E-03
   31   -0.2363281250000000E-02    0.9057998657226562E-03
   32    0.3906250000000000E-04    0.8206176757812500E-03
   33   -0.3222656250000000E-02    0.1206092834472656E-02
   34   -0.1992187500000000E-02    0.9031677246093750E-03
   35    0.2343750000000000E-03    0.1364135742187500E-02
   36   -0.7617187500000000E-03    0.8490371704101562E-03
   37   -0.7031250000000000E-03    0.9265136718750000E-03
   38   -0.6132812500000000E-02    0.1047897338867187E-02
   39   -0.1425781250000000E-02    0.1104011535644531E-02
   40   -0.3574218750000000E-02    0.8553695678710937E-03
   41   -0.1914062500000000E-02    0.1081237792968750E-02
   42   -0.2285156250000000E-02    0.9863662719726562E-03
   43   -0.2421875000000000E-02    0.8560943603515625E-03
   44    0.3222656250000000E-02    0.9890365600585937E-03
   45    0.3886718750000000E-02    0.8340835571289063E-03
   46   -0.1582031250000000E-02    0.8563613891601563E-03
   47   -0.7304687500000000E-02    0.8088684082031250E-03
   48   -0.4882812500000000E-02    0.1020507812500000E-02
   49   -0.6035156250000000E-02    0.9888839721679688E-03
   50   -0.7695312500000000E-02    0.1221923828125000E-02
   51   -0.4335937500000000E-02    0.9616088867187500E-03
   52   -0.1347656250000000E-02    0.1090660095214844E-02
   53   -0.2949218750000000E-02    0.1261329650878906E-02
   54   -0.2421875000000000E-02    0.9368896484375000E-03
   55   -0.1035156250000000E-02    0.1023902893066406E-02
   56   -0.3515625000000000E-02    0.1073608398437500E-02
   57   -0.1425781250000000E-02    0.9917831420898438E-03
   58   -0.4667968750000000E-02    0.1022300720214844E-02
   59   -0.2148437500000000E-02    0.8635711669921875E-03
   60   -0.1933593750000000E-02    0.1041374206542969E-02
   61   -0.1601562500000000E-02    0.1118774414062500E-02
   62   -0.6640625000000000E-03    0.1035385131835938E-02
   63   -0.3398437500000000E-02    0.8016967773437500E-03
   64    0.5664062500000000E-03    0.9700393676757812E-03
   65    0.3027343750000000E-02    0.9437942504882812E-03
   66    0.3984375000000000E-02    0.9497070312500000E-03
   67    0.2226562500000000E-02    0.9422302246093750E-03
   68   -0.1972656250000000E-02    0.9140396118164063E-03
   69   -0.2714843750000000E-02    0.1032447814941406E-02
   70   -0.5292968750000000E-02    0.9675216674804687E-03
   71    0.1191406250000000E-02    0.9513473510742187E-03
   72    0.1328125000000000E-02    0.1124267578125000E-02
   73   -0.1191406250000000E-02    0.8327102661132812E-03
   74   -0.2265625000000000E-02    0.1190948486328125E-02
   75   -0.1718750000000000E-02    0.9973144531250000E-03
   76   -0.7421875000000000E-03    0.1093673706054687E-02
   77   -0.2089843750000000E-02    0.9490585327148437E-03
   78    0.1777343750000000E-02    0.1124076843261719E-02
   79   -0.4902343750000000E-02    0.1165275573730469E-02
   80   -0.7558593750000000E-02    0.1094551086425781E-02
   81    0.2324218750000000E-02    0.9727096557617188E-03
   82    0.1621093750000000E-02    0.8020401000976562E-03
   83    0.6054687500000000E-03    0.8114242553710938E-03
   84    0.1699218750000000E-02    0.9421157836914062E-03
   85    0.5859375000000000E-03    0.9560394287109375E-03
   86    0.4414062500000000E-02    0.1153030395507812E-02
   87    0.1679687500000000E-02    0.1080703735351563E-02
   88   -0.3398437500000000E-02    0.9816741943359374E-03
   89   -0.3925781250000000E-02    0.1118431091308594E-02
   90   -0.4492187500000000E-02    0.9814453124999999E-03
   91   -0.2148437500000000E-02    0.8860778808593750E-03
   92   -0.2812500000000000E-02    0.9716033935546875E-03
   93   -0.1523437500000000E-02    0.7980346679687500E-03
   94   -0.1972656250000000E-02    0.1039924621582031E-02
   95   -0.2636718750000000E-02    0.8237075805664063E-03
   96    0.4023437500000000E-02    0.1013870239257812E-02
   97    0.5273437500000000E-03    0.7719039916992187E-03
   98   -0.5781250000000000E-02    0.7486724853515625E-03
   99   -0.1621093750000000E-02    0.9243392944335938E-03
  100   -0.5273437500000000E-03    0.7873916625976562E-03
