# time =    0.4325
    0    0.1000000000000000E+01    0.1000000000000000E+01
    1    0.3433203125000000E+00    0.1187300872802734E+00
    2    0.1369531250000000E+00    0.1960556030273437E-01
    3    0.6103515625000000E-01    0.4486579895019532E-02
    4    0.3417968750000000E-01    0.1986465454101563E-02
    5    0.1207031250000000E-01    0.1150894165039062E-02
    6    0.8378906250000000E-02    0.1215171813964844E-02
    7    0.7246093750000000E-02    0.9375381469726563E-03
    8    0.2734375000000000E-02    0.9561920166015625E-03
    9    0.2148437500000000E-03    0.1043357849121094E-02
   10    0.9765625000000001E-04    0.9704971313476562E-03
   11    0.1425781250000000E-02    0.1129264831542969E-02
   12    0.2304687500000000E-02    0.9878540039062499E-03
   13    0.2890625000000000E-02    0.9470367431640625E-03
   14    0.3417968750000000E-02    0.9756851196289063E-03
   15    0.8203125000000000E-03    0.8203125000000000E-03
   16    0.2109375000000000E-02    0.1200027465820312E-02
   17    0.5859375000000000E-03    0.1096038818359375E-02
   18    0.4160156250000000E-02    0.8626937866210938E-03
   19    0.2148437500000000E-02    0.7772827148437500E-03
   20   -0.7812500000000000E-03    0.1011199951171875E-02
   21    0.1015625000000000E-02    0.8827209472656250E-03
   22    0.1093750000000000E-02    0.9776306152343749E-03
   23    0.4726562500000000E-02    0.1145324707031250E-02
   24    0.5488281250000000E-02    0.1094703674316406E-02
   25    0.3847656250000000E-02    0.9045791625976562E-03
   26    0.1718750000000000E-02    0.1027221679687500E-02
   27   -0.4492187500000000E-03    0.1184196472167969E-02
   28   -0.2617187500000000E-02    0.1033554077148437E-02
   29   -0.1093750000000000E-02    0.8042907714843750E-03
   30   -0.1250000000000000E-02    0.8978271484375001E-03
   31    0.6074218750000000E-02    0.7993698120117188E-03
   32    0.1445312500000000E-02    0.7482147216796874E-03
   33   -0.1054687500000000E-02    0.9113311767578125E-03
   34   -0.4628906250000000E-02    0.7397842407226563E-03
   35   -0.6250000000000000E-03    0.1225509643554687E-02
   36   -0.1406250000000000E-02    0.1313858032226563E-02
   37   -0.2226562500000000E-02    0.8326721191406250E-03
   38   -0.4824218750000000E-02    0.8911514282226563E-03
   39   -0.4296875000000000E-02    0.1279754638671875E-02
   40    0.2363281250000000E-02    0.9864425659179687E-03
   41    0.1074218750000000E-02    0.1034049987792969E-02
   42    0.3242187500000000E-02    0.9297180175781250E-03
   43   -0.9375000000000000E-03    0.9719085693359375E-03
   44   -0.3730468750000000E-02    0.9628677368164062E-03
   45    0.4492187500000000E-03    0.9941482543945313E-03
   46   -0.5039062500000000E-02    0.1031646728515625E-02
   47   -0.2343750000000000E-02    0.8823394775390625E-03
   48   -0.1835937500000000E-02    0.7990264892578125E-03
   49    0.6250000000000000E-03    0.7954406738281250E-03
   50   -0.4492187500000000E-03    0.9739303588867188E-03
   51   -0.1386718750000000E-02    0.1097679138183594E-02
   52    0.3515625000000000E-03    0.9709167480468750E-03
   53    0.6015625000000000E-02    0.7510375976562500E-03
   54    0.1503906250000000E-02    0.8597946166992187E-03
   55    0.4218750000000000E-02    0.1170196533203125E-02
   56   -0.2285156250000000E-02    0.1070442199707031E-02
   57    0.5664062500000000E-03    0.1207389831542969E-02
   58   -0.1015625000000000E-02    0.9461975097656250E-03
   59    0.1152343750000000E-02    0.9389877319335938E-03
   60    0.3750000000000000E-02    0.1007537841796875E-02
   61    0.2617187500000000E-02    0.1128845214843750E-02
   62   -0.5820312500000000E-02    0.1044387817382812E-02
   63   -0.1718750000000000E-02    0.8602905273437500E-03
   64   -0.1562500000000000E-03    0.8746337890625000E-03
   65    0.1679687500000000E-02    0.9964752197265626E-03
   66    0.1621093750000000E-02    0.1077690124511719E-02
   67   -0.4843750000000000E-02    0.9543609619140625E-03
   68   -0.1816406250000000E-02    0.8823013305664062E-03
   69   -0.1210937500000000E-02    0.9695434570312500E-03
   70   -0.3691406250000000E-02    0.7455825805664062E-03
   71   -0.1464843750000000E-02    0.8499526977539063E-03
   72   -0.6250000000000000E-03    0.9764862060546875E-03
   73   -0.2714843750000000E-02    0.1069297790527344E-02
   74   -0.4453125000000000E-02    0.1134719848632812E-02
   75   -0.3515625000000000E-02    0.9114074707031250E-03
   76   -0.1445312500000000E-02    0.9716796875000000E-03
   77    0.6425781250000000E-02    0.8626174926757812E-03
   78   -0.5429687500000000E-02    0.8900451660156250E-03
   79    0.7812500000000000E-04    0.1073150634765625E-02
   80   -0.1250000000000000E-02    0.7151031494140625E-03
   81   -0.2968750000000000E-02    0.7987213134765625E-03
   82    0.2539062500000000E-03    0.8458328247070312E-03
   83    0.3808593750000000E-02    0.8593368530273438E-03
   84    0.6113281250000000E-02    0.1124763488769531E-02
   85    0.1152343750000000E-02    0.1329383850097656E-02
   86    0.9375000000000000E-03    0.1069793701171875E-02
   87    0.1171875000000000E-03    0.1122894287109375E-02
   88    0.2773437500000000E-02    0.1078796386718750E-02
   89   -0.5859375000000000E-03    0.8441925048828125E-03
   90   -0.1601562500000000E-02    0.8475494384765625E-03
   91    0.1855468750000000E-02    0.7024002075195312E-03
   92   -0.5078125000000000E-03    0.9877777099609375E-03
   93    0.4003906250000000E-02    0.9202194213867187E-03
   94    0.3984375000000000E-02    0.9584045410156250E-03
   95    0.4453125000000000E-02    0.1039886474609375E-02
   96    0.1464843750000000E-02    0.8780288696289062E-03
   97   -0.1953125000000000E-03    0.1183624267578125E-02
   98    0.5664062500000000E-02    0.9608459472656250E-03
   99    0.2929687500000000E-03    0.8869552612304687E-03
  100   -0.2324218750000000E-02    0.9677505493164062E-03
