# time =    0.4582
    0    0.1000000000000000E+01    0.1000000000000000E+01
    1    0.2682421875000000E+00    0.7270004272460938E-01
    2    0.8218750000000000E-01    0.7936096191406250E-02
    3    0.1980468750000000E-01    0.1278991699218750E-02
    4    0.9921875000000000E-02    0.1189498901367187E-02
    5    0.3867187500000000E-02    0.1020889282226563E-02
    6   -0.1953125000000000E-02    0.9429931640625000E-03
    7    0.8593750000000000E-03    0.7904052734375000E-03
    8   -0.1054687500000000E-02    0.1128158569335938E-02
    9    0.8593750000000000E-03    0.9603881835937500E-03
   10    0.2890625000000000E-02    0.1170806884765625E-02
   11    0.3144531250000000E-02    0.1119041442871094E-02
   12   -0.4218750000000000E-02    0.1124496459960937E-02
   13   -0.1562500000000000E-03    0.1197967529296875E-02
   14    0.2050781250000000E-02    0.9859848022460939E-03
   15   -0.1523437500000000E-02    0.9275817871093750E-03
   16    0.1953125000000000E-04    0.1087379455566406E-02
   17    0.1230468750000000E-02    0.9057235717773438E-03
   18    0.6660156250000000E-02    0.9120559692382813E-03
   19    0.2148437500000000E-02    0.9643554687500000E-03
   20   -0.1562500000000000E-03    0.8550262451171874E-03
   21    0.7324218750000000E-02    0.1031455993652344E-02
   22    0.4472656250000000E-02    0.8831405639648437E-03
   23    0.6464843750000000E-02    0.1083259582519531E-02
   24    0.2363281250000000E-02    0.1016578674316406E-02
   25    0.5253906250000000E-02    0.1108970642089844E-02
   26   -0.5859375000000000E-03    0.1000289916992188E-02
   27   -0.4492187500000000E-03    0.1080360412597656E-02
   28    0.4238281250000000E-02    0.9413528442382813E-03
   29    0.2148437500000000E-03    0.1141700744628906E-02
   30   -0.4179687500000000E-02    0.9788513183593751E-03
   31    0.3125000000000000E-03    0.9197235107421875E-03
   32   -0.2148437500000000E-03    0.9502029418945313E-03
   33    0.7812500000000000E-03    0.7847595214843750E-03
   34   -0.1757812500000000E-03    0.8014297485351563E-03
   35   -0.2148437500000000E-03    0.9337234497070313E-03
   36   -0.2832031250000000E-02    0.8379745483398437E-03
   37    0.3242187500000000E-02    0.8504486083984375E-03
   38    0.2714843750000000E-02    0.6837844848632812E-03
   39    0.3007812500000000E-02    0.1020736694335937E-02
   40    0.1132812500000000E-02    0.8458709716796875E-03
   41    0.1210937500000000E-02    0.1075210571289063E-02
   42    0.9765625000000001E-04    0.1145973205566406E-02
   43   -0.2753906250000000E-02    0.1172523498535156E-02
   44   -0.2890625000000000E-02    0.1106719970703125E-02
   45    0.1054687500000000E-02    0.1039581298828125E-02
   46   -0.1132812500000000E-02    0.1028900146484375E-02
   47    0.4433593750000000E-02    0.1002540588378906E-02
   48    0.3906250000000000E-04    0.9893798828125001E-03
   49   -0.6445312500000000E-02    0.1044235229492188E-02
   50    0.1425781250000000E-02    0.1053199768066406E-02
   51    0.1835937500000000E-02    0.1021575927734375E-02
   52    0.3320312500000000E-03    0.1132621765136719E-02
   53    0.1113281250000000E-02    0.1106452941894531E-02
   54    0.2382812500000000E-02    0.9332275390624999E-03
   55    0.6640625000000000E-03    0.1049346923828125E-02
   56   -0.1464843750000000E-02    0.1067619323730469E-02
   57   -0.2011718750000000E-02    0.9707260131835937E-03
   58   -0.1621093750000000E-02    0.9379959106445312E-03
   59    0.3847656250000000E-02    0.1085014343261719E-02
   60    0.5058593750000000E-02    0.1124076843261719E-02
   61   -0.1425781250000000E-02    0.9775161743164062E-03
   62   -0.3457031250000000E-02    0.9122085571289062E-03
   63   -0.1660156250000000E-02    0.9830093383789062E-03
   64   -0.3867187500000000E-02    0.1284332275390625E-02
   65    0.1953125000000000E-04    0.1188468933105469E-02
   66    0.5859375000000000E-04    0.8678817749023437E-03
   67    0.6640625000000000E-03    0.9306335449218750E-03
   68    0.2363281250000000E-02    0.8839035034179688E-03
   69    0.5078125000000000E-03    0.1001434326171875E-02
   70    0.4531250000000000E-02    0.9182739257812500E-03
   71    0.3789062500000000E-02    0.8214569091796875E-03
   72    0.2656250000000000E-02    0.9024810791015625E-03
   73    0.5175781250000000E-02    0.7422256469726562E-03
   74    0.2597656250000000E-02    0.8852767944335937E-03
   75    0.3808593750000000E-02    0.7663345336914062E-03
   76    0.9570312500000000E-03    0.7426071166992187E-03
   77    0.1347656250000000E-02    0.1182289123535156E-02
   78    0.2695312500000000E-02    0.1030349731445313E-02
   79    0.2539062500000000E-03    0.1025199890136719E-02
   80    0.1992187500000000E-02    0.8705902099609375E-03
   81   -0.1171875000000000E-02    0.1197891235351562E-02
   82    0.1367187500000000E-03    0.8980178833007812E-03
   83    0.1171875000000000E-02    0.8491516113281250E-03
   84   -0.2890625000000000E-02    0.8961486816406250E-03
   85   -0.4707031250000000E-02    0.1065330505371094E-02
   86   -0.3515625000000000E-03    0.9602355957031250E-03
   87    0.1640625000000000E-02    0.9119415283203125E-03
   88    0.3300781250000000E-02    0.9601211547851562E-03
   89    0.7812500000000000E-03    0.7514953613281250E-03
   90   -0.1347656250000000E-02    0.1023750305175781E-02
   91   -0.9238281250000001E-02    0.8796310424804688E-03
   92    0.3769531250000000E-02    0.1132392883300781E-02
   93    0.5664062500000000E-03    0.1077690124511719E-02
   94    0.3183593750000000E-02    0.1089744567871094E-02
   95    0.1210937500000000E-02    0.1071472167968750E-02
   96    0.3398437500000000E-02    0.1089324951171875E-02
   97   -0.1269531250000000E-02    0.9462356567382813E-03
   98    0.1679687500000000E-02    0.8971405029296875E-03
   99    0.3125000000000000E-02    0.8645629882812499E-03
  100   -0.4296875000000000E-03    0.1073760986328125E-02
