# time =    0.4408
    0    0.1000000000000000E+01    0.1000000000000000E+01
    1    0.3465039062500000E+00    0.1206929397583008E+00
    2    0.1657226562500000E+00    0.2840259552001953E-01
    3    0.9427734375000001E-01    0.9868354797363281E-02
    4    0.6433593750000000E-01    0.5317916870117187E-02
    5    0.5076171875000000E-01    0.3693962097167969E-02
    6    0.4019531250000000E-01    0.2440338134765625E-02
    7    0.3523437500000000E-01    0.2163543701171875E-02
    8    0.2826171875000000E-01    0.1812171936035156E-02
    9    0.2693359375000000E-01    0.1583747863769531E-02
   10    0.2076171875000000E-01    0.1148414611816406E-02
   11    0.1591796875000000E-01    0.1149559020996094E-02
   12    0.1160156250000000E-01    0.1332473754882813E-02
   13    0.1085937500000000E-01    0.1196670532226562E-02
   14    0.1033203125000000E-01    0.1047096252441406E-02
   15    0.1039062500000000E-01    0.1165847778320313E-02
   16    0.1363281250000000E-01    0.1049194335937500E-02
   17    0.6816406250000000E-02    0.7610702514648437E-03
   18    0.8789062500000000E-02    0.9004974365234375E-03
   19    0.8593750000000001E-02    0.1163253784179687E-02
   20    0.1162109375000000E-01    0.1026039123535156E-02
   21    0.1046875000000000E-01    0.1180343627929688E-02
   22    0.1015625000000000E-01    0.1172866821289062E-02
   23    0.5156250000000000E-02    0.1013031005859375E-02
   24    0.1367187500000000E-03    0.1032066345214844E-02
   25    0.8203125000000000E-03    0.9268951416015625E-03
   26    0.6074218750000000E-02    0.9255599975585937E-03
   27    0.3242187500000000E-02    0.8479309082031250E-03
   28    0.4433593750000000E-02    0.1023979187011719E-02
   29    0.5039062500000000E-02    0.1270523071289063E-02
   30    0.1367187500000000E-03    0.9840011596679687E-03
   31    0.2324218750000000E-02    0.9743881225585938E-03
   32    0.1953125000000000E-04    0.9199905395507812E-03
   33    0.3515625000000000E-02    0.1012954711914063E-02
   34    0.2441406250000000E-02    0.1035423278808594E-02
   35    0.4082031250000000E-02    0.7740402221679687E-03
   36    0.2011718750000000E-02    0.9126663208007812E-03
   37    0.4023437500000000E-02    0.8245849609375000E-03
   38    0.3066406250000000E-02    0.8701705932617188E-03
   39    0.1367187500000000E-03    0.1007957458496094E-02
   40   -0.2988281250000000E-02    0.1090965270996094E-02
   41   -0.2011718750000000E-02    0.1008644104003906E-02
   42    0.1406250000000000E-02    0.1114349365234375E-02
   43    0.1367187500000000E-03    0.1127357482910156E-02
   44   -0.2343750000000000E-02    0.1250991821289062E-02
   45   -0.8789062500000000E-03    0.1113014221191406E-02
   46    0.2851562500000000E-02    0.1041107177734375E-02
   47    0.2519531250000000E-02    0.8916854858398438E-03
   48    0.3769531250000000E-02    0.9223556518554687E-03
   49    0.5761718750000000E-02    0.8091354370117188E-03
   50    0.4531250000000000E-02    0.8922576904296875E-03
   51    0.7519531250000000E-02    0.8330917358398437E-03
   52    0.3574218750000000E-02    0.8924484252929687E-03
   53    0.5390625000000000E-02    0.1011505126953125E-02
   54    0.5039062500000000E-02    0.8076477050781250E-03
   55    0.2343750000000000E-03    0.7707977294921875E-03
   56    0.1562500000000000E-03    0.9130096435546875E-03
   57   -0.2402343750000000E-02    0.9868240356445312E-03
   58   -0.3515625000000000E-02    0.9394836425781250E-03
   59   -0.3906250000000000E-02    0.9376525878906250E-03
   60    0.2695312500000000E-02    0.8674621582031250E-03
   61   -0.7812500000000000E-04    0.9860229492187501E-03
   62    0.1367187500000000E-03    0.7702255249023437E-03
   63    0.2734375000000000E-03    0.8707427978515625E-03
   64   -0.2988281250000000E-02    0.8368301391601563E-03
   65   -0.2421875000000000E-02    0.9425354003906250E-03
   66   -0.1855468750000000E-02    0.9197616577148438E-03
   67   -0.7265625000000000E-02    0.1066055297851562E-02
   68   -0.2343750000000000E-02    0.1026916503906250E-02
   69   -0.1484375000000000E-02    0.1084976196289063E-02
   70   -0.1113281250000000E-02    0.9974288940429689E-03
   71    0.1953125000000000E-04    0.9872817993164063E-03
   72   -0.3281250000000000E-02    0.1071243286132812E-02
   73   -0.7812500000000000E-03    0.1195297241210937E-02
   74   -0.1250000000000000E-02    0.1247482299804687E-02
   75   -0.2421875000000000E-02    0.9678649902343750E-03
   76    0.8984375000000000E-03    0.9915924072265625E-03
   77   -0.1660156250000000E-02    0.1190605163574219E-02
   78   -0.1835937500000000E-02    0.1059112548828125E-02
   79   -0.1933593750000000E-02    0.8948135375976562E-03
   80   -0.4355468750000000E-02    0.9592056274414062E-03
   81   -0.7226562500000000E-02    0.1126022338867188E-02
   82   -0.7031250000000000E-02    0.1188507080078125E-02
   83   -0.6835937500000000E-03    0.1082572937011719E-02
   84   -0.5468750000000001E-03    0.8796691894531250E-03
   85    0.4101562500000000E-03    0.9770584106445312E-03
   86   -0.7812500000000000E-03    0.9451293945312500E-03
   87   -0.5839843750000000E-02    0.9276962280273437E-03
   88   -0.5644531250000000E-02    0.1222038269042969E-02
   89   -0.2714843750000000E-02    0.9714126586914063E-03
   90   -0.6816406250000000E-02    0.8621597290039062E-03
   91   -0.4316406250000000E-02    0.8977890014648437E-03
   92   -0.3320312500000000E-02    0.1083145141601562E-02
   93   -0.3320312500000000E-02    0.1287155151367188E-02
   94    0.1250000000000000E-02    0.1108703613281250E-02
   95    0.1347656250000000E-02    0.1269493103027344E-02
   96   -0.9570312500000000E-03    0.8369064331054687E-03
   97   -0.1679687500000000E-02    0.9076690673828125E-03
   98   -0.3261718750000000E-02    0.8281326293945313E-03
   99   -0.1406250000000000E-02    0.8524322509765625E-03
  100    0.4375000000000000E-02    0.9738159179687500E-03
