# time =    0.4659
    0    0.1000000000000000E+01    0.1000000000000000E+01
    1    0.2709765625000000E+00    0.7415504455566406E-01
    2    0.9560546875000001E-01    0.1010074615478516E-01
    3    0.4714843750000000E-01    0.3198394775390625E-02
    4    0.2890625000000000E-01    0.1801757812500000E-02
    5    0.1472656250000000E-01    0.1325988769531250E-02
    6    0.1021484375000000E-01    0.1189384460449219E-02
    7    0.4531250000000000E-02    0.9471130371093750E-03
    8    0.7773437500000000E-02    0.8995819091796875E-03
    9   -0.1484375000000000E-02    0.8859252929687500E-03
   10   -0.3632812500000000E-02    0.8822631835937500E-03
   11   -0.1738281250000000E-02    0.1165657043457031E-02
   12   -0.1523437500000000E-02    0.1165542602539063E-02
   13   -0.1953125000000000E-02    0.1048507690429688E-02
   14    0.6835937500000000E-03    0.1138496398925781E-02
   15    0.1796875000000000E-02    0.9056854248046875E-03
   16    0.4707031250000000E-02    0.9295272827148437E-03
   17    0.3203125000000000E-02    0.1167297363281250E-02
   18    0.1640625000000000E-02    0.1117630004882813E-02
   19    0.1250000000000000E-02    0.8471679687500000E-03
   20    0.2148437500000000E-03    0.9118270874023438E-03
   21    0.1621093750000000E-02    0.8360671997070312E-03
   22   -0.5859375000000000E-04    0.9155654907226562E-03
   23    0.1308593750000000E-02    0.1031074523925781E-02
   24    0.2480468750000000E-02    0.1167182922363281E-02
   25   -0.6835937500000000E-03    0.1120414733886719E-02
   26    0.1855468750000000E-02    0.8172225952148437E-03
   27    0.2519531250000000E-02    0.1050910949707031E-02
   28   -0.4687500000000000E-03    0.9995269775390624E-03
   29   -0.6445312500000000E-02    0.1286087036132812E-02
   30   -0.1621093750000000E-02    0.9650802612304688E-03
   31   -0.2539062500000000E-02    0.7313537597656250E-03
   32    0.4531250000000000E-02    0.1033859252929687E-02
   33    0.6191406250000000E-02    0.1202888488769531E-02
   34    0.2382812500000000E-02    0.9904479980468749E-03
   35   -0.1777343750000000E-02    0.9943771362304688E-03
   36    0.3906250000000000E-03    0.6977081298828125E-03
   37   -0.7421875000000000E-03    0.1060256958007812E-02
   38   -0.1367187500000000E-03    0.9744644165039062E-03
   39    0.1328125000000000E-02    0.9056854248046875E-03
   40   -0.5468750000000001E-03    0.9439849853515625E-03
   41    0.2148437500000000E-03    0.7393264770507813E-03
   42    0.1367187500000000E-03    0.9107589721679688E-03
   43   -0.1660156250000000E-02    0.1167640686035156E-02
   44   -0.1308593750000000E-02    0.9989547729492188E-03
   45    0.4492187500000000E-03    0.1238136291503906E-02
   46    0.1308593750000000E-02    0.1127281188964844E-02
   47    0.4609375000000000E-02    0.9330749511718750E-03
   48    0.3710937500000000E-03    0.1059226989746094E-02
   49    0.8203125000000000E-03    0.1014556884765625E-02
   50    0.2597656250000000E-02    0.1015357971191406E-02
   51    0.1933593750000000E-02    0.9245681762695313E-03
   52    0.3613281250000000E-02    0.8730697631835938E-03
   53   -0.4335937500000000E-02    0.1074523925781250E-02
   54   -0.5078125000000000E-03    0.1020965576171875E-02
   55    0.1660156250000000E-02    0.1111564636230469E-02
   56    0.1152343750000000E-02    0.1066246032714844E-02
   57    0.6367187500000000E-02    0.1148300170898437E-02
   58    0.3300781250000000E-02    0.1024055480957031E-02
   59   -0.4414062500000000E-02    0.9924316406250001E-03
   60   -0.3476562500000000E-02    0.9326934814453125E-03
   61    0.2539062500000000E-03    0.1088523864746094E-02
   62   -0.3906250000000000E-03    0.7714080810546875E-03
   63    0.6015625000000000E-02    0.8389282226562500E-03
   64   -0.2597656250000000E-02    0.8871078491210938E-03
   65   -0.5605468750000000E-02    0.9570693969726562E-03
   66    0.1425781250000000E-02    0.8813095092773438E-03
   67   -0.2128906250000000E-02    0.8040237426757813E-03
   68   -0.4785156250000000E-02    0.8548355102539063E-03
   69    0.8007812500000000E-03    0.1071357727050781E-02
   70   -0.3222656250000000E-02    0.1001319885253906E-02
   71   -0.4882812500000000E-02    0.1061172485351563E-02
   72   -0.6152343750000000E-02    0.1027107238769531E-02
   73   -0.2246093750000000E-02    0.1111412048339844E-02
   74   -0.3730468750000000E-02    0.7545089721679687E-03
   75   -0.1191406250000000E-02    0.1111412048339844E-02
   76    0.1171875000000000E-02    0.8903503417968750E-03
   77    0.9375000000000000E-03    0.9622955322265625E-03
   78    0.9375000000000000E-03    0.9276580810546875E-03
   79   -0.1250000000000000E-02    0.8435058593750000E-03
   80   -0.1503906250000000E-02    0.8173751831054688E-03
   81   -0.1953125000000000E-02    0.9872436523437500E-03
   82    0.1406250000000000E-02    0.6703948974609375E-03
   83   -0.4238281250000000E-02    0.9938430786132811E-03
   84   -0.8398437500000000E-03    0.8781051635742187E-03
   85    0.1132812500000000E-02    0.1057968139648437E-02
   86    0.4238281250000000E-02    0.1240196228027344E-02
   87    0.2480468750000000E-02    0.1011924743652344E-02
   88    0.1484375000000000E-02    0.9606933593750000E-03
   89   -0.1679687500000000E-02    0.8261108398437500E-03
   90   -0.2421875000000000E-02    0.6978607177734375E-03
   91    0.1015625000000000E-02    0.7155609130859375E-03
   92   -0.2011718750000000E-02    0.1124992370605469E-02
   93    0.5019531250000000E-02    0.9892654418945312E-03
   94    0.9375000000000000E-03    0.1211166381835938E-02
   95   -0.9960937500000000E-03    0.1084480285644531E-02
   96   -0.2988281250000000E-02    0.7760238647460938E-03
   97    0.2070312500000000E-02    0.7894134521484375E-03
   98    0.1250000000000000E-02    0.8260345458984375E-03
   99    0.2929687500000000E-03    0.8032608032226562E-03
  100   -0.4101562500000000E-03    0.1013145446777344E-02
