# time =    0.4462
    0    0.1000000000000000E+01    0.1000000000000000E+01
    1    0.2980468750000000E+00    0.8961318969726563E-01
    2    0.1085546875000000E+00    0.1266387939453125E-01
    3    0.4263671875000000E-01    0.2829399108886719E-02
    4    0.1423828125000000E-01    0.1071586608886719E-02
    5    0.1076171875000000E-01    0.1063957214355469E-02
    6    0.7890625000000000E-02    0.9104919433593750E-03
    7    0.7031250000000000E-02    0.1405563354492187E-02
    8    0.4218750000000000E-02    0.1033401489257812E-02
    9    0.3730468750000000E-02    0.8445358276367187E-03
   10    0.9960937500000000E-03    0.1022911071777344E-02
   11    0.3300781250000000E-02    0.7641220092773438E-03
   12    0.2851562500000000E-02    0.9851837158203125E-03
   13   -0.4375000000000000E-02    0.1122665405273438E-02
   14    0.9960937500000000E-03    0.1050910949707031E-02
   15   -0.6582031250000000E-02    0.8752059936523438E-03
   16    0.2929687500000000E-03    0.9247970581054688E-03
   17    0.3496093750000000E-02    0.1152000427246094E-02
   18    0.6835937500000000E-03    0.1000251770019531E-02
   19    0.3886718750000000E-02    0.1051826477050781E-02
   20    0.2851562500000000E-02    0.9995269775390624E-03
   21   -0.3046875000000000E-02    0.9751129150390625E-03
   22   -0.1816406250000000E-02    0.1116523742675781E-02
   23    0.2187500000000000E-02    0.1209106445312500E-02
   24    0.5273437500000000E-03    0.1187553405761719E-02
   25    0.2011718750000000E-02    0.9907150268554687E-03
   26    0.1796875000000000E-02    0.8675384521484375E-03
   27   -0.2148437500000000E-03    0.8469772338867188E-03
   28   -0.3105468750000000E-02    0.9489059448242188E-03
   29   -0.1562500000000000E-03    0.9386444091796875E-03
   30    0.1953125000000000E-03    0.1025924682617187E-02
   31   -0.6054687500000000E-03    0.1021080017089844E-02
   32    0.3515625000000000E-03    0.9599304199218749E-03
   33    0.4531250000000000E-02    0.9301757812500000E-03
   34   -0.1796875000000000E-02    0.8700561523437500E-03
   35    0.4082031250000000E-02    0.7625198364257812E-03
   36    0.3046875000000000E-02    0.1026382446289063E-02
   37    0.5195312500000000E-02    0.9854125976562500E-03
   38    0.2500000000000000E-02    0.9274291992187500E-03
   39    0.3007812500000000E-02    0.1089477539062500E-02
   40    0.1796875000000000E-02    0.8361053466796875E-03
   41    0.6640625000000000E-03    0.1046371459960938E-02
   42    0.5664062500000000E-03    0.8749771118164063E-03
   43    0.2207031250000000E-02    0.9019851684570312E-03
   44    0.2070312500000000E-02    0.9429931640625000E-03
   45    0.1757812500000000E-02    0.1012039184570313E-02
   46   -0.1562500000000000E-02    0.9602355957031250E-03
   47   -0.2851562500000000E-02    0.8949279785156250E-03
   48   -0.7812500000000000E-03    0.8293914794921875E-03
   49   -0.3281250000000000E-02    0.1022186279296875E-02
   50   -0.3710937500000000E-02    0.1056442260742187E-02
   51   -0.9218750000000000E-02    0.8791351318359375E-03
   52    0.3515625000000000E-03    0.1036376953125000E-02
   53    0.2402343750000000E-02    0.1091651916503906E-02
   54   -0.3203125000000000E-02    0.1058197021484375E-02
   55   -0.3632812500000000E-02    0.8384704589843750E-03
   56   -0.6855468750000000E-02    0.1158180236816406E-02
   57    0.5859375000000000E-03    0.1061248779296875E-02
   58    0.8789062500000000E-03    0.1203422546386719E-02
   59   -0.2089843750000000E-02    0.9801864624023437E-03
   60    0.1308593750000000E-02    0.8241653442382813E-03
   61    0.8593750000000000E-03    0.9334564208984375E-03
   62    0.2421875000000000E-02    0.9174346923828125E-03
   63    0.3496093750000000E-02    0.1184501647949219E-02
   64    0.2304687500000000E-02    0.8221435546875000E-03
   65    0.7617187500000000E-03    0.1074409484863281E-02
   66    0.7812500000000000E-04    0.7232666015625000E-03
   67   -0.5097656250000000E-02    0.9979629516601563E-03
   68   -0.1289062500000000E-02    0.9363555908203125E-03
   69    0.4355468750000000E-02    0.1004295349121094E-02
   70    0.2031250000000000E-02    0.1016845703125000E-02
   71   -0.1132812500000000E-02    0.9542083740234374E-03
   72   -0.3457031250000000E-02    0.9626388549804687E-03
   73   -0.4335937500000000E-02    0.7384490966796875E-03
   74    0.1328125000000000E-02    0.1029357910156250E-02
   75   -0.1855468750000000E-02    0.1241264343261719E-02
   76   -0.2089843750000000E-02    0.1043357849121094E-02
   77   -0.7812500000000000E-04    0.9256744384765625E-03
   78    0.3652343750000000E-02    0.1258659362792969E-02
   79   -0.3339843750000000E-02    0.1070365905761719E-02
   80   -0.2324218750000000E-02    0.9639358520507812E-03
   81   -0.1191406250000000E-02    0.1108512878417969E-02
   82   -0.7519531250000000E-02    0.9122848510742188E-03
   83   -0.2539062500000000E-02    0.8821868896484375E-03
   84   -0.5058593750000000E-02    0.1094322204589844E-02
   85   -0.4492187500000000E-02    0.9913635253906250E-03
   86    0.9765625000000001E-04    0.1034278869628906E-02
   87    0.1542968750000000E-02    0.1029472351074219E-02
   88   -0.5761718750000000E-02    0.1061363220214844E-02
   89   -0.3164062500000000E-02    0.8911895751953125E-03
   90   -0.2089843750000000E-02    0.1032447814941406E-02
   91    0.3964843750000000E-02    0.8950424194335937E-03
   92    0.2695312500000000E-02    0.9663391113281250E-03
   93    0.7617187500000000E-03    0.1049995422363281E-02
   94    0.7421875000000000E-03    0.9679412841796875E-03
   95   -0.1367187500000000E-03    0.9025192260742188E-03
   96   -0.2128906250000000E-02    0.9740829467773437E-03
   97   -0.2421875000000000E-02    0.8508300781250000E-03
   98    0.4179687500000000E-02    0.1083831787109375E-02
   99    0.2539062500000000E-02    0.8764648437500000E-03
  100    0.1621093750000000E-02    0.8671188354492188E-03
