# time =    0.4506
    0    0.1000000000000000E+01    0.1000000000000000E+01
    1    0.2951171875000000E+00    0.8824546813964844E-01
    2    0.1040039062500000E+00    0.1187686920166016E-01
    3    0.4462890625000000E-01    0.2876243591308594E-02
    4    0.1943359375000000E-01    0.1351127624511719E-02
    5    0.7675781250000000E-02    0.8520889282226563E-03
    6    0.2070312500000000E-02    0.8581542968750000E-03
    7    0.1816406250000000E-02    0.9431076049804687E-03
    8    0.7949218750000001E-02    0.1005668640136719E-02
    9   -0.7812500000000000E-04    0.1065673828125000E-02
   10   -0.7031250000000000E-03    0.1002807617187500E-02
   11   -0.2929687500000000E-02    0.9543609619140625E-03
   12    0.3222656250000000E-02    0.1191291809082031E-02
   13    0.1718750000000000E-02    0.1301498413085938E-02
   14    0.2207031250000000E-02    0.9937667846679687E-03
   15    0.2109375000000000E-02    0.1046905517578125E-02
   16   -0.1445312500000000E-02    0.6771087646484375E-03
   17   -0.6054687500000000E-03    0.7163619995117187E-03
   18   -0.5410156250000000E-02    0.8943557739257812E-03
   19   -0.2929687500000000E-02    0.9449005126953125E-03
   20   -0.1953125000000000E-04    0.1051063537597656E-02
   21   -0.1601562500000000E-02    0.8962249755859375E-03
   22    0.1953125000000000E-04    0.7847213745117188E-03
   23    0.4023437500000000E-02    0.1221923828125000E-02
   24    0.2226562500000000E-02    0.8233642578125000E-03
   25    0.8203125000000000E-03    0.8685302734375000E-03
   26    0.1132812500000000E-02    0.1102218627929687E-02
   27    0.1660156250000000E-02    0.1269264221191406E-02
   28    0.2695312500000000E-02    0.1267852783203125E-02
   29    0.3281250000000000E-02    0.1155929565429687E-02
   30    0.6191406250000000E-02    0.8939743041992187E-03
   31    0.4746093750000000E-02    0.1072273254394531E-02
   32   -0.1367187500000000E-03    0.1156883239746094E-02
   33    0.1210937500000000E-02    0.1040191650390625E-02
   34   -0.1425781250000000E-02    0.9426498413085938E-03
   35   -0.1484375000000000E-02    0.9422302246093750E-03
   36   -0.3339843750000000E-02    0.1162986755371094E-02
   37    0.4199218750000000E-02    0.1020622253417969E-02
   38    0.1484375000000000E-02    0.1094970703125000E-02
   39    0.4316406250000000E-02    0.9506607055664063E-03
   40   -0.4589843750000000E-02    0.7591629028320312E-03
   41    0.2929687500000000E-03    0.9241104125976562E-03
   42    0.4492187500000000E-02    0.9656524658203124E-03
   43    0.3417968750000000E-02    0.1003761291503906E-02
   44    0.1367187500000000E-02    0.9082794189453125E-03
   45   -0.8984375000000000E-03    0.9445953369140625E-03
   46   -0.4628906250000000E-02    0.1062660217285156E-02
   47    0.2148437500000000E-03    0.1076164245605469E-02
   48   -0.1718750000000000E-02    0.9806060791015625E-03
   49   -0.4296875000000000E-03    0.8425903320312500E-03
   50   -0.8398437500000000E-03    0.8399581909179687E-03
   51   -0.4375000000000000E-02    0.1098861694335938E-02
   52    0.1015625000000000E-02    0.1430892944335938E-02
   53   -0.3144531250000000E-02    0.1032752990722656E-02
   54    0.4882812500000000E-03    0.1116371154785156E-02
   55   -0.3671875000000000E-02    0.9727478027343750E-03
   56   -0.3593750000000000E-02    0.1005020141601562E-02
   57   -0.2207031250000000E-02    0.1377830505371094E-02
   58   -0.3046875000000000E-02    0.9783172607421874E-03
   59    0.5742187500000000E-02    0.9545135498046875E-03
   60    0.1425781250000000E-02    0.1073951721191406E-02
   61    0.3984375000000000E-02    0.1035079956054687E-02
   62    0.3515625000000000E-03    0.1005325317382813E-02
   63   -0.3906250000000000E-03    0.9867095947265626E-03
   64   -0.2343750000000000E-02    0.9025573730468750E-03
   65    0.3261718750000000E-02    0.8386611938476562E-03
   66    0.5468750000000000E-02    0.1267929077148437E-02
   67   -0.1640625000000000E-02    0.1044464111328125E-02
   68   -0.8789062500000000E-03    0.8709335327148438E-03
   69    0.1953125000000000E-04    0.9215164184570312E-03
   70    0.2460937500000000E-02    0.1111068725585937E-02
   71    0.4687500000000000E-03    0.1037673950195312E-02
   72   -0.1933593750000000E-02    0.7904434204101563E-03
   73   -0.5839843750000000E-02    0.7857894897460938E-03
   74   -0.1386718750000000E-02    0.8890151977539063E-03
   75    0.1074218750000000E-02    0.1058464050292969E-02
   76   -0.1914062500000000E-02    0.1227951049804687E-02
   77   -0.2929687500000000E-02    0.9642791748046875E-03
   78   -0.3867187500000000E-02    0.8647155761718750E-03
   79   -0.1757812500000000E-03    0.8916091918945312E-03
   80    0.6523437500000000E-02    0.7614898681640625E-03
   81    0.1308593750000000E-02    0.8936691284179688E-03
   82    0.3535156250000000E-02    0.1077232360839844E-02
   83   -0.3710937500000000E-03    0.1018791198730469E-02
   84    0.3281250000000000E-02    0.8972167968750000E-03
   85   -0.1250000000000000E-02    0.9407043457031250E-03
   86    0.2402343750000000E-02    0.9255599975585937E-03
   87    0.1093750000000000E-02    0.8060455322265625E-03
   88   -0.4101562500000000E-02    0.1084213256835938E-02
   89   -0.1406250000000000E-02    0.7229614257812500E-03
   90   -0.3085937500000000E-02    0.8697509765625000E-03
   91    0.2324218750000000E-02    0.9340286254882812E-03
   92    0.3593750000000000E-02    0.9529876708984375E-03
   93   -0.8203125000000000E-03    0.9732818603515624E-03
   94    0.4980468750000000E-02    0.1189918518066406E-02
   95   -0.8789062500000000E-03    0.1228904724121094E-02
   96    0.2675781250000000E-02    0.1062965393066406E-02
   97    0.1972656250000000E-02    0.1046180725097656E-02
   98   -0.3085937500000000E-02    0.1027908325195312E-02
   99   -0.4726562500000000E-02    0.9433746337890625E-03
  100    0.2734375000000000E-03    0.9165954589843750E-03
