# time =    0.4603
    0    0.1000000000000000E+01    0.1000000000000000E+01
    1    0.2858593750000000E+00    0.8250694274902344E-01
    2    0.1095703125000000E+00    0.1296775817871094E-01
    3    0.5066406250000000E-01    0.3576431274414062E-02
    4    0.3496093750000000E-01    0.2203674316406250E-02
    5    0.2046875000000000E-01    0.1290130615234375E-02
    6    0.1248046875000000E-01    0.1111335754394531E-02
    7    0.1363281250000000E-01    0.1145095825195313E-02
    8    0.1019531250000000E-01    0.1253128051757812E-02
    9    0.9511718750000000E-02    0.9306716918945312E-03
   10    0.6230468750000000E-02    0.1085853576660156E-02
   11    0.3417968750000000E-02    0.1040382385253906E-02
   12    0.2246093750000000E-02    0.1184272766113281E-02
   13   -0.1875000000000000E-02    0.1066436767578125E-02
   14    0.8398437500000000E-03    0.1061363220214844E-02
   15    0.2988281250000000E-02    0.1100120544433594E-02
   16   -0.3574218750000000E-02    0.1070747375488281E-02
   17    0.3925781250000000E-02    0.1191978454589844E-02
   18    0.4277343750000000E-02    0.9591293334960938E-03
   19    0.4179687500000000E-02    0.7583618164062500E-03
   20    0.3320312500000000E-03    0.7204055786132812E-03
   21    0.8984375000000000E-03    0.1006164550781250E-02
   22   -0.1464843750000000E-02    0.8465194702148437E-03
   23    0.2578125000000000E-02    0.1048736572265625E-02
   24   -0.1074218750000000E-02    0.8533096313476562E-03
   25   -0.3710937500000000E-03    0.9376144409179687E-03
   26   -0.4492187500000000E-03    0.1040000915527344E-02
   27   -0.2539062500000000E-03    0.8127975463867187E-03
   28   -0.7441406250000000E-02    0.1114311218261719E-02
   29   -0.8789062500000000E-03    0.1111335754394531E-02
   30   -0.5683593750000000E-02    0.8371353149414062E-03
   31   -0.5429687500000000E-02    0.9884643554687500E-03
   32    0.7617187500000000E-03    0.7372665405273438E-03
   33    0.1640625000000000E-02    0.7542419433593750E-03
   34    0.3847656250000000E-02    0.8918380737304687E-03
   35   -0.4238281250000000E-02    0.9627914428710937E-03
   36    0.2617187500000000E-02    0.1142120361328125E-02
   37    0.1601562500000000E-02    0.1494750976562500E-02
   38    0.1523437500000000E-02    0.8781433105468750E-03
   39    0.1601562500000000E-02    0.9812927246093750E-03
   40    0.2968750000000000E-02    0.8661651611328125E-03
   41   -0.2382812500000000E-02    0.8953857421875000E-03
   42    0.4101562500000000E-03    0.1068153381347656E-02
   43   -0.1992187500000000E-02    0.8067321777343750E-03
   44    0.2988281250000000E-02    0.1001167297363281E-02
   45    0.9960937500000000E-03    0.1092643737792969E-02
   46   -0.1972656250000000E-02    0.7871627807617187E-03
   47    0.1835937500000000E-02    0.8950805664062499E-03
   48   -0.1093750000000000E-02    0.1047439575195312E-02
   49    0.3339843750000000E-02    0.1095924377441406E-02
   50   -0.2597656250000000E-02    0.1139945983886719E-02
   51   -0.1367187500000000E-02    0.1230316162109375E-02
   52   -0.1953125000000000E-04    0.1123161315917969E-02
   53   -0.2050781250000000E-02    0.1223869323730469E-02
   54    0.5664062500000000E-03    0.9533309936523437E-03
   55    0.3222656250000000E-02    0.7094955444335938E-03
   56   -0.2148437500000000E-03    0.1081352233886719E-02
   57    0.1367187500000000E-02    0.1155853271484375E-02
   58    0.4707031250000000E-02    0.9104537963867187E-03
   59    0.1796875000000000E-02    0.9854888916015624E-03
   60    0.3359375000000000E-02    0.9306335449218750E-03
   61    0.1093750000000000E-02    0.9209442138671875E-03
   62   -0.7812500000000000E-04    0.9894561767578125E-03
   63   -0.2324218750000000E-02    0.1136283874511719E-02
   64   -0.3476562500000000E-02    0.1234436035156250E-02
   65    0.9179687499999999E-03    0.9128952026367188E-03
   66    0.5859375000000000E-04    0.1366767883300781E-02
   67    0.2929687500000000E-03    0.7899093627929687E-03
   68   -0.1738281250000000E-02    0.1050453186035156E-02
   69   -0.3046875000000000E-02    0.8796691894531250E-03
   70   -0.1718750000000000E-02    0.8188629150390625E-03
   71   -0.1074218750000000E-02    0.8245468139648438E-03
   72   -0.1250000000000000E-02    0.1056060791015625E-02
   73   -0.5664062500000000E-03    0.1032524108886719E-02
   74    0.6250000000000000E-03    0.1334228515625000E-02
   75   -0.4160156250000000E-02    0.1046333312988281E-02
   76   -0.2753906250000000E-02    0.9862136840820311E-03
   77   -0.1660156250000000E-02    0.1014213562011719E-02
   78   -0.2070312500000000E-02    0.1097183227539063E-02
   79   -0.2343750000000000E-02    0.9982299804687500E-03
   80   -0.3710937500000000E-02    0.9380340576171875E-03
   81   -0.2207031250000000E-02    0.9582138061523437E-03
   82   -0.7617187500000000E-03    0.1094245910644531E-02
   83   -0.6445312500000000E-03    0.1001548767089844E-02
   84   -0.6445312500000000E-03    0.1194343566894531E-02
   85    0.2519531250000000E-02    0.8209609985351563E-03
   86   -0.3242187500000000E-02    0.1271896362304688E-02
   87   -0.2636718750000000E-02    0.1044578552246094E-02
   88   -0.3535156250000000E-02    0.9559249877929688E-03
   89    0.1425781250000000E-02    0.9984207153320313E-03
   90   -0.1777343750000000E-02    0.1084022521972656E-02
   91   -0.3125000000000000E-02    0.8630371093750000E-03
   92   -0.3652343750000000E-02    0.8331680297851562E-03
   93    0.1406250000000000E-02    0.8265686035156250E-03
   94   -0.2343750000000000E-03    0.9577178955078125E-03
   95   -0.4433593750000000E-02    0.9035110473632812E-03
   96   -0.2167968750000000E-02    0.8617019653320312E-03
   97   -0.9765625000000000E-03    0.9481811523437500E-03
   98    0.1171875000000000E-03    0.8068084716796875E-03
   99   -0.2675781250000000E-02    0.1040611267089844E-02
  100   -0.8203125000000000E-03    0.9992980957031249E-03
