# time =    0.4734
    0    0.1000000000000000E+01    0.1000000000000000E+01
    1    0.2230273437500000E+00    0.5066242218017578E-01
    2    0.5119140625000000E-01    0.3494529724121094E-02
    3    0.2152343750000000E-01    0.1418762207031250E-02
    4    0.2617187500000000E-02    0.9977722167968750E-03
    5    0.6035156250000000E-02    0.7863235473632812E-03
    6   -0.2441406250000000E-02    0.9006118774414063E-03
    7    0.3378906250000000E-02    0.1425590515136719E-02
    8   -0.1406250000000000E-02    0.9704589843750000E-03
    9   -0.4824218750000000E-02    0.1094017028808594E-02
   10   -0.3828125000000000E-02    0.1039047241210937E-02
   11   -0.3320312500000000E-02    0.1330108642578125E-02
   12   -0.2011718750000000E-02    0.1007347106933594E-02
   13    0.2578125000000000E-02    0.7953643798828125E-03
   14    0.8593750000000000E-03    0.8740997314453124E-03
   15    0.6835937500000000E-03    0.7763290405273437E-03
   16   -0.5410156250000000E-02    0.8945846557617187E-03
   17   -0.7421875000000000E-03    0.1164703369140625E-02
   18   -0.1542968750000000E-02    0.1108970642089844E-02
   19   -0.6250000000000000E-03    0.1172561645507812E-02
   20    0.6992187500000000E-02    0.9224700927734375E-03
   21    0.2753906250000000E-02    0.1076316833496094E-02
   22    0.2695312500000000E-02    0.1101837158203125E-02
   23    0.5859375000000000E-04    0.9547805786132812E-03
   24   -0.2519531250000000E-02    0.9917068481445314E-03
   25   -0.5878906250000000E-02    0.9659957885742187E-03
   26   -0.5097656250000000E-02    0.1103782653808594E-02
   27    0.1113281250000000E-02    0.1096458435058594E-02
   28   -0.7226562500000000E-03    0.1104698181152344E-02
   29    0.1816406250000000E-02    0.9196853637695313E-03
   30   -0.3945312500000000E-02    0.6420135498046875E-03
   31   -0.2578125000000000E-02    0.9206390380859375E-03
   32    0.1230468750000000E-02    0.1144065856933594E-02
   33    0.4687500000000000E-03    0.9284973144531250E-03
   34    0.2382812500000000E-02    0.1024169921875000E-02
   35    0.6250000000000000E-03    0.9320068359375000E-03
   36   -0.2597656250000000E-02    0.9038925170898437E-03
   37   -0.3925781250000000E-02    0.9222793579101563E-03
   38   -0.2148437500000000E-02    0.8951568603515625E-03
   39   -0.4570312500000000E-02    0.8374786376953125E-03
   40    0.1953125000000000E-04    0.8729934692382812E-03
   41    0.2695312500000000E-02    0.1010589599609375E-02
   42   -0.2519531250000000E-02    0.8826828002929687E-03
   43   -0.2832031250000000E-02    0.8411026000976563E-03
   44    0.6113281250000000E-02    0.1090202331542969E-02
   45    0.2460937500000000E-02    0.8335876464843750E-03
   46    0.2226562500000000E-02    0.8332824707031250E-03
   47   -0.5859375000000000E-03    0.9336090087890625E-03
   48    0.5468750000000001E-03    0.1281356811523437E-02
   49    0.1699218750000000E-02    0.1203269958496094E-02
   50    0.4179687500000000E-02    0.1077117919921875E-02
   51    0.2519531250000000E-02    0.1054573059082031E-02
   52    0.1503906250000000E-02    0.1092033386230469E-02
   53    0.5078125000000000E-03    0.1054229736328125E-02
   54    0.2343750000000000E-03    0.1196365356445313E-02
   55   -0.7421875000000000E-03    0.9019470214843750E-03
   56   -0.1601562500000000E-02    0.1016082763671875E-02
   57    0.9960937500000000E-03    0.1173057556152344E-02
   58    0.2500000000000000E-02    0.1058502197265625E-02
   59    0.3105468750000000E-02    0.1003379821777344E-02
   60   -0.2363281250000000E-02    0.9457015991210937E-03
   61   -0.8281250000000000E-02    0.9577941894531250E-03
   62    0.1835937500000000E-02    0.1319503784179687E-02
   63    0.1425781250000000E-02    0.1060752868652344E-02
   64    0.2109375000000000E-02    0.9056091308593750E-03
   65    0.5878906250000000E-02    0.1105308532714844E-02
   66    0.7031250000000000E-03    0.1192779541015625E-02
   67    0.3398437500000000E-02    0.1006927490234375E-02
   68   -0.5507812500000000E-02    0.9950256347656249E-03
   69    0.1523437500000000E-02    0.1079635620117187E-02
   70    0.2988281250000000E-02    0.1057090759277344E-02
   71    0.5078125000000000E-03    0.8606719970703125E-03
   72    0.1386718750000000E-02    0.9337997436523437E-03
   73   -0.1347656250000000E-02    0.9332656860351563E-03
   74    0.4062500000000000E-02    0.9089660644531250E-03
   75    0.2480468750000000E-02    0.9603500366210938E-03
   76    0.6289062500000000E-02    0.1085739135742188E-02
   77    0.2480468750000000E-02    0.1060218811035156E-02
   78    0.2949218750000000E-02    0.8364486694335938E-03
   79    0.4492187500000000E-03    0.7663345336914062E-03
   80   -0.2519531250000000E-02    0.1219520568847656E-02
   81   -0.7421875000000000E-03    0.8866119384765625E-03
   82    0.1796875000000000E-02    0.9040832519531250E-03
   83   -0.4882812500000000E-03    0.9325790405273437E-03
   84    0.3144531250000000E-02    0.9016036987304687E-03
   85    0.3515625000000000E-03    0.1050643920898438E-02
   86    0.2324218750000000E-02    0.8707809448242188E-03
   87   -0.3125000000000000E-02    0.1326828002929687E-02
   88    0.2207031250000000E-02    0.1196250915527344E-02
   89    0.3125000000000000E-03    0.1147689819335938E-02
   90   -0.3261718750000000E-02    0.8714675903320312E-03
   91   -0.7812500000000000E-03    0.1101303100585937E-02
   92   -0.7812500000000000E-04    0.9745025634765625E-03
   93   -0.2285156250000000E-02    0.1076850891113281E-02
   94   -0.1757812500000000E-02    0.1010818481445313E-02
   95    0.2734375000000000E-03    0.9363555908203125E-03
   96    0.6445312500000000E-03    0.1159248352050781E-02
   97   -0.7812500000000000E-03    0.9764099121093750E-03
   98    0.4062500000000000E-02    0.7926940917968750E-03
   99   -0.9765625000000000E-03    0.9355926513671875E-03
  100   -0.7226562500000000E-02    0.9275054931640624E-03
