# time =    0.4311
    0    0.1000000000000000E+01    0.1000000000000000E+01
    1    0.3707421875000000E+00    0.1378408813476563E+00
    2    0.1687304687500000E+00    0.2919139862060547E-01
    3    0.9130859375000000E-01    0.8927650451660156E-02
    4    0.5728515625000000E-01    0.4105033874511718E-02
    5    0.4146484375000000E-01    0.2660102844238281E-02
    6    0.2587890625000000E-01    0.1473960876464844E-02
    7    0.2361328125000000E-01    0.1370048522949219E-02
    8    0.1816406250000000E-01    0.1159973144531250E-02
    9    0.1123046875000000E-01    0.1122474670410156E-02
   10    0.1281250000000000E-01    0.1011657714843750E-02
   11    0.1078125000000000E-01    0.1046600341796875E-02
   12    0.8300781250000000E-02    0.1020393371582031E-02
   13    0.2187500000000000E-02    0.8958435058593750E-03
   14   -0.8789062500000000E-03    0.1124839782714844E-02
   15   -0.4492187500000000E-03    0.1006355285644531E-02
   16   -0.1738281250000000E-02    0.1119346618652344E-02
   17    0.3984375000000000E-02    0.9941101074218751E-03
   18   -0.7617187500000000E-03    0.1009483337402344E-02
   19    0.3125000000000000E-03    0.8236694335937500E-03
   20    0.1484375000000000E-02    0.8479309082031250E-03
   21    0.1621093750000000E-02    0.8763504028320312E-03
   22   -0.1777343750000000E-02    0.1008796691894531E-02
   23   -0.3320312500000000E-03    0.9600448608398437E-03
   24    0.2617187500000000E-02    0.7608032226562500E-03
   25    0.3007812500000000E-02    0.1039428710937500E-02
   26    0.4765625000000000E-02    0.8525848388671875E-03
   27    0.1484375000000000E-02    0.1018142700195312E-02
   28    0.6054687500000000E-02    0.9719848632812500E-03
   29   -0.1289062500000000E-02    0.9910583496093750E-03
   30    0.8398437500000000E-03    0.1041374206542969E-02
   31   -0.2656250000000000E-02    0.1067123413085938E-02
   32   -0.6464843750000000E-02    0.9597396850585938E-03
   33   -0.6503906250000000E-02    0.1053504943847656E-02
   34   -0.4902343750000000E-02    0.9503555297851562E-03
   35   -0.6718750000000000E-02    0.1297302246093750E-02
   36   -0.2187500000000000E-02    0.9088134765625000E-03
   37   -0.2246093750000000E-02    0.9193038940429688E-03
   38   -0.3750000000000000E-02    0.1022644042968750E-02
   39   -0.4843750000000000E-02    0.8202362060546875E-03
   40   -0.6328125000000000E-02    0.8296966552734375E-03
   41   -0.2910156250000000E-02    0.8662796020507813E-03
   42   -0.2910156250000000E-02    0.1065711975097656E-02
   43   -0.3613281250000000E-02    0.8128738403320313E-03
   44   -0.1953125000000000E-04    0.9009933471679687E-03
   45    0.1796875000000000E-02    0.9387207031250000E-03
   46   -0.9179687499999999E-03    0.7789993286132813E-03
   47    0.9960937500000000E-03    0.9867477416992188E-03
   48    0.3515625000000000E-02    0.1041564941406250E-02
   49    0.8925781250000001E-02    0.9653091430664063E-03
   50   -0.1035156250000000E-02    0.1185111999511719E-02
   51   -0.4355468750000000E-02    0.9780502319335937E-03
   52   -0.3105468750000000E-02    0.1189002990722656E-02
   53   -0.3808593750000000E-02    0.1000175476074219E-02
   54   -0.3164062500000000E-02    0.1025466918945312E-02
   55    0.3027343750000000E-02    0.9833908081054688E-03
   56    0.1582031250000000E-02    0.9897232055664062E-03
   57   -0.1699218750000000E-02    0.1146278381347656E-02
   58    0.2871093750000000E-02    0.1114845275878906E-02
   59    0.2050781250000000E-02    0.9670639038085937E-03
   60    0.3417968750000000E-02    0.9896469116210938E-03
   61    0.3984375000000000E-02    0.9120941162109375E-03
   62    0.2851562500000000E-02    0.8671569824218750E-03
   63    0.3964843750000000E-02    0.9617233276367188E-03
   64    0.4648437500000000E-02    0.1061630249023438E-02
   65    0.3125000000000000E-03    0.8074188232421875E-03
   66    0.1347656250000000E-02    0.9613418579101562E-03
   67   -0.3144531250000000E-02    0.9838485717773438E-03
   68    0.1582031250000000E-02    0.7231521606445312E-03
   69   -0.9765625000000001E-04    0.8240890502929688E-03
   70   -0.4863281250000000E-02    0.9826278686523437E-03
   71   -0.6210937500000000E-02    0.1062164306640625E-02
   72    0.2187500000000000E-02    0.7387542724609375E-03
   73   -0.1875000000000000E-02    0.7778930664062500E-03
   74   -0.2167968750000000E-02    0.8708572387695312E-03
   75   -0.2656250000000000E-02    0.8657836914062500E-03
   76   -0.3183593750000000E-02    0.9505844116210937E-03
   77   -0.7421875000000000E-03    0.9566497802734375E-03
   78   -0.7871093750000000E-02    0.1220436096191406E-02
   79   -0.5117187500000000E-02    0.9636688232421875E-03
   80   -0.3085937500000000E-02    0.8999633789062500E-03
   81   -0.2382812500000000E-02    0.9158325195312500E-03
   82   -0.6445312500000000E-03    0.1262016296386719E-02
   83    0.4257812500000000E-02    0.1113204956054687E-02
   84    0.1074218750000000E-02    0.1233787536621094E-02
   85   -0.3632812500000000E-02    0.1187591552734375E-02
   86    0.3515625000000000E-03    0.1092071533203125E-02
   87    0.1015625000000000E-02    0.8225250244140625E-03
   88   -0.2675781250000000E-02    0.9708786010742187E-03
   89   -0.9960937500000000E-03    0.1005058288574219E-02
   90   -0.1953125000000000E-04    0.8314132690429687E-03
   91   -0.3125000000000000E-03    0.1075973510742188E-02
   92   -0.3203125000000000E-02    0.9523010253906249E-03
   93   -0.4785156250000000E-02    0.9047317504882812E-03
   94   -0.3339843750000000E-02    0.7717514038085938E-03
   95   -0.8789062500000000E-03    0.1056556701660156E-02
   96    0.1796875000000000E-02    0.9922027587890626E-03
   97    0.1054687500000000E-02    0.1160659790039062E-02
   98    0.1953125000000000E-02    0.1181259155273438E-02
   99   -0.2792968750000000E-02    0.1167411804199219E-02
  100   -0.3906250000000000E-02    0.9480285644531250E-03
