# time =    0.4520
    0    0.1000000000000000E+01    0.1000000000000000E+01
    1    0.1791992187500000E+00    0.3310970306396484E-01
    2    0.3294921875000000E-01    0.2141532897949219E-02
    3    0.7246093750000000E-02    0.1159934997558594E-02
    4    0.5898437500000000E-02    0.9696960449218750E-03
    5   -0.2207031250000000E-02    0.1058235168457031E-02
    6   -0.1992187500000000E-02    0.1086349487304687E-02
    7    0.3320312500000000E-02    0.9220123291015625E-03
    8    0.1250000000000000E-02    0.1096649169921875E-02
    9   -0.1562500000000000E-02    0.1054382324218750E-02
   10   -0.5527343750000000E-02    0.1043205261230469E-02
   11   -0.6250000000000000E-03    0.8182525634765625E-03
   12    0.2460937500000000E-02    0.1316299438476563E-02
   13    0.4062500000000000E-02    0.9001922607421875E-03
   14    0.5312500000000000E-02    0.8139801025390625E-03
   15   -0.1972656250000000E-02    0.1267204284667969E-02
   16   -0.2167968750000000E-02    0.9201431274414063E-03
   17    0.2363281250000000E-02    0.8179092407226562E-03
   18   -0.5761718750000000E-02    0.7971572875976562E-03
   19   -0.1757812500000000E-02    0.9286499023437500E-03
   20    0.3417968750000000E-02    0.9730911254882813E-03
   21    0.2011718750000000E-02    0.1048774719238281E-02
   22    0.1855468750000000E-02    0.9083175659179688E-03
   23    0.8945312500000000E-02    0.8033752441406250E-03
   24    0.5058593750000000E-02    0.8091354370117188E-03
   25    0.3906250000000000E-03    0.1078033447265625E-02
   26   -0.3808593750000000E-02    0.9791183471679688E-03
   27   -0.1171875000000000E-02    0.8405303955078125E-03
   28    0.2343750000000000E-03    0.8422088623046875E-03
   29   -0.2558593750000000E-02    0.7589340209960937E-03
   30   -0.1425781250000000E-02    0.1060676574707031E-02
   31   -0.7226562500000000E-03    0.8569717407226563E-03
   32    0.1347656250000000E-02    0.9566879272460937E-03
   33   -0.2988281250000000E-02    0.1091957092285156E-02
   34    0.2265625000000000E-02    0.8877563476562500E-03
   35    0.1406250000000000E-02    0.1165008544921875E-02
   36    0.3906250000000000E-02    0.9864807128906251E-03
   37    0.2949218750000000E-02    0.1211662292480469E-02
   38   -0.1914062500000000E-02    0.1027603149414062E-02
   39    0.6445312500000000E-03    0.1055335998535156E-02
   40   -0.1757812500000000E-03    0.1078834533691406E-02
   41    0.2792968750000000E-02    0.7900619506835938E-03
   42   -0.4785156250000000E-02    0.8767318725585938E-03
   43    0.1660156250000000E-02    0.1016197204589844E-02
   44    0.2539062500000000E-03    0.7809066772460938E-03
   45    0.6054687500000000E-03    0.8910751342773438E-03
   46   -0.5195312500000000E-02    0.9529113769531250E-03
   47    0.1035156250000000E-02    0.7821273803710938E-03
   48    0.1464843750000000E-02    0.8568954467773437E-03
   49   -0.3125000000000000E-03    0.1219635009765625E-02
   50   -0.4296875000000000E-03    0.1060943603515625E-02
   51    0.2929687500000000E-03    0.9579086303710938E-03
   52    0.2265625000000000E-02    0.1271133422851563E-02
   53    0.1855468750000000E-02    0.9910202026367188E-03
   54    0.1015625000000000E-02    0.8219146728515625E-03
   55    0.5312500000000000E-02    0.1024246215820312E-02
   56   -0.2070312500000000E-02    0.8593750000000000E-03
   57   -0.1542968750000000E-02    0.1098518371582031E-02
   58    0.2128906250000000E-02    0.8979415893554687E-03
   59    0.1015625000000000E-02    0.9131622314453125E-03
   60    0.3007812500000000E-02    0.9348297119140625E-03
   61   -0.2402343750000000E-02    0.1010856628417969E-02
   62    0.7226562500000000E-03    0.8510971069335938E-03
   63   -0.1289062500000000E-02    0.8431243896484375E-03
   64    0.1035156250000000E-02    0.1075172424316406E-02
   65    0.2285156250000000E-02    0.9664535522460937E-03
   66   -0.1757812500000000E-02    0.9806060791015625E-03
   67   -0.2734375000000000E-03    0.1108169555664062E-02
   68    0.1171875000000000E-03    0.9516906738281250E-03
   69   -0.1367187500000000E-02    0.1061248779296875E-02
   70   -0.3984375000000000E-02    0.9525299072265625E-03
   71   -0.2988281250000000E-02    0.1218299865722656E-02
   72   -0.4746093750000000E-02    0.1029930114746094E-02
   73   -0.5000000000000000E-02    0.1025848388671875E-02
   74   -0.8203125000000000E-03    0.9380340576171875E-03
   75    0.9492187500000001E-02    0.9210968017578125E-03
   76   -0.1757812500000000E-03    0.1253089904785156E-02
   77   -0.1425781250000000E-02    0.8520889282226563E-03
   78    0.2773437500000000E-02    0.1244125366210937E-02
   79    0.3789062500000000E-02    0.1014938354492188E-02
   80    0.4726562500000000E-02    0.8999633789062500E-03
   81    0.1875000000000000E-02    0.1212005615234375E-02
   82   -0.1425781250000000E-02    0.9586715698242188E-03
   83   -0.1230468750000000E-02    0.8767318725585938E-03
   84    0.3710937500000000E-03    0.9611129760742187E-03
   85   -0.2031250000000000E-02    0.8207702636718750E-03
   86    0.2109375000000000E-02    0.8685302734375000E-03
   87    0.4296875000000000E-03    0.1026382446289063E-02
   88   -0.2148437500000000E-02    0.1087265014648437E-02
   89    0.3437500000000000E-02    0.9694671630859374E-03
   90   -0.3984375000000000E-02    0.8394622802734375E-03
   91   -0.5703125000000000E-02    0.1264343261718750E-02
   92    0.3847656250000000E-02    0.1030235290527344E-02
   93   -0.5175781250000000E-02    0.1109962463378906E-02
   94   -0.2382812500000000E-02    0.1053237915039063E-02
   95    0.2578125000000000E-02    0.8832550048828125E-03
   96    0.2460937500000000E-02    0.9008026123046874E-03
   97    0.2343750000000000E-02    0.8683776855468749E-03
   98    0.2324218750000000E-02    0.9222793579101563E-03
   99   -0.6542968750000000E-02    0.1076469421386719E-02
  100    0.2871093750000000E-02    0.8811569213867188E-03
