# time =    0.4408
    0    0.1000000000000000E+01    0.1000000000000000E+01
    1    0.3008789062500000E+00    0.9130176544189453E-01
    2    0.9773437500000000E-01    0.1065185546875000E-01
    3    0.3589843750000000E-01    0.2228546142578125E-02
    4    0.1191406250000000E-01    0.1074142456054687E-02
    5    0.6054687500000000E-02    0.1046752929687500E-02
    6    0.4746093750000000E-02    0.6480026245117188E-03
    7   -0.4980468750000000E-02    0.7292556762695312E-03
    8    0.3046875000000000E-02    0.9217071533203125E-03
    9    0.1816406250000000E-02    0.8784103393554688E-03
   10    0.3671875000000000E-02    0.8418273925781250E-03
   11    0.9765625000000001E-04    0.9257125854492187E-03
   12    0.2011718750000000E-02    0.9359359741210937E-03
   13    0.3906250000000000E-03    0.1136169433593750E-02
   14   -0.2109375000000000E-02    0.7613372802734375E-03
   15   -0.1386718750000000E-02    0.8549118041992188E-03
   16    0.1171875000000000E-02    0.9355163574218750E-03
   17    0.1113281250000000E-02    0.7985305786132813E-03
   18   -0.3828125000000000E-02    0.6536102294921875E-03
   19    0.0000000000000000E+00    0.7984924316406250E-03
   20    0.3027343750000000E-02    0.1005897521972656E-02
   21    0.2539062500000000E-02    0.1012344360351562E-02
   22    0.3242187500000000E-02    0.7871246337890625E-03
   23    0.4042968750000000E-02    0.8930587768554688E-03
   24   -0.3769531250000000E-02    0.9169387817382813E-03
   25   -0.2714843750000000E-02    0.1134834289550781E-02
   26   -0.5800781250000000E-02    0.9775161743164062E-03
   27   -0.1953125000000000E-03    0.8283233642578124E-03
   28    0.1464843750000000E-02    0.1079673767089844E-02
   29   -0.2285156250000000E-02    0.1124992370605469E-02
   30    0.2148437500000000E-03    0.8702468872070312E-03
   31   -0.3554687500000000E-02    0.1312713623046875E-02
   32   -0.2929687500000000E-03    0.1012077331542969E-02
   33    0.4179687500000000E-02    0.1072692871093750E-02
   34   -0.1953125000000000E-03    0.1138076782226562E-02
   35   -0.1035156250000000E-02    0.9773635864257812E-03
   36    0.4003906250000000E-02    0.1178398132324219E-02
   37   -0.1464843750000000E-02    0.7725906372070313E-03
   38   -0.6835937500000000E-03    0.1062278747558594E-02
   39    0.2792968750000000E-02    0.8691787719726562E-03
   40    0.1699218750000000E-02    0.8080673217773438E-03
   41    0.6171875000000000E-02    0.9049224853515625E-03
   42    0.5078125000000000E-03    0.6544494628906250E-03
   43   -0.1582031250000000E-02    0.8578109741210938E-03
   44   -0.3027343750000000E-02    0.1247825622558594E-02
   45   -0.3046875000000000E-02    0.8659362792968750E-03
   46    0.2070312500000000E-02    0.7857513427734375E-03
   47   -0.3046875000000000E-02    0.1040496826171875E-02
   48   -0.6406250000000000E-02    0.9453582763671875E-03
   49   -0.8027343750000001E-02    0.1002082824707031E-02
   50   -0.6152343750000000E-02    0.8286666870117187E-03
   51   -0.8906249999999999E-02    0.1136245727539063E-02
   52   -0.5332031250000000E-02    0.9434890747070313E-03
   53   -0.2031250000000000E-02    0.9630584716796875E-03
   54   -0.1425781250000000E-02    0.9334945678710938E-03
   55    0.5273437500000000E-03    0.9541702270507812E-03
   56    0.4277343750000000E-02    0.8230209350585938E-03
   57   -0.1113281250000000E-02    0.1019935607910156E-02
   58   -0.2910156250000000E-02    0.1085929870605469E-02
   59    0.5546875000000000E-02    0.9265899658203125E-03
   60   -0.2265625000000000E-02    0.1194000244140625E-02
   61   -0.1171875000000000E-02    0.8554077148437500E-03
   62   -0.2558593750000000E-02    0.1091346740722656E-02
   63   -0.2324218750000000E-02    0.6426620483398437E-03
   64   -0.1171875000000000E-03    0.9429168701171875E-03
   65    0.1816406250000000E-02    0.9144973754882812E-03
   66    0.3515625000000000E-03    0.1005859375000000E-02
   67   -0.3085937500000000E-02    0.1100006103515625E-02
   68    0.2656250000000000E-02    0.9430694580078125E-03
   69    0.7812500000000000E-03    0.7836914062500000E-03
   70   -0.8789062500000000E-03    0.9020614624023437E-03
   71   -0.2656250000000000E-02    0.1232986450195313E-02
   72    0.2539062500000000E-02    0.1021881103515625E-02
   73   -0.8203125000000000E-03    0.8457946777343750E-03
   74    0.6445312500000000E-03    0.7993698120117188E-03
   75    0.2734375000000000E-03    0.8649444580078125E-03
   76    0.1093750000000000E-02    0.9836578369140626E-03
   77    0.8007812500000000E-03    0.9354782104492187E-03
   78    0.1289062500000000E-02    0.1083526611328125E-02
   79   -0.4687500000000000E-03    0.7810211181640625E-03
   80   -0.5292968750000000E-02    0.8698654174804688E-03
   81   -0.3339843750000000E-02    0.9046554565429688E-03
   82   -0.3437500000000000E-02    0.1292800903320312E-02
   83   -0.3906250000000000E-03    0.9461975097656250E-03
   84    0.1152343750000000E-02    0.8739089965820313E-03
   85   -0.3847656250000000E-02    0.9016799926757813E-03
   86    0.6640625000000000E-03    0.1156845092773437E-02
   87    0.4726562500000000E-02    0.9670257568359375E-03
   88    0.2753906250000000E-02    0.8452224731445312E-03
   89    0.1855468750000000E-02    0.1181068420410156E-02
   90   -0.3183593750000000E-02    0.1072425842285156E-02
   91   -0.2187500000000000E-02    0.8599853515625000E-03
   92   -0.5898437500000000E-02    0.1162948608398438E-02
   93   -0.3671875000000000E-02    0.1110076904296875E-02
   94    0.5078125000000000E-03    0.1047134399414062E-02
   95   -0.4218750000000000E-02    0.1245880126953125E-02
   96    0.2734375000000000E-03    0.9943389892578126E-03
   97   -0.6054687500000000E-03    0.1217231750488281E-02
   98   -0.8144531250000000E-02    0.1095390319824219E-02
   99    0.9375000000000000E-03    0.8112335205078125E-03
  100    0.4687500000000000E-03    0.9778594970703124E-03
