# time =    0.4112
    0    0.1000000000000000E+01    0.1000000000000000E+01
    1    0.3679101562500000E+00    0.1361989974975586E+00
    2    0.2119335937500000E+00    0.4570446014404297E-01
    3    0.1553515625000000E+00    0.2491096496582031E-01
    4    0.1280078125000000E+00    0.1736328125000000E-01
    5    0.1088867187500000E+00    0.1280124664306641E-01
    6    0.9746093750000000E-01    0.1030220031738281E-01
    7    0.9214843750000000E-01    0.9261245727539063E-02
    8    0.8355468750000000E-01    0.7601165771484375E-02
    9    0.7886718750000000E-01    0.6861038208007812E-02
   10    0.7421875000000000E-01    0.6202316284179688E-02
   11    0.7320312499999999E-01    0.6111221313476562E-02
   12    0.6984375000000000E-01    0.5674209594726563E-02
   13    0.6804687500000001E-01    0.5281448364257812E-02
   14    0.6707031250000001E-01    0.5260696411132812E-02
   15    0.6259765624999999E-01    0.4871940612792969E-02
   16    0.6281249999999999E-01    0.4807586669921875E-02
   17    0.5869140625000000E-01    0.4354286193847656E-02
   18    0.5851562500000000E-01    0.4257736206054688E-02
   19    0.5568359375000000E-01    0.3934974670410156E-02
   20    0.5599609375000000E-01    0.3967170715332031E-02
   21    0.5496093750000000E-01    0.3935775756835938E-02
   22    0.5505859375000000E-01    0.3730812072753906E-02
   23    0.5324218750000000E-01    0.3591232299804687E-02
   24    0.5197265625000000E-01    0.3508415222167969E-02
   25    0.5115234375000000E-01    0.3473548889160156E-02
   26    0.5119140625000000E-01    0.3465995788574219E-02
   27    0.5048828125000000E-01    0.3450202941894531E-02
   28    0.4890625000000000E-01    0.3452987670898437E-02
   29    0.4769531250000000E-01    0.3135375976562500E-02
   30    0.4531250000000000E-01    0.2918930053710937E-02
   31    0.4365234375000000E-01    0.2703819274902344E-02
   32    0.4388671875000000E-01    0.2819480895996094E-02
   33    0.4457031250000000E-01    0.3026428222656250E-02
   34    0.4224609375000000E-01    0.2700538635253906E-02
   35    0.4273437500000000E-01    0.2609481811523437E-02
   36    0.4064453125000000E-01    0.2493324279785156E-02
   37    0.3964843750000000E-01    0.2482757568359375E-02
   38    0.4060546875000000E-01    0.2562675476074219E-02
   39    0.3837890625000000E-01    0.2275962829589844E-02
   40    0.3748046875000000E-01    0.2352333068847656E-02
   41    0.3644531250000000E-01    0.2047195434570312E-02
   42    0.3566406250000000E-01    0.2153015136718750E-02
   43    0.3521484375000000E-01    0.2137870788574219E-02
   44    0.3337890625000000E-01    0.1895790100097656E-02
   45    0.3410156250000000E-01    0.2105789184570312E-02
   46    0.3322265625000000E-01    0.1975975036621094E-02
   47    0.3316406250000000E-01    0.1993026733398438E-02
   48    0.3158203125000000E-01    0.1817588806152344E-02
   49    0.3357421875000000E-01    0.2015266418457031E-02
   50    0.3304687500000000E-01    0.2023696899414062E-02
   51    0.3253906250000000E-01    0.2000885009765625E-02
   52    0.3173828125000000E-01    0.2009162902832031E-02
   53    0.3240234375000000E-01    0.2036399841308594E-02
   54    0.3087890625000000E-01    0.1812095642089844E-02
   55    0.3148437500000000E-01    0.1802597045898438E-02
   56    0.3142578125000000E-01    0.1860847473144531E-02
   57    0.2931640625000000E-01    0.1854591369628906E-02
   58    0.2833984375000000E-01    0.1799049377441406E-02
   59    0.2730468750000000E-01    0.1748199462890625E-02
   60    0.2941406250000000E-01    0.1776275634765625E-02
   61    0.3074218750000000E-01    0.1899414062500000E-02
   62    0.2826171875000000E-01    0.1736183166503906E-02
   63    0.2949218750000000E-01    0.1879348754882813E-02
   64    0.2736328125000000E-01    0.1664695739746094E-02
   65    0.2712890625000000E-01    0.1548805236816406E-02
   66    0.2480468750000000E-01    0.1519012451171875E-02
   67    0.2466796875000000E-01    0.1604957580566406E-02
   68    0.2593750000000000E-01    0.1692276000976563E-02
   69    0.2806640625000000E-01    0.1715507507324219E-02
   70    0.2769531250000000E-01    0.1712493896484375E-02
   71    0.2748046875000000E-01    0.1643486022949219E-02
   72    0.2636718750000000E-01    0.1603851318359375E-02
   73    0.2414062500000000E-01    0.1598968505859375E-02
   74    0.2343750000000000E-01    0.1613159179687500E-02
   75    0.2523437500000000E-01    0.1761322021484375E-02
   76    0.2371093750000000E-01    0.1595916748046875E-02
   77    0.2398437500000000E-01    0.1579055786132812E-02
   78    0.2380859375000000E-01    0.1704826354980469E-02
   79    0.2402343750000000E-01    0.1683654785156250E-02
   80    0.2443359375000000E-01    0.1709251403808594E-02
   81    0.2546875000000000E-01    0.1649246215820312E-02
   82    0.2384765625000000E-01    0.1644859313964844E-02
   83    0.2259765625000000E-01    0.1611595153808594E-02
   84    0.2265625000000000E-01    0.1659317016601563E-02
   85    0.2310546875000000E-01    0.1619911193847656E-02
   86    0.2255859375000000E-01    0.1576728820800781E-02
   87    0.2208984375000000E-01    0.1440849304199219E-02
   88    0.2189453125000000E-01    0.1507377624511719E-02
   89    0.2304687500000000E-01    0.1646499633789063E-02
   90    0.2292968750000000E-01    0.1636962890625000E-02
   91    0.2119140625000000E-01    0.1606407165527344E-02
   92    0.2212890625000000E-01    0.1514091491699219E-02
   93    0.1970703125000000E-01    0.1447792053222656E-02
   94    0.2033203125000000E-01    0.1563987731933594E-02
   95    0.2175781250000000E-01    0.1554336547851562E-02
   96    0.2230468750000000E-01    0.1546096801757813E-02
   97    0.2298828125000000E-01    0.1520271301269531E-02
   98    0.2162109375000000E-01    0.1396217346191406E-02
   99    0.1972656250000000E-01    0.1396865844726563E-02
  100    0.2240234375000000E-01    0.1481132507324219E-02
