# time =    0.4674
    0    0.1000000000000000E+01    0.1000000000000000E+01
    1    0.2023046875000000E+00    0.4178451538085937E-01
    2    0.5093750000000000E-01    0.3489837646484375E-02
    3    0.1728515625000000E-01    0.1113700866699219E-02
    4    0.9746093750000000E-02    0.1082496643066406E-02
    5    0.4121093750000000E-02    0.1097831726074219E-02
    6    0.7812500000000000E-03    0.6797027587890625E-03
    7   -0.1269531250000000E-02    0.8998489379882812E-03
    8   -0.2285156250000000E-02    0.8631515502929688E-03
    9    0.5371093750000000E-02    0.1029777526855469E-02
   10   -0.9960937500000000E-03    0.8818435668945312E-03
   11   -0.1972656250000000E-02    0.8224868774414063E-03
   12   -0.4296875000000000E-03    0.1086120605468750E-02
   13   -0.3359375000000000E-02    0.1122741699218750E-02
   14   -0.5566406250000000E-02    0.9157943725585937E-03
   15   -0.1289062500000000E-02    0.1144561767578125E-02
   16   -0.7812500000000000E-04    0.9294128417968749E-03
   17    0.6445312500000000E-03    0.9138107299804688E-03
   18   -0.1953125000000000E-03    0.1103210449218750E-02
   19    0.1523437500000000E-02    0.9895324707031249E-03
   20    0.2207031250000000E-02    0.1004295349121094E-02
   21    0.3652343750000000E-02    0.8222579956054688E-03
   22   -0.1757812500000000E-03    0.1047096252441406E-02
   23   -0.4628906250000000E-02    0.8046340942382813E-03
   24   -0.4472656250000000E-02    0.9834671020507813E-03
   25    0.1953125000000000E-04    0.1054954528808594E-02
   26   -0.7070312500000000E-02    0.8061218261718750E-03
   27   -0.1367187500000000E-03    0.1207771301269531E-02
   28    0.8203125000000000E-03    0.9387969970703125E-03
   29    0.2167968750000000E-02    0.1202583312988281E-02
   30   -0.5644531250000000E-02    0.1020164489746094E-02
   31    0.3964843750000000E-02    0.1111488342285156E-02
   32    0.4472656250000000E-02    0.8758163452148438E-03
   33   -0.1035156250000000E-02    0.8448410034179687E-03
   34   -0.3476562500000000E-02    0.9246826171875000E-03
   35    0.1015625000000000E-02    0.1006851196289062E-02
   36    0.3789062500000000E-02    0.9252929687500000E-03
   37    0.4335937500000000E-02    0.1016540527343750E-02
   38   -0.9960937500000000E-03    0.9433364868164062E-03
   39    0.3125000000000000E-02    0.1226119995117188E-02
   40   -0.4023437500000000E-02    0.1036758422851562E-02
   41    0.1152343750000000E-02    0.8195877075195312E-03
   42   -0.1308593750000000E-02    0.1127281188964844E-02
   43   -0.1210937500000000E-02    0.9811401367187500E-03
   44    0.3710937500000000E-02    0.1078338623046875E-02
   45    0.7304687500000000E-02    0.9644317626953125E-03
   46   -0.3144531250000000E-02    0.6853103637695313E-03
   47   -0.4687500000000000E-03    0.9669494628906250E-03
   48   -0.5234375000000000E-02    0.7594299316406250E-03
   49   -0.1757812500000000E-03    0.9640884399414062E-03
   50   -0.6250000000000000E-03    0.9857940673828126E-03
   51    0.1894531250000000E-02    0.8870315551757813E-03
   52   -0.4687500000000000E-03    0.8364868164062500E-03
   53   -0.1464843750000000E-02    0.1023750305175781E-02
   54   -0.4296875000000000E-03    0.9575653076171875E-03
   55    0.3398437500000000E-02    0.9746551513671875E-03
   56    0.1875000000000000E-02    0.9236907958984374E-03
   57   -0.3906250000000000E-03    0.7920837402343749E-03
   58    0.5078125000000000E-03    0.8541107177734375E-03
   59   -0.1269531250000000E-02    0.7886886596679688E-03
   60    0.1289062500000000E-02    0.8373260498046875E-03
   61    0.4296875000000000E-02    0.9017181396484375E-03
   62    0.9101562500000000E-02    0.7389068603515625E-03
   63    0.1152343750000000E-02    0.8074569702148437E-03
   64    0.7617187500000000E-03    0.1242103576660156E-02
   65    0.3300781250000000E-02    0.9643173217773437E-03
   66    0.1621093750000000E-02    0.8572769165039062E-03
   67    0.1210937500000000E-02    0.1184234619140625E-02
   68   -0.1953125000000000E-03    0.7921600341796875E-03
   69   -0.2343750000000000E-02    0.1118621826171875E-02
   70    0.2539062500000000E-02    0.9597778320312500E-03
   71    0.6953125000000000E-02    0.8129119873046875E-03
   72    0.6250000000000000E-03    0.8362579345703125E-03
   73    0.6054687500000000E-03    0.9934616088867188E-03
   74    0.2207031250000000E-02    0.8952713012695312E-03
   75    0.2597656250000000E-02    0.9752273559570313E-03
   76    0.1250000000000000E-02    0.9030151367187500E-03
   77    0.7031250000000000E-03    0.8781433105468750E-03
   78    0.5859375000000000E-04    0.1059226989746094E-02
   79   -0.8007812500000000E-03    0.7921218872070313E-03
   80    0.1269531250000000E-02    0.1159172058105469E-02
   81   -0.2050781250000000E-02    0.1036949157714844E-02
   82   -0.1132812500000000E-02    0.1164093017578125E-02
   83   -0.1621093750000000E-02    0.1043815612792969E-02
   84    0.1347656250000000E-02    0.8261489868164062E-03
   85   -0.3730468750000000E-02    0.1164360046386719E-02
   86   -0.1601562500000000E-02    0.1232070922851563E-02
   87   -0.6054687500000000E-03    0.1132545471191406E-02
   88   -0.4023437500000000E-02    0.9501647949218750E-03
   89    0.2929687500000000E-03    0.9965133666992188E-03
   90    0.2558593750000000E-02    0.1211814880371094E-02
   91   -0.4375000000000000E-02    0.8926391601562500E-03
   92   -0.2382812500000000E-02    0.1032104492187500E-02
   93   -0.5664062500000000E-03    0.7477951049804688E-03
   94   -0.1933593750000000E-02    0.7745742797851563E-03
   95    0.2519531250000000E-02    0.7141494750976563E-03
   96    0.5703125000000000E-02    0.9902954101562501E-03
   97   -0.1523437500000000E-02    0.8380126953125000E-03
   98    0.7031250000000000E-03    0.9289550781250000E-03
   99   -0.3476562500000000E-02    0.1090316772460937E-02
  100    0.9375000000000000E-03    0.1304244995117187E-02
