# time =    0.4447
    0    0.1000000000000000E+01    0.1000000000000000E+01
    1    0.3649804687500000E+00    0.1340361404418945E+00
    2    0.1530664062500000E+00    0.2437732696533203E-01
    3    0.7197265625000000E-01    0.6036567687988281E-02
    4    0.3966796875000000E-01    0.2684898376464844E-02
    5    0.2816406250000000E-01    0.1911468505859375E-02
    6    0.1085937500000000E-01    0.1227340698242188E-02
    7    0.4199218750000000E-02    0.1046333312988281E-02
    8    0.5761718750000000E-02    0.1126823425292969E-02
    9    0.4531250000000000E-02    0.8518981933593750E-03
   10    0.5253906250000000E-02    0.9444808959960938E-03
   11    0.4296875000000000E-03    0.9086608886718750E-03
   12    0.1542968750000000E-02    0.8089065551757813E-03
   13   -0.2500000000000000E-02    0.8789062500000000E-03
   14    0.3652343750000000E-02    0.9305953979492187E-03
   15    0.2207031250000000E-02    0.1151924133300781E-02
   16    0.1230468750000000E-02    0.9599685668945313E-03
   17    0.8398437500000000E-03    0.9475326538085937E-03
   18   -0.3359375000000000E-02    0.1259231567382813E-02
   19   -0.3945312500000000E-02    0.1089172363281250E-02
   20   -0.2734375000000000E-02    0.1053771972656250E-02
   21   -0.9179687499999999E-03    0.9139633178710938E-03
   22    0.1953125000000000E-03    0.9074401855468750E-03
   23    0.1054687500000000E-02    0.1040954589843750E-02
   24   -0.3417968750000000E-02    0.1009254455566406E-02
   25   -0.3496093750000000E-02    0.1036109924316406E-02
   26   -0.4296875000000000E-03    0.1410217285156250E-02
   27    0.2519531250000000E-02    0.1145515441894531E-02
   28    0.5078125000000000E-03    0.1011962890625000E-02
   29    0.1269531250000000E-02    0.9027481079101563E-03
   30    0.1015625000000000E-02    0.1035690307617188E-02
   31   -0.1289062500000000E-02    0.1071853637695313E-02
   32   -0.1660156250000000E-02    0.8707809448242188E-03
   33   -0.3847656250000000E-02    0.8636856079101562E-03
   34   -0.8398437500000000E-03    0.9753036499023437E-03
   35    0.1093750000000000E-02    0.7814025878906250E-03
   36   -0.4492187500000000E-03    0.1187629699707031E-02
   37    0.5332031250000000E-02    0.1169013977050781E-02
   38   -0.6640625000000000E-03    0.8872985839843750E-03
   39    0.3515625000000000E-02    0.9465789794921874E-03
   40    0.7441406250000000E-02    0.1103096008300781E-02
   41    0.3710937500000000E-03    0.8691787719726562E-03
   42    0.3613281250000000E-02    0.9679031372070312E-03
   43    0.8593750000000000E-03    0.8357238769531250E-03
   44   -0.4199218750000000E-02    0.8340835571289063E-03
   45    0.1386718750000000E-02    0.9601211547851562E-03
   46    0.4804687500000000E-02    0.1015777587890625E-02
   47    0.6562500000000000E-02    0.8300781250000000E-03
   48    0.6250000000000000E-02    0.1010894775390625E-02
   49    0.4042968750000000E-02    0.1065483093261719E-02
   50    0.3554687500000000E-02    0.1025238037109375E-02
   51   -0.6640625000000000E-03    0.1152954101562500E-02
   52    0.4042968750000000E-02    0.1066856384277344E-02
   53    0.6992187500000000E-02    0.1114349365234375E-02
   54    0.4238281250000000E-02    0.9920883178710937E-03
   55    0.1757812500000000E-02    0.1004791259765625E-02
   56   -0.6054687500000000E-03    0.8769607543945312E-03
   57   -0.3085937500000000E-02    0.7580566406250000E-03
   58   -0.2500000000000000E-02    0.8381652832031250E-03
   59   -0.1425781250000000E-02    0.9520339965820312E-03
   60    0.7031250000000000E-03    0.1064071655273437E-02
   61   -0.2480468750000000E-02    0.9106826782226562E-03
   62   -0.8203125000000000E-03    0.8848571777343750E-03
   63   -0.1953125000000000E-03    0.1044387817382812E-02
   64   -0.2539062500000000E-03    0.9220504760742188E-03
   65   -0.2441406250000000E-02    0.9952926635742188E-03
   66   -0.1425781250000000E-02    0.9839248657226563E-03
   67   -0.3085937500000000E-02    0.1143569946289062E-02
   68   -0.6835937500000000E-03    0.1031227111816406E-02
   69   -0.3964843750000000E-02    0.1057395935058594E-02
   70   -0.2890625000000000E-02    0.1117553710937500E-02
   71    0.5664062500000000E-03    0.1224174499511719E-02
   72    0.1718750000000000E-02    0.1017074584960938E-02
   73   -0.1406250000000000E-02    0.1357269287109375E-02
   74   -0.3222656250000000E-02    0.1261940002441406E-02
   75   -0.3359375000000000E-02    0.1022033691406250E-02
   76    0.3281250000000000E-02    0.1012878417968750E-02
   77   -0.1074218750000000E-02    0.1086158752441406E-02
   78   -0.2734375000000000E-02    0.8544921875000000E-03
   79   -0.9570312500000000E-03    0.6692886352539062E-03
   80    0.1562500000000000E-02    0.7955169677734375E-03
   81    0.6210937500000000E-02    0.7404327392578125E-03
   82    0.1894531250000000E-02    0.7693862915039062E-03
   83    0.4375000000000000E-02    0.7550048828125000E-03
   84   -0.1953125000000000E-03    0.8038330078125000E-03
   85   -0.2265625000000000E-02    0.1090927124023438E-02
   86   -0.6640625000000000E-03    0.9282684326171875E-03
   87   -0.8398437500000000E-03    0.8323287963867187E-03
   88    0.1757812500000000E-03    0.9559249877929688E-03
   89   -0.5195312500000000E-02    0.1019821166992187E-02
   90   -0.7871093750000000E-02    0.1040077209472656E-02
   91    0.2011718750000000E-02    0.8713912963867188E-03
   92    0.6054687500000000E-03    0.9427261352539062E-03
   93    0.1074218750000000E-02    0.9118270874023438E-03
   94   -0.1601562500000000E-02    0.1008682250976563E-02
   95    0.1953125000000000E-02    0.8573913574218750E-03
   96    0.1816406250000000E-02    0.7862472534179688E-03
   97   -0.1015625000000000E-02    0.9101104736328125E-03
   98    0.1289062500000000E-02    0.9254455566406250E-03
   99    0.8007812500000000E-03    0.8376693725585938E-03
  100   -0.6250000000000000E-02    0.1020431518554688E-02
