# time =    0.4738
    0    0.1000000000000000E+01    0.1000000000000000E+01
    1    0.1828710937500000E+00    0.3438137054443360E-01
    2    0.3533203125000000E-01    0.1980552673339844E-02
    3    0.6894531250000000E-02    0.1086235046386719E-02
    4   -0.1171875000000000E-03    0.8711242675781251E-03
    5   -0.5273437500000000E-03    0.9177780151367188E-03
    6    0.1464843750000000E-02    0.7304763793945313E-03
    7    0.2070312500000000E-02    0.1188354492187500E-02
    8   -0.1660156250000000E-02    0.8034896850585937E-03
    9   -0.2539062500000000E-03    0.9482955932617188E-03
   10   -0.1718750000000000E-02    0.9815979003906250E-03
   11   -0.3671875000000000E-02    0.8896636962890625E-03
   12   -0.4257812500000000E-02    0.1102676391601563E-02
   13   -0.5273437500000000E-02    0.9247589111328125E-03
   14   -0.3183593750000000E-02    0.1075553894042969E-02
   15   -0.2441406250000000E-02    0.1101493835449219E-02
   16    0.5468750000000001E-03    0.9691619873046875E-03
   17   -0.2109375000000000E-02    0.7883453369140625E-03
   18    0.1562500000000000E-03    0.8091735839843750E-03
   19   -0.3320312500000000E-03    0.1206321716308594E-02
   20   -0.2148437500000000E-02    0.9091949462890625E-03
   21   -0.3085937500000000E-02    0.1252593994140625E-02
   22   -0.6425781250000000E-02    0.1062812805175781E-02
   23    0.5078125000000000E-03    0.1101226806640625E-02
   24    0.3164062500000000E-02    0.1076736450195312E-02
   25   -0.1289062500000000E-02    0.9767913818359375E-03
   26    0.2089843750000000E-02    0.9059524536132813E-03
   27    0.5859375000000000E-03    0.8549499511718750E-03
   28   -0.1113281250000000E-02    0.9532546997070312E-03
   29    0.4492187500000000E-03    0.8702468872070312E-03
   30    0.3222656250000000E-02    0.9788894653320313E-03
   31    0.2910156250000000E-02    0.1008033752441406E-02
   32   -0.5859375000000000E-04    0.8794021606445313E-03
   33    0.1132812500000000E-02    0.9034729003906250E-03
   34   -0.6054687500000000E-03    0.9464645385742188E-03
   35   -0.3085937500000000E-02    0.1202621459960937E-02
   36    0.3984375000000000E-02    0.1250000000000000E-02
   37    0.5507812500000000E-02    0.1026840209960938E-02
   38    0.1074218750000000E-02    0.1094627380371094E-02
   39   -0.5253906250000000E-02    0.9820938110351562E-03
   40    0.3906250000000000E-03    0.1101531982421875E-02
   41    0.2753906250000000E-02    0.9265518188476562E-03
   42    0.4726562500000000E-02    0.1118698120117187E-02
   43    0.8203125000000000E-03    0.7004547119140625E-03
   44    0.2812500000000000E-02    0.7833862304687501E-03
   45   -0.7812500000000000E-03    0.9371185302734375E-03
   46   -0.4121093750000000E-02    0.8254623413085937E-03
   47   -0.1855468750000000E-02    0.8955001831054688E-03
   48   -0.3789062500000000E-02    0.8429718017578125E-03
   49   -0.3906250000000000E-04    0.7419586181640625E-03
   50    0.5449218750000000E-02    0.1147651672363281E-02
   51   -0.2382812500000000E-02    0.1039581298828125E-02
   52    0.1445312500000000E-02    0.1136550903320312E-02
   53    0.8789062500000000E-03    0.8842086791992187E-03
   54    0.4707031250000000E-02    0.7931137084960937E-03
   55   -0.1171875000000000E-02    0.1244888305664062E-02
   56    0.3691406250000000E-02    0.8685684204101562E-03
   57   -0.7226562500000000E-03    0.1094398498535156E-02
   58   -0.2714843750000000E-02    0.7435989379882813E-03
   59   -0.1582031250000000E-02    0.1119880676269531E-02
   60    0.1660156250000000E-02    0.7799148559570312E-03
   61    0.2773437500000000E-02    0.1154327392578125E-02
   62    0.2500000000000000E-02    0.9819030761718749E-03
   63    0.7812500000000000E-03    0.1059494018554688E-02
   64   -0.9179687499999999E-03    0.9054946899414063E-03
   65    0.1503906250000000E-02    0.9716415405273438E-03
   66    0.4160156250000000E-02    0.1022224426269531E-02
   67    0.4492187500000000E-03    0.9084701538085938E-03
   68    0.3515625000000000E-03    0.1122131347656250E-02
   69    0.3906250000000000E-04    0.1063156127929687E-02
   70   -0.1132812500000000E-02    0.1006774902343750E-02
   71   -0.1542968750000000E-02    0.1058387756347656E-02
   72    0.1132812500000000E-02    0.9123229980468750E-03
   73    0.4101562500000000E-03    0.1023216247558594E-02
   74    0.4531250000000000E-02    0.1003952026367188E-02
   75    0.3457031250000000E-02    0.1080589294433594E-02
   76    0.1953125000000000E-03    0.1076278686523437E-02
   77   -0.7480468750000000E-02    0.1215705871582031E-02
   78   -0.5175781250000000E-02    0.9740829467773437E-03
   79   -0.3886718750000000E-02    0.9508895874023438E-03
   80   -0.2558593750000000E-02    0.1011161804199219E-02
   81   -0.2167968750000000E-02    0.1179695129394531E-02
   82    0.3183593750000000E-02    0.9612655639648438E-03
   83    0.7656250000000000E-02    0.1065216064453125E-02
   84   -0.1386718750000000E-02    0.9133529663085938E-03
   85   -0.5273437500000000E-03    0.1100120544433594E-02
   86    0.1562500000000000E-03    0.8849334716796875E-03
   87    0.4355468750000000E-02    0.1154365539550781E-02
   88   -0.5664062500000000E-03    0.1045570373535156E-02
   89   -0.1054687500000000E-02    0.9200286865234375E-03
   90   -0.6445312500000000E-03    0.8069229125976563E-03
   91    0.3750000000000000E-02    0.9278869628906250E-03
   92   -0.1210937500000000E-02    0.1127777099609375E-02
   93   -0.1425781250000000E-02    0.7874679565429688E-03
   94   -0.8984375000000000E-03    0.1051788330078125E-02
   95   -0.2187500000000000E-02    0.1051330566406250E-02
   96   -0.4023437500000000E-02    0.8186340332031250E-03
   97   -0.4492187500000000E-03    0.1012077331542969E-02
   98    0.7421875000000000E-03    0.9511566162109375E-03
   99   -0.4941406250000000E-02    0.1146049499511719E-02
  100   -0.6914062500000000E-02    0.1007766723632813E-02
