# time =    0.4541
    0    0.1000000000000000E+01    0.1000000000000000E+01
    1    0.2858203125000000E+00    0.8230621337890626E-01
    2    0.9779296875000000E-01    0.1054607391357422E-01
    3    0.3939453125000000E-01    0.2297554016113281E-02
    4    0.1826171875000000E-01    0.1071357727050781E-02
    5    0.1324218750000000E-01    0.1110076904296875E-02
    6    0.5722656250000000E-02    0.1220588684082031E-02
    7    0.1621093750000000E-02    0.9408950805664063E-03
    8   -0.2011718750000000E-02    0.1047096252441406E-02
    9   -0.5781250000000000E-02    0.9410858154296875E-03
   10   -0.1289062500000000E-02    0.8342742919921875E-03
   11   -0.1777343750000000E-02    0.9994125366210938E-03
   12   -0.6054687500000000E-02    0.8746337890625000E-03
   13   -0.5195312500000000E-02    0.9291839599609375E-03
   14   -0.3144531250000000E-02    0.8324050903320313E-03
   15    0.0000000000000000E+00    0.1041717529296875E-02
   16   -0.3828125000000000E-02    0.1009368896484375E-02
   17   -0.4433593750000000E-02    0.8405685424804687E-03
   18   -0.1035156250000000E-02    0.1100044250488281E-02
   19    0.4199218750000000E-02    0.9909439086914062E-03
   20    0.1308593750000000E-02    0.8337783813476562E-03
   21    0.1992187500000000E-02    0.1023406982421875E-02
   22    0.4863281250000000E-02    0.9914016723632812E-03
   23    0.2324218750000000E-02    0.9366226196289063E-03
   24   -0.3906250000000000E-04    0.7923889160156250E-03
   25    0.7832031250000000E-02    0.1048469543457031E-02
   26    0.5507812500000000E-02    0.1152954101562500E-02
   27    0.8632812500000000E-02    0.1016845703125000E-02
   28    0.1308593750000000E-02    0.8377456665039063E-03
   29   -0.3046875000000000E-02    0.1138687133789062E-02
   30   -0.3671875000000000E-02    0.9094238281250000E-03
   31   -0.9960937500000000E-03    0.9361648559570312E-03
   32   -0.3242187500000000E-02    0.1052474975585937E-02
   33    0.2246093750000000E-02    0.9902572631835937E-03
   34   -0.2812500000000000E-02    0.8132934570312500E-03
   35    0.2773437500000000E-02    0.9582519531250000E-03
   36    0.6171875000000000E-02    0.9794616699218750E-03
   37    0.8203125000000000E-03    0.9802246093749999E-03
   38   -0.1953125000000000E-03    0.7577514648437499E-03
   39   -0.1484375000000000E-02    0.9736633300781250E-03
   40   -0.1328125000000000E-02    0.1004486083984375E-02
   41   -0.2480468750000000E-02    0.1038780212402344E-02
   42    0.1093750000000000E-02    0.9900665283203126E-03
   43   -0.6230468750000000E-02    0.8874130249023437E-03
   44   -0.4687500000000000E-03    0.8339691162109375E-03
   45   -0.4257812500000000E-02    0.1171188354492187E-02
   46   -0.3300781250000000E-02    0.9324264526367188E-03
   47   -0.3808593750000000E-02    0.1038017272949219E-02
   48    0.1562500000000000E-02    0.1022415161132812E-02
   49    0.1093750000000000E-02    0.1043624877929687E-02
   50    0.6835937500000000E-03    0.8999252319335937E-03
   51   -0.3164062500000000E-02    0.8860778808593750E-03
   52   -0.1230468750000000E-02    0.9773635864257812E-03
   53    0.1679687500000000E-02    0.9980773925781249E-03
   54    0.2792968750000000E-02    0.1193275451660156E-02
   55   -0.4492187500000000E-03    0.8694839477539063E-03
   56    0.7226562500000000E-03    0.1006660461425781E-02
   57   -0.1289062500000000E-02    0.1136245727539063E-02
   58    0.3554687500000000E-02    0.7709503173828125E-03
   59    0.4140625000000000E-02    0.9683990478515626E-03
   60   -0.1562500000000000E-02    0.8911132812500000E-03
   61   -0.2207031250000000E-02    0.9428024291992188E-03
   62   -0.4433593750000000E-02    0.8753585815429687E-03
   63   -0.2128906250000000E-02    0.1112098693847656E-02
   64   -0.1328125000000000E-02    0.1135864257812500E-02
   65   -0.3554687500000000E-02    0.1187515258789063E-02
   66    0.1855468750000000E-02    0.9099960327148438E-03
   67   -0.1054687500000000E-02    0.1167068481445312E-02
   68    0.1250000000000000E-02    0.9223937988281250E-03
   69    0.6250000000000000E-03    0.8544921875000000E-03
   70    0.1171875000000000E-02    0.9080505371093750E-03
   71    0.3632812500000000E-02    0.1119232177734375E-02
   72    0.1757812500000000E-03    0.8147811889648438E-03
   73   -0.2890625000000000E-02    0.1294326782226563E-02
   74   -0.1953125000000000E-04    0.1217536926269531E-02
   75    0.2890625000000000E-02    0.9384155273437500E-03
   76    0.4687500000000000E-03    0.7752227783203125E-03
   77   -0.3945312500000000E-02    0.9026336669921875E-03
   78   -0.7812500000000000E-03    0.9285736083984375E-03
   79    0.5468750000000001E-03    0.9899902343749999E-03
   80   -0.1894531250000000E-02    0.1024436950683594E-02
   81   -0.6445312500000000E-03    0.8086776733398438E-03
   82    0.2304687500000000E-02    0.1014404296875000E-02
   83   -0.3320312500000000E-02    0.8822631835937500E-03
   84    0.6250000000000000E-03    0.9032440185546875E-03
   85    0.2011718750000000E-02    0.1070137023925781E-02
   86    0.2089843750000000E-02    0.1092720031738281E-02
   87   -0.2656250000000000E-02    0.8604431152343750E-03
   88   -0.7226562500000000E-02    0.9360504150390625E-03
   89   -0.2558593750000000E-02    0.1065254211425781E-02
   90    0.2148437500000000E-03    0.9860610961914063E-03
   91    0.1679687500000000E-02    0.9273529052734375E-03
   92    0.2949218750000000E-02    0.9799575805664062E-03
   93   -0.5859375000000000E-03    0.9886169433593751E-03
   94   -0.3085937500000000E-02    0.1077499389648437E-02
   95    0.2714843750000000E-02    0.1033897399902344E-02
   96   -0.1972656250000000E-02    0.1188240051269531E-02
   97   -0.1347656250000000E-02    0.1089057922363281E-02
   98   -0.1210937500000000E-02    0.1046066284179688E-02
   99    0.1718750000000000E-02    0.8834075927734375E-03
  100   -0.5468750000000001E-03    0.1022033691406250E-02
