# time =    0.4681
    0    0.1000000000000000E+01    0.1000000000000000E+01
    1    0.1881054687500000E+00    0.3632808685302735E-01
    2    0.3757812500000000E-01    0.2263717651367187E-02
    3    0.7929687499999999E-02    0.8903503417968750E-03
    4    0.9960937500000000E-03    0.8733749389648437E-03
    5    0.1816406250000000E-02    0.1031761169433594E-02
    6    0.2148437500000000E-03    0.9746170043945313E-03
    7    0.1679687500000000E-02    0.8074951171875000E-03
    8   -0.3906250000000000E-04    0.8497619628906250E-03
    9   -0.2460937500000000E-02    0.8455657958984375E-03
   10    0.1953125000000000E-02    0.9336090087890625E-03
   11   -0.5859375000000000E-04    0.7696151733398438E-03
   12    0.1074218750000000E-02    0.8871841430664062E-03
   13   -0.2304687500000000E-02    0.1015625000000000E-02
   14    0.1582031250000000E-02    0.1011695861816406E-02
   15   -0.7812500000000000E-04    0.1087493896484375E-02
   16   -0.1816406250000000E-02    0.9252548217773438E-03
   17   -0.6093750000000000E-02    0.1061630249023438E-02
   18    0.3906250000000000E-02    0.9297180175781250E-03
   19    0.4257812500000000E-02    0.1070861816406250E-02
   20    0.2421875000000000E-02    0.9035491943359376E-03
   21   -0.5566406250000000E-02    0.7569503784179688E-03
   22    0.1953125000000000E-03    0.9906768798828125E-03
   23    0.1738281250000000E-02    0.1083488464355469E-02
   24   -0.3828125000000000E-02    0.8992004394531250E-03
   25   -0.9179687499999999E-03    0.9840774536132814E-03
   26   -0.2089843750000000E-02    0.9105300903320312E-03
   27    0.1796875000000000E-02    0.8870697021484375E-03
   28   -0.1386718750000000E-02    0.8236312866210937E-03
   29   -0.7421875000000000E-03    0.9748077392578125E-03
   30   -0.5566406250000000E-02    0.1159095764160156E-02
   31   -0.1054687500000000E-02    0.1129302978515625E-02
   32    0.3632812500000000E-02    0.1166305541992188E-02
   33   -0.1855468750000000E-02    0.1244850158691406E-02
   34    0.2734375000000000E-03    0.1187515258789063E-02
   35    0.3398437500000000E-02    0.1346664428710937E-02
   36    0.3242187500000000E-02    0.1031951904296875E-02
   37   -0.2851562500000000E-02    0.8475494384765625E-03
   38    0.5859375000000000E-04    0.9020614624023437E-03
   39   -0.6484375000000000E-02    0.9751892089843749E-03
   40    0.1738281250000000E-02    0.7995223999023438E-03
   41    0.3925781250000000E-02    0.9401321411132812E-03
   42   -0.1660156250000000E-02    0.8169174194335938E-03
   43    0.2148437500000000E-03    0.8066940307617187E-03
   44   -0.1523437500000000E-02    0.1062240600585937E-02
   45   -0.2207031250000000E-02    0.9708786010742187E-03
   46   -0.2109375000000000E-02    0.9136962890625000E-03
   47    0.2832031250000000E-02    0.9698104858398437E-03
   48    0.8007812500000000E-03    0.6285476684570313E-03
   49    0.2148437500000000E-03    0.1092338562011719E-02
   50   -0.2207031250000000E-02    0.1190986633300781E-02
   51    0.1484375000000000E-02    0.9613800048828125E-03
   52   -0.3886718750000000E-02    0.8139419555664063E-03
   53   -0.5000000000000000E-02    0.1071853637695313E-02
   54   -0.3515625000000000E-03    0.8449554443359375E-03
   55    0.2167968750000000E-02    0.9256362915039063E-03
   56    0.5332031250000000E-02    0.1013984680175781E-02
   57    0.4140625000000000E-02    0.9836578369140626E-03
   58   -0.3535156250000000E-02    0.7698440551757813E-03
   59   -0.6132812500000000E-02    0.8555603027343750E-03
   60   -0.4335937500000000E-02    0.8193206787109375E-03
   61   -0.6835937500000000E-03    0.9969711303710938E-03
   62   -0.3613281250000000E-02    0.8794021606445313E-03
   63   -0.5429687500000000E-02    0.1175842285156250E-02
   64   -0.3515625000000000E-02    0.1039199829101563E-02
   65    0.1562500000000000E-03    0.1015930175781250E-02
   66   -0.1738281250000000E-02    0.1175880432128906E-02
   67   -0.5878906250000000E-02    0.1220207214355469E-02
   68   -0.5898437500000000E-02    0.9334564208984375E-03
   69    0.1054687500000000E-02    0.8477783203125000E-03
   70    0.7031250000000000E-03    0.1343612670898438E-02
   71   -0.1328125000000000E-02    0.8187866210937499E-03
   72   -0.3398437500000000E-02    0.9516906738281250E-03
   73   -0.4355468750000000E-02    0.7534408569335937E-03
   74    0.2402343750000000E-02    0.9366989135742188E-03
   75   -0.7226562500000000E-02    0.9597778320312500E-03
   76   -0.1757812500000000E-03    0.7687759399414063E-03
   77    0.8593750000000000E-03    0.1132507324218750E-02
   78    0.1171875000000000E-03    0.1098251342773437E-02
   79   -0.3574218750000000E-02    0.1195335388183594E-02
   80   -0.8398437500000000E-03    0.8768081665039062E-03
   81   -0.4433593750000000E-02    0.1009559631347656E-02
   82   -0.1523437500000000E-02    0.1064758300781250E-02
   83    0.7226562500000000E-03    0.1067314147949219E-02
   84    0.2695312500000000E-02    0.9762573242187500E-03
   85    0.5253906250000000E-02    0.9864425659179687E-03
   86   -0.1464843750000000E-02    0.1063423156738281E-02
   87    0.2714843750000000E-02    0.8009719848632812E-03
   88   -0.1171875000000000E-03    0.1047363281250000E-02
   89   -0.1484375000000000E-02    0.1243743896484375E-02
   90   -0.2656250000000000E-02    0.1071395874023438E-02
   91    0.4375000000000000E-02    0.8975219726562500E-03
   92   -0.7421875000000000E-03    0.9696197509765625E-03
   93   -0.7382812500000000E-02    0.1077346801757813E-02
   94   -0.7421875000000000E-03    0.1142959594726563E-02
   95   -0.2539062500000000E-03    0.1031837463378906E-02
   96   -0.5683593750000000E-02    0.1113243103027344E-02
   97   -0.4375000000000000E-02    0.9414672851562500E-03
   98   -0.3222656250000000E-02    0.1102409362792969E-02
   99   -0.4375000000000000E-02    0.9760284423828126E-03
  100   -0.3125000000000000E-03    0.9588623046875001E-03
