# time =    0.4642
    0    0.1000000000000000E+01    0.1000000000000000E+01
    1    0.2511718750000000E+00    0.6388610839843750E-01
    2    0.7408203125000000E-01    0.6323966979980469E-02
    3    0.2667968750000000E-01    0.1605224609375000E-02
    4    0.9160156250000001E-02    0.1000251770019531E-02
    5    0.4570312500000000E-02    0.1032867431640625E-02
    6   -0.1757812500000000E-03    0.1271858215332031E-02
    7    0.1308593750000000E-02    0.1185340881347656E-02
    8   -0.1230468750000000E-02    0.8366012573242188E-03
    9   -0.1621093750000000E-02    0.1138038635253906E-02
   10    0.1542968750000000E-02    0.7708358764648437E-03
   11    0.4433593750000000E-02    0.7909011840820313E-03
   12    0.5468750000000001E-03    0.1043014526367188E-02
   13    0.5273437500000000E-02    0.1094131469726562E-02
   14   -0.1582031250000000E-02    0.1163597106933594E-02
   15    0.1191406250000000E-02    0.8838272094726562E-03
   16   -0.2832031250000000E-02    0.9971237182617187E-03
   17   -0.4296875000000000E-02    0.8539581298828126E-03
   18    0.3300781250000000E-02    0.7796859741210937E-03
   19    0.3085937500000000E-02    0.9703826904296875E-03
   20    0.5839843750000000E-02    0.9451675415039063E-03
   21   -0.3593750000000000E-02    0.1036300659179688E-02
   22   -0.6621093750000000E-02    0.1189537048339844E-02
   23   -0.1621093750000000E-02    0.1005744934082031E-02
   24    0.3906250000000000E-03    0.8050537109375000E-03
   25    0.0000000000000000E+00    0.9530639648437500E-03
   26   -0.1445312500000000E-02    0.1155548095703125E-02
   27   -0.5273437500000000E-02    0.8620452880859375E-03
   28    0.4843750000000000E-02    0.1063003540039063E-02
   29    0.2949218750000000E-02    0.9321212768554687E-03
   30    0.1367187500000000E-03    0.7028579711914062E-03
   31   -0.1191406250000000E-02    0.1091651916503906E-02
   32    0.4121093750000000E-02    0.8767318725585938E-03
   33   -0.3320312500000000E-02    0.9662628173828125E-03
   34    0.6250000000000000E-03    0.1252593994140625E-02
   35   -0.3476562500000000E-02    0.1187133789062500E-02
   36    0.2050781250000000E-02    0.7648849487304687E-03
   37   -0.3125000000000000E-03    0.9644317626953125E-03
   38   -0.2851562500000000E-02    0.6027221679687500E-03
   39    0.7421875000000000E-03    0.1061477661132812E-02
   40    0.1230468750000000E-02    0.8375930786132812E-03
   41    0.4550781250000000E-02    0.9769821166992188E-03
   42   -0.1640625000000000E-02    0.8972167968750000E-03
   43    0.2402343750000000E-02    0.8930587768554688E-03
   44   -0.3515625000000000E-03    0.8448791503906250E-03
   45   -0.2675781250000000E-02    0.1020240783691406E-02
   46    0.1953125000000000E-02    0.1283798217773438E-02
   47   -0.1113281250000000E-02    0.9590530395507812E-03
   48    0.3398437500000000E-02    0.8402252197265625E-03
   49   -0.2734375000000000E-03    0.1051483154296875E-02
   50    0.4609375000000000E-02    0.9838104248046874E-03
   51    0.1445312500000000E-02    0.1256332397460937E-02
   52    0.1562500000000000E-03    0.9231567382812500E-03
   53    0.3007812500000000E-02    0.1002044677734375E-02
   54    0.6250000000000000E-03    0.8238983154296875E-03
   55    0.1093750000000000E-02    0.1042251586914063E-02
   56    0.1953125000000000E-03    0.1205825805664063E-02
   57   -0.3515625000000000E-03    0.8608245849609375E-03
   58    0.6894531250000000E-02    0.9957504272460936E-03
   59    0.1171875000000000E-03    0.1023254394531250E-02
   60    0.5468750000000001E-03    0.9462738037109375E-03
   61   -0.3417968750000000E-02    0.7878494262695313E-03
   62    0.3691406250000000E-02    0.1031608581542969E-02
   63   -0.5078125000000000E-03    0.1107025146484375E-02
   64    0.1406250000000000E-02    0.1048583984375000E-02
   65    0.7382812500000000E-02    0.8822631835937500E-03
   66    0.5273437500000000E-02    0.1008148193359375E-02
   67    0.1972656250000000E-02    0.8204269409179687E-03
   68    0.6835937500000000E-03    0.8449172973632813E-03
   69   -0.1718750000000000E-02    0.9068298339843750E-03
   70    0.4101562500000000E-03    0.8880996704101563E-03
   71   -0.1699218750000000E-02    0.1112022399902344E-02
   72   -0.1738281250000000E-02    0.1120109558105469E-02
   73   -0.3457031250000000E-02    0.1267890930175781E-02
   74    0.1562500000000000E-02    0.1158294677734375E-02
   75    0.1367187500000000E-03    0.9927749633789062E-03
   76   -0.1250000000000000E-02    0.9590911865234375E-03
   77   -0.1503906250000000E-02    0.7726669311523438E-03
   78   -0.5703125000000000E-02    0.8201599121093750E-03
   79   -0.7949218750000001E-02    0.9811019897460937E-03
   80   -0.4062500000000000E-02    0.9555816650390625E-03
   81   -0.3906250000000000E-04    0.9453582763671875E-03
   82   -0.4882812500000000E-03    0.8841323852539063E-03
   83   -0.1328125000000000E-02    0.1072235107421875E-02
   84    0.3027343750000000E-02    0.1105613708496094E-02
   85    0.7597656250000000E-02    0.1469383239746094E-02
   86    0.5292968750000000E-02    0.9245681762695313E-03
   87    0.2695312500000000E-02    0.9088134765625000E-03
   88   -0.9179687499999999E-03    0.9545516967773437E-03
   89   -0.2871093750000000E-02    0.1104393005371094E-02
   90    0.1914062500000000E-02    0.8701324462890625E-03
   91   -0.4375000000000000E-02    0.9913635253906250E-03
   92   -0.7128906250000000E-02    0.1095390319824219E-02
   93   -0.3750000000000000E-02    0.1141052246093750E-02
   94    0.3847656250000000E-02    0.1019248962402344E-02
   95   -0.1953125000000000E-03    0.8950805664062499E-03
   96    0.3203125000000000E-02    0.9922790527343750E-03
   97   -0.3906250000000000E-03    0.9185028076171875E-03
   98   -0.1875000000000000E-02    0.9838867187500001E-03
   99    0.7929687499999999E-02    0.9897613525390624E-03
  100    0.2167968750000000E-02    0.8230972290039063E-03
