# time =    0.4729
    0    0.1000000000000000E+01    0.1000000000000000E+01
    1    0.2267773437500000E+00    0.5218013763427734E-01
    2    0.5597656250000000E-01    0.4301300048828125E-02
    3    0.1492187500000000E-01    0.1014862060546875E-02
    4    0.3457031250000000E-02    0.1033287048339844E-02
    5    0.9003906250000001E-02    0.1081504821777344E-02
    6    0.2343750000000000E-03    0.8665466308593750E-03
    7    0.1250000000000000E-02    0.8008575439453125E-03
    8   -0.5156250000000000E-02    0.9718322753906250E-03
    9   -0.1992187500000000E-02    0.7474517822265625E-03
   10   -0.5039062500000000E-02    0.7742309570312500E-03
   11    0.1093750000000000E-02    0.8605957031250000E-03
   12   -0.1210937500000000E-02    0.1014328002929687E-02
   13   -0.2011718750000000E-02    0.1022834777832031E-02
   14    0.8203125000000000E-03    0.1103668212890625E-02
   15   -0.4980468750000000E-02    0.9057998657226562E-03
   16    0.7421875000000000E-03    0.8698272705078125E-03
   17   -0.1757812500000000E-02    0.7935333251953125E-03
   18    0.1894531250000000E-02    0.1312675476074219E-02
   19    0.8789062500000000E-03    0.9854507446289062E-03
   20    0.1132812500000000E-02    0.1006698608398437E-02
   21    0.3964843750000000E-02    0.1066246032714844E-02
   22    0.1835937500000000E-02    0.7234954833984375E-03
   23   -0.2773437500000000E-02    0.8298492431640625E-03
   24   -0.1796875000000000E-02    0.9777069091796875E-03
   25    0.3125000000000000E-03    0.8248138427734375E-03
   26   -0.4648437500000000E-02    0.9670257568359375E-03
   27    0.6250000000000000E-03    0.8615875244140626E-03
   28   -0.2148437500000000E-03    0.9195327758789063E-03
   29   -0.6054687500000000E-03    0.1107292175292969E-02
   30   -0.1074218750000000E-02    0.1066322326660156E-02
   31    0.4296875000000000E-03    0.1055145263671875E-02
   32    0.1015625000000000E-02    0.1262741088867187E-02
   33   -0.1289062500000000E-02    0.1063308715820313E-02
   34   -0.4882812500000000E-03    0.1180610656738281E-02
   35   -0.8789062500000000E-03    0.1066169738769531E-02
   36   -0.6152343750000000E-02    0.1102867126464844E-02
   37   -0.6816406250000000E-02    0.1074562072753906E-02
   38    0.5175781250000000E-02    0.1000404357910156E-02
   39   -0.9179687499999999E-03    0.9354782104492187E-03
   40    0.3300781250000000E-02    0.1023597717285156E-02
   41    0.1152343750000000E-02    0.1100502014160156E-02
   42   -0.2929687500000000E-03    0.6944656372070313E-03
   43    0.2167968750000000E-02    0.8773422241210938E-03
   44   -0.4980468750000000E-02    0.9939193725585938E-03
   45   -0.1933593750000000E-02    0.9849166870117187E-03
   46   -0.3007812500000000E-02    0.1039276123046875E-02
   47   -0.1816406250000000E-02    0.1104469299316406E-02
   48    0.1054687500000000E-02    0.8678436279296875E-03
   49    0.3437500000000000E-02    0.1019897460937500E-02
   50   -0.1894531250000000E-02    0.1252403259277344E-02
   51    0.1308593750000000E-02    0.9423446655273438E-03
   52    0.3847656250000000E-02    0.8397293090820312E-03
   53    0.4296875000000000E-03    0.1036376953125000E-02
   54    0.4433593750000000E-02    0.1036338806152344E-02
   55    0.4296875000000000E-03    0.1130523681640625E-02
   56    0.2539062500000000E-02    0.9238433837890625E-03
   57   -0.2167968750000000E-02    0.1038932800292969E-02
   58   -0.4882812500000000E-03    0.9527206420898438E-03
   59    0.7031250000000000E-03    0.1094360351562500E-02
   60   -0.1660156250000000E-02    0.8546066284179688E-03
   61   -0.4687500000000000E-03    0.1029968261718750E-02
   62   -0.3398437500000000E-02    0.9129333496093750E-03
   63    0.1386718750000000E-02    0.1019325256347656E-02
   64    0.2910156250000000E-02    0.8839797973632812E-03
   65   -0.3320312500000000E-03    0.7921981811523437E-03
   66    0.6054687500000000E-03    0.1044044494628906E-02
   67   -0.4062500000000000E-02    0.1027526855468750E-02
   68   -0.2246093750000000E-02    0.9611129760742187E-03
   69    0.5664062500000000E-03    0.9756088256835938E-03
   70    0.2343750000000000E-03    0.1124114990234375E-02
   71    0.2734375000000000E-02    0.9688568115234375E-03
   72    0.1445312500000000E-02    0.1144485473632812E-02
   73   -0.1601562500000000E-02    0.9611511230468750E-03
   74   -0.1972656250000000E-02    0.1025886535644531E-02
   75    0.2324218750000000E-02    0.9151077270507812E-03
   76    0.2656250000000000E-02    0.1228179931640625E-02
   77    0.2558593750000000E-02    0.9145736694335938E-03
   78   -0.5468750000000001E-03    0.9141540527343749E-03
   79   -0.1796875000000000E-02    0.8968353271484375E-03
   80   -0.8203125000000000E-03    0.7653045654296875E-03
   81   -0.2656250000000000E-02    0.6564331054687500E-03
   82   -0.5859375000000000E-03    0.1101074218750000E-02
   83    0.2382812500000000E-02    0.8127593994140625E-03
   84    0.5664062500000000E-03    0.9268569946289062E-03
   85    0.3574218750000000E-02    0.1029319763183594E-02
   86    0.2929687500000000E-03    0.1213951110839844E-02
   87   -0.3222656250000000E-02    0.1050300598144531E-02
   88   -0.3320312500000000E-02    0.1131210327148438E-02
   89    0.2089843750000000E-02    0.1186332702636719E-02
   90   -0.3085937500000000E-02    0.8232116699218750E-03
   91   -0.1621093750000000E-02    0.1235313415527344E-02
   92    0.2187500000000000E-02    0.8255004882812500E-03
   93   -0.9570312500000000E-03    0.9391403198242187E-03
   94   -0.3593750000000000E-02    0.1018066406250000E-02
   95    0.1542968750000000E-02    0.8587265014648438E-03
   96   -0.3027343750000000E-02    0.9969711303710938E-03
   97   -0.2011718750000000E-02    0.1115684509277344E-02
   98   -0.2773437500000000E-02    0.7784271240234375E-03
   99   -0.3515625000000000E-03    0.9056091308593750E-03
  100    0.6855468750000000E-02    0.1143150329589844E-02
