# time =    0.4332
    0    0.1000000000000000E+01    0.1000000000000000E+01
    1    0.3573046875000000E+00    0.1284690856933594E+00
    2    0.1529296875000000E+00    0.2437149047851563E-01
    3    0.8349609375000000E-01    0.8096885681152344E-02
    4    0.4734375000000000E-01    0.3099975585937500E-02
    5    0.2949218750000000E-01    0.1996612548828125E-02
    6    0.1847656250000000E-01    0.1408386230468750E-02
    7    0.1431640625000000E-01    0.1501045227050781E-02
    8    0.5429687500000000E-02    0.1088867187500000E-02
    9    0.6191406250000000E-02    0.8388900756835937E-03
   10    0.7578125000000000E-02    0.9667968750000000E-03
   11    0.5468750000000001E-03    0.1110000610351563E-02
   12    0.2128906250000000E-02    0.1261558532714844E-02
   13   -0.3320312500000000E-03    0.1433906555175781E-02
   14    0.9765625000000001E-04    0.9774398803710938E-03
   15   -0.5859375000000000E-04    0.1024665832519531E-02
   16    0.2207031250000000E-02    0.8450698852539063E-03
   17    0.2734375000000000E-02    0.1053009033203125E-02
   18   -0.9960937500000000E-03    0.1119346618652344E-02
   19    0.3105468750000000E-02    0.1037864685058594E-02
   20   -0.5000000000000000E-02    0.1110000610351563E-02
   21   -0.3027343750000000E-02    0.1202125549316406E-02
   22   -0.4238281250000000E-02    0.8763504028320312E-03
   23   -0.1601562500000000E-02    0.8178710937500000E-03
   24    0.6914062500000000E-02    0.1011734008789063E-02
   25    0.7851562499999999E-02    0.9767913818359375E-03
   26    0.1386718750000000E-02    0.1028022766113281E-02
   27   -0.3496093750000000E-02    0.9479141235351563E-03
   28    0.1210937500000000E-02    0.1007537841796875E-02
   29    0.4199218750000000E-02    0.1247138977050781E-02
   30    0.4492187500000000E-02    0.1284942626953125E-02
   31   -0.1328125000000000E-02    0.1476821899414062E-02
   32    0.1542968750000000E-02    0.1067695617675781E-02
   33   -0.6054687500000000E-03    0.9988784790039063E-03
   34   -0.2304687500000000E-02    0.1039657592773438E-02
   35   -0.2578125000000000E-02    0.1164550781250000E-02
   36   -0.3515625000000000E-03    0.8348846435546876E-03
   37   -0.3183593750000000E-02    0.8983230590820313E-03
   38    0.2421875000000000E-02    0.9338378906250000E-03
   39    0.1171875000000000E-02    0.8224487304687500E-03
   40   -0.3417968750000000E-02    0.9824752807617188E-03
   41    0.3652343750000000E-02    0.8212661743164062E-03
   42   -0.5859375000000000E-04    0.9967422485351563E-03
   43   -0.1953125000000000E-02    0.1011886596679687E-02
   44    0.5664062500000000E-03    0.1024436950683594E-02
   45    0.4531250000000000E-02    0.1002426147460937E-02
   46    0.2792968750000000E-02    0.1026649475097656E-02
   47   -0.1054687500000000E-02    0.1071853637695313E-02
   48   -0.1171875000000000E-03    0.1145706176757812E-02
   49    0.2617187500000000E-02    0.8404541015625000E-03
   50    0.5078125000000000E-03    0.8316802978515625E-03
   51   -0.1367187500000000E-02    0.8473205566406250E-03
   52   -0.9375000000000000E-03    0.1294403076171875E-02
   53    0.1679687500000000E-02    0.1059722900390625E-02
   54    0.1660156250000000E-02    0.9974288940429689E-03
   55    0.3808593750000000E-02    0.9856033325195313E-03
   56    0.8007812500000000E-03    0.1128959655761719E-02
   57   -0.1308593750000000E-02    0.1335945129394531E-02
   58    0.1757812500000000E-03    0.1015892028808594E-02
   59    0.1425781250000000E-02    0.1055183410644531E-02
   60    0.1210937500000000E-02    0.1110839843750000E-02
   61   -0.9765625000000000E-03    0.1040954589843750E-02
   62    0.2324218750000000E-02    0.1085090637207031E-02
   63    0.2187500000000000E-02    0.1189804077148437E-02
   64    0.3144531250000000E-02    0.9633255004882813E-03
   65    0.2773437500000000E-02    0.8152008056640625E-03
   66   -0.1191406250000000E-02    0.1036949157714844E-02
   67   -0.1093750000000000E-02    0.9844207763671875E-03
   68   -0.2773437500000000E-02    0.1007003784179688E-02
   69   -0.4472656250000000E-02    0.9345626831054688E-03
   70    0.5781250000000000E-02    0.8550262451171874E-03
   71    0.4882812500000000E-03    0.9096908569335937E-03
   72   -0.1562500000000000E-03    0.7508087158203125E-03
   73    0.1308593750000000E-02    0.7953262329101563E-03
   74    0.3886718750000000E-02    0.9733200073242188E-03
   75    0.1289062500000000E-02    0.9545898437500000E-03
   76    0.5468750000000001E-03    0.8268737792968750E-03
   77    0.3007812500000000E-02    0.1049118041992187E-02
   78    0.5507812500000000E-02    0.9618377685546874E-03
   79   -0.1914062500000000E-02    0.1061172485351563E-02
   80    0.1757812500000000E-02    0.9082794189453125E-03
   81    0.1562500000000000E-03    0.7717895507812500E-03
   82    0.2558593750000000E-02    0.8124923706054688E-03
   83   -0.1386718750000000E-02    0.8600997924804687E-03
   84   -0.3574218750000000E-02    0.9445571899414063E-03
   85    0.1093750000000000E-02    0.9269714355468750E-03
   86    0.4199218750000000E-02    0.9640884399414062E-03
   87    0.7812500000000000E-04    0.8156585693359375E-03
   88   -0.4882812500000000E-03    0.8218765258789062E-03
   89   -0.2480468750000000E-02    0.8221817016601563E-03
   90    0.5078125000000000E-03    0.9561920166015625E-03
   91   -0.4101562500000000E-03    0.7103347778320313E-03
   92    0.4687500000000000E-03    0.9551239013671875E-03
   93    0.4687500000000000E-03    0.1043548583984375E-02
   94   -0.4453125000000000E-02    0.8299255371093750E-03
   95    0.2929687500000000E-03    0.1015663146972656E-02
   96    0.6113281250000000E-02    0.9231185913085938E-03
   97    0.2578125000000000E-02    0.9902191162109374E-03
   98    0.9960937500000000E-03    0.1146965026855469E-02
   99    0.5468750000000001E-03    0.9808349609375000E-03
  100   -0.1132812500000000E-02    0.9913635253906250E-03
