# time =    0.4693
    0    0.1000000000000000E+01    0.1000000000000000E+01
    1    0.2458593750000000E+00    0.6130119323730469E-01
    2    0.6441406249999999E-01    0.4925231933593750E-02
    3    0.1455078125000000E-01    0.1127738952636719E-02
    4    0.5312500000000000E-02    0.8605957031250000E-03
    5    0.5000000000000000E-02    0.1054229736328125E-02
    6   -0.3906250000000000E-04    0.8090209960937500E-03
    7   -0.5156250000000000E-02    0.7559967041015625E-03
    8    0.2070312500000000E-02    0.1213531494140625E-02
    9    0.3164062500000000E-02    0.1028442382812500E-02
   10   -0.5273437500000000E-03    0.1077537536621094E-02
   11    0.2539062500000000E-02    0.8850097656250000E-03
   12    0.2148437500000000E-02    0.9249877929687500E-03
   13   -0.2656250000000000E-02    0.1117706298828125E-02
   14   -0.4101562500000000E-03    0.8095932006835937E-03
   15   -0.9179687499999999E-03    0.7366561889648438E-03
   16    0.3125000000000000E-02    0.9043884277343750E-03
   17   -0.5253906250000000E-02    0.8800125122070312E-03
   18    0.8007812500000000E-03    0.9255599975585937E-03
   19    0.3906250000000000E-03    0.1210784912109375E-02
   20   -0.4296875000000000E-03    0.9764099121093750E-03
   21   -0.1503906250000000E-02    0.8427810668945313E-03
   22    0.1367187500000000E-02    0.9632110595703125E-03
   23    0.2675781250000000E-02    0.9903335571289063E-03
   24   -0.4296875000000000E-03    0.9725952148437500E-03
   25   -0.4179687500000000E-02    0.8789825439453125E-03
   26   -0.3671875000000000E-02    0.1060714721679688E-02
   27    0.4218750000000000E-02    0.1354217529296875E-02
   28    0.4492187500000000E-03    0.1022834777832031E-02
   29   -0.2148437500000000E-02    0.9832000732421875E-03
   30   -0.4042968750000000E-02    0.8515548706054687E-03
   31   -0.1621093750000000E-02    0.1056175231933594E-02
   32   -0.2343750000000000E-03    0.1097869873046875E-02
   33    0.2265625000000000E-02    0.7758331298828125E-03
   34   -0.1953125000000000E-03    0.1052474975585937E-02
   35    0.1464843750000000E-02    0.1002922058105469E-02
   36    0.1933593750000000E-02    0.8973312377929687E-03
   37   -0.1484375000000000E-02    0.8856201171875000E-03
   38   -0.1835937500000000E-02    0.8515167236328125E-03
   39   -0.8203125000000000E-03    0.9117889404296875E-03
   40   -0.1484375000000000E-02    0.9552001953125000E-03
   41    0.2929687500000000E-02    0.1112365722656250E-02
   42   -0.3125000000000000E-03    0.9699249267578125E-03
   43    0.6640625000000000E-03    0.1088485717773437E-02
   44    0.5683593750000000E-02    0.1001548767089844E-02
   45   -0.4101562500000000E-03    0.9776687622070313E-03
   46    0.6796875000000000E-02    0.1175079345703125E-02
   47    0.2851562500000000E-02    0.1147308349609375E-02
   48    0.1894531250000000E-02    0.1031837463378906E-02
   49    0.6835937500000000E-03    0.1182136535644531E-02
   50    0.3183593750000000E-02    0.7899093627929687E-03
   51   -0.6054687500000000E-03    0.8766555786132813E-03
   52    0.6054687500000000E-03    0.1011009216308594E-02
   53   -0.1738281250000000E-02    0.1065025329589844E-02
   54   -0.1875000000000000E-02    0.1207275390625000E-02
   55   -0.4023437500000000E-02    0.9976196289062499E-03
   56   -0.1757812500000000E-02    0.1036453247070312E-02
   57   -0.1796875000000000E-02    0.9715270996093750E-03
   58    0.6757812500000000E-02    0.1235885620117188E-02
   59    0.2890625000000000E-02    0.1084518432617188E-02
   60    0.5332031250000000E-02    0.9283828735351563E-03
   61    0.2187500000000000E-02    0.8703613281250000E-03
   62    0.1171875000000000E-03    0.1119613647460938E-02
   63    0.1015625000000000E-02    0.8264160156249999E-03
   64   -0.3164062500000000E-02    0.9239959716796875E-03
   65    0.4472656250000000E-02    0.1044197082519531E-02
   66   -0.3906250000000000E-04    0.1222457885742187E-02
   67   -0.1425781250000000E-02    0.8807754516601562E-03
   68   -0.7832031250000000E-02    0.1061592102050781E-02
   69    0.2753906250000000E-02    0.6806564331054688E-03
   70   -0.2656250000000000E-02    0.1115951538085938E-02
   71    0.2187500000000000E-02    0.8887481689453125E-03
   72    0.2871093750000000E-02    0.8703994750976562E-03
   73    0.1464843750000000E-02    0.9982681274414062E-03
   74   -0.1972656250000000E-02    0.1104316711425781E-02
   75    0.1699218750000000E-02    0.1048545837402344E-02
   76   -0.2382812500000000E-02    0.1119766235351563E-02
   77   -0.2304687500000000E-02    0.9501647949218750E-03
   78    0.2187500000000000E-02    0.9548950195312500E-03
   79    0.1660156250000000E-02    0.1334266662597656E-02
   80    0.4101562500000000E-03    0.9469985961914062E-03
   81   -0.2363281250000000E-02    0.7741165161132813E-03
   82   -0.2128906250000000E-02    0.9821701049804689E-03
   83    0.1445312500000000E-02    0.1008682250976563E-02
   84    0.4160156250000000E-02    0.1184730529785156E-02
   85   -0.3125000000000000E-03    0.1083984375000000E-02
   86   -0.9765625000000001E-04    0.9084701538085938E-03
   87    0.1660156250000000E-02    0.8221054077148437E-03
   88   -0.2246093750000000E-02    0.8942794799804688E-03
   89   -0.1777343750000000E-02    0.9164047241210937E-03
   90   -0.7617187500000000E-03    0.9614944458007813E-03
   91    0.3437500000000000E-02    0.8590698242187500E-03
   92    0.2558593750000000E-02    0.8720779418945313E-03
   93    0.2207031250000000E-02    0.9582138061523437E-03
   94    0.3398437500000000E-02    0.1045303344726562E-02
   95    0.4453125000000000E-02    0.1031417846679687E-02
   96    0.4687500000000000E-03    0.1155319213867188E-02
   97    0.1445312500000000E-02    0.1047286987304688E-02
   98    0.2246093750000000E-02    0.7806777954101563E-03
   99   -0.9140624999999999E-02    0.7646942138671875E-03
  100   -0.6074218750000000E-02    0.9848403930664063E-03
