# time =    0.4239
    0    0.1000000000000000E+01    0.1000000000000000E+01
    1    0.3839453125000000E+00    0.1481178283691406E+00
    2    0.1819921875000000E+00    0.3389198303222656E-01
    3    0.9779296875000000E-01    0.1041851043701172E-01
    4    0.6052734375000000E-01    0.4640312194824219E-02
    5    0.3900390625000000E-01    0.2356376647949219E-02
    6    0.3177734375000000E-01    0.1945075988769531E-02
    7    0.2544921875000000E-01    0.1613197326660156E-02
    8    0.2242187500000000E-01    0.1410217285156250E-02
    9    0.9902343750000001E-02    0.9952926635742188E-03
   10    0.8632812500000000E-02    0.9822082519531251E-03
   11    0.8457031250000000E-02    0.1109962463378906E-02
   12    0.5625000000000000E-02    0.8491516113281250E-03
   13    0.7968750000000000E-02    0.9794616699218750E-03
   14    0.3867187500000000E-02    0.8965301513671875E-03
   15    0.4355468750000000E-02    0.9927749633789062E-03
   16    0.5468750000000000E-02    0.9449768066406250E-03
   17    0.4433593750000000E-02    0.9038925170898437E-03
   18    0.3242187500000000E-02    0.1231155395507813E-02
   19    0.2089843750000000E-02    0.1206398010253906E-02
   20    0.3574218750000000E-02    0.1051902770996094E-02
   21    0.1562500000000000E-02    0.9600830078125000E-03
   22    0.9765625000000000E-03    0.1026916503906250E-02
   23    0.1953125000000000E-02    0.1263275146484375E-02
   24    0.8203125000000000E-03    0.9062194824218750E-03
   25   -0.2226562500000000E-02    0.1250839233398437E-02
   26    0.3730468750000000E-02    0.1088142395019531E-02
   27   -0.8203125000000000E-03    0.8428955078125000E-03
   28   -0.2929687500000000E-03    0.1105384826660156E-02
   29    0.9375000000000000E-03    0.1131134033203125E-02
   30   -0.1445312500000000E-02    0.1095581054687500E-02
   31   -0.3925781250000000E-02    0.9119796752929687E-03
   32    0.5546875000000000E-02    0.9909057617187500E-03
   33    0.1757812500000000E-03    0.9793472290039063E-03
   34   -0.5000000000000000E-02    0.8644866943359375E-03
   35   -0.2539062500000000E-02    0.9637451171874999E-03
   36    0.2265625000000000E-02    0.1014709472656250E-02
   37    0.2636718750000000E-02    0.9447860717773437E-03
   38    0.2109375000000000E-02    0.1313705444335937E-02
   39    0.8476562500000000E-02    0.9318542480468750E-03
   40    0.4335937500000000E-02    0.9468078613281250E-03
   41   -0.6582031250000000E-02    0.1041145324707031E-02
   42   -0.2480468750000000E-02    0.8838272094726562E-03
   43   -0.2148437500000000E-02    0.9828948974609376E-03
   44    0.7421875000000000E-03    0.9931945800781251E-03
   45    0.5859375000000000E-04    0.9945297241210937E-03
   46    0.8007812500000000E-03    0.9405136108398438E-03
   47    0.2011718750000000E-02    0.9505844116210937E-03
   48    0.1875000000000000E-02    0.9539794921875000E-03
   49   -0.4160156250000000E-02    0.1091728210449219E-02
   50   -0.5859375000000000E-04    0.9066390991210937E-03
   51    0.4550781250000000E-02    0.9880447387695312E-03
   52    0.3574218750000000E-02    0.9757614135742187E-03
   53    0.4746093750000000E-02    0.9974288940429689E-03
   54    0.1835937500000000E-02    0.9191894531250000E-03
   55    0.9375000000000000E-03    0.9536743164062500E-03
   56    0.1113281250000000E-02    0.1089897155761719E-02
   57    0.2402343750000000E-02    0.9485244750976563E-03
   58    0.2949218750000000E-02    0.7519912719726562E-03
   59    0.8984375000000000E-03    0.7980346679687500E-03
   60    0.1210937500000000E-02    0.8834075927734375E-03
   61    0.1425781250000000E-02    0.7541275024414062E-03
   62   -0.7421875000000000E-03    0.8074188232421875E-03
   63    0.1855468750000000E-02    0.1225318908691406E-02
   64   -0.1464843750000000E-02    0.8995437622070313E-03
   65   -0.3261718750000000E-02    0.1152229309082031E-02
   66   -0.3144531250000000E-02    0.1069297790527344E-02
   67   -0.4218750000000000E-02    0.1038742065429688E-02
   68   -0.6347656250000000E-02    0.1329383850097656E-02
   69   -0.4589843750000000E-02    0.1174888610839844E-02
   70   -0.1406250000000000E-02    0.8871459960937500E-03
   71    0.1425781250000000E-02    0.7655715942382812E-03
   72    0.1855468750000000E-02    0.8127975463867187E-03
   73    0.5468750000000001E-03    0.8275604248046875E-03
   74   -0.1757812500000000E-02    0.8724212646484375E-03
   75   -0.4355468750000000E-02    0.8977890014648437E-03
   76   -0.1953125000000000E-02    0.1103897094726562E-02
   77   -0.3652343750000000E-02    0.9682846069335938E-03
   78   -0.3691406250000000E-02    0.7350540161132812E-03
   79   -0.4550781250000000E-02    0.8964157104492188E-03
   80    0.6835937500000000E-03    0.9196853637695313E-03
   81   -0.1777343750000000E-02    0.1113166809082031E-02
   82   -0.1953125000000000E-02    0.1100845336914062E-02
   83    0.1757812500000000E-02    0.1029281616210937E-02
   84    0.1562500000000000E-03    0.1045150756835938E-02
   85   -0.2734375000000000E-02    0.9957885742187501E-03
   86   -0.4101562500000000E-02    0.1038742065429688E-02
   87    0.2343750000000000E-03    0.7859802246093750E-03
   88    0.8789062500000000E-03    0.1167869567871094E-02
   89    0.1523437500000000E-02    0.9666442871093750E-03
   90   -0.2832031250000000E-02    0.1071357727050781E-02
   91    0.1347656250000000E-02    0.8280563354492187E-03
   92    0.1542968750000000E-02    0.7867813110351562E-03
   93   -0.7031250000000000E-03    0.9429931640625000E-03
   94   -0.4882812500000000E-03    0.8664321899414062E-03
   95    0.1035156250000000E-02    0.8692550659179688E-03
   96   -0.1152343750000000E-02    0.9113693237304687E-03
   97   -0.4628906250000000E-02    0.9985733032226562E-03
   98   -0.1621093750000000E-02    0.8033370971679688E-03
   99   -0.3515625000000000E-02    0.8104705810546875E-03
  100    0.1093750000000000E-02    0.7670593261718750E-03
