# time =    0.4810
    0    0.1000000000000000E+01    0.1000000000000000E+01
    1    0.2129492187500000E+00    0.4611354827880859E-01
    2    0.4777343750000000E-01    0.3245391845703125E-02
    3    0.6796875000000000E-02    0.9795379638671874E-03
    4    0.5566406250000000E-02    0.1028327941894531E-02
    5    0.8320312500000000E-02    0.1058959960937500E-02
    6    0.3984375000000000E-02    0.1042098999023438E-02
    7    0.3378906250000000E-02    0.9456253051757812E-03
    8   -0.3457031250000000E-02    0.8545303344726562E-03
    9   -0.1347656250000000E-02    0.9713363647460937E-03
   10    0.8984375000000000E-03    0.1084136962890625E-02
   11   -0.6445312500000000E-03    0.1000404357910156E-02
   12    0.1406250000000000E-02    0.9214019775390625E-03
   13    0.1992187500000000E-02    0.7495117187500000E-03
   14   -0.1953125000000000E-03    0.1085662841796875E-02
   15   -0.2128906250000000E-02    0.1050682067871094E-02
   16    0.1132812500000000E-02    0.7253265380859374E-03
   17   -0.2031250000000000E-02    0.1085891723632813E-02
   18    0.2382812500000000E-02    0.9362792968750000E-03
   19   -0.4960937500000000E-02    0.1009368896484375E-02
   20   -0.3808593750000000E-02    0.1119117736816406E-02
   21   -0.4804687500000000E-02    0.9516143798828125E-03
   22   -0.9375000000000000E-03    0.1046524047851562E-02
   23    0.6875000000000000E-02    0.1002197265625000E-02
   24    0.2324218750000000E-02    0.9714126586914063E-03
   25   -0.2148437500000000E-03    0.8646011352539063E-03
   26   -0.2695312500000000E-02    0.1225433349609375E-02
   27   -0.2617187500000000E-02    0.8238983154296875E-03
   28    0.1601562500000000E-02    0.9914398193359374E-03
   29   -0.3222656250000000E-02    0.9833908081054688E-03
   30   -0.5859375000000000E-04    0.9869003295898437E-03
   31   -0.3476562500000000E-02    0.8251190185546875E-03
   32   -0.6835937500000000E-03    0.9740829467773437E-03
   33    0.3203125000000000E-02    0.9030914306640625E-03
   34    0.3496093750000000E-02    0.1019096374511719E-02
   35   -0.3203125000000000E-02    0.1002883911132812E-02
   36    0.3984375000000000E-02    0.9992218017578125E-03
   37   -0.2050781250000000E-02    0.1030158996582031E-02
   38    0.5078125000000000E-03    0.9883880615234376E-03
   39   -0.1191406250000000E-02    0.9257125854492187E-03
   40   -0.2617187500000000E-02    0.8531188964843749E-03
   41   -0.2910156250000000E-02    0.1068916320800781E-02
   42   -0.2167968750000000E-02    0.9913253784179688E-03
   43    0.1054687500000000E-02    0.8697509765625000E-03
   44    0.6621093750000000E-02    0.1289939880371094E-02
   45    0.3457031250000000E-02    0.1046791076660156E-02
   46    0.3027343750000000E-02    0.1039543151855469E-02
   47   -0.1367187500000000E-03    0.1084175109863281E-02
   48   -0.2695312500000000E-02    0.7958984374999999E-03
   49   -0.5000000000000000E-02    0.9503173828125000E-03
   50   -0.4082031250000000E-02    0.6935501098632813E-03
   51    0.2519531250000000E-02    0.7829666137695312E-03
   52   -0.1679687500000000E-02    0.7002258300781250E-03
   53    0.7812500000000000E-04    0.1006393432617187E-02
   54    0.5664062500000000E-03    0.1063041687011719E-02
   55   -0.1738281250000000E-02    0.9273910522460938E-03
   56    0.4687500000000000E-02    0.1068954467773438E-02
   57    0.1933593750000000E-02    0.1108970642089844E-02
   58   -0.7207031250000000E-02    0.9724807739257813E-03
   59   -0.4355468750000000E-02    0.9099197387695313E-03
   60    0.3027343750000000E-02    0.1014060974121094E-02
   61    0.7910156250000000E-02    0.9084701538085938E-03
   62   -0.8398437500000000E-03    0.1011085510253906E-02
   63    0.4550781250000000E-02    0.9934616088867188E-03
   64    0.5195312500000000E-02    0.1259155273437500E-02
   65    0.3515625000000000E-03    0.1090698242187500E-02
   66   -0.2050781250000000E-02    0.7896804809570312E-03
   67   -0.1875000000000000E-02    0.9715270996093750E-03
   68    0.4101562500000000E-03    0.1085777282714844E-02
   69   -0.2929687500000000E-03    0.9099960327148438E-03
   70   -0.7031250000000000E-03    0.1043319702148438E-02
   71    0.2714843750000000E-02    0.9705734252929688E-03
   72    0.3808593750000000E-02    0.9370803833007813E-03
   73    0.7812500000000000E-03    0.1021804809570313E-02
   74    0.5859375000000000E-04    0.9640121459960938E-03
   75    0.4843750000000000E-02    0.6188201904296875E-03
   76   -0.1914062500000000E-02    0.9918212890625000E-03
   77    0.1347656250000000E-02    0.1019706726074219E-02
   78    0.1308593750000000E-02    0.8619308471679687E-03
   79    0.8593750000000000E-03    0.1068191528320312E-02
   80   -0.3906250000000000E-04    0.1164550781250000E-02
   81    0.1425781250000000E-02    0.1163368225097656E-02
   82    0.2207031250000000E-02    0.1111106872558594E-02
   83   -0.7812500000000000E-03    0.1315765380859375E-02
   84    0.4824218750000000E-02    0.1180763244628906E-02
   85   -0.3574218750000000E-02    0.9194564819335938E-03
   86   -0.1640625000000000E-02    0.1080856323242187E-02
   87    0.5859375000000000E-03    0.1125259399414063E-02
   88    0.6054687500000000E-03    0.9675979614257813E-03
   89    0.2734375000000000E-03    0.8348083496093750E-03
   90   -0.2031250000000000E-02    0.7166290283203126E-03
   91   -0.5136718750000000E-02    0.1148567199707031E-02
   92   -0.1054687500000000E-02    0.7001495361328125E-03
   93   -0.6640625000000000E-03    0.1037216186523437E-02
   94    0.1894531250000000E-02    0.9524917602539062E-03
   95   -0.6074218750000000E-02    0.8440780639648438E-03
   96    0.1738281250000000E-02    0.9267807006835937E-03
   97   -0.1582031250000000E-02    0.9211349487304687E-03
   98    0.1835937500000000E-02    0.9674835205078125E-03
   99   -0.6464843750000000E-02    0.8774948120117188E-03
  100   -0.2011718750000000E-02    0.7954788208007813E-03
