# time =    0.4659
    0    0.1000000000000000E+01    0.1000000000000000E+01
    1    0.2085937500000000E+00    0.4439071655273438E-01
    2    0.4222656250000000E-01    0.2979049682617188E-02
    3    0.8710937500000000E-02    0.1051177978515625E-02
    4    0.1093750000000000E-02    0.8166503906250000E-03
    5    0.0000000000000000E+00    0.1001358032226562E-02
    6    0.3906250000000000E-03    0.1007919311523438E-02
    7   -0.3574218750000000E-02    0.9557723999023438E-03
    8    0.8398437500000000E-03    0.9038925170898437E-03
    9   -0.5859375000000000E-04    0.1127357482910156E-02
   10    0.4394531250000000E-02    0.9968185424804688E-03
   11    0.3769531250000000E-02    0.8887100219726562E-03
   12    0.1132812500000000E-02    0.8222961425781250E-03
   13    0.5058593750000000E-02    0.8404159545898438E-03
   14   -0.5078125000000000E-03    0.9195709228515625E-03
   15   -0.2832031250000000E-02    0.1138038635253906E-02
   16    0.6835937500000000E-03    0.8003616333007813E-03
   17    0.1542968750000000E-02    0.9762954711914063E-03
   18    0.4433593750000000E-02    0.8321762084960938E-03
   19   -0.2734375000000000E-03    0.1178283691406250E-02
   20   -0.7031250000000000E-03    0.9854125976562500E-03
   21   -0.2089843750000000E-02    0.9105300903320312E-03
   22    0.2636718750000000E-02    0.9291458129882812E-03
   23    0.7773437500000000E-02    0.1111907958984375E-02
   24   -0.6835937500000000E-03    0.1111564636230469E-02
   25    0.3984375000000000E-02    0.1114807128906250E-02
   26    0.7812500000000000E-03    0.1085586547851562E-02
   27   -0.2734375000000000E-03    0.9527587890625000E-03
   28    0.2500000000000000E-02    0.9290313720703125E-03
   29    0.3496093750000000E-02    0.7361984252929688E-03
   30    0.3984375000000000E-02    0.8882904052734376E-03
   31    0.2148437500000000E-02    0.9557342529296875E-03
   32    0.6972656250000000E-02    0.8124923706054688E-03
   33    0.2207031250000000E-02    0.1131706237792969E-02
   34    0.1933593750000000E-02    0.7716751098632812E-03
   35    0.7050781250000000E-02    0.1086006164550781E-02
   36    0.6113281250000000E-02    0.1050682067871094E-02
   37    0.2500000000000000E-02    0.9571838378906250E-03
   38    0.6445312500000000E-03    0.8997726440429688E-03
   39    0.1132812500000000E-02    0.1152648925781250E-02
   40   -0.2519531250000000E-02    0.8932113647460938E-03
   41    0.2812500000000000E-02    0.8413696289062500E-03
   42   -0.2949218750000000E-02    0.9442520141601563E-03
   43   -0.2402343750000000E-02    0.8741378784179688E-03
   44    0.1562500000000000E-03    0.1128845214843750E-02
   45    0.3613281250000000E-02    0.1108818054199219E-02
   46   -0.4570312500000000E-02    0.9078216552734375E-03
   47   -0.6699218750000000E-02    0.8869552612304687E-03
   48    0.6835937500000000E-03    0.1001167297363281E-02
   49    0.1269531250000000E-02    0.8882522583007812E-03
   50    0.2070312500000000E-02    0.1139678955078125E-02
   51    0.2031250000000000E-02    0.1052246093750000E-02
   52    0.5058593750000000E-02    0.7279586791992188E-03
   53    0.1914062500000000E-02    0.9224700927734375E-03
   54   -0.7226562500000000E-03    0.8358383178710938E-03
   55    0.1464843750000000E-02    0.9633255004882813E-03
   56   -0.1367187500000000E-03    0.1184043884277344E-02
   57   -0.1953125000000000E-03    0.8522796630859375E-03
   58   -0.1445312500000000E-02    0.8747100830078125E-03
   59   -0.4843750000000000E-02    0.9210968017578125E-03
   60   -0.3496093750000000E-02    0.7719802856445313E-03
   61   -0.3125000000000000E-02    0.8614349365234375E-03
   62    0.1601562500000000E-02    0.1138076782226562E-02
   63   -0.2949218750000000E-02    0.1094245910644531E-02
   64   -0.3789062500000000E-02    0.9587097167968750E-03
   65   -0.6250000000000000E-03    0.7719421386718751E-03
   66    0.2050781250000000E-02    0.9111404418945312E-03
   67    0.4062500000000000E-02    0.8045196533203125E-03
   68    0.8789062500000000E-03    0.8405685424804687E-03
   69    0.1582031250000000E-02    0.1176719665527344E-02
   70    0.0000000000000000E+00    0.1025543212890625E-02
   71   -0.9765625000000001E-04    0.1058006286621094E-02
   72    0.3964843750000000E-02    0.8797836303710937E-03
   73    0.2285156250000000E-02    0.8053207397460938E-03
   74    0.7421875000000000E-03    0.9934234619140626E-03
   75   -0.1914062500000000E-02    0.8131408691406250E-03
   76   -0.1562500000000000E-02    0.6532287597656250E-03
   77   -0.1933593750000000E-02    0.8212661743164062E-03
   78    0.3125000000000000E-02    0.8700561523437500E-03
   79   -0.1269531250000000E-02    0.1104850769042969E-02
   80    0.6660156250000000E-02    0.1139717102050781E-02
   81    0.2519531250000000E-02    0.9395217895507812E-03
   82    0.5351562500000000E-02    0.9854125976562500E-03
   83    0.3496093750000000E-02    0.7740402221679687E-03
   84    0.2070312500000000E-02    0.8010864257812500E-03
   85    0.1816406250000000E-02    0.8209609985351563E-03
   86    0.1289062500000000E-02    0.1024093627929687E-02
   87   -0.1308593750000000E-02    0.9370040893554687E-03
   88   -0.8203125000000000E-03    0.8525848388671875E-03
   89    0.2402343750000000E-02    0.9540176391601563E-03
   90    0.8984375000000000E-03    0.8667755126953125E-03
   91    0.2636718750000000E-02    0.8459854125976563E-03
   92    0.3437500000000000E-02    0.8152770996093750E-03
   93    0.4785156250000000E-02    0.9199905395507812E-03
   94    0.2089843750000000E-02    0.9352493286132812E-03
   95    0.4492187500000000E-02    0.8486175537109375E-03
   96    0.3945312500000000E-02    0.1004409790039063E-02
   97   -0.2773437500000000E-02    0.8232879638671875E-03
   98   -0.6953125000000000E-02    0.7451629638671875E-03
   99   -0.3945312500000000E-02    0.9961700439453124E-03
  100   -0.5078125000000000E-03    0.9304809570312500E-03
