# time =    0.4735
    0    0.1000000000000000E+01    0.1000000000000000E+01
    1    0.2457617187500000E+00    0.6107288360595703E-01
    2    0.7447265625000000E-01    0.6488838195800781E-02
    3    0.2593750000000000E-01    0.1532669067382812E-02
    4    0.7675781250000000E-02    0.1268119812011719E-02
    5    0.2519531250000000E-02    0.1138801574707031E-02
    6   -0.6835937500000000E-03    0.9706497192382812E-03
    7    0.1562500000000000E-02    0.1072998046875000E-02
    8    0.3515625000000000E-03    0.8226776123046875E-03
    9    0.8398437500000000E-03    0.1058540344238281E-02
   10   -0.8398437500000000E-03    0.1078681945800781E-02
   11   -0.5664062500000000E-03    0.1003074645996094E-02
   12   -0.5859375000000000E-02    0.9746551513671875E-03
   13   -0.4218750000000000E-02    0.1134414672851562E-02
   14   -0.6562500000000000E-02    0.1019592285156250E-02
   15   -0.4335937500000000E-02    0.1145324707031250E-02
   16    0.5019531250000000E-02    0.8819961547851563E-03
   17    0.8203125000000000E-03    0.1079025268554688E-02
   18   -0.6269531250000000E-02    0.8343124389648438E-03
   19   -0.2285156250000000E-02    0.9949111938476563E-03
   20   -0.1015625000000000E-02    0.8799743652343750E-03
   21   -0.9765625000000000E-03    0.8611297607421875E-03
   22   -0.8984375000000000E-03    0.1060104370117187E-02
   23    0.2148437500000000E-02    0.8981323242187500E-03
   24   -0.2148437500000000E-03    0.6238174438476563E-03
   25    0.2128906250000000E-02    0.9486007690429687E-03
   26    0.6640625000000000E-03    0.9194183349609375E-03
   27    0.4667968750000000E-02    0.8976364135742188E-03
   28    0.2304687500000000E-02    0.1178207397460938E-02
   29    0.6035156250000000E-02    0.1001548767089844E-02
   30   -0.2636718750000000E-02    0.8310317993164062E-03
   31   -0.4414062500000000E-02    0.8298492431640625E-03
   32    0.3085937500000000E-02    0.9465026855468750E-03
   33    0.2050781250000000E-02    0.9746170043945313E-03
   34    0.6367187500000000E-02    0.1043701171875000E-02
   35    0.7519531250000000E-02    0.7766342163085938E-03
   36   -0.1914062500000000E-02    0.1050262451171875E-02
   37   -0.1210937500000000E-02    0.8434295654296875E-03
   38   -0.3437500000000000E-02    0.9333038330078125E-03
   39   -0.4296875000000000E-02    0.8329772949218751E-03
   40    0.2402343750000000E-02    0.1176643371582031E-02
   41    0.8789062500000000E-03    0.1198844909667969E-02
   42    0.7812500000000000E-03    0.1152267456054688E-02
   43   -0.2207031250000000E-02    0.7740402221679687E-03
   44    0.1386718750000000E-02    0.1035575866699219E-02
   45    0.2617187500000000E-02    0.9333038330078125E-03
   46   -0.4882812500000000E-03    0.9732437133789062E-03
   47   -0.1699218750000000E-02    0.9225082397460938E-03
   48   -0.6425781250000000E-02    0.1010551452636719E-02
   49   -0.6035156250000000E-02    0.9573745727539062E-03
   50   -0.2597656250000000E-02    0.1070137023925781E-02
   51   -0.7597656250000000E-02    0.7888412475585937E-03
   52    0.3496093750000000E-02    0.8216476440429687E-03
   53    0.3652343750000000E-02    0.8282089233398438E-03
   54    0.1308593750000000E-02    0.9426498413085938E-03
   55   -0.9960937500000000E-03    0.9182357788085938E-03
   56   -0.3007812500000000E-02    0.1002349853515625E-02
   57   -0.6406250000000000E-02    0.8027648925781250E-03
   58   -0.5117187500000000E-02    0.9668731689453125E-03
   59   -0.5019531250000000E-02    0.8599472045898438E-03
   60   -0.4902343750000000E-02    0.9936904907226563E-03
   61    0.4062500000000000E-02    0.1106185913085938E-02
   62    0.5273437500000000E-02    0.1084442138671875E-02
   63    0.5410156250000000E-02    0.1030693054199219E-02
   64    0.2343750000000000E-02    0.1044998168945312E-02
   65    0.2714843750000000E-02    0.1065406799316406E-02
   66    0.1718750000000000E-02    0.1097946166992187E-02
   67   -0.2148437500000000E-03    0.9754562377929688E-03
   68    0.1015625000000000E-02    0.1185913085937500E-02
   69   -0.1757812500000000E-03    0.8928298950195313E-03
   70   -0.3007812500000000E-02    0.1047897338867187E-02
   71    0.2988281250000000E-02    0.9720993041992188E-03
   72   -0.1953125000000000E-04    0.9280014038085938E-03
   73   -0.2265625000000000E-02    0.1103210449218750E-02
   74    0.2031250000000000E-02    0.8438873291015625E-03
   75   -0.1894531250000000E-02    0.7806777954101563E-03
   76    0.4140625000000000E-02    0.9952545166015624E-03
   77   -0.3496093750000000E-02    0.7503128051757812E-03
   78    0.1367187500000000E-03    0.1111793518066406E-02
   79   -0.2871093750000000E-02    0.9191513061523437E-03
   80   -0.2441406250000000E-02    0.9367752075195312E-03
   81   -0.1113281250000000E-02    0.1043434143066406E-02
   82   -0.3359375000000000E-02    0.9741973876953125E-03
   83   -0.1992187500000000E-02    0.7752227783203125E-03
   84   -0.2011718750000000E-02    0.8203506469726563E-03
   85   -0.1250000000000000E-02    0.8713531494140625E-03
   86    0.2246093750000000E-02    0.1002845764160156E-02
   87   -0.7421875000000000E-03    0.9778594970703124E-03
   88   -0.2812500000000000E-02    0.1019744873046875E-02
   89   -0.4726562500000000E-02    0.1194610595703125E-02
   90    0.1992187500000000E-02    0.1064376831054687E-02
   91   -0.2109375000000000E-02    0.6669616699218750E-03
   92   -0.1738281250000000E-02    0.9776687622070313E-03
   93   -0.4785156250000000E-02    0.1029014587402344E-02
   94   -0.5859375000000000E-04    0.9221267700195312E-03
   95   -0.2773437500000000E-02    0.8966064453125000E-03
   96    0.2460937500000000E-02    0.1250762939453125E-02
   97    0.2285156250000000E-02    0.1053123474121094E-02
   98    0.4316406250000000E-02    0.9198379516601562E-03
   99   -0.7031250000000000E-03    0.1023101806640625E-02
  100    0.3320312500000000E-03    0.8983993530273437E-03
