# time =    0.4444
    0    0.1000000000000000E+01    0.1000000000000000E+01
    1    0.3250000000000000E+00    0.1064289093017578E+00
    2    0.1561523437500000E+00    0.2528011322021484E-01
    3    0.9125000000000000E-01    0.9136199951171875E-02
    4    0.6480468750000000E-01    0.5330276489257812E-02
    5    0.5041015625000000E-01    0.3294944763183594E-02
    6    0.3677734375000000E-01    0.2281608581542969E-02
    7    0.3369140625000000E-01    0.2051811218261719E-02
    8    0.3093750000000000E-01    0.1697921752929688E-02
    9    0.2464843750000000E-01    0.1607818603515625E-02
   10    0.2882812500000000E-01    0.1900787353515625E-02
   11    0.2451171875000000E-01    0.1510963439941406E-02
   12    0.2802734375000000E-01    0.1638908386230469E-02
   13    0.2302734375000000E-01    0.1285972595214844E-02
   14    0.2052734375000000E-01    0.1296653747558594E-02
   15    0.1568359375000000E-01    0.1151161193847656E-02
   16    0.1765625000000000E-01    0.1205139160156250E-02
   17    0.1419921875000000E-01    0.1238899230957031E-02
   18    0.8339843749999999E-02    0.1190528869628906E-02
   19    0.8320312500000000E-02    0.1069869995117187E-02
   20    0.7011718750000000E-02    0.1134529113769531E-02
   21    0.1144531250000000E-01    0.1081466674804688E-02
   22    0.1349609375000000E-01    0.1221199035644531E-02
   23    0.9921875000000000E-02    0.1134414672851562E-02
   24    0.1167968750000000E-01    0.8946228027343750E-03
   25    0.7226562500000000E-02    0.1099014282226563E-02
   26    0.9140624999999999E-02    0.1280746459960938E-02
   27    0.5468750000000000E-02    0.1038436889648438E-02
   28    0.5996093750000000E-02    0.1090736389160156E-02
   29    0.5859375000000000E-02    0.1066818237304688E-02
   30    0.3320312500000000E-02    0.1373062133789062E-02
   31    0.2890625000000000E-02    0.1194686889648438E-02
   32    0.2187500000000000E-02    0.1327590942382812E-02
   33    0.1699218750000000E-02    0.1108283996582031E-02
   34   -0.2519531250000000E-02    0.1019401550292969E-02
   35   -0.4453125000000000E-02    0.8781433105468750E-03
   36   -0.6835937500000000E-03    0.1133689880371094E-02
   37    0.9765625000000000E-03    0.1291503906250000E-02
   38    0.3535156250000000E-02    0.9675979614257813E-03
   39    0.1152343750000000E-02    0.9016799926757813E-03
   40   -0.3906250000000000E-04    0.1055603027343750E-02
   41   -0.1113281250000000E-02    0.1123847961425781E-02
   42   -0.3906250000000000E-04    0.7563018798828125E-03
   43    0.2226562500000000E-02    0.1176910400390625E-02
   44    0.3886718750000000E-02    0.9080123901367188E-03
   45    0.2246093750000000E-02    0.1045951843261719E-02
   46    0.2285156250000000E-02    0.9823226928710937E-03
   47   -0.1015625000000000E-02    0.1194458007812500E-02
   48   -0.1894531250000000E-02    0.1339759826660156E-02
   49   -0.1015625000000000E-02    0.1198806762695312E-02
   50   -0.2832031250000000E-02    0.1182975769042969E-02
   51    0.1582031250000000E-02    0.1130790710449219E-02
   52    0.9765625000000001E-04    0.1181449890136719E-02
   53   -0.3789062500000000E-02    0.1258163452148437E-02
   54   -0.5664062500000000E-03    0.1050987243652344E-02
   55   -0.3027343750000000E-02    0.9608840942382812E-03
   56   -0.1425781250000000E-02    0.1047248840332031E-02
   57   -0.3144531250000000E-02    0.9918594360351562E-03
   58   -0.1738281250000000E-02    0.9494400024414062E-03
   59   -0.4101562500000000E-03    0.8602523803710937E-03
   60   -0.1855468750000000E-02    0.8729171752929688E-03
   61   -0.3945312500000000E-02    0.9350585937500000E-03
   62   -0.3339843750000000E-02    0.1143455505371094E-02
   63   -0.4101562500000000E-03    0.8537673950195313E-03
   64   -0.5078125000000000E-03    0.9358215332031250E-03
   65   -0.5859375000000000E-03    0.9467315673828125E-03
   66   -0.2597656250000000E-02    0.9171676635742188E-03
   67   -0.4160156250000000E-02    0.9312820434570312E-03
   68    0.2714843750000000E-02    0.8842849731445313E-03
   69   -0.4296875000000000E-03    0.8295440673828125E-03
   70   -0.1132812500000000E-02    0.7530975341796875E-03
   71   -0.3359375000000000E-02    0.8709716796875000E-03
   72   -0.3203125000000000E-02    0.8213043212890625E-03
   73   -0.4902343750000000E-02    0.9840774536132814E-03
   74   -0.2226562500000000E-02    0.8296966552734375E-03
   75   -0.3867187500000000E-02    0.9159851074218750E-03
   76   -0.2148437500000000E-03    0.9150314331054688E-03
   77   -0.4882812500000000E-03    0.9359359741210937E-03
   78    0.1269531250000000E-02    0.7094192504882812E-03
   79   -0.3906250000000000E-02    0.1023178100585938E-02
   80   -0.4785156250000000E-02    0.7722854614257812E-03
   81   -0.3144531250000000E-02    0.9954452514648437E-03
   82   -0.2597656250000000E-02    0.9611129760742187E-03
   83   -0.4062500000000000E-02    0.1155776977539063E-02
   84   -0.3769531250000000E-02    0.8904647827148438E-03
   85   -0.4492187500000000E-03    0.8211135864257812E-03
   86   -0.1621093750000000E-02    0.7767105102539063E-03
   87   -0.2910156250000000E-02    0.1007652282714844E-02
   88   -0.2714843750000000E-02    0.1154594421386719E-02
   89   -0.2617187500000000E-02    0.9291839599609375E-03
   90   -0.1796875000000000E-02    0.9631347656250000E-03
   91   -0.1757812500000000E-03    0.7802963256835938E-03
   92    0.1972656250000000E-02    0.1088294982910156E-02
   93   -0.1835937500000000E-02    0.1115570068359375E-02
   94   -0.1250000000000000E-02    0.9190368652343750E-03
   95   -0.5078125000000000E-03    0.1070556640625000E-02
   96   -0.8398437500000000E-03    0.1031990051269531E-02
   97   -0.1289062500000000E-02    0.1051788330078125E-02
   98   -0.8203125000000000E-03    0.1038208007812500E-02
   99    0.7812500000000000E-04    0.1036758422851562E-02
  100   -0.4687500000000000E-02    0.1267242431640625E-02
