# time =    0.4744
    0    0.1000000000000000E+01    0.1000000000000000E+01
    1    0.2266992187500000E+00    0.5211376190185547E-01
    2    0.5714843750000000E-01    0.4285583496093750E-02
    3    0.1675781250000000E-01    0.1169204711914062E-02
    4    0.2207031250000000E-02    0.9108352661132813E-03
    5    0.2500000000000000E-02    0.8029174804687500E-03
    6    0.2402343750000000E-02    0.1064033508300781E-02
    7    0.3125000000000000E-02    0.9123992919921875E-03
    8    0.1171875000000000E-03    0.1093902587890625E-02
    9   -0.1289062500000000E-02    0.7833099365234375E-03
   10    0.2656250000000000E-02    0.1116409301757813E-02
   11    0.2656250000000000E-02    0.8757019042968750E-03
   12    0.2558593750000000E-02    0.1122550964355469E-02
   13    0.2617187500000000E-02    0.9679412841796875E-03
   14   -0.8398437500000000E-03    0.1274223327636719E-02
   15   -0.8164062499999999E-02    0.1254806518554687E-02
   16    0.1953125000000000E-02    0.1103363037109375E-02
   17   -0.4902343750000000E-02    0.1110115051269531E-02
   18    0.2988281250000000E-02    0.1077156066894531E-02
   19    0.4492187500000000E-03    0.9600448608398437E-03
   20    0.1386718750000000E-02    0.1020774841308594E-02
   21   -0.2949218750000000E-02    0.8057785034179687E-03
   22    0.4902343750000000E-02    0.1050605773925781E-02
   23    0.5976562500000000E-02    0.7898712158203125E-03
   24   -0.5273437500000000E-03    0.1058769226074219E-02
   25   -0.4101562500000000E-02    0.1004562377929687E-02
   26    0.3515625000000000E-02    0.9207916259765625E-03
   27   -0.5527343750000000E-02    0.9285354614257812E-03
   28   -0.4492187500000000E-02    0.1054458618164063E-02
   29   -0.1445312500000000E-02    0.9799194335937500E-03
   30   -0.4980468750000000E-02    0.1010551452636719E-02
   31    0.3066406250000000E-02    0.8411788940429687E-03
   32    0.2949218750000000E-02    0.8170700073242187E-03
   33   -0.5605468750000000E-02    0.1068534851074219E-02
   34    0.6640625000000000E-03    0.1047515869140625E-02
   35   -0.8593750000000000E-03    0.6703186035156250E-03
   36   -0.3417968750000000E-02    0.8145523071289063E-03
   37   -0.8457031250000000E-02    0.8863449096679687E-03
   38   -0.5273437500000000E-03    0.1253471374511719E-02
   39    0.3320312500000000E-03    0.8465957641601563E-03
   40    0.5664062500000000E-03    0.9000778198242187E-03
   41    0.9960937500000000E-03    0.1088142395019531E-02
   42   -0.6445312500000000E-03    0.1039924621582031E-02
   43   -0.7617187500000000E-03    0.1129112243652344E-02
   44    0.5078125000000000E-03    0.1005935668945312E-02
   45   -0.9179687499999999E-03    0.9910202026367188E-03
   46    0.1699218750000000E-02    0.9931564331054688E-03
   47   -0.9960937500000000E-03    0.9610366821289063E-03
   48    0.3964843750000000E-02    0.9212112426757813E-03
   49    0.1269531250000000E-02    0.9536361694335938E-03
   50   -0.3984375000000000E-02    0.9155273437500000E-03
   51    0.1054687500000000E-02    0.1038208007812500E-02
   52    0.2890625000000000E-02    0.1143951416015625E-02
   53   -0.1757812500000000E-02    0.8354949951171875E-03
   54    0.4296875000000000E-03    0.6506347656250000E-03
   55   -0.1582031250000000E-02    0.8636093139648437E-03
   56   -0.3730468750000000E-02    0.1010169982910156E-02
   57    0.1542968750000000E-02    0.9734725952148437E-03
   58   -0.2480468750000000E-02    0.1259346008300781E-02
   59    0.1093750000000000E-02    0.1214141845703125E-02
   60   -0.2343750000000000E-03    0.1174621582031250E-02
   61    0.4218750000000000E-02    0.9602355957031250E-03
   62    0.1328125000000000E-02    0.1155624389648437E-02
   63   -0.7421875000000000E-03    0.9913635253906250E-03
   64   -0.9960937500000000E-03    0.7410049438476562E-03
   65    0.5468750000000001E-03    0.1099014282226563E-02
   66   -0.2226562500000000E-02    0.9198760986328124E-03
   67    0.7500000000000000E-02    0.8403015136718750E-03
   68   -0.7617187500000000E-03    0.8658218383789062E-03
   69    0.4707031250000000E-02    0.1056098937988281E-02
   70   -0.3046875000000000E-02    0.8959197998046876E-03
   71   -0.3730468750000000E-02    0.7858657836914062E-03
   72   -0.2929687500000000E-03    0.9432601928710938E-03
   73   -0.1542968750000000E-02    0.1189460754394531E-02
   74   -0.1406250000000000E-02    0.1077346801757813E-02
   75    0.6523437500000000E-02    0.1070861816406250E-02
   76    0.4296875000000000E-03    0.1134643554687500E-02
   77    0.4453125000000000E-02    0.7418060302734375E-03
   78   -0.4023437500000000E-02    0.1026306152343750E-02
   79   -0.8593750000000000E-03    0.9740447998046875E-03
   80   -0.2089843750000000E-02    0.1113395690917969E-02
   81   -0.3320312500000000E-02    0.1017913818359375E-02
   82    0.2167968750000000E-02    0.9594345092773437E-03
   83    0.2929687500000000E-03    0.8861160278320312E-03
   84   -0.1972656250000000E-02    0.8793258666992187E-03
   85   -0.1914062500000000E-02    0.1000900268554687E-02
   86   -0.5273437500000000E-03    0.9886550903320313E-03
   87   -0.5390625000000000E-02    0.1133422851562500E-02
   88   -0.5273437500000000E-03    0.9785842895507811E-03
   89   -0.2773437500000000E-02    0.1001281738281250E-02
   90   -0.6367187500000000E-02    0.9976959228515626E-03
   91   -0.5546875000000000E-02    0.1263198852539062E-02
   92    0.4199218750000000E-02    0.1096076965332031E-02
   93    0.1777343750000000E-02    0.1294441223144531E-02
   94   -0.3906250000000000E-03    0.9642791748046875E-03
   95    0.2011718750000000E-02    0.9117507934570312E-03
   96    0.2382812500000000E-02    0.1143035888671875E-02
   97   -0.1367187500000000E-03    0.1065330505371094E-02
   98    0.2871093750000000E-02    0.8972549438476563E-03
   99    0.3164062500000000E-02    0.9975433349609375E-03
  100   -0.3906250000000000E-04    0.1015853881835938E-02
