# time =    0.4256
    0    0.1000000000000000E+01    0.1000000000000000E+01
    1    0.3858984375000000E+00    0.1494799804687500E+00
    2    0.1701757812500000E+00    0.2966533660888672E-01
    3    0.8662109375000000E-01    0.8308677673339844E-02
    4    0.4458984375000000E-01    0.3024482727050781E-02
    5    0.2492187500000000E-01    0.1541595458984375E-02
    6    0.2017578125000000E-01    0.1297721862792969E-02
    7    0.1277343750000000E-01    0.1093826293945313E-02
    8    0.8867187500000000E-02    0.1298446655273437E-02
    9    0.4101562500000000E-02    0.1010513305664062E-02
   10    0.1777343750000000E-02    0.9274673461914062E-03
   11    0.2148437500000000E-02    0.7985687255859375E-03
   12    0.1113281250000000E-02    0.9277725219726563E-03
   13   -0.6796875000000000E-02    0.1054458618164063E-02
   14    0.1972656250000000E-02    0.1031455993652344E-02
   15    0.4277343750000000E-02    0.1138725280761719E-02
   16    0.2441406250000000E-02    0.9552383422851562E-03
   17    0.2187500000000000E-02    0.7617950439453125E-03
   18    0.9980468750000001E-02    0.1169624328613281E-02
   19    0.4433593750000000E-02    0.9576797485351563E-03
   20    0.2832031250000000E-02    0.9727859497070312E-03
   21    0.1269531250000000E-02    0.1015968322753906E-02
   22   -0.1855468750000000E-02    0.9165573120117188E-03
   23    0.3984375000000000E-02    0.9325408935546875E-03
   24    0.1738281250000000E-02    0.9773635864257812E-03
   25    0.2421875000000000E-02    0.1037063598632813E-02
   26    0.6699218750000000E-02    0.8520126342773437E-03
   27    0.2285156250000000E-02    0.1063499450683594E-02
   28    0.4023437500000000E-02    0.1093292236328125E-02
   29    0.1347656250000000E-02    0.9103012084960937E-03
   30    0.4023437500000000E-02    0.8666229248046875E-03
   31    0.2929687500000000E-03    0.1203422546386719E-02
   32   -0.1562500000000000E-03    0.1043624877929687E-02
   33   -0.4902343750000000E-02    0.9515762329101562E-03
   34   -0.4980468750000000E-02    0.9136581420898437E-03
   35   -0.3691406250000000E-02    0.1290702819824219E-02
   36   -0.4492187500000000E-02    0.1151046752929688E-02
   37   -0.3027343750000000E-02    0.9285354614257812E-03
   38   -0.6269531250000000E-02    0.1030158996582031E-02
   39   -0.3222656250000000E-02    0.9730148315429687E-03
   40    0.9765625000000001E-04    0.9266281127929687E-03
   41    0.1464843750000000E-02    0.1020469665527344E-02
   42    0.4179687500000000E-02    0.1243515014648438E-02
   43   -0.1308593750000000E-02    0.8390426635742187E-03
   44   -0.3417968750000000E-02    0.7786941528320312E-03
   45   -0.2246093750000000E-02    0.6678390502929687E-03
   46   -0.2734375000000000E-02    0.8712768554687500E-03
   47    0.1074218750000000E-02    0.9388351440429688E-03
   48    0.6445312500000000E-03    0.1202278137207031E-02
   49   -0.1152343750000000E-02    0.9652328491210938E-03
   50   -0.5859375000000000E-03    0.9960937500000000E-03
   51   -0.3125000000000000E-02    0.1026077270507813E-02
   52   -0.3339843750000000E-02    0.1278648376464844E-02
   53   -0.7382812500000000E-02    0.1000518798828125E-02
   54   -0.3027343750000000E-02    0.9631729125976563E-03
   55   -0.5390625000000000E-02    0.9877777099609375E-03
   56   -0.3574218750000000E-02    0.9312057495117188E-03
   57   -0.1191406250000000E-02    0.1048622131347656E-02
   58   -0.2128906250000000E-02    0.1032371520996094E-02
   59    0.4101562500000000E-02    0.1177749633789063E-02
   60    0.5742187500000000E-02    0.1087951660156250E-02
   61    0.1542968750000000E-02    0.9670639038085937E-03
   62    0.1015625000000000E-02    0.1154327392578125E-02
   63    0.4882812500000000E-02    0.1086349487304687E-02
   64    0.1328125000000000E-02    0.8544158935546875E-03
   65    0.2539062500000000E-03    0.7857894897460938E-03
   66    0.1406250000000000E-02    0.9666442871093750E-03
   67    0.1445312500000000E-02    0.9700012207031250E-03
   68   -0.8203125000000000E-03    0.9261322021484375E-03
   69   -0.1074218750000000E-02    0.1007881164550781E-02
   70   -0.2851562500000000E-02    0.8950805664062499E-03
   71   -0.2480468750000000E-02    0.1024818420410156E-02
   72   -0.9179687499999999E-03    0.7744979858398438E-03
   73    0.4531250000000000E-02    0.6118011474609375E-03
   74    0.3652343750000000E-02    0.1009178161621094E-02
   75    0.3730468750000000E-02    0.9392929077148437E-03
   76    0.5468750000000000E-02    0.9036254882812500E-03
   77    0.5781250000000000E-02    0.9526062011718750E-03
   78   -0.1992187500000000E-02    0.8126831054687500E-03
   79   -0.2910156250000000E-02    0.1076240539550781E-02
   80    0.2207031250000000E-02    0.8906936645507813E-03
   81    0.2988281250000000E-02    0.8303451538085937E-03
   82   -0.2148437500000000E-02    0.8834075927734375E-03
   83   -0.1718750000000000E-02    0.7211303710937500E-03
   84   -0.3515625000000000E-03    0.7970428466796875E-03
   85    0.1796875000000000E-02    0.9767913818359375E-03
   86   -0.1289062500000000E-02    0.8502197265625000E-03
   87   -0.7187500000000000E-02    0.8189392089843750E-03
   88   -0.8593750000000000E-03    0.9121704101562500E-03
   89   -0.3320312500000000E-02    0.8492279052734375E-03
   90   -0.5039062500000000E-02    0.7964324951171875E-03
   91   -0.4882812500000000E-03    0.9562301635742187E-03
   92   -0.5156250000000000E-02    0.8862304687500000E-03
   93   -0.4687500000000000E-03    0.9819030761718749E-03
   94   -0.3085937500000000E-02    0.9685516357421875E-03
   95   -0.5000000000000000E-02    0.1021957397460937E-02
   96   -0.4902343750000000E-02    0.7677841186523438E-03
   97   -0.3867187500000000E-02    0.8168792724609374E-03
   98   -0.4414062500000000E-02    0.1141510009765625E-02
   99   -0.2480468750000000E-02    0.1044502258300781E-02
  100   -0.1992187500000000E-02    0.8839416503906250E-03
