# time =    0.4699
    0    0.1000000000000000E+01    0.1000000000000000E+01
    1    0.2354296875000000E+00    0.5620231628417969E-01
    2    0.6234375000000000E-01    0.4962615966796875E-02
    3    0.1173828125000000E-01    0.1129493713378906E-02
    4    0.4746093750000000E-02    0.9379959106445312E-03
    5   -0.3515625000000000E-02    0.7418060302734375E-03
    6   -0.3085937500000000E-02    0.8978271484375001E-03
    7   -0.3574218750000000E-02    0.1048927307128906E-02
    8   -0.7812500000000000E-04    0.1056289672851562E-02
    9    0.2714843750000000E-02    0.1051521301269531E-02
   10   -0.1953125000000000E-04    0.1052894592285156E-02
   11   -0.2500000000000000E-02    0.8431243896484375E-03
   12   -0.3710937500000000E-03    0.8170700073242187E-03
   13    0.2832031250000000E-02    0.8516311645507812E-03
   14    0.1757812500000000E-02    0.8755493164062500E-03
   15    0.2773437500000000E-02    0.8238983154296875E-03
   16    0.2792968750000000E-02    0.9481430053710938E-03
   17    0.1445312500000000E-02    0.8967590332031250E-03
   18   -0.2949218750000000E-02    0.7324600219726562E-03
   19   -0.9375000000000000E-03    0.8244323730468750E-03
   20    0.5449218750000000E-02    0.9457778930664063E-03
   21    0.1640625000000000E-02    0.9794616699218750E-03
   22    0.2714843750000000E-02    0.9331893920898437E-03
   23   -0.3378906250000000E-02    0.7978439331054688E-03
   24   -0.5000000000000000E-02    0.1138076782226562E-02
   25   -0.1005859375000000E-01    0.1074333190917969E-02
   26   -0.5781250000000000E-02    0.9771728515625001E-03
   27   -0.3476562500000000E-02    0.7309722900390625E-03
   28   -0.1050781250000000E-01    0.1162796020507812E-02
   29   -0.4101562500000000E-02    0.1268920898437500E-02
   30    0.1875000000000000E-02    0.1240158081054688E-02
   31   -0.3808593750000000E-02    0.9928512573242187E-03
   32   -0.2597656250000000E-02    0.1201667785644531E-02
   33    0.4218750000000000E-02    0.1142654418945313E-02
   34    0.3906250000000000E-02    0.8840179443359375E-03
   35   -0.9765625000000001E-04    0.1086769104003906E-02
   36    0.3125000000000000E-03    0.8772277832031250E-03
   37   -0.2011718750000000E-02    0.8518600463867188E-03
   38   -0.2929687500000000E-02    0.9833526611328124E-03
   39    0.5859375000000000E-04    0.1006507873535156E-02
   40   -0.1406250000000000E-02    0.8518981933593750E-03
   41    0.1093750000000000E-02    0.9516906738281250E-03
   42   -0.2285156250000000E-02    0.9402847290039063E-03
   43   -0.6464843750000000E-02    0.1335334777832031E-02
   44   -0.4804687500000000E-02    0.9221649169921875E-03
   45   -0.2480468750000000E-02    0.7474136352539063E-03
   46   -0.4335937500000000E-02    0.1085052490234375E-02
   47    0.7812500000000000E-03    0.9156799316406250E-03
   48    0.2324218750000000E-02    0.9748458862304688E-03
   49   -0.5078125000000000E-03    0.1008071899414062E-02
   50   -0.2578125000000000E-02    0.1104431152343750E-02
   51    0.4687500000000000E-03    0.1023101806640625E-02
   52   -0.1054687500000000E-02    0.8441162109375000E-03
   53    0.4101562500000000E-03    0.1033210754394531E-02
   54    0.4238281250000000E-02    0.1078834533691406E-02
   55   -0.3320312500000000E-02    0.9922790527343750E-03
   56   -0.4628906250000000E-02    0.1125373840332031E-02
   57   -0.3125000000000000E-02    0.1062850952148438E-02
   58   -0.7617187500000000E-03    0.1023826599121094E-02
   59   -0.1191406250000000E-02    0.1109504699707031E-02
   60    0.1347656250000000E-02    0.7558822631835938E-03
   61    0.2382812500000000E-02    0.8538055419921875E-03
   62    0.1210937500000000E-02    0.8045196533203125E-03
   63   -0.2949218750000000E-02    0.9278488159179687E-03
   64    0.1718750000000000E-02    0.9163665771484375E-03
   65    0.9179687499999999E-03    0.9894943237304687E-03
   66   -0.8789062500000000E-03    0.1288032531738281E-02
   67   -0.4433593750000000E-02    0.1032752990722656E-02
   68   -0.2050781250000000E-02    0.1144981384277344E-02
   69    0.9179687499999999E-03    0.9725570678710937E-03
   70    0.5566406250000000E-02    0.1094932556152344E-02
   71    0.8261718750000001E-02    0.8237075805664063E-03
   72    0.1093750000000000E-02    0.9296417236328125E-03
   73   -0.1210937500000000E-02    0.1034317016601562E-02
   74    0.1875000000000000E-02    0.1066665649414063E-02
   75    0.3046875000000000E-02    0.1083068847656250E-02
   76    0.1699218750000000E-02    0.7398605346679687E-03
   77   -0.3671875000000000E-02    0.9404754638671875E-03
   78    0.8593750000000000E-03    0.9695434570312500E-03
   79    0.2460937500000000E-02    0.7551574707031250E-03
   80    0.4765625000000000E-02    0.8151245117187500E-03
   81    0.2460937500000000E-02    0.1157608032226562E-02
   82   -0.5273437500000000E-03    0.9363937377929687E-03
   83   -0.9960937500000000E-03    0.9360122680664063E-03
   84    0.2773437500000000E-02    0.8415985107421875E-03
   85   -0.5722656250000000E-02    0.1125373840332031E-02
   86    0.4101562500000000E-03    0.1127357482910156E-02
   87   -0.4960937500000000E-02    0.7870483398437500E-03
   88   -0.4824218750000000E-02    0.8604812622070312E-03
   89   -0.4375000000000000E-02    0.1017990112304688E-02
   90   -0.2578125000000000E-02    0.1139144897460938E-02
   91    0.3710937500000000E-02    0.9362030029296875E-03
   92   -0.1425781250000000E-02    0.1066246032714844E-02
   93   -0.4101562500000000E-02    0.1022338867187500E-02
   94    0.1289062500000000E-02    0.9424591064453125E-03
   95    0.6250000000000000E-03    0.1055984497070312E-02
   96    0.3964843750000000E-02    0.1073188781738281E-02
   97    0.4824218750000000E-02    0.9103775024414063E-03
   98   -0.6250000000000000E-03    0.1077651977539062E-02
   99   -0.1152343750000000E-02    0.9711837768554688E-03
  100    0.1953125000000000E-03    0.9777832031250000E-03
