# time =    0.4660
    0    0.1000000000000000E+01    0.1000000000000000E+01
    1    0.2731054687500000E+00    0.7526493072509766E-01
    2    0.9304687500000000E-01    0.9617233276367187E-02
    3    0.3919921875000000E-01    0.2511634826660156E-02
    4    0.2013671875000000E-01    0.1458473205566406E-02
    5    0.6445312500000000E-02    0.9142303466796875E-03
    6    0.2636718750000000E-02    0.1025962829589844E-02
    7    0.2871093750000000E-02    0.1026268005371094E-02
    8    0.2617187500000000E-02    0.8975219726562500E-03
    9    0.2109375000000000E-02    0.1029968261718750E-02
   10    0.2851562500000000E-02    0.1222457885742187E-02
   11    0.2109375000000000E-02    0.1182556152343750E-02
   12    0.1601562500000000E-02    0.1345291137695313E-02
   13    0.1171875000000000E-02    0.1112670898437500E-02
   14   -0.3925781250000000E-02    0.1114616394042969E-02
   15   -0.1953125000000000E-04    0.8817672729492188E-03
   16    0.3320312500000000E-02    0.9407806396484375E-03
   17   -0.2031250000000000E-02    0.9462738037109375E-03
   18   -0.1152343750000000E-02    0.9867477416992188E-03
   19   -0.2148437500000000E-02    0.9609222412109375E-03
   20    0.2128906250000000E-02    0.9956741333007812E-03
   21    0.1093750000000000E-02    0.8573913574218750E-03
   22    0.2968750000000000E-02    0.7295227050781250E-03
   23    0.4902343750000000E-02    0.1101951599121094E-02
   24    0.9179687499999999E-03    0.7667160034179688E-03
   25    0.3046875000000000E-02    0.1441650390625000E-02
   26    0.1289062500000000E-02    0.1208496093750000E-02
   27    0.5898437500000000E-02    0.1028823852539062E-02
   28    0.1953125000000000E-02    0.1010284423828125E-02
   29   -0.3906250000000000E-02    0.1125030517578125E-02
   30    0.3906250000000000E-04    0.8117675781250000E-03
   31   -0.7226562500000000E-03    0.9661483764648438E-03
   32    0.7656250000000000E-02    0.9209442138671875E-03
   33    0.1718750000000000E-02    0.1117324829101562E-02
   34   -0.3652343750000000E-02    0.9770584106445312E-03
   35   -0.6640625000000000E-03    0.9342956542968750E-03
   36    0.9375000000000000E-03    0.1141738891601563E-02
   37   -0.1894531250000000E-02    0.9078598022460938E-03
   38   -0.5175781250000000E-02    0.1026649475097656E-02
   39    0.2539062500000000E-03    0.9383773803710938E-03
   40    0.6640625000000000E-03    0.9052276611328125E-03
   41   -0.1210937500000000E-02    0.1123123168945313E-02
   42    0.3906250000000000E-02    0.1011276245117188E-02
   43    0.2148437500000000E-02    0.1202468872070313E-02
   44    0.2910156250000000E-02    0.1247367858886719E-02
   45   -0.1679687500000000E-02    0.9590148925781250E-03
   46   -0.1660156250000000E-02    0.8854293823242188E-03
   47   -0.9570312500000000E-03    0.9272384643554687E-03
   48    0.8789062500000000E-03    0.1222953796386719E-02
   49    0.8593750000000000E-03    0.8830261230468750E-03
   50    0.1367187500000000E-02    0.7691955566406249E-03
   51    0.8984375000000000E-03    0.8134460449218750E-03
   52    0.8203125000000000E-03    0.9431457519531250E-03
   53    0.3964843750000000E-02    0.1013221740722656E-02
   54    0.6406250000000000E-02    0.1069564819335937E-02
   55    0.2753906250000000E-02    0.1029930114746094E-02
   56    0.3710937500000000E-03    0.1058464050292969E-02
   57    0.8007812500000000E-03    0.9853744506835938E-03
   58    0.7812500000000000E-04    0.1074829101562500E-02
   59   -0.1113281250000000E-02    0.9484481811523437E-03
   60    0.1679687500000000E-02    0.8287048339843750E-03
   61    0.1503906250000000E-02    0.8166885375976563E-03
   62   -0.9570312500000000E-03    0.9904861450195312E-03
   63   -0.2402343750000000E-02    0.6966781616210937E-03
   64   -0.1816406250000000E-02    0.8617782592773437E-03
   65   -0.2578125000000000E-02    0.8560943603515625E-03
   66   -0.1132812500000000E-02    0.7844543457031249E-03
   67   -0.1757812500000000E-02    0.9953308105468751E-03
   68    0.1718750000000000E-02    0.1031723022460937E-02
   69    0.7226562500000000E-03    0.9109115600585937E-03
   70   -0.4062500000000000E-02    0.8662414550781250E-03
   71    0.4062500000000000E-02    0.1259460449218750E-02
   72    0.2539062500000000E-03    0.9214401245117188E-03
   73   -0.2539062500000000E-02    0.1019973754882812E-02
   74   -0.3183593750000000E-02    0.1137962341308594E-02
   75   -0.2421875000000000E-02    0.9831237792968751E-03
   76   -0.2226562500000000E-02    0.1074905395507812E-02
   77   -0.2246093750000000E-02    0.8970260620117188E-03
   78   -0.4062500000000000E-02    0.1050643920898438E-02
   79    0.2285156250000000E-02    0.1000175476074219E-02
   80    0.3632812500000000E-02    0.1288986206054687E-02
   81    0.2519531250000000E-02    0.8646774291992187E-03
   82    0.2929687500000000E-02    0.1109390258789062E-02
   83    0.4804687500000000E-02    0.1230468750000000E-02
   84   -0.7031250000000000E-03    0.9403228759765625E-03
   85   -0.9179687499999999E-03    0.9051132202148438E-03
   86   -0.5644531250000000E-02    0.1021690368652344E-02
   87    0.3320312500000000E-03    0.9801864624023437E-03
   88    0.1191406250000000E-02    0.9890365600585937E-03
   89    0.1347656250000000E-02    0.1020698547363281E-02
   90    0.1738281250000000E-02    0.1040077209472656E-02
   91    0.1562500000000000E-03    0.1026535034179688E-02
   92   -0.4492187500000000E-03    0.1340370178222656E-02
   93   -0.5859375000000000E-03    0.9817504882812501E-03
   94    0.2460937500000000E-02    0.1133956909179687E-02
   95    0.3457031250000000E-02    0.1000862121582031E-02
   96    0.5195312500000000E-02    0.1072692871093750E-02
   97    0.3613281250000000E-02    0.8474349975585938E-03
   98    0.2929687500000000E-03    0.9150314331054688E-03
   99    0.2167968750000000E-02    0.9740829467773437E-03
  100    0.1542968750000000E-02    0.7622146606445313E-03
