# time =    0.4613
    0    0.1000000000000000E+01    0.1000000000000000E+01
    1    0.1915039062500000E+00    0.3754146575927735E-01
    2    0.3791015625000000E-01    0.2628898620605469E-02
    3    0.8691406250000000E-02    0.8617019653320312E-03
    4   -0.2441406250000000E-02    0.7955551147460938E-03
    5   -0.7597656250000000E-02    0.8295822143554687E-03
    6   -0.5058593750000000E-02    0.1103019714355469E-02
    7   -0.1953125000000000E-02    0.9820556640625000E-03
    8   -0.2597656250000000E-02    0.1067695617675781E-02
    9   -0.5664062500000000E-03    0.1059837341308594E-02
   10   -0.3105468750000000E-02    0.8946609497070313E-03
   11    0.7226562500000000E-03    0.1024513244628906E-02
   12   -0.3242187500000000E-02    0.1055755615234375E-02
   13    0.4101562500000000E-03    0.8253097534179687E-03
   14   -0.1523437500000000E-02    0.1077651977539062E-02
   15   -0.3945312500000000E-02    0.8539581298828126E-03
   16    0.5039062500000000E-02    0.8985137939453125E-03
   17    0.4531250000000000E-02    0.8469390869140625E-03
   18   -0.3964843750000000E-02    0.1037788391113281E-02
   19   -0.1308593750000000E-02    0.7996749877929687E-03
   20   -0.4550781250000000E-02    0.1033668518066406E-02
   21   -0.1992187500000000E-02    0.9934997558593750E-03
   22    0.3574218750000000E-02    0.9911727905273437E-03
   23    0.2343750000000000E-03    0.7849884033203125E-03
   24   -0.5664062500000000E-03    0.9365463256835937E-03
   25   -0.2207031250000000E-02    0.9459304809570312E-03
   26   -0.2519531250000000E-02    0.1113929748535156E-02
   27    0.3320312500000000E-03    0.8297348022460937E-03
   28    0.1171875000000000E-02    0.9212493896484375E-03
   29    0.6171875000000000E-02    0.9210205078125000E-03
   30    0.6953125000000000E-02    0.8941650390625000E-03
   31   -0.1367187500000000E-03    0.1116218566894531E-02
   32   -0.1835937500000000E-02    0.1006851196289062E-02
   33    0.1113281250000000E-02    0.9901046752929688E-03
   34   -0.3847656250000000E-02    0.1068458557128906E-02
   35    0.9765625000000000E-03    0.8348083496093750E-03
   36   -0.1386718750000000E-02    0.8255386352539062E-03
   37    0.2734375000000000E-03    0.9773254394531250E-03
   38   -0.3027343750000000E-02    0.7543563842773438E-03
   39   -0.6269531250000000E-02    0.9899520874023437E-03
   40   -0.9765625000000001E-04    0.7761001586914062E-03
   41    0.2851562500000000E-02    0.9857177734374999E-03
   42    0.9765625000000000E-03    0.1262893676757813E-02
   43    0.1562500000000000E-03    0.7387542724609375E-03
   44   -0.2324218750000000E-02    0.9460830688476562E-03
   45   -0.1972656250000000E-02    0.9101486206054688E-03
   46    0.1269531250000000E-02    0.1125755310058594E-02
   47   -0.7226562500000000E-03    0.1073646545410156E-02
   48    0.3046875000000000E-02    0.1131210327148438E-02
   49    0.3125000000000000E-02    0.1101837158203125E-02
   50    0.2617187500000000E-02    0.8702850341796874E-03
   51    0.6269531250000000E-02    0.9209823608398438E-03
   52    0.8984375000000000E-03    0.9938049316406249E-03
   53    0.2343750000000000E-02    0.8631896972656250E-03
   54   -0.9179687499999999E-03    0.8702468872070312E-03
   55    0.3320312500000000E-03    0.8198165893554687E-03
   56    0.2519531250000000E-02    0.1124610900878906E-02
   57    0.1503906250000000E-02    0.1006965637207031E-02
   58    0.1699218750000000E-02    0.1045799255371094E-02
   59   -0.1953125000000000E-03    0.8305358886718750E-03
   60    0.1035156250000000E-02    0.1037330627441406E-02
   61   -0.1601562500000000E-02    0.9294891357421875E-03
   62    0.4843750000000000E-02    0.1005020141601562E-02
   63   -0.8789062500000000E-03    0.8546829223632813E-03
   64   -0.6250000000000000E-03    0.8583068847656250E-03
   65   -0.3671875000000000E-02    0.1069183349609375E-02
   66   -0.7812500000000000E-03    0.1001281738281250E-02
   67   -0.2402343750000000E-02    0.1139564514160156E-02
   68   -0.5292968750000000E-02    0.9608078002929688E-03
   69    0.6250000000000000E-03    0.9300994873046875E-03
   70    0.3125000000000000E-03    0.9855651855468751E-03
   71    0.2304687500000000E-02    0.8451080322265625E-03
   72   -0.2343750000000000E-03    0.1171646118164062E-02
   73    0.1230468750000000E-02    0.1047630310058594E-02
   74   -0.1953125000000000E-03    0.9534454345703125E-03
   75    0.3710937500000000E-02    0.8388519287109375E-03
   76    0.3242187500000000E-02    0.8190917968750000E-03
   77   -0.3105468750000000E-02    0.1243247985839844E-02
   78    0.3242187500000000E-02    0.1114959716796875E-02
   79    0.1562500000000000E-02    0.9663391113281250E-03
   80    0.3398437500000000E-02    0.8444213867187501E-03
   81   -0.5273437500000000E-03    0.1213645935058594E-02
   82   -0.1406250000000000E-02    0.8367919921875001E-03
   83   -0.5175781250000000E-02    0.1206779479980469E-02
   84   -0.7832031250000000E-02    0.9435653686523437E-03
   85    0.4296875000000000E-03    0.7275390625000000E-03
   86    0.4472656250000000E-02    0.7571029663085937E-03
   87    0.3671875000000000E-02    0.8577728271484376E-03
   88    0.2167968750000000E-02    0.7211685180664063E-03
   89    0.4238281250000000E-02    0.8825302124023437E-03
   90   -0.3750000000000000E-02    0.9433746337890625E-03
   91    0.8398437500000000E-03    0.8667373657226563E-03
   92    0.5214843750000000E-02    0.8020401000976562E-03
   93    0.2343750000000000E-03    0.1280975341796875E-02
   94   -0.1582031250000000E-02    0.8857345581054687E-03
   95    0.1914062500000000E-02    0.1189727783203125E-02
   96    0.1875000000000000E-02    0.9722900390625000E-03
   97    0.4882812500000000E-02    0.1088104248046875E-02
   98   -0.1894531250000000E-02    0.8944320678710937E-03
   99    0.1425781250000000E-02    0.1056861877441406E-02
  100   -0.1367187500000000E-02    0.1177978515625000E-02
