# time =    0.4258
    0    0.1000000000000000E+01    0.1000000000000000E+01
    1    0.3876953125000000E+00    0.1509240722656250E+00
    2    0.1900585937500000E+00    0.3710681915283203E-01
    3    0.1056054687500000E+00    0.1217525482177734E-01
    4    0.6640625000000000E-01    0.5475616455078125E-02
    5    0.4466796875000000E-01    0.2835960388183594E-02
    6    0.3050781250000000E-01    0.1830673217773437E-02
    7    0.2537109375000000E-01    0.1546287536621094E-02
    8    0.1894531250000000E-01    0.1393966674804688E-02
    9    0.1841796875000000E-01    0.1316413879394531E-02
   10    0.1412109375000000E-01    0.1034126281738281E-02
   11    0.9101562500000000E-02    0.9274291992187500E-03
   12    0.9570312500000001E-02    0.1125564575195313E-02
   13    0.4082031250000000E-02    0.6737899780273437E-03
   14    0.3398437500000000E-02    0.7900238037109375E-03
   15    0.4394531250000000E-02    0.8912277221679687E-03
   16    0.1015625000000000E-02    0.8727264404296875E-03
   17    0.7929687499999999E-02    0.1037063598632813E-02
   18    0.3945312500000000E-02    0.8977508544921875E-03
   19    0.5195312500000000E-02    0.8795166015625000E-03
   20   -0.1035156250000000E-02    0.7597732543945312E-03
   21   -0.3632812500000000E-02    0.7850646972656250E-03
   22   -0.3183593750000000E-02    0.6420516967773438E-03
   23   -0.3632812500000000E-02    0.9579467773437500E-03
   24    0.1953125000000000E-03    0.9990692138671874E-03
   25    0.3261718750000000E-02    0.8158493041992188E-03
   26    0.2343750000000000E-03    0.7950592041015625E-03
   27   -0.3593750000000000E-02    0.9222412109375000E-03
   28   -0.4609375000000000E-02    0.8506011962890625E-03
   29    0.7617187500000000E-03    0.8935165405273437E-03
   30   -0.1953125000000000E-04    0.1025352478027344E-02
   31   -0.1953125000000000E-03    0.1151580810546875E-02
   32   -0.2578125000000000E-02    0.8182525634765625E-03
   33    0.1679687500000000E-02    0.8807373046875000E-03
   34    0.1210937500000000E-02    0.9114074707031250E-03
   35   -0.4882812500000000E-03    0.9947586059570312E-03
   36   -0.1425781250000000E-02    0.9038162231445313E-03
   37   -0.1015625000000000E-02    0.9291076660156250E-03
   38   -0.2226562500000000E-02    0.9605407714843750E-03
   39    0.1191406250000000E-02    0.9106826782226562E-03
   40    0.9179687499999999E-03    0.1100807189941406E-02
   41   -0.1738281250000000E-02    0.1085014343261719E-02
   42    0.3203125000000000E-02    0.1031188964843750E-02
   43    0.1738281250000000E-02    0.9226608276367188E-03
   44    0.2011718750000000E-02    0.7353591918945313E-03
   45   -0.3203125000000000E-02    0.7555389404296875E-03
   46    0.3515625000000000E-03    0.8103942871093750E-03
   47    0.2988281250000000E-02    0.9717941284179688E-03
   48    0.1328125000000000E-02    0.9315490722656250E-03
   49   -0.1953125000000000E-03    0.1114730834960938E-02
   50    0.2207031250000000E-02    0.1029624938964844E-02
   51    0.1289062500000000E-02    0.1146621704101562E-02
   52   -0.7812500000000000E-03    0.1158828735351562E-02
   53    0.9375000000000000E-03    0.9807586669921876E-03
   54    0.1152343750000000E-02    0.1087303161621094E-02
   55   -0.2207031250000000E-02    0.8082962036132812E-03
   56    0.4296875000000000E-02    0.1014251708984375E-02
   57    0.4726562500000000E-02    0.1087112426757813E-02
   58    0.1777343750000000E-02    0.8870315551757813E-03
   59   -0.1230468750000000E-02    0.1037635803222656E-02
   60   -0.5410156250000000E-02    0.9119796752929687E-03
   61   -0.2578125000000000E-02    0.9511566162109375E-03
   62   -0.2578125000000000E-02    0.1048812866210937E-02
   63   -0.3242187500000000E-02    0.8547973632812500E-03
   64   -0.1777343750000000E-02    0.8526229858398437E-03
   65    0.1347656250000000E-02    0.7205581665039062E-03
   66   -0.9765625000000000E-03    0.8654785156250000E-03
   67   -0.3144531250000000E-02    0.1044960021972656E-02
   68    0.3164062500000000E-02    0.1349411010742188E-02
   69   -0.3320312500000000E-03    0.7913589477539062E-03
   70   -0.3593750000000000E-02    0.9359741210937501E-03
   71   -0.5820312500000000E-02    0.1010131835937500E-02
   72   -0.4707031250000000E-02    0.8208084106445312E-03
   73   -0.2343750000000000E-03    0.7379913330078125E-03
   74   -0.2929687500000000E-03    0.9568405151367188E-03
   75   -0.1484375000000000E-02    0.9504699707031250E-03
   76   -0.7031250000000000E-03    0.9645080566406250E-03
   77    0.5410156250000000E-02    0.9720993041992188E-03
   78    0.2539062500000000E-03    0.9457778930664063E-03
   79   -0.3437500000000000E-02    0.8493804931640625E-03
   80   -0.4882812500000000E-02    0.1333770751953125E-02
   81   -0.9316406249999999E-02    0.1209449768066406E-02
   82   -0.9746093750000000E-02    0.1009635925292969E-02
   83   -0.7968750000000000E-02    0.8985900878906250E-03
   84   -0.6542968750000000E-02    0.9920120239257813E-03
   85   -0.3066406250000000E-02    0.6199264526367187E-03
   86   -0.1816406250000000E-02    0.9228897094726563E-03
   87   -0.2890625000000000E-02    0.1054992675781250E-02
   88   -0.3652343750000000E-02    0.1007499694824219E-02
   89   -0.1113281250000000E-02    0.8269119262695313E-03
   90   -0.3789062500000000E-02    0.9460449218750000E-03
   91   -0.3750000000000000E-02    0.1133651733398438E-02
   92   -0.3125000000000000E-03    0.1126632690429687E-02
   93   -0.2382812500000000E-02    0.8553314208984375E-03
   94   -0.3105468750000000E-02    0.8675765991210938E-03
   95    0.3515625000000000E-03    0.7614898681640625E-03
   96   -0.5859375000000000E-04    0.9099197387695313E-03
   97    0.8007812500000000E-03    0.1050910949707031E-02
   98   -0.1464843750000000E-02    0.1022300720214844E-02
   99    0.1894531250000000E-02    0.7664871215820313E-03
  100   -0.3691406250000000E-02    0.1012077331542969E-02
