# time =    0.4385
    0    0.1000000000000000E+01    0.1000000000000000E+01
    1    0.3225585937500000E+00    0.1047830581665039E+00
    2    0.1164062500000000E+00    0.1439254760742188E-01
    3    0.4537109375000000E-01    0.3065834045410156E-02
    4    0.2509765625000000E-01    0.1767997741699219E-02
    5    0.1462890625000000E-01    0.8782577514648437E-03
    6    0.3984375000000000E-02    0.6948852539062500E-03
    7    0.5937500000000000E-02    0.9719085693359375E-03
    8    0.1542968750000000E-02    0.1080818176269531E-02
    9    0.4199218750000000E-02    0.9910202026367188E-03
   10   -0.9960937500000000E-03    0.1001091003417969E-02
   11    0.3515625000000000E-03    0.9412384033203125E-03
   12   -0.1347656250000000E-02    0.8780288696289062E-03
   13   -0.5644531250000000E-02    0.8416366577148437E-03
   14    0.1953125000000000E-04    0.6857681274414063E-03
   15   -0.1230468750000000E-02    0.8143997192382813E-03
   16   -0.2148437500000000E-02    0.1032333374023438E-02
   17    0.2636718750000000E-02    0.1112480163574219E-02
   18    0.9082031250000001E-02    0.1386375427246094E-02
   19    0.4335937500000000E-02    0.8093261718750000E-03
   20   -0.2734375000000000E-03    0.8931732177734374E-03
   21   -0.1386718750000000E-02    0.7696151733398438E-03
   22   -0.1289062500000000E-02    0.7134246826171875E-03
   23    0.2929687500000000E-03    0.8645248413085937E-03
   24   -0.1171875000000000E-02    0.8834075927734375E-03
   25    0.1054687500000000E-02    0.1085128784179687E-02
   26   -0.2128906250000000E-02    0.9115219116210937E-03
   27    0.4414062500000000E-02    0.1046752929687500E-02
   28    0.4433593750000000E-02    0.9137344360351563E-03
   29    0.2968750000000000E-02    0.8476257324218750E-03
   30   -0.7812500000000000E-03    0.1173553466796875E-02
   31   -0.2050781250000000E-02    0.9076309204101563E-03
   32   -0.4804687500000000E-02    0.9464263916015625E-03
   33   -0.1230468750000000E-02    0.1114311218261719E-02
   34   -0.2519531250000000E-02    0.1277732849121094E-02
   35   -0.5156250000000000E-02    0.9725952148437500E-03
   36   -0.5390625000000000E-02    0.1118087768554688E-02
   37   -0.4648437500000000E-02    0.1006164550781250E-02
   38   -0.1230468750000000E-02    0.9085464477539062E-03
   39    0.1601562500000000E-02    0.9080505371093750E-03
   40    0.3320312500000000E-02    0.1005477905273437E-02
   41    0.6289062500000000E-02    0.1118087768554688E-02
   42   -0.2734375000000000E-03    0.9049224853515625E-03
   43   -0.2304687500000000E-02    0.1278610229492188E-02
   44    0.2675781250000000E-02    0.9929275512695313E-03
   45    0.1269531250000000E-02    0.8966445922851563E-03
   46   -0.3925781250000000E-02    0.1116447448730469E-02
   47    0.2363281250000000E-02    0.9296035766601562E-03
   48    0.1035156250000000E-02    0.8927536010742188E-03
   49    0.2089843750000000E-02    0.7759475708007812E-03
   50    0.5117187500000000E-02    0.9392547607421875E-03
   51   -0.1953125000000000E-02    0.8423614501953125E-03
   52    0.8984375000000000E-03    0.1009140014648438E-02
   53    0.1621093750000000E-02    0.1073570251464844E-02
   54    0.7812500000000000E-03    0.1079940795898438E-02
   55   -0.6445312500000000E-03    0.1095542907714844E-02
   56   -0.3964843750000000E-02    0.7299423217773437E-03
   57   -0.9765625000000001E-04    0.6607437133789063E-03
   58    0.4179687500000000E-02    0.7856750488281250E-03
   59    0.2695312500000000E-02    0.1188125610351562E-02
   60    0.5058593750000000E-02    0.1202125549316406E-02
   61    0.2675781250000000E-02    0.8527755737304688E-03
   62    0.1679687500000000E-02    0.8614349365234375E-03
   63    0.3671875000000000E-02    0.7660675048828125E-03
   64    0.9765625000000000E-03    0.8954620361328125E-03
   65   -0.1992187500000000E-02    0.9188842773437500E-03
   66   -0.2226562500000000E-02    0.8863067626953125E-03
   67    0.4296875000000000E-02    0.9080505371093750E-03
   68   -0.1582031250000000E-02    0.8855056762695312E-03
   69   -0.2773437500000000E-02    0.9421539306640625E-03
   70    0.5546875000000000E-02    0.1079330444335937E-02
   71    0.1914062500000000E-02    0.9088134765625000E-03
   72   -0.8593750000000000E-03    0.9682464599609375E-03
   73   -0.6796875000000000E-02    0.1369628906250000E-02
   74   -0.2597656250000000E-02    0.1071357727050781E-02
   75   -0.1679687500000000E-02    0.1004104614257813E-02
   76   -0.1816406250000000E-02    0.1050987243652344E-02
   77   -0.2070312500000000E-02    0.8051300048828125E-03
   78    0.2753906250000000E-02    0.8488845825195313E-03
   79   -0.4492187500000000E-03    0.1125831604003906E-02
   80   -0.4296875000000000E-03    0.9828948974609376E-03
   81    0.9570312500000000E-03    0.9727859497070312E-03
   82   -0.1542968750000000E-02    0.6322097778320312E-03
   83   -0.5859375000000000E-02    0.9942626953124999E-03
   84   -0.1816406250000000E-02    0.7311630249023437E-03
   85   -0.9179687499999999E-03    0.1037178039550781E-02
   86    0.2929687500000000E-03    0.1042442321777344E-02
   87    0.0000000000000000E+00    0.1118698120117187E-02
   88    0.1269531250000000E-02    0.9630203247070312E-03
   89    0.4472656250000000E-02    0.1140098571777344E-02
   90    0.2207031250000000E-02    0.6851577758789063E-03
   91    0.3574218750000000E-02    0.1098442077636719E-02
   92    0.3125000000000000E-03    0.1106872558593750E-02
   93    0.9375000000000000E-03    0.9973907470703124E-03
   94   -0.1953125000000000E-04    0.9008407592773438E-03
   95    0.1855468750000000E-02    0.1074104309082031E-02
   96    0.4492187500000000E-02    0.9938812255859376E-03
   97    0.4687500000000000E-03    0.9909820556640624E-03
   98    0.4843750000000000E-02    0.9513092041015625E-03
   99   -0.2460937500000000E-02    0.8640289306640625E-03
  100    0.1718750000000000E-02    0.8794403076171875E-03
