# time =    0.4688
    0    0.1000000000000000E+01    0.1000000000000000E+01
    1    0.2215625000000000E+00    0.4989837646484375E-01
    2    0.4892578125000000E-01    0.3334159851074219E-02
    3    0.7285156250000000E-02    0.1033897399902344E-02
    4    0.1718750000000000E-02    0.8698272705078125E-03
    5   -0.1640625000000000E-02    0.1059036254882813E-02
    6   -0.2226562500000000E-02    0.9922027587890626E-03
    7   -0.4140625000000000E-02    0.1163558959960937E-02
    8   -0.2519531250000000E-02    0.1116981506347656E-02
    9    0.9960937500000000E-03    0.1125297546386719E-02
   10    0.3906250000000000E-03    0.8879852294921875E-03
   11    0.3281250000000000E-02    0.1096496582031250E-02
   12    0.1953125000000000E-04    0.8495712280273438E-03
   13    0.3320312500000000E-03    0.1210365295410156E-02
   14   -0.7617187500000000E-03    0.1159019470214844E-02
   15    0.2304687500000000E-02    0.8928680419921875E-03
   16    0.1152343750000000E-02    0.7969284057617187E-03
   17   -0.9375000000000000E-03    0.8756256103515625E-03
   18   -0.4062500000000000E-02    0.9088897705078125E-03
   19    0.6250000000000000E-03    0.8314514160156250E-03
   20    0.3847656250000000E-02    0.1046180725097656E-02
   21   -0.1933593750000000E-02    0.1015892028808594E-02
   22    0.7812500000000000E-03    0.1101684570312500E-02
   23    0.8398437500000000E-03    0.1123542785644531E-02
   24   -0.2148437500000000E-03    0.9846878051757812E-03
   25   -0.3710937500000000E-02    0.1054000854492188E-02
   26   -0.4218750000000000E-02    0.1039733886718750E-02
   27   -0.1875000000000000E-02    0.1086349487304687E-02
   28    0.2089843750000000E-02    0.1246986389160156E-02
   29   -0.7109375000000000E-02    0.1151199340820312E-02
   30    0.1406250000000000E-02    0.8650970458984375E-03
   31    0.4687500000000000E-02    0.8699798583984375E-03
   32   -0.7226562500000000E-03    0.1022834777832031E-02
   33    0.2265625000000000E-02    0.8360290527343750E-03
   34    0.1992187500000000E-02    0.1045455932617188E-02
   35    0.2734375000000000E-03    0.1009445190429688E-02
   36   -0.2617187500000000E-02    0.1258926391601562E-02
   37    0.6191406250000000E-02    0.9067153930664062E-03
   38    0.6074218750000000E-02    0.9905624389648438E-03
   39    0.3007812500000000E-02    0.9722900390625000E-03
   40   -0.1816406250000000E-02    0.1126365661621094E-02
   41   -0.3125000000000000E-03    0.1063232421875000E-02
   42    0.1953125000000000E-02    0.9429931640625000E-03
   43   -0.5488281250000000E-02    0.1050529479980469E-02
   44    0.3476562500000000E-02    0.7788085937500000E-03
   45    0.3046875000000000E-02    0.9454345703125000E-03
   46    0.2753906250000000E-02    0.9546279907226562E-03
   47    0.1230468750000000E-02    0.9056472778320312E-03
   48   -0.6640625000000000E-03    0.1043777465820313E-02
   49   -0.6464843750000000E-02    0.9332656860351563E-03
   50   -0.2656250000000000E-02    0.1120071411132813E-02
   51    0.7421875000000000E-03    0.1047363281250000E-02
   52   -0.4687500000000000E-03    0.9083557128906250E-03
   53    0.2675781250000000E-02    0.8224868774414063E-03
   54    0.4238281250000000E-02    0.7330703735351562E-03
   55    0.3750000000000000E-02    0.8938598632812500E-03
   56    0.2304687500000000E-02    0.1075973510742188E-02
   57    0.1640625000000000E-02    0.1043014526367188E-02
   58    0.1289062500000000E-02    0.1016311645507813E-02
   59   -0.5292968750000000E-02    0.1213951110839844E-02
   60    0.3769531250000000E-02    0.1090660095214844E-02
   61    0.4101562500000000E-03    0.1272163391113281E-02
   62   -0.2324218750000000E-02    0.1196174621582031E-02
   63   -0.3378906250000000E-02    0.9685134887695312E-03
   64    0.9570312500000000E-03    0.7832717895507813E-03
   65    0.6640625000000000E-03    0.8418273925781250E-03
   66    0.4121093750000000E-02    0.8984756469726563E-03
   67    0.1074218750000000E-02    0.1236610412597656E-02
   68   -0.1464843750000000E-02    0.1242256164550781E-02
   69    0.6152343750000000E-02    0.9298324584960938E-03
   70    0.1072265625000000E-01    0.1123390197753906E-02
   71    0.3222656250000000E-02    0.8156967163085938E-03
   72   -0.1347656250000000E-02    0.8530044555664063E-03
   73   -0.2089843750000000E-02    0.9452438354492187E-03
   74   -0.5468750000000001E-03    0.1144790649414063E-02
   75    0.1972656250000000E-02    0.1219596862792969E-02
   76   -0.1406250000000000E-02    0.9280395507812500E-03
   77    0.2148437500000000E-03    0.1027793884277344E-02
   78   -0.5273437500000000E-02    0.1066131591796875E-02
   79    0.4628906250000000E-02    0.1022987365722656E-02
   80   -0.2226562500000000E-02    0.1009979248046875E-02
   81    0.1523437500000000E-02    0.1091613769531250E-02
   82    0.3496093750000000E-02    0.1198463439941406E-02
   83   -0.3867187500000000E-02    0.8293151855468750E-03
   84   -0.9375000000000000E-03    0.8473205566406250E-03
   85    0.1542968750000000E-02    0.9425735473632813E-03
   86   -0.2832031250000000E-02    0.7300949096679687E-03
   87   -0.1953125000000000E-02    0.7391357421875000E-03
   88   -0.6445312500000000E-03    0.9450912475585938E-03
   89   -0.2402343750000000E-02    0.1024589538574219E-02
   90   -0.4785156250000000E-02    0.1176109313964844E-02
   91    0.3085937500000000E-02    0.9501647949218750E-03
   92   -0.2050781250000000E-02    0.9320449829101563E-03
   93   -0.3125000000000000E-02    0.1090316772460937E-02
   94   -0.1679687500000000E-02    0.6570434570312500E-03
   95    0.2304687500000000E-02    0.8769989013671875E-03
   96    0.7812500000000000E-03    0.7308197021484375E-03
   97    0.5312500000000000E-02    0.1007385253906250E-02
   98    0.3906250000000000E-04    0.9677886962890625E-03
   99   -0.2929687500000000E-03    0.8060073852539062E-03
  100   -0.5273437500000000E-03    0.9080886840820313E-03
