# time =    0.4699
    0    0.1000000000000000E+01    0.1000000000000000E+01
    1    0.1972460937500000E+00    0.3970767974853515E-01
    2    0.4029296875000000E-01    0.2634925842285156E-02
    3    0.1113281250000000E-01    0.9496307373046875E-03
    4   -0.1367187500000000E-02    0.9571838378906250E-03
    5   -0.2949218750000000E-02    0.9314346313476562E-03
    6   -0.4062500000000000E-02    0.1145629882812500E-02
    7   -0.8398437500000000E-03    0.9328079223632813E-03
    8   -0.1953125000000000E-02    0.7081604003906249E-03
    9   -0.1445312500000000E-02    0.7726287841796875E-03
   10    0.4882812500000000E-03    0.8719253540039062E-03
   11   -0.1445312500000000E-02    0.9898376464843751E-03
   12   -0.2734375000000000E-02    0.1123733520507812E-02
   13    0.4375000000000000E-02    0.9785461425781249E-03
   14    0.7812500000000000E-04    0.1065216064453125E-02
   15   -0.1933593750000000E-02    0.9148025512695313E-03
   16    0.1367187500000000E-03    0.8218002319335938E-03
   17   -0.3007812500000000E-02    0.9165954589843750E-03
   18   -0.2480468750000000E-02    0.8253860473632813E-03
   19   -0.2363281250000000E-02    0.1014137268066406E-02
   20    0.7617187500000000E-02    0.1007385253906250E-02
   21    0.1191406250000000E-02    0.7081222534179687E-03
   22    0.1054687500000000E-02    0.9603118896484375E-03
   23   -0.2519531250000000E-02    0.7540512084960937E-03
   24   -0.3847656250000000E-02    0.7548904418945312E-03
   25   -0.1386718750000000E-02    0.8063125610351563E-03
   26   -0.1796875000000000E-02    0.9389495849609374E-03
   27    0.2207031250000000E-02    0.9583663940429687E-03
   28    0.1367187500000000E-03    0.9188461303710938E-03
   29    0.5781250000000000E-02    0.1192779541015625E-02
   30    0.8593750000000000E-03    0.8229064941406250E-03
   31    0.2714843750000000E-02    0.9377670288085938E-03
   32    0.2402343750000000E-02    0.1078758239746094E-02
   33   -0.1835937500000000E-02    0.9958648681640625E-03
   34    0.8984375000000000E-03    0.9086608886718750E-03
   35    0.8398437500000000E-03    0.8871078491210938E-03
   36   -0.1875000000000000E-02    0.8232116699218750E-03
   37    0.1074218750000000E-02    0.8005905151367188E-03
   38   -0.2675781250000000E-02    0.8424758911132812E-03
   39   -0.9765625000000000E-03    0.9388732910156250E-03
   40   -0.1953125000000000E-04    0.9214401245117188E-03
   41   -0.1464843750000000E-02    0.7457351684570313E-03
   42   -0.4492187500000000E-02    0.8729553222656250E-03
   43   -0.2539062500000000E-02    0.8874511718749999E-03
   44   -0.2929687500000000E-02    0.8559417724609375E-03
   45   -0.5195312500000000E-02    0.1041412353515625E-02
   46   -0.4082031250000000E-02    0.1031761169433594E-02
   47   -0.3339843750000000E-02    0.7345962524414062E-03
   48   -0.1562500000000000E-03    0.7350158691406250E-03
   49    0.5800781250000000E-02    0.8177566528320313E-03
   50    0.3242187500000000E-02    0.9870910644531250E-03
   51    0.3339843750000000E-02    0.1080970764160156E-02
   52    0.4687500000000000E-02    0.8959197998046876E-03
   53    0.4785156250000000E-02    0.1008110046386719E-02
   54    0.3183593750000000E-02    0.1206550598144531E-02
   55   -0.1875000000000000E-02    0.9620666503906250E-03
   56    0.5664062500000000E-02    0.9172821044921875E-03
   57    0.7226562500000000E-03    0.1226539611816406E-02
   58    0.2714843750000000E-02    0.9276199340820312E-03
   59    0.1289062500000000E-02    0.1059036254882813E-02
   60    0.3750000000000000E-02    0.1100158691406250E-02
   61    0.3515625000000000E-03    0.9491729736328125E-03
   62   -0.3339843750000000E-02    0.9814834594726563E-03
   63    0.2812500000000000E-02    0.1163864135742188E-02
   64    0.7382812500000000E-02    0.1128311157226562E-02
   65    0.4121093750000000E-02    0.9884262084960938E-03
   66   -0.1933593750000000E-02    0.1177558898925781E-02
   67   -0.3300781250000000E-02    0.1035575866699219E-02
   68   -0.5664062500000000E-03    0.8887863159179688E-03
   69    0.1699218750000000E-02    0.8832931518554688E-03
   70   -0.6445312500000000E-03    0.9599685668945313E-03
   71    0.2089843750000000E-02    0.9069442749023438E-03
   72   -0.2402343750000000E-02    0.7065200805664063E-03
   73    0.1855468750000000E-02    0.1157722473144531E-02
   74   -0.5859375000000000E-04    0.1063499450683594E-02
   75   -0.3417968750000000E-02    0.9022903442382813E-03
   76   -0.2578125000000000E-02    0.9120178222656250E-03
   77   -0.1230468750000000E-02    0.9164047241210937E-03
   78    0.2812500000000000E-02    0.1054916381835938E-02
   79    0.1250000000000000E-02    0.8621215820312500E-03
   80   -0.7812500000000000E-03    0.1091766357421875E-02
   81   -0.1953125000000000E-04    0.5858993530273438E-03
   82    0.8789062500000000E-03    0.8797073364257813E-03
   83    0.5273437500000000E-03    0.1019554138183594E-02
   84   -0.7812500000000000E-03    0.9320831298828125E-03
   85    0.2050781250000000E-02    0.7857894897460938E-03
   86   -0.2363281250000000E-02    0.1005287170410156E-02
   87    0.1953125000000000E-04    0.1232032775878906E-02
   88   -0.3710937500000000E-02    0.9105682373046875E-03
   89   -0.4082031250000000E-02    0.9211349487304687E-03
   90    0.3085937500000000E-02    0.8820343017578125E-03
   91   -0.1562500000000000E-03    0.8306884765625000E-03
   92    0.1015625000000000E-02    0.1037750244140625E-02
   93    0.1171875000000000E-02    0.8310699462890626E-03
   94    0.2968750000000000E-02    0.7763671875000000E-03
   95    0.2597656250000000E-02    0.1002540588378906E-02
   96    0.6035156250000000E-02    0.1128273010253906E-02
   97    0.2617187500000000E-02    0.9304809570312500E-03
   98    0.4316406250000000E-02    0.7197189331054687E-03
   99   -0.3750000000000000E-02    0.8934783935546875E-03
  100    0.1171875000000000E-03    0.7038879394531250E-03
