# time =    0.4696
    0    0.1000000000000000E+01    0.1000000000000000E+01
    1    0.2314257812500000E+00    0.5447666168212890E-01
    2    0.6185546875000000E-01    0.4810676574707031E-02
    3    0.1718750000000000E-01    0.1213378906250000E-02
    4    0.2675781250000000E-02    0.9643173217773437E-03
    5   -0.7421875000000000E-03    0.9619903564453125E-03
    6   -0.3320312500000000E-03    0.1073570251464844E-02
    7    0.5859375000000000E-03    0.1171646118164062E-02
    8    0.4785156250000000E-02    0.8502578735351562E-03
    9    0.7031250000000000E-03    0.9104156494140625E-03
   10   -0.3925781250000000E-02    0.7377243041992187E-03
   11   -0.2011718750000000E-02    0.7873153686523437E-03
   12   -0.3007812500000000E-02    0.8408355712890625E-03
   13    0.1757812500000000E-02    0.9555816650390625E-03
   14    0.2031250000000000E-02    0.9820556640625000E-03
   15   -0.2148437500000000E-03    0.7976913452148438E-03
   16   -0.1757812500000000E-02    0.1003112792968750E-02
   17    0.8574218749999999E-02    0.1107292175292969E-02
   18    0.2539062500000000E-02    0.9989929199218750E-03
   19   -0.2480468750000000E-02    0.7969284057617187E-03
   20    0.3007812500000000E-02    0.9628295898437500E-03
   21    0.1855468750000000E-02    0.9584426879882812E-03
   22   -0.1660156250000000E-02    0.9710311889648438E-03
   23   -0.1308593750000000E-02    0.1122474670410156E-02
   24   -0.1640625000000000E-02    0.1012268066406250E-02
   25   -0.2050781250000000E-02    0.7172012329101562E-03
   26    0.7812500000000000E-03    0.1030349731445313E-02
   27    0.1328125000000000E-02    0.8013153076171875E-03
   28    0.1171875000000000E-02    0.9239959716796875E-03
   29   -0.1210937500000000E-02    0.8474731445312500E-03
   30   -0.5859375000000000E-04    0.9132766723632812E-03
   31    0.5664062500000000E-03    0.8623123168945313E-03
   32   -0.9179687499999999E-03    0.1337318420410156E-02
   33    0.5527343750000000E-02    0.9431838989257812E-03
   34   -0.1171875000000000E-02    0.8638763427734375E-03
   35   -0.3750000000000000E-02    0.1073150634765625E-02
   36   -0.8984375000000000E-03    0.9309387207031250E-03
   37    0.1972656250000000E-02    0.1044197082519531E-02
   38   -0.1523437500000000E-02    0.8196258544921876E-03
   39   -0.2519531250000000E-02    0.1238517761230469E-02
   40    0.1328125000000000E-02    0.1152114868164062E-02
   41   -0.4296875000000000E-03    0.1207504272460938E-02
   42    0.5078125000000000E-02    0.1003265380859375E-02
   43    0.2246093750000000E-02    0.8030319213867187E-03
   44    0.4492187500000000E-03    0.6925582885742188E-03
   45    0.5058593750000000E-02    0.8076858520507812E-03
   46    0.3710937500000000E-03    0.8238601684570312E-03
   47   -0.6054687500000000E-03    0.1011924743652344E-02
   48    0.3359375000000000E-02    0.6774139404296875E-03
   49    0.1367187500000000E-02    0.9676361083984375E-03
   50    0.2773437500000000E-02    0.8909606933593750E-03
   51    0.6562500000000000E-02    0.8982849121093750E-03
   52   -0.2363281250000000E-02    0.9538650512695313E-03
   53    0.8593750000000000E-03    0.1094970703125000E-02
   54    0.2324218750000000E-02    0.8764266967773438E-03
   55    0.1328125000000000E-02    0.1097640991210938E-02
   56   -0.7812500000000000E-03    0.9142303466796875E-03
   57   -0.3906250000000000E-04    0.1029129028320312E-02
   58    0.4492187500000000E-02    0.8187866210937499E-03
   59    0.3300781250000000E-02    0.9337997436523437E-03
   60    0.2363281250000000E-02    0.9988021850585937E-03
   61    0.5644531250000000E-02    0.9209060668945312E-03
   62   -0.1074218750000000E-02    0.9576797485351563E-03
   63    0.4101562500000000E-02    0.1025085449218750E-02
   64    0.2812500000000000E-02    0.7271575927734375E-03
   65   -0.5703125000000000E-02    0.8964538574218750E-03
   66   -0.2128906250000000E-02    0.9050369262695312E-03
   67   -0.1738281250000000E-02    0.1061592102050781E-02
   68   -0.3125000000000000E-03    0.9168243408203125E-03
   69    0.3457031250000000E-02    0.1110649108886719E-02
   70    0.1542968750000000E-02    0.1088600158691406E-02
   71   -0.4648437500000000E-02    0.9608459472656250E-03
   72   -0.7207031250000000E-02    0.8436203002929688E-03
   73    0.7617187500000000E-03    0.1130332946777344E-02
   74    0.3847656250000000E-02    0.9721755981445312E-03
   75   -0.3242187500000000E-02    0.1222839355468750E-02
   76   -0.5371093750000000E-02    0.1065330505371094E-02
   77   -0.2109375000000000E-02    0.9970855712890625E-03
   78    0.2421875000000000E-02    0.1189498901367187E-02
   79   -0.1093750000000000E-02    0.1016311645507813E-02
   80   -0.4296875000000000E-02    0.9272003173828125E-03
   81    0.1250000000000000E-02    0.1159515380859375E-02
   82    0.4121093750000000E-02    0.7176589965820312E-03
   83   -0.7812500000000000E-04    0.7889556884765625E-03
   84   -0.6679687500000000E-02    0.9376525878906250E-03
   85    0.1757812500000000E-03    0.1122093200683594E-02
   86    0.5664062500000000E-03    0.1268043518066406E-02
   87   -0.8984375000000000E-03    0.9016418457031251E-03
   88    0.4296875000000000E-03    0.1043472290039063E-02
   89    0.4511718750000000E-02    0.1001777648925781E-02
   90    0.9179687499999999E-03    0.8248519897460937E-03
   91   -0.1699218750000000E-02    0.1036262512207031E-02
   92    0.2285156250000000E-02    0.8742904663085937E-03
   93   -0.2871093750000000E-02    0.6284713745117188E-03
   94    0.2929687500000000E-02    0.8303070068359375E-03
   95   -0.1113281250000000E-02    0.1053428649902344E-02
   96   -0.1953125000000000E-02    0.7846069335937500E-03
   97   -0.4960937500000000E-02    0.1290359497070312E-02
   98    0.2656250000000000E-02    0.1235198974609375E-02
   99   -0.1054687500000000E-02    0.1110382080078125E-02
  100   -0.2304687500000000E-02    0.1071090698242187E-02
