# time =    0.4638
    0    0.1000000000000000E+01    0.1000000000000000E+01
    1    0.2482812500000000E+00    0.6227005004882812E-01
    2    0.7892578124999999E-01    0.6958122253417969E-02
    3    0.2517578125000000E-01    0.1348228454589844E-02
    4    0.1193359375000000E-01    0.1189918518066406E-02
    5   -0.2148437500000000E-03    0.1034431457519531E-02
    6   -0.2753906250000000E-02    0.7472610473632812E-03
    7   -0.5859375000000000E-04    0.8050918579101563E-03
    8   -0.1367187500000000E-02    0.1120376586914062E-02
    9    0.2812500000000000E-02    0.1072463989257812E-02
   10    0.2343750000000000E-03    0.1191558837890625E-02
   11    0.4589843750000000E-02    0.1021003723144531E-02
   12   -0.3320312500000000E-03    0.8179092407226562E-03
   13    0.3710937500000000E-03    0.7683181762695312E-03
   14   -0.4843750000000000E-02    0.1186599731445313E-02
   15   -0.6679687500000000E-02    0.1060256958007812E-02
   16   -0.5175781250000000E-02    0.1197547912597656E-02
   17   -0.1718750000000000E-02    0.8419799804687500E-03
   18    0.3046875000000000E-02    0.8418273925781250E-03
   19   -0.1757812500000000E-03    0.8811569213867188E-03
   20    0.3203125000000000E-02    0.7879638671875000E-03
   21    0.1289062500000000E-02    0.7870483398437500E-03
   22    0.1835937500000000E-02    0.9695434570312500E-03
   23    0.1542968750000000E-02    0.8305740356445312E-03
   24    0.2519531250000000E-02    0.7500839233398437E-03
   25    0.4589843750000000E-02    0.9209060668945312E-03
   26   -0.3085937500000000E-02    0.9963989257812500E-03
   27   -0.6933593750000000E-02    0.1085472106933594E-02
   28    0.1347656250000000E-02    0.7706069946289062E-03
   29    0.4003906250000000E-02    0.1020545959472656E-02
   30   -0.3730468750000000E-02    0.9564590454101562E-03
   31   -0.2949218750000000E-02    0.8230209350585938E-03
   32    0.1523437500000000E-02    0.7324218750000000E-03
   33   -0.1171875000000000E-02    0.1095428466796875E-02
   34   -0.5605468750000000E-02    0.9860610961914063E-03
   35    0.1660156250000000E-02    0.9665298461914063E-03
   36   -0.4687500000000000E-03    0.1109237670898437E-02
   37    0.6230468750000000E-02    0.1071052551269531E-02
   38    0.2968750000000000E-02    0.1064529418945313E-02
   39    0.2968750000000000E-02    0.9683990478515626E-03
   40   -0.4296875000000000E-03    0.9615325927734375E-03
   41   -0.1542968750000000E-02    0.1143608093261719E-02
   42   -0.4707031250000000E-02    0.8741378784179688E-03
   43   -0.1542968750000000E-02    0.9434890747070313E-03
   44   -0.3281250000000000E-02    0.9814453124999999E-03
   45   -0.3808593750000000E-02    0.1182212829589844E-02
   46   -0.2421875000000000E-02    0.8624267578125000E-03
   47    0.5722656250000000E-02    0.1088829040527344E-02
   48    0.4042968750000000E-02    0.1194877624511719E-02
   49   -0.1796875000000000E-02    0.1116485595703125E-02
   50   -0.1289062500000000E-02    0.1127395629882813E-02
   51    0.0000000000000000E+00    0.9004211425781250E-03
   52    0.2441406250000000E-02    0.8018112182617187E-03
   53   -0.2285156250000000E-02    0.8704757690429687E-03
   54   -0.2539062500000000E-03    0.1021308898925781E-02
   55    0.3125000000000000E-03    0.1095581054687500E-02
   56   -0.8203125000000000E-03    0.9766387939453124E-03
   57    0.1699218750000000E-02    0.9540939331054688E-03
   58    0.1250000000000000E-02    0.8042144775390625E-03
   59   -0.2343750000000000E-03    0.8439636230468750E-03
   60    0.6113281250000000E-02    0.9904098510742187E-03
   61    0.6035156250000000E-02    0.9634780883789062E-03
   62    0.7128906250000000E-02    0.9441757202148437E-03
   63    0.2031250000000000E-02    0.9808349609375000E-03
   64   -0.1699218750000000E-02    0.1189842224121094E-02
   65    0.2597656250000000E-02    0.9997940063476562E-03
   66    0.4335937500000000E-02    0.9912872314453126E-03
   67    0.2460937500000000E-02    0.9336090087890625E-03
   68   -0.4882812500000000E-03    0.8111953735351563E-03
   69    0.1054687500000000E-02    0.1119689941406250E-02
   70   -0.7226562500000000E-03    0.1150703430175781E-02
   71   -0.5664062500000000E-02    0.1063842773437500E-02
   72   -0.4785156250000000E-02    0.9300613403320313E-03
   73    0.8007812500000000E-03    0.1011390686035156E-02
   74   -0.2363281250000000E-02    0.8212661743164062E-03
   75   -0.3808593750000000E-02    0.9572982788085937E-03
   76    0.2910156250000000E-02    0.9868240356445312E-03
   77   -0.6835937500000000E-03    0.8911514282226563E-03
   78    0.3183593750000000E-02    0.8891677856445313E-03
   79    0.1093750000000000E-02    0.8309936523437500E-03
   80   -0.1562500000000000E-03    0.1031036376953125E-02
   81   -0.5332031250000000E-02    0.8717727661132813E-03
   82    0.2949218750000000E-02    0.9719467163085937E-03
   83    0.5605468750000000E-02    0.1032676696777344E-02
   84    0.2421875000000000E-02    0.9550476074218751E-03
   85   -0.2285156250000000E-02    0.1045341491699219E-02
   86   -0.4511718750000000E-02    0.1006889343261719E-02
   87   -0.1914062500000000E-02    0.1013412475585938E-02
   88   -0.9375000000000000E-03    0.1084060668945313E-02
   89   -0.2363281250000000E-02    0.8191299438476562E-03
   90   -0.1621093750000000E-02    0.1192665100097656E-02
   91    0.3769531250000000E-02    0.8410263061523437E-03
   92    0.2050781250000000E-02    0.8057785034179687E-03
   93    0.2929687500000000E-02    0.1197509765625000E-02
   94   -0.1855468750000000E-02    0.1115837097167969E-02
   95    0.5058593750000000E-02    0.8318710327148437E-03
   96    0.4082031250000000E-02    0.8372116088867187E-03
   97   -0.5078125000000000E-03    0.9837341308593750E-03
   98    0.6835937500000000E-03    0.7272720336914063E-03
   99   -0.4433593750000000E-02    0.8871841430664062E-03
  100   -0.2988281250000000E-02    0.8304214477539062E-03
