# time =    0.4606
    0    0.1000000000000000E+01    0.1000000000000000E+01
    1    0.1893164062500000E+00    0.3675685882568359E-01
    2    0.3751953125000000E-01    0.2588768005371094E-02
    3    0.4218750000000000E-02    0.1065673828125000E-02
    4    0.1621093750000000E-02    0.1036796569824219E-02
    5    0.1660156250000000E-02    0.1140327453613281E-02
    6    0.1992187500000000E-02    0.9680938720703125E-03
    7    0.3769531250000000E-02    0.1207237243652344E-02
    8    0.1250000000000000E-02    0.1057968139648437E-02
    9    0.2539062500000000E-03    0.9422683715820312E-03
   10   -0.5722656250000000E-02    0.9508132934570312E-03
   11    0.6093750000000000E-02    0.1030960083007812E-02
   12    0.2226562500000000E-02    0.1062698364257812E-02
   13    0.3378906250000000E-02    0.1068153381347656E-02
   14    0.3125000000000000E-02    0.8757019042968750E-03
   15    0.5859375000000000E-03    0.9389495849609374E-03
   16    0.2441406250000000E-02    0.9312057495117188E-03
   17    0.1640625000000000E-02    0.8792877197265625E-03
   18   -0.2285156250000000E-02    0.8092880249023438E-03
   19    0.1972656250000000E-02    0.1097984313964844E-02
   20    0.1523437500000000E-02    0.8952331542968750E-03
   21   -0.6445312500000000E-03    0.8549118041992188E-03
   22    0.2636718750000000E-02    0.1178321838378906E-02
   23   -0.9023437500000000E-02    0.9395599365234375E-03
   24   -0.6425781250000000E-02    0.1026496887207031E-02
   25   -0.2558593750000000E-02    0.1235313415527344E-02
   26   -0.5625000000000000E-02    0.1201858520507813E-02
   27    0.5859375000000000E-04    0.9608840942382812E-03
   28   -0.1914062500000000E-02    0.8725738525390625E-03
   29    0.1953125000000000E-04    0.9357833862304688E-03
   30    0.8789062500000000E-03    0.8631515502929688E-03
   31   -0.8789062500000000E-03    0.9663009643554688E-03
   32   -0.5917968750000000E-02    0.1031684875488281E-02
   33   -0.2539062500000000E-03    0.1150093078613281E-02
   34    0.2773437500000000E-02    0.1055068969726562E-02
   35    0.5000000000000000E-02    0.1123123168945313E-02
   36   -0.3710937500000000E-03    0.1062126159667969E-02
   37   -0.4941406250000000E-02    0.8288955688476562E-03
   38    0.9375000000000000E-03    0.8725738525390625E-03
   39   -0.2343750000000000E-03    0.1117019653320312E-02
   40   -0.2187500000000000E-02    0.1018981933593750E-02
   41    0.1621093750000000E-02    0.9226608276367188E-03
   42    0.4609375000000000E-02    0.1061706542968750E-02
   43   -0.6445312500000000E-03    0.8704757690429687E-03
   44    0.2324218750000000E-02    0.9122085571289062E-03
   45    0.5253906250000000E-02    0.1150474548339844E-02
   46    0.2753906250000000E-02    0.1304206848144531E-02
   47    0.3105468750000000E-02    0.8845138549804688E-03
   48    0.4882812500000000E-03    0.8784866333007812E-03
   49   -0.4082031250000000E-02    0.8649063110351562E-03
   50    0.1757812500000000E-02    0.9552001953125000E-03
   51    0.3105468750000000E-02    0.9061813354492188E-03
   52   -0.8593750000000000E-03    0.9323120117187500E-03
   53    0.8984375000000000E-03    0.7192993164062500E-03
   54    0.1542968750000000E-02    0.8852767944335937E-03
   55   -0.5273437500000000E-02    0.1092910766601562E-02
   56   -0.1757812500000000E-03    0.7603073120117188E-03
   57   -0.1894531250000000E-02    0.9552383422851562E-03
   58   -0.4882812500000000E-03    0.7655715942382812E-03
   59    0.1210937500000000E-02    0.9722137451171876E-03
   60   -0.3320312500000000E-03    0.9274673461914062E-03
   61   -0.4687500000000000E-03    0.8571624755859375E-03
   62   -0.6796875000000000E-02    0.1017303466796875E-02
   63   -0.1074218750000000E-02    0.7136154174804687E-03
   64    0.8007812500000000E-03    0.1030616760253906E-02
   65   -0.7070312500000000E-02    0.1317520141601562E-02
   66   -0.3164062500000000E-02    0.1141510009765625E-02
   67    0.2812500000000000E-02    0.9383392333984375E-03
   68    0.2500000000000000E-02    0.1241760253906250E-02
   69    0.1269531250000000E-02    0.9904098510742187E-03
   70    0.7031250000000000E-03    0.9775543212890625E-03
   71    0.3535156250000000E-02    0.9057235717773438E-03
   72    0.2539062500000000E-02    0.8859252929687500E-03
   73   -0.2539062500000000E-03    0.1026954650878906E-02
   74   -0.3515625000000000E-02    0.9484863281249999E-03
   75   -0.1582031250000000E-02    0.7316970825195313E-03
   76   -0.5820312500000000E-02    0.1007461547851563E-02
   77    0.6445312500000000E-03    0.8451461791992188E-03
   78    0.6953125000000000E-02    0.7496643066406250E-03
   79   -0.5468750000000001E-03    0.9037780761718750E-03
   80    0.5488281250000000E-02    0.9859848022460939E-03
   81   -0.1367187500000000E-03    0.9450149536132812E-03
   82    0.2031250000000000E-02    0.9595489501953125E-03
   83   -0.3710937500000000E-03    0.1039390563964844E-02
   84    0.2011718750000000E-02    0.9755325317382812E-03
   85   -0.8789062500000000E-03    0.7592391967773438E-03
   86   -0.3378906250000000E-02    0.8594894409179688E-03
   87   -0.9765625000000001E-04    0.8313369750976563E-03
   88    0.3945312500000000E-02    0.1190567016601563E-02
   89   -0.6328125000000000E-02    0.9037017822265625E-03
   90   -0.4980468750000000E-02    0.6672286987304687E-03
   91   -0.1894531250000000E-02    0.1050529479980469E-02
   92   -0.3750000000000000E-02    0.6662750244140625E-03
   93   -0.9179687499999999E-03    0.7569503784179688E-03
   94    0.5449218750000000E-02    0.9367752075195312E-03
   95    0.1679687500000000E-02    0.9669494628906250E-03
   96   -0.6445312500000000E-03    0.1008949279785156E-02
   97   -0.3398437500000000E-02    0.9370422363281249E-03
   98    0.2460937500000000E-02    0.1086120605468750E-02
   99   -0.1953125000000000E-04    0.1008262634277344E-02
  100    0.5859375000000000E-03    0.1050109863281250E-02
