# time =    0.4651
    0    0.1000000000000000E+01    0.1000000000000000E+01
    1    0.1939453125000000E+00    0.3829513549804688E-01
    2    0.3804687500000000E-01    0.2485427856445312E-02
    3    0.6269531250000000E-02    0.9865951538085937E-03
    4    0.1464843750000000E-02    0.9273147583007813E-03
    5    0.6054687500000000E-03    0.8871841430664062E-03
    6   -0.2070312500000000E-02    0.1151351928710937E-02
    7    0.3105468750000000E-02    0.9865951538085937E-03
    8    0.4023437500000000E-02    0.8000183105468750E-03
    9    0.7421875000000000E-03    0.1208038330078125E-02
   10    0.2500000000000000E-02    0.9359741210937501E-03
   11   -0.2148437500000000E-03    0.8816909790039062E-03
   12   -0.2363281250000000E-02    0.8923721313476563E-03
   13    0.3066406250000000E-02    0.9682846069335938E-03
   14   -0.1269531250000000E-02    0.8494949340820312E-03
   15   -0.1015625000000000E-02    0.8921051025390626E-03
   16    0.2539062500000000E-03    0.1095542907714844E-02
   17   -0.2382812500000000E-02    0.8512115478515624E-03
   18   -0.6250000000000000E-02    0.1019592285156250E-02
   19   -0.3437500000000000E-02    0.1194076538085937E-02
   20   -0.1718750000000000E-02    0.1303405761718750E-02
   21   -0.3847656250000000E-02    0.8241653442382813E-03
   22    0.2363281250000000E-02    0.9605789184570313E-03
   23    0.5410156250000000E-02    0.1020011901855469E-02
   24    0.1992187500000000E-02    0.6432342529296875E-03
   25   -0.2148437500000000E-02    0.1054458618164063E-02
   26    0.2558593750000000E-02    0.1039772033691406E-02
   27    0.5117187500000000E-02    0.1079940795898438E-02
   28    0.4296875000000000E-03    0.9391784667968750E-03
   29    0.1074218750000000E-02    0.8333206176757812E-03
   30    0.5683593750000000E-02    0.9975051879882813E-03
   31    0.8984374999999999E-02    0.1216735839843750E-02
   32   -0.8007812500000000E-03    0.8747482299804688E-03
   33   -0.4433593750000000E-02    0.1160240173339844E-02
   34   -0.3007812500000000E-02    0.1249618530273437E-02
   35    0.4082031250000000E-02    0.1167488098144531E-02
   36    0.7597656250000000E-02    0.1040611267089844E-02
   37   -0.4101562500000000E-03    0.8919906616210938E-03
   38    0.2910156250000000E-02    0.1068382263183594E-02
   39   -0.2343750000000000E-03    0.9062957763671875E-03
   40    0.3437500000000000E-02    0.6855010986328125E-03
   41    0.8789062500000000E-03    0.1090354919433594E-02
   42    0.0000000000000000E+00    0.1119461059570312E-02
   43   -0.1484375000000000E-02    0.1146392822265625E-02
   44   -0.2324218750000000E-02    0.1177177429199219E-02
   45    0.2792968750000000E-02    0.1188774108886719E-02
   46    0.4824218750000000E-02    0.1315345764160156E-02
   47    0.3671875000000000E-02    0.8386230468750000E-03
   48    0.1835937500000000E-02    0.1184387207031250E-02
   49    0.2441406250000000E-02    0.1146354675292969E-02
   50    0.9765625000000001E-04    0.1065940856933594E-02
   51   -0.3886718750000000E-02    0.8892440795898438E-03
   52   -0.1250000000000000E-02    0.9849548339843750E-03
   53   -0.3906250000000000E-02    0.9470367431640625E-03
   54   -0.1894531250000000E-02    0.9783554077148439E-03
   55   -0.3437500000000000E-02    0.8607482910156249E-03
   56   -0.2343750000000000E-02    0.7912445068359375E-03
   57   -0.4433593750000000E-02    0.1118049621582031E-02
   58   -0.2050781250000000E-02    0.8961868286132813E-03
   59   -0.9570312500000000E-03    0.8630752563476562E-03
   60    0.3320312500000000E-02    0.1058120727539062E-02
   61    0.5468750000000001E-03    0.9159088134765625E-03
   62   -0.1972656250000000E-02    0.6772994995117188E-03
   63   -0.3066406250000000E-02    0.1025199890136719E-02
   64   -0.2421875000000000E-02    0.1018753051757813E-02
   65    0.3242187500000000E-02    0.7469940185546875E-03
   66    0.1582031250000000E-02    0.1086921691894531E-02
   67   -0.1484375000000000E-02    0.9057617187500000E-03
   68   -0.1386718750000000E-02    0.7625198364257812E-03
   69   -0.1074218750000000E-02    0.1047706604003906E-02
   70   -0.4101562500000000E-02    0.8108520507812500E-03
   71   -0.9375000000000000E-03    0.8428955078125000E-03
   72    0.2734375000000000E-03    0.1025314331054687E-02
   73    0.1875000000000000E-02    0.7119750976562499E-03
   74   -0.3964843750000000E-02    0.9646224975585938E-03
   75    0.7578125000000000E-02    0.1061019897460937E-02
   76    0.5449218750000000E-02    0.8246231079101562E-03
   77    0.1171875000000000E-03    0.8989715576171875E-03
   78   -0.9375000000000000E-03    0.8270263671875000E-03
   79   -0.2636718750000000E-02    0.7838821411132813E-03
   80   -0.3984375000000000E-02    0.1177291870117188E-02
   81   -0.2480468750000000E-02    0.9163284301757813E-03
   82   -0.5390625000000000E-02    0.1095123291015625E-02
   83    0.4921875000000000E-02    0.1091918945312500E-02
   84    0.3300781250000000E-02    0.1061592102050781E-02
   85   -0.2929687500000000E-03    0.1174812316894531E-02
   86    0.2343750000000000E-02    0.7850646972656250E-03
   87    0.2636718750000000E-02    0.8599472045898438E-03
   88   -0.4179687500000000E-02    0.1053009033203125E-02
   89   -0.2812500000000000E-02    0.8134460449218750E-03
   90    0.4492187500000000E-02    0.9117126464843750E-03
   91   -0.4101562500000000E-03    0.8764266967773438E-03
   92    0.2050781250000000E-02    0.8417129516601563E-03
   93   -0.2207031250000000E-02    0.8642959594726562E-03
   94    0.1171875000000000E-03    0.7771301269531250E-03
   95   -0.3105468750000000E-02    0.8224105834960938E-03
   96   -0.1113281250000000E-02    0.1291999816894531E-02
   97    0.2207031250000000E-02    0.1030769348144531E-02
   98   -0.2382812500000000E-02    0.9954071044921875E-03
   99   -0.1464843750000000E-02    0.1021385192871094E-02
  100    0.3925781250000000E-02    0.9535598754882812E-03
