# time =    0.4331
    0    0.1000000000000000E+01    0.1000000000000000E+01
    1    0.3475585937500000E+00    0.1215873336791992E+00
    2    0.1635742187500000E+00    0.2796726226806641E-01
    3    0.9486328125000000E-01    0.1005710601806641E-01
    4    0.6011718750000000E-01    0.4423294067382812E-02
    5    0.4451171875000000E-01    0.2967491149902344E-02
    6    0.3283203125000000E-01    0.2288322448730469E-02
    7    0.2458984375000000E-01    0.1637611389160156E-02
    8    0.2214843750000000E-01    0.1511230468750000E-02
    9    0.1109375000000000E-01    0.1556320190429688E-02
   10    0.1097656250000000E-01    0.1171951293945313E-02
   11    0.9785156250000000E-02    0.1063575744628906E-02
   12    0.6386718750000000E-02    0.1325492858886719E-02
   13    0.6230468750000000E-02    0.8626937866210938E-03
   14    0.5117187500000000E-02    0.1165161132812500E-02
   15    0.8984375000000000E-03    0.9052276611328125E-03
   16    0.5449218750000000E-02    0.9370040893554687E-03
   17    0.2929687500000000E-02    0.9403228759765625E-03
   18    0.2226562500000000E-02    0.9074401855468750E-03
   19    0.1953125000000000E-02    0.1168365478515625E-02
   20    0.4941406250000000E-02    0.1141166687011719E-02
   21    0.1171875000000000E-03    0.7736968994140625E-03
   22   -0.1503906250000000E-02    0.7616043090820313E-03
   23   -0.6445312500000000E-03    0.8888626098632812E-03
   24   -0.3320312500000000E-03    0.8849716186523438E-03
   25    0.5039062500000000E-02    0.9565734863281250E-03
   26    0.1289062500000000E-02    0.8119964599609376E-03
   27   -0.1953125000000000E-04    0.9682846069335938E-03
   28   -0.2578125000000000E-02    0.8979034423828125E-03
   29    0.5859375000000000E-04    0.8933639526367187E-03
   30    0.2539062500000000E-02    0.9193420410156250E-03
   31    0.1171875000000000E-03    0.8419799804687500E-03
   32   -0.1093750000000000E-02    0.9506225585937500E-03
   33    0.4023437500000000E-02    0.1145553588867188E-02
   34    0.3203125000000000E-02    0.8906555175781250E-03
   35    0.4218750000000000E-02    0.1171646118164062E-02
   36    0.5351562500000000E-02    0.1043167114257812E-02
   37    0.8632812500000000E-02    0.1194458007812500E-02
   38    0.3964843750000000E-02    0.9978866577148437E-03
   39    0.5468750000000000E-02    0.9306335449218750E-03
   40    0.3496093750000000E-02    0.9653854370117187E-03
   41    0.2011718750000000E-02    0.9871292114257812E-03
   42   -0.1640625000000000E-02    0.8427429199218750E-03
   43   -0.1074218750000000E-02    0.7413864135742187E-03
   44   -0.1640625000000000E-02    0.8410644531250000E-03
   45   -0.2539062500000000E-02    0.8951568603515625E-03
   46    0.5078125000000000E-02    0.1125869750976562E-02
   47    0.7167968750000000E-02    0.9000778198242187E-03
   48    0.5625000000000000E-02    0.1047058105468750E-02
   49    0.2304687500000000E-02    0.9902191162109374E-03
   50    0.2656250000000000E-02    0.9792327880859375E-03
   51    0.3417968750000000E-02    0.8885574340820313E-03
   52    0.8593750000000000E-03    0.8451843261718750E-03
   53    0.3925781250000000E-02    0.7752609252929687E-03
   54    0.2148437500000000E-03    0.9692001342773437E-03
   55    0.9765625000000000E-03    0.9240722656250000E-03
   56   -0.3125000000000000E-03    0.8334350585937500E-03
   57    0.2773437500000000E-02    0.9802246093749999E-03
   58    0.1660156250000000E-02    0.9054183959960937E-03
   59    0.5468750000000001E-03    0.1305694580078125E-02
   60    0.9570312500000000E-03    0.7973098754882812E-03
   61    0.6054687500000000E-03    0.9280776977539062E-03
   62    0.1757812500000000E-03    0.8421707153320313E-03
   63    0.2226562500000000E-02    0.7907104492187500E-03
   64    0.4882812500000000E-03    0.8893203735351562E-03
   65    0.3984375000000000E-02    0.1006240844726562E-02
   66    0.2578125000000000E-02    0.1140365600585937E-02
   67   -0.4882812500000000E-02    0.1011581420898438E-02
   68    0.4316406250000000E-02    0.1001777648925781E-02
   69   -0.2734375000000000E-03    0.9422302246093750E-03
   70    0.5234375000000000E-02    0.7197570800781250E-03
   71   -0.1152343750000000E-02    0.9242630004882812E-03
   72   -0.2480468750000000E-02    0.9572982788085937E-03
   73    0.2167968750000000E-02    0.1041603088378906E-02
   74    0.4472656250000000E-02    0.1043434143066406E-02
   75    0.4511718750000000E-02    0.1045188903808594E-02
   76    0.1074218750000000E-02    0.8409500122070312E-03
   77    0.3261718750000000E-02    0.1079444885253906E-02
   78    0.1855468750000000E-02    0.1107139587402344E-02
   79    0.2363281250000000E-02    0.1049690246582031E-02
   80    0.4824218750000000E-02    0.1061515808105469E-02
   81    0.7636718750000000E-02    0.1008720397949219E-02
   82    0.7304687500000000E-02    0.1012344360351562E-02
   83    0.2851562500000000E-02    0.1086196899414063E-02
   84    0.4121093750000000E-02    0.9126663208007812E-03
   85    0.7382812500000000E-02    0.1097335815429688E-02
   86    0.5117187500000000E-02    0.9713745117187499E-03
   87    0.4492187500000000E-02    0.9011077880859375E-03
   88    0.1425781250000000E-02    0.8441543579101562E-03
   89    0.7636718750000000E-02    0.9981918334960938E-03
   90    0.7246093750000000E-02    0.1145439147949219E-02
   91    0.1001953125000000E-01    0.1191978454589844E-02
   92    0.4492187500000000E-02    0.9234619140625000E-03
   93    0.6054687500000000E-03    0.9041976928710938E-03
   94   -0.4960937500000000E-02    0.9150695800781250E-03
   95   -0.4609375000000000E-02    0.9988403320312499E-03
   96    0.6250000000000000E-03    0.7386779785156249E-03
   97    0.4628906250000000E-02    0.8434677124023438E-03
   98    0.6640625000000000E-03    0.1054534912109375E-02
   99    0.1152343750000000E-02    0.1244544982910156E-02
  100   -0.7226562500000000E-03    0.1053886413574219E-02
