# time =    0.4733
    0    0.1000000000000000E+01    0.1000000000000000E+01
    1    0.2582421875000000E+00    0.6770271301269531E-01
    2    0.8986328125000000E-01    0.8998527526855468E-02
    3    0.3859375000000000E-01    0.2446289062500000E-02
    4    0.1863281250000000E-01    0.1134338378906250E-02
    5    0.5644531250000000E-02    0.1076850891113281E-02
    6    0.6210937500000000E-02    0.1033859252929687E-02
    7    0.6972656250000000E-02    0.9563064575195312E-03
    8    0.6445312500000000E-02    0.1050796508789062E-02
    9   -0.5468750000000001E-03    0.1087875366210938E-02
   10    0.1953125000000000E-04    0.1115074157714844E-02
   11   -0.3730468750000000E-02    0.1016654968261719E-02
   12    0.5664062500000000E-03    0.1077537536621094E-02
   13    0.4082031250000000E-02    0.8987808227539063E-03
   14    0.3984375000000000E-02    0.9410858154296875E-03
   15   -0.8984375000000000E-03    0.9822845458984375E-03
   16   -0.1699218750000000E-02    0.1189994812011719E-02
   17   -0.4335937500000000E-02    0.1366348266601563E-02
   18   -0.7089843750000000E-02    0.1286964416503906E-02
   19   -0.3320312500000000E-03    0.1074256896972656E-02
   20   -0.4609375000000000E-02    0.9146881103515625E-03
   21   -0.1894531250000000E-02    0.1163673400878906E-02
   22    0.2929687500000000E-03    0.8549880981445312E-03
   23    0.2207031250000000E-02    0.9253311157226562E-03
   24   -0.1640625000000000E-02    0.1014022827148437E-02
   25    0.1445312500000000E-02    0.9132385253906250E-03
   26    0.3906250000000000E-03    0.1020126342773438E-02
   27   -0.1953125000000000E-04    0.9091567993164063E-03
   28    0.3437500000000000E-02    0.1021728515625000E-02
   29    0.1054687500000000E-02    0.8467864990234375E-03
   30   -0.7812500000000000E-02    0.9159851074218750E-03
   31   -0.4785156250000000E-02    0.1027107238769531E-02
   32   -0.2929687500000000E-02    0.1071548461914062E-02
   33    0.1308593750000000E-02    0.8938217163085938E-03
   34   -0.4570312500000000E-02    0.1054840087890625E-02
   35    0.2949218750000000E-02    0.9447097778320313E-03
   36    0.7851562499999999E-02    0.8798980712890625E-03
   37    0.1035156250000000E-02    0.1104164123535156E-02
   38    0.3320312500000000E-02    0.8866882324218750E-03
   39    0.4472656250000000E-02    0.1069755554199219E-02
   40    0.1875000000000000E-02    0.6660461425781250E-03
   41   -0.3144531250000000E-02    0.6686019897460938E-03
   42   -0.8691406250000000E-02    0.7637405395507813E-03
   43   -0.1191406250000000E-02    0.1032981872558594E-02
   44   -0.2031250000000000E-02    0.8509826660156250E-03
   45    0.2929687500000000E-03    0.1031303405761719E-02
   46    0.1113281250000000E-02    0.1070442199707031E-02
   47   -0.1406250000000000E-02    0.8412170410156250E-03
   48    0.4570312500000000E-02    0.1036148071289063E-02
   49    0.3984375000000000E-02    0.1120681762695312E-02
   50   -0.8007812500000000E-03    0.9996414184570313E-03
   51   -0.1074218750000000E-02    0.1328163146972656E-02
   52   -0.3027343750000000E-02    0.8971023559570312E-03
   53    0.2187500000000000E-02    0.8786773681640625E-03
   54   -0.3730468750000000E-02    0.8331680297851562E-03
   55    0.1660156250000000E-02    0.9479141235351563E-03
   56    0.1601562500000000E-02    0.9997558593749999E-03
   57   -0.6796875000000000E-02    0.9634399414062500E-03
   58    0.7812500000000000E-04    0.9833526611328124E-03
   59   -0.1777343750000000E-02    0.9003067016601562E-03
   60    0.2871093750000000E-02    0.1070899963378906E-02
   61    0.8398437500000000E-03    0.1030921936035156E-02
   62   -0.6054687500000000E-03    0.9976577758789061E-03
   63   -0.5996093750000000E-02    0.8563613891601563E-03
   64   -0.4628906250000000E-02    0.1205482482910156E-02
   65    0.1621093750000000E-02    0.9830856323242187E-03
   66   -0.2109375000000000E-02    0.7660675048828125E-03
   67   -0.6601562500000000E-02    0.1122970581054687E-02
   68   -0.2519531250000000E-02    0.1011848449707031E-02
   69    0.6640625000000000E-03    0.9068298339843750E-03
   70   -0.4082031250000000E-02    0.1266212463378906E-02
   71    0.1230468750000000E-02    0.1313133239746094E-02
   72    0.7167968750000000E-02    0.1120567321777344E-02
   73    0.3515625000000000E-02    0.1085586547851562E-02
   74    0.3789062500000000E-02    0.9095764160156250E-03
   75    0.6152343750000000E-02    0.1080894470214844E-02
   76   -0.1367187500000000E-02    0.9516143798828125E-03
   77   -0.1757812500000000E-02    0.9764862060546875E-03
   78    0.4941406250000000E-02    0.8648300170898438E-03
   79   -0.8203125000000000E-03    0.9515380859375000E-03
   80   -0.1953125000000000E-04    0.9016036987304687E-03
   81   -0.1210937500000000E-02    0.9607696533203126E-03
   82   -0.2089843750000000E-02    0.8885574340820313E-03
   83   -0.4785156250000000E-02    0.9820938110351562E-03
   84   -0.2304687500000000E-02    0.9191131591796875E-03
   85   -0.7539062500000000E-02    0.1154479980468750E-02
   86   -0.4804687500000000E-02    0.1049041748046875E-02
   87   -0.1992187500000000E-02    0.7572174072265625E-03
   88   -0.4003906250000000E-02    0.8422470092773437E-03
   89    0.2656250000000000E-02    0.1122436523437500E-02
   90    0.4375000000000000E-02    0.1116256713867188E-02
   91    0.1796875000000000E-02    0.9545898437500000E-03
   92   -0.4238281250000000E-02    0.1036796569824219E-02
   93   -0.3574218750000000E-02    0.1069297790527344E-02
   94   -0.2070312500000000E-02    0.1159973144531250E-02
   95   -0.1113281250000000E-02    0.1034507751464844E-02
   96   -0.3066406250000000E-02    0.1109580993652344E-02
   97   -0.1640625000000000E-02    0.1082687377929687E-02
   98   -0.3125000000000000E-02    0.8663177490234375E-03
   99   -0.4140625000000000E-02    0.6761169433593750E-03
  100   -0.2500000000000000E-02    0.9313201904296874E-03
