# time =    0.4428
    0    0.1000000000000000E+01    0.1000000000000000E+01
    1    0.3323828125000000E+00    0.1112723541259766E+00
    2    0.1325976562500000E+00    0.1862133026123047E-01
    3    0.6375000000000000E-01    0.4999389648437500E-02
    4    0.3248046875000000E-01    0.2048377990722656E-02
    5    0.1962890625000000E-01    0.1262092590332031E-02
    6    0.1347656250000000E-01    0.1077499389648437E-02
    7    0.6210937500000000E-02    0.1076354980468750E-02
    8    0.3984375000000000E-02    0.1065750122070312E-02
    9    0.6289062500000000E-02    0.1042861938476562E-02
   10    0.6035156250000000E-02    0.1173515319824219E-02
   11    0.4394531250000000E-02    0.1111488342285156E-02
   12    0.3808593750000000E-02    0.1107292175292969E-02
   13    0.7812500000000000E-04    0.9495544433593750E-03
   14   -0.5449218750000000E-02    0.8649826049804688E-03
   15   -0.1445312500000000E-02    0.9455108642578126E-03
   16   -0.2929687500000000E-03    0.1210289001464844E-02
   17   -0.3710937500000000E-02    0.8206939697265624E-03
   18   -0.1757812500000000E-02    0.1034011840820313E-02
   19    0.2031250000000000E-02    0.7961273193359375E-03
   20   -0.9960937500000000E-03    0.9642410278320313E-03
   21   -0.3847656250000000E-02    0.9968948364257812E-03
   22   -0.1425781250000000E-02    0.1014060974121094E-02
   23    0.4687500000000000E-03    0.1114349365234375E-02
   24   -0.9960937500000000E-03    0.9801864624023437E-03
   25   -0.1074218750000000E-02    0.7172775268554688E-03
   26    0.7617187500000000E-03    0.1022529602050781E-02
   27   -0.3359375000000000E-02    0.1156234741210938E-02
   28   -0.5156250000000000E-02    0.1043472290039063E-02
   29   -0.4296875000000000E-02    0.1253280639648438E-02
   30    0.8203125000000000E-03    0.1098175048828125E-02
   31    0.3144531250000000E-02    0.8965682983398438E-03
   32   -0.9765625000000000E-03    0.1091003417968750E-02
   33    0.0000000000000000E+00    0.1117935180664063E-02
   34    0.4140625000000000E-02    0.1001815795898438E-02
   35    0.6933593750000000E-02    0.9393692016601562E-03
   36    0.3125000000000000E-02    0.5969238281250000E-03
   37   -0.9765625000000001E-04    0.1122779846191406E-02
   38    0.1523437500000000E-02    0.9617614746093750E-03
   39   -0.3808593750000000E-02    0.9843826293945313E-03
   40   -0.9570312500000000E-03    0.9680557250976563E-03
   41   -0.2656250000000000E-02    0.1097869873046875E-02
   42   -0.2285156250000000E-02    0.7551956176757812E-03
   43   -0.1464843750000000E-02    0.1211204528808594E-02
   44   -0.6445312500000000E-03    0.1052207946777344E-02
   45    0.4394531250000000E-02    0.1113014221191406E-02
   46    0.1914062500000000E-02    0.6674194335937500E-03
   47   -0.2929687500000000E-03    0.9319686889648438E-03
   48    0.6250000000000000E-03    0.9361267089843750E-03
   49   -0.3261718750000000E-02    0.7637405395507813E-03
   50   -0.4296875000000000E-03    0.8245849609375000E-03
   51    0.2050781250000000E-02    0.7560348510742187E-03
   52    0.2812500000000000E-02    0.1186370849609375E-02
   53    0.7031250000000000E-03    0.1068496704101563E-02
   54   -0.4375000000000000E-02    0.1117172241210938E-02
   55   -0.4492187500000000E-02    0.1143417358398438E-02
   56    0.2812500000000000E-02    0.9143066406250000E-03
   57    0.4492187500000000E-02    0.1046066284179688E-02
   58    0.5742187500000000E-02    0.9026336669921875E-03
   59    0.4609375000000000E-02    0.9196472167968750E-03
   60    0.1699218750000000E-02    0.6951522827148437E-03
   61   -0.1386718750000000E-02    0.9127426147460938E-03
   62   -0.2539062500000000E-02    0.1054611206054687E-02
   63    0.1250000000000000E-02    0.7283782958984375E-03
   64    0.2753906250000000E-02    0.8763504028320312E-03
   65   -0.3906250000000000E-04    0.1125335693359375E-02
   66    0.3046875000000000E-02    0.1147003173828125E-02
   67    0.9765625000000001E-04    0.1062660217285156E-02
   68   -0.1660156250000000E-02    0.9746932983398437E-03
   69   -0.1132812500000000E-02    0.9967803955078125E-03
   70   -0.6835937500000000E-03    0.9724807739257813E-03
   71   -0.4023437500000000E-02    0.1071929931640625E-02
   72    0.1015625000000000E-02    0.9893035888671874E-03
   73    0.4687500000000000E-03    0.1121368408203125E-02
   74    0.4218750000000000E-02    0.9438323974609375E-03
   75    0.5019531250000000E-02    0.1108589172363281E-02
   76    0.2031250000000000E-02    0.1140670776367187E-02
   77    0.3359375000000000E-02    0.1167221069335938E-02
   78   -0.1132812500000000E-02    0.8030700683593750E-03
   79    0.3125000000000000E-03    0.7241821289062500E-03
   80    0.9765625000000001E-04    0.8491134643554688E-03
   81    0.3906250000000000E-03    0.8640289306640625E-03
   82    0.4160156250000000E-02    0.6985092163085938E-03
   83   -0.4628906250000000E-02    0.9015274047851563E-03
   84   -0.2148437500000000E-02    0.1043777465820313E-02
   85   -0.4101562500000000E-03    0.9707260131835937E-03
   86    0.7265625000000000E-02    0.1349182128906250E-02
   87    0.2968750000000000E-02    0.1194152832031250E-02
   88    0.3710937500000000E-02    0.1207275390625000E-02
   89    0.2109375000000000E-02    0.9944915771484375E-03
   90   -0.1679687500000000E-02    0.7447052001953125E-03
   91   -0.5859375000000000E-04    0.8060073852539062E-03
   92   -0.1171875000000000E-03    0.1091537475585937E-02
   93    0.4160156250000000E-02    0.1098213195800781E-02
   94   -0.1406250000000000E-02    0.1067123413085938E-02
   95    0.2128906250000000E-02    0.1137351989746094E-02
   96    0.5097656250000000E-02    0.9491348266601563E-03
   97    0.8867187500000000E-02    0.7660675048828125E-03
   98    0.6210937500000000E-02    0.9942626953124999E-03
   99    0.2929687500000000E-02    0.9389495849609374E-03
  100    0.9199218750000000E-02    0.1262168884277344E-02
