# time =    0.4783
    0    0.1000000000000000E+01    0.1000000000000000E+01
    1    0.2391015625000000E+00    0.5790519714355469E-01
    2    0.7580078125000000E-01    0.6683921813964844E-02
    3    0.3486328125000000E-01    0.2087669372558594E-02
    4    0.1523437500000000E-01    0.1047592163085938E-02
    5    0.8789062500000000E-02    0.1100997924804688E-02
    6    0.2910156250000000E-02    0.8106613159179687E-03
    7    0.3632812500000000E-02    0.8408355712890625E-03
    8    0.2558593750000000E-02    0.1143608093261719E-02
    9   -0.1074218750000000E-02    0.9628677368164062E-03
   10    0.4414062500000000E-02    0.1005401611328125E-02
   11    0.3359375000000000E-02    0.1066436767578125E-02
   12    0.7617187500000000E-03    0.1046333312988281E-02
   13    0.1250000000000000E-02    0.9098815917968750E-03
   14    0.1074218750000000E-02    0.1073875427246094E-02
   15   -0.3125000000000000E-02    0.9241485595703125E-03
   16    0.4414062500000000E-02    0.1074981689453125E-02
   17    0.6328125000000000E-02    0.9914398193359374E-03
   18   -0.5605468750000000E-02    0.1346702575683594E-02
   19   -0.2636718750000000E-02    0.7844924926757813E-03
   20    0.1367187500000000E-03    0.1006126403808594E-02
   21   -0.1875000000000000E-02    0.1055145263671875E-02
   22   -0.4316406250000000E-02    0.1113166809082031E-02
   23    0.1152343750000000E-02    0.1023139953613281E-02
   24   -0.5078125000000000E-03    0.8574676513671875E-03
   25    0.1992187500000000E-02    0.1051177978515625E-02
   26    0.2714843750000000E-02    0.1132774353027344E-02
   27   -0.1191406250000000E-02    0.8791732788085937E-03
   28   -0.5429687500000000E-02    0.9973144531250000E-03
   29    0.3710937500000000E-03    0.8261489868164062E-03
   30    0.1992187500000000E-02    0.9076690673828125E-03
   31    0.2226562500000000E-02    0.9651184082031250E-03
   32   -0.5078125000000000E-03    0.1351470947265625E-02
   33    0.2695312500000000E-02    0.8403015136718750E-03
   34   -0.1640625000000000E-02    0.1261367797851563E-02
   35    0.2968750000000000E-02    0.1074066162109375E-02
   36    0.3320312500000000E-02    0.8693695068359375E-03
   37   -0.2207031250000000E-02    0.1174125671386719E-02
   38    0.1953125000000000E-04    0.1073188781738281E-02
   39   -0.6210937500000000E-02    0.8219146728515625E-03
   40   -0.5761718750000000E-02    0.8924484252929687E-03
   41   -0.2636718750000000E-02    0.1064491271972656E-02
   42    0.5839843750000000E-02    0.1114234924316406E-02
   43   -0.1953125000000000E-04    0.9150314331054688E-03
   44   -0.8593750000000000E-03    0.1023101806640625E-02
   45   -0.4687500000000000E-03    0.1030273437500000E-02
   46    0.4140625000000000E-02    0.1341934204101562E-02
   47   -0.2343750000000000E-03    0.9519195556640625E-03
   48   -0.1054687500000000E-02    0.9308624267578125E-03
   49   -0.3007812500000000E-02    0.1124801635742188E-02
   50   -0.5019531250000000E-02    0.1084403991699219E-02
   51   -0.1738281250000000E-02    0.9165573120117188E-03
   52   -0.2675781250000000E-02    0.8781814575195313E-03
   53   -0.1699218750000000E-02    0.9299087524414063E-03
   54    0.3750000000000000E-02    0.1272811889648438E-02
   55    0.3515625000000000E-03    0.1178283691406250E-02
   56    0.4589843750000000E-02    0.1192588806152344E-02
   57    0.2539062500000000E-02    0.1111145019531250E-02
   58   -0.2929687500000000E-03    0.8648300170898438E-03
   59   -0.5859375000000000E-03    0.9607696533203126E-03
   60    0.8398437500000000E-03    0.1160087585449219E-02
   61    0.1171875000000000E-02    0.1015167236328125E-02
   62    0.4628906250000000E-02    0.1115684509277344E-02
   63    0.5664062500000000E-02    0.8919525146484375E-03
   64   -0.4101562500000000E-03    0.1166267395019531E-02
   65   -0.2675781250000000E-02    0.9406661987304688E-03
   66    0.4746093750000000E-02    0.1065940856933594E-02
   67   -0.8593750000000000E-03    0.7886505126953125E-03
   68    0.2714843750000000E-02    0.8132553100585937E-03
   69    0.8398437500000000E-03    0.8238601684570312E-03
   70    0.6640625000000000E-03    0.8975982666015625E-03
   71   -0.2734375000000000E-02    0.7852172851562500E-03
   72   -0.1601562500000000E-02    0.9151458740234375E-03
   73    0.4101562500000000E-03    0.9563827514648438E-03
   74   -0.1152343750000000E-02    0.7790756225585937E-03
   75    0.4257812500000000E-02    0.1150970458984375E-02
   76    0.2304687500000000E-02    0.7749938964843750E-03
   77   -0.9765625000000001E-04    0.1008720397949219E-02
   78    0.3710937500000000E-03    0.1334877014160156E-02
   79    0.3125000000000000E-02    0.1096191406250000E-02
   80    0.1113281250000000E-02    0.9346389770507812E-03
   81    0.2421875000000000E-02    0.7849121093750000E-03
   82   -0.6777343750000000E-02    0.8754348754882813E-03
   83    0.3320312500000000E-03    0.8777999877929688E-03
   84   -0.2363281250000000E-02    0.1023445129394531E-02
   85    0.3203125000000000E-02    0.8574676513671875E-03
   86   -0.5996093750000000E-02    0.7570266723632812E-03
   87   -0.3515625000000000E-03    0.1140594482421875E-02
   88   -0.6640625000000000E-03    0.9788513183593751E-03
   89   -0.2500000000000000E-02    0.1136474609375000E-02
   90   -0.5351562500000000E-02    0.1028594970703125E-02
   91    0.1757812500000000E-03    0.1076545715332031E-02
   92   -0.1367187500000000E-03    0.1067008972167969E-02
   93   -0.1738281250000000E-02    0.8584976196289063E-03
   94   -0.7011718750000000E-02    0.1084175109863281E-02
   95   -0.1816406250000000E-02    0.8180618286132812E-03
   96   -0.1464843750000000E-02    0.1058082580566406E-02
   97    0.4570312500000000E-02    0.1050796508789062E-02
   98   -0.4843750000000000E-02    0.7921600341796875E-03
   99    0.3984375000000000E-02    0.9071350097656250E-03
  100   -0.4609375000000000E-02    0.9204101562500000E-03
