# time =    0.4706
    0    0.1000000000000000E+01    0.1000000000000000E+01
    1    0.2093750000000000E+00    0.4459297180175781E-01
    2    0.4984375000000000E-01    0.3582229614257812E-02
    3    0.9160156250000001E-02    0.1261024475097656E-02
    4    0.2832031250000000E-02    0.1090812683105469E-02
    5   -0.2480468750000000E-02    0.9214401245117188E-03
    6   -0.5312500000000000E-02    0.8563232421875000E-03
    7   -0.5585937500000000E-02    0.1187820434570312E-02
    8   -0.1933593750000000E-02    0.8353805541992188E-03
    9   -0.1796875000000000E-02    0.9837341308593750E-03
   10   -0.7050781250000000E-02    0.1065406799316406E-02
   11    0.1503906250000000E-02    0.1019172668457031E-02
   12   -0.2031250000000000E-02    0.8887481689453125E-03
   13   -0.7265625000000000E-02    0.8094024658203125E-03
   14    0.1894531250000000E-02    0.1060447692871094E-02
   15    0.5449218750000000E-02    0.8596420288085937E-03
   16    0.2910156250000000E-02    0.1286735534667969E-02
   17    0.1289062500000000E-02    0.1250610351562500E-02
   18    0.1679687500000000E-02    0.9661102294921875E-03
   19    0.2851562500000000E-02    0.1057434082031250E-02
   20    0.3144531250000000E-02    0.1340675354003906E-02
   21   -0.7031250000000000E-03    0.1132049560546875E-02
   22   -0.4687500000000000E-03    0.7729339599609375E-03
   23    0.9960937500000000E-03    0.8890914916992187E-03
   24   -0.2460937500000000E-02    0.9171295166015625E-03
   25   -0.9765625000000000E-03    0.1016311645507813E-02
   26   -0.3906250000000000E-04    0.9648895263671875E-03
   27   -0.4140625000000000E-02    0.8111572265624999E-03
   28    0.2734375000000000E-03    0.1063003540039063E-02
   29   -0.2929687500000000E-02    0.1038436889648438E-02
   30   -0.2792968750000000E-02    0.8219528198242187E-03
   31   -0.4785156250000000E-02    0.1152687072753906E-02
   32   -0.9765625000000000E-03    0.9273529052734375E-03
   33    0.3769531250000000E-02    0.8704757690429687E-03
   34   -0.2968750000000000E-02    0.1019592285156250E-02
   35    0.2949218750000000E-02    0.1225852966308594E-02
   36    0.2363281250000000E-02    0.7302474975585938E-03
   37    0.2343750000000000E-02    0.9873199462890625E-03
   38   -0.3632812500000000E-02    0.9230804443359375E-03
   39   -0.6660156250000000E-02    0.1035728454589844E-02
   40   -0.5000000000000000E-02    0.8868408203125000E-03
   41   -0.2851562500000000E-02    0.7873535156250000E-03
   42   -0.1582031250000000E-02    0.9852218627929687E-03
   43   -0.1503906250000000E-02    0.9012985229492188E-03
   44   -0.1875000000000000E-02    0.7973480224609375E-03
   45   -0.8789062500000000E-03    0.8195114135742188E-03
   46    0.0000000000000000E+00    0.9951019287109376E-03
   47    0.4316406250000000E-02    0.8980941772460938E-03
   48    0.7812500000000000E-03    0.9350585937500000E-03
   49   -0.1816406250000000E-02    0.8397293090820312E-03
   50   -0.1933593750000000E-02    0.9897232055664062E-03
   51    0.3144531250000000E-02    0.1009635925292969E-02
   52    0.9765625000000000E-03    0.9335327148437500E-03
   53    0.1953125000000000E-02    0.8084106445312500E-03
   54    0.9570312500000000E-03    0.9897232055664062E-03
   55    0.5859375000000000E-03    0.8596801757812501E-03
   56   -0.2929687500000000E-03    0.9267044067382813E-03
   57    0.3691406250000000E-02    0.9008407592773438E-03
   58    0.6386718750000000E-02    0.9572219848632813E-03
   59    0.3554687500000000E-02    0.9526824951171875E-03
   60    0.4765625000000000E-02    0.1116180419921875E-02
   61    0.1503906250000000E-02    0.8948135375976562E-03
   62    0.3378906250000000E-02    0.1052284240722656E-02
   63    0.1992187500000000E-02    0.9418487548828125E-03
   64   -0.1640625000000000E-02    0.1067810058593750E-02
   65   -0.1757812500000000E-03    0.8351516723632813E-03
   66   -0.1542968750000000E-02    0.9736251831054687E-03
   67    0.1269531250000000E-02    0.8853530883789063E-03
   68    0.5410156250000000E-02    0.1146812438964844E-02
   69    0.8984375000000000E-03    0.8879852294921875E-03
   70    0.7812500000000000E-04    0.1171417236328125E-02
   71    0.7812500000000000E-03    0.8640289306640625E-03
   72    0.5273437500000000E-03    0.1259956359863281E-02
   73    0.6835937500000000E-03    0.1274757385253906E-02
   74    0.2734375000000000E-02    0.1009368896484375E-02
   75    0.2792968750000000E-02    0.9006118774414063E-03
   76    0.3515625000000000E-03    0.1051254272460937E-02
   77    0.4218750000000000E-02    0.9596252441406250E-03
   78   -0.1699218750000000E-02    0.9605789184570313E-03
   79    0.2402343750000000E-02    0.8743667602539063E-03
   80    0.8789062500000000E-03    0.9188461303710938E-03
   81    0.1464843750000000E-02    0.1096763610839844E-02
   82    0.3222656250000000E-02    0.8326339721679688E-03
   83   -0.1933593750000000E-02    0.1003074645996094E-02
   84    0.7812500000000000E-04    0.1057205200195312E-02
   85   -0.9179687499999999E-03    0.8915328979492188E-03
   86    0.3515625000000000E-03    0.7880401611328125E-03
   87    0.2363281250000000E-02    0.7916641235351563E-03
   88   -0.3320312500000000E-03    0.1014289855957031E-02
   89   -0.2675781250000000E-02    0.9978103637695312E-03
   90   -0.3496093750000000E-02    0.7427597045898438E-03
   91    0.1933593750000000E-02    0.9930801391601562E-03
   92    0.3007812500000000E-02    0.1105194091796875E-02
   93   -0.4003906250000000E-02    0.9882736206054687E-03
   94   -0.4101562500000000E-02    0.1014709472656250E-02
   95    0.2734375000000000E-03    0.8580017089843750E-03
   96   -0.8398437500000000E-03    0.1016197204589844E-02
   97   -0.2832031250000000E-02    0.9825515747070312E-03
   98    0.3281250000000000E-02    0.1414337158203125E-02
   99    0.5878906250000000E-02    0.1009483337402344E-02
  100   -0.5859375000000000E-03    0.1135787963867188E-02
