# time =    0.4477
    0    0.1000000000000000E+01    0.1000000000000000E+01
    1    0.3059375000000000E+00    0.9425422668457031E-01
    2    0.1044140625000000E+00    0.1168174743652344E-01
    3    0.4251953125000000E-01    0.2678184509277344E-02
    4    0.1958984375000000E-01    0.1493797302246094E-02
    5    0.9843750000000000E-02    0.9321594238281251E-03
    6    0.3945312500000000E-02    0.9141540527343749E-03
    7    0.5917968750000000E-02    0.7444381713867188E-03
    8    0.3730468750000000E-02    0.9409713745117187E-03
    9    0.2343750000000000E-03    0.1196746826171875E-02
   10   -0.5273437500000000E-03    0.1004219055175781E-02
   11    0.1015625000000000E-02    0.8972167968750000E-03
   12   -0.1601562500000000E-02    0.1347656250000000E-02
   13   -0.4882812500000000E-02    0.8675384521484375E-03
   14   -0.4296875000000000E-03    0.1071014404296875E-02
   15    0.3437500000000000E-02    0.9194183349609375E-03
   16    0.5390625000000000E-02    0.9877014160156251E-03
   17   -0.3710937500000000E-03    0.8758163452148438E-03
   18    0.2968750000000000E-02    0.1218414306640625E-02
   19    0.2148437500000000E-03    0.1079444885253906E-02
   20    0.2148437500000000E-02    0.7584381103515625E-03
   21    0.3378906250000000E-02    0.7767105102539063E-03
   22    0.2226562500000000E-02    0.1179122924804688E-02
   23    0.3906250000000000E-02    0.8765411376953125E-03
   24    0.5996093750000000E-02    0.1122398376464844E-02
   25    0.3437500000000000E-02    0.9900665283203126E-03
   26    0.3437500000000000E-02    0.1001510620117188E-02
   27    0.1640625000000000E-02    0.9526062011718750E-03
   28    0.4042968750000000E-02    0.1026802062988281E-02
   29    0.5468750000000001E-03    0.1064300537109375E-02
   30    0.0000000000000000E+00    0.1088714599609375E-02
   31    0.3574218750000000E-02    0.9952926635742188E-03
   32    0.4628906250000000E-02    0.8781814575195313E-03
   33    0.5332031250000000E-02    0.9476089477539062E-03
   34    0.1113281250000000E-02    0.8501052856445312E-03
   35   -0.2792968750000000E-02    0.1279258728027344E-02
   36   -0.8398437500000000E-03    0.9531021118164062E-03
   37    0.2636718750000000E-02    0.7945632934570312E-03
   38    0.2285156250000000E-02    0.7131576538085937E-03
   39    0.7617187500000000E-03    0.8581924438476562E-03
   40   -0.2597656250000000E-02    0.9088516235351562E-03
   41   -0.2343750000000000E-02    0.7583618164062500E-03
   42   -0.1269531250000000E-02    0.9604263305664063E-03
   43    0.1171875000000000E-03    0.8267974853515625E-03
   44   -0.1601562500000000E-02    0.9901428222656250E-03
   45   -0.1074218750000000E-02    0.1073570251464844E-02
   46   -0.5468750000000001E-03    0.8256530761718750E-03
   47    0.2363281250000000E-02    0.9066390991210937E-03
   48   -0.9960937500000000E-03    0.8798599243164063E-03
   49   -0.1035156250000000E-02    0.9624099731445312E-03
   50    0.1093750000000000E-02    0.1009368896484375E-02
   51    0.3144531250000000E-02    0.8864974975585937E-03
   52    0.3339843750000000E-02    0.7690048217773438E-03
   53    0.6367187500000000E-02    0.9365081787109375E-03
   54    0.6035156250000000E-02    0.1051979064941406E-02
   55   -0.2734375000000000E-03    0.8677673339843750E-03
   56    0.4160156250000000E-02    0.1099891662597656E-02
   57    0.1328125000000000E-02    0.9736633300781250E-03
   58   -0.2890625000000000E-02    0.9691619873046875E-03
   59    0.2304687500000000E-02    0.9237670898437500E-03
   60    0.2617187500000000E-02    0.9643554687500000E-03
   61   -0.1542968750000000E-02    0.9135055541992187E-03
   62    0.4882812500000000E-03    0.8547592163085937E-03
   63   -0.2441406250000000E-02    0.8206558227539062E-03
   64    0.1953125000000000E-02    0.9718322753906250E-03
   65   -0.3339843750000000E-02    0.6624221801757813E-03
   66   -0.3339843750000000E-02    0.1001701354980469E-02
   67    0.3242187500000000E-02    0.7318115234375000E-03
   68   -0.2480468750000000E-02    0.9196853637695313E-03
   69   -0.4687500000000000E-03    0.8205413818359375E-03
   70   -0.2207031250000000E-02    0.1084327697753906E-02
   71   -0.6601562500000000E-02    0.1164855957031250E-02
   72    0.2421875000000000E-02    0.9889221191406250E-03
   73   -0.1367187500000000E-02    0.6856536865234375E-03
   74    0.1953125000000000E-03    0.1186904907226562E-02
   75    0.6835937500000000E-03    0.1106224060058594E-02
   76    0.1171875000000000E-02    0.9260559082031250E-03
   77    0.9375000000000000E-03    0.1086120605468750E-02
   78    0.3730468750000000E-02    0.8520126342773437E-03
   79    0.2519531250000000E-02    0.8471298217773437E-03
   80   -0.2246093750000000E-02    0.8412551879882813E-03
   81   -0.2343750000000000E-03    0.8853149414062500E-03
   82   -0.4570312500000000E-02    0.9330749511718750E-03
   83    0.4511718750000000E-02    0.9787368774414062E-03
   84    0.3730468750000000E-02    0.1175498962402344E-02
   85    0.3789062500000000E-02    0.8887481689453125E-03
   86    0.2187500000000000E-02    0.1013336181640625E-02
   87    0.2578125000000000E-02    0.1052703857421875E-02
   88    0.2949218750000000E-02    0.8484268188476562E-03
   89    0.6660156250000000E-02    0.1019859313964844E-02
   90    0.3984375000000000E-02    0.1061630249023438E-02
   91    0.3769531250000000E-02    0.1008110046386719E-02
   92    0.5937500000000000E-02    0.8198547363281250E-03
   93    0.2617187500000000E-02    0.8548736572265625E-03
   94    0.3769531250000000E-02    0.8729934692382812E-03
   95    0.4316406250000000E-02    0.8912277221679687E-03
   96    0.2929687500000000E-02    0.1030731201171875E-02
   97    0.1796875000000000E-02    0.9068298339843750E-03
   98    0.2597656250000000E-02    0.9168624877929687E-03
   99   -0.2402343750000000E-02    0.9643936157226563E-03
  100   -0.4355468750000000E-02    0.1047630310058594E-02
