# time =    0.4738
    0    0.1000000000000000E+01    0.1000000000000000E+01
    1    0.1805273437500000E+00    0.3350513458251953E-01
    2    0.3154296875000000E-01    0.2249031066894531E-02
    3    0.7207031250000000E-02    0.1180076599121094E-02
    4   -0.2343750000000000E-03    0.1114807128906250E-02
    5   -0.2343750000000000E-02    0.8342742919921875E-03
    6   -0.1230468750000000E-02    0.1039924621582031E-02
    7    0.5566406250000000E-02    0.1171226501464844E-02
    8    0.1582031250000000E-02    0.9379959106445312E-03
    9   -0.4316406250000000E-02    0.1057929992675781E-02
   10    0.2792968750000000E-02    0.8547592163085937E-03
   11    0.4941406250000000E-02    0.9260177612304688E-03
   12    0.9375000000000000E-03    0.1047744750976563E-02
   13    0.5468750000000001E-03    0.8127593994140625E-03
   14    0.3828125000000000E-02    0.1112747192382812E-02
   15   -0.1015625000000000E-02    0.1356430053710937E-02
   16   -0.3710937500000000E-03    0.1002540588378906E-02
   17   -0.5351562500000000E-02    0.8190917968750000E-03
   18   -0.1718750000000000E-02    0.8292388916015625E-03
   19   -0.1582031250000000E-02    0.8919906616210938E-03
   20    0.2421875000000000E-02    0.8906555175781250E-03
   21   -0.1171875000000000E-02    0.1161499023437500E-02
   22   -0.7226562500000000E-03    0.9300613403320313E-03
   23   -0.2734375000000000E-02    0.8493041992187499E-03
   24   -0.3554687500000000E-02    0.7843017578125000E-03
   25   -0.2109375000000000E-02    0.7041168212890625E-03
   26   -0.2734375000000000E-02    0.8038330078125000E-03
   27   -0.2695312500000000E-02    0.1000289916992188E-02
   28   -0.5273437500000000E-03    0.7916641235351563E-03
   29    0.7421875000000000E-03    0.8676147460937500E-03
   30    0.8398437500000000E-03    0.1071739196777344E-02
   31    0.1933593750000000E-02    0.9871292114257812E-03
   32    0.1699218750000000E-02    0.9183120727539062E-03
   33    0.1601562500000000E-02    0.7263183593750000E-03
   34    0.1562500000000000E-03    0.9276580810546875E-03
   35   -0.3945312500000000E-02    0.9549713134765625E-03
   36   -0.4238281250000000E-02    0.1102867126464844E-02
   37   -0.3007812500000000E-02    0.1120071411132813E-02
   38   -0.2890625000000000E-02    0.1007766723632813E-02
   39   -0.2343750000000000E-02    0.9867095947265626E-03
   40   -0.6328125000000000E-02    0.9770965576171874E-03
   41    0.9570312500000000E-03    0.1050224304199219E-02
   42   -0.3457031250000000E-02    0.1037483215332031E-02
   43    0.6054687500000000E-03    0.9017562866210937E-03
   44    0.1445312500000000E-02    0.9289550781250000E-03
   45    0.2851562500000000E-02    0.9496307373046875E-03
   46   -0.4472656250000000E-02    0.9394454956054688E-03
   47    0.2421875000000000E-02    0.1083679199218750E-02
   48   -0.4101562500000000E-03    0.8801651000976562E-03
   49    0.1542968750000000E-02    0.8028793334960937E-03
   50    0.2089843750000000E-02    0.9716415405273438E-03
   51    0.2050781250000000E-02    0.8970260620117188E-03
   52    0.1835937500000000E-02    0.9575653076171875E-03
   53   -0.3710937500000000E-02    0.8220672607421875E-03
   54   -0.6718750000000000E-02    0.8075714111328125E-03
   55    0.7031250000000000E-03    0.8732604980468750E-03
   56   -0.1562500000000000E-02    0.9104156494140625E-03
   57   -0.5703125000000000E-02    0.7498168945312500E-03
   58   -0.2734375000000000E-02    0.8935546875000000E-03
   59   -0.1562500000000000E-02    0.8119201660156250E-03
   60   -0.2851562500000000E-02    0.9403228759765625E-03
   61   -0.2890625000000000E-02    0.1008224487304688E-02
   62    0.5312500000000000E-02    0.1142120361328125E-02
   63    0.9960937500000000E-03    0.1048240661621094E-02
   64    0.1464843750000000E-02    0.1069526672363281E-02
   65   -0.3515625000000000E-03    0.1023559570312500E-02
   66    0.2675781250000000E-02    0.1190834045410156E-02
   67    0.3515625000000000E-03    0.1016845703125000E-02
   68    0.5859375000000000E-04    0.9714889526367187E-03
   69    0.1679687500000000E-02    0.1033096313476562E-02
   70    0.3945312500000000E-02    0.9828948974609376E-03
   71    0.7871093750000000E-02    0.1122779846191406E-02
   72    0.4296875000000000E-03    0.8633422851562500E-03
   73    0.2675781250000000E-02    0.9087753295898437E-03
   74    0.4062500000000000E-02    0.8912658691406249E-03
   75    0.6425781250000000E-02    0.1042671203613281E-02
   76    0.1250000000000000E-02    0.1089324951171875E-02
   77    0.3417968750000000E-02    0.1068153381347656E-02
   78    0.7226562500000000E-03    0.1075553894042969E-02
   79    0.5859375000000000E-04    0.1080436706542969E-02
   80   -0.3906250000000000E-03    0.7865905761718750E-03
   81    0.4687500000000000E-03    0.1049041748046875E-02
   82   -0.3027343750000000E-02    0.7323837280273438E-03
   83    0.2343750000000000E-02    0.1052856445312500E-02
   84   -0.8007812500000000E-03    0.1294670104980469E-02
   85    0.1894531250000000E-02    0.7902145385742188E-03
   86   -0.1738281250000000E-02    0.9747695922851563E-03
   87   -0.3886718750000000E-02    0.9508132934570312E-03
   88    0.3125000000000000E-02    0.1081924438476563E-02
   89    0.3906250000000000E-03    0.1024856567382813E-02
   90    0.5253906250000000E-02    0.9976577758789061E-03
   91    0.7421875000000000E-03    0.8280181884765625E-03
   92   -0.1757812500000000E-03    0.9833908081054688E-03
   93    0.3359375000000000E-02    0.9683227539062500E-03
   94   -0.1132812500000000E-02    0.1060409545898438E-02
   95   -0.3554687500000000E-02    0.9525299072265625E-03
   96    0.2460937500000000E-02    0.1070632934570313E-02
   97    0.4433593750000000E-02    0.9160232543945312E-03
   98   -0.5878906250000000E-02    0.1053047180175781E-02
   99   -0.3515625000000000E-02    0.1062011718750000E-02
  100   -0.2597656250000000E-02    0.8009719848632812E-03
