# time =    0.4738
    0    0.1000000000000000E+01    0.1000000000000000E+01
    1    0.2119921875000000E+00    0.4562782287597656E-01
    2    0.5820312500000000E-01    0.4454803466796875E-02
    3    0.1847656250000000E-01    0.1112594604492188E-02
    4    0.7128906250000000E-02    0.9286880493164062E-03
    5    0.2011718750000000E-02    0.1070060729980469E-02
    6    0.3378906250000000E-02    0.9128952026367188E-03
    7    0.1425781250000000E-02    0.9846878051757812E-03
    8    0.3457031250000000E-02    0.9696578979492187E-03
    9   -0.2890625000000000E-02    0.8301544189453125E-03
   10    0.4648437500000000E-02    0.8811950683593750E-03
   11    0.4941406250000000E-02    0.9570693969726562E-03
   12    0.3457031250000000E-02    0.1071968078613281E-02
   13    0.5136718750000000E-02    0.1078987121582031E-02
   14    0.7109375000000000E-02    0.1179199218750000E-02
   15    0.1796875000000000E-02    0.8850097656250000E-03
   16    0.4257812500000000E-02    0.9503936767578124E-03
   17    0.1367187500000000E-02    0.7698059082031250E-03
   18    0.3613281250000000E-02    0.8663558959960938E-03
   19    0.6230468750000000E-02    0.1184425354003906E-02
   20   -0.1582031250000000E-02    0.9254837036132813E-03
   21    0.1289062500000000E-02    0.7381439208984375E-03
   22   -0.1171875000000000E-03    0.9392547607421875E-03
   23   -0.3027343750000000E-02    0.9212112426757813E-03
   24   -0.2187500000000000E-02    0.9004211425781250E-03
   25   -0.6250000000000000E-03    0.9870910644531250E-03
   26   -0.5000000000000000E-02    0.1065368652343750E-02
   27    0.1113281250000000E-02    0.9637069702148437E-03
   28    0.2675781250000000E-02    0.1080207824707031E-02
   29    0.4179687500000000E-02    0.1035385131835938E-02
   30   -0.3554687500000000E-02    0.1213073730468750E-02
   31    0.5468750000000001E-03    0.1122360229492188E-02
   32    0.4296875000000000E-02    0.1050720214843750E-02
   33    0.1035156250000000E-02    0.8671951293945313E-03
   34    0.2148437500000000E-03    0.8723831176757812E-03
   35   -0.2500000000000000E-02    0.1097412109375000E-02
   36    0.1562500000000000E-02    0.8183288574218750E-03
   37   -0.2753906250000000E-02    0.8003616333007813E-03
   38   -0.3730468750000000E-02    0.1090660095214844E-02
   39   -0.1074218750000000E-02    0.1022071838378906E-02
   40   -0.1621093750000000E-02    0.9079360961914062E-03
   41    0.6699218750000000E-02    0.9173202514648437E-03
   42   -0.6835937500000000E-03    0.9332656860351563E-03
   43    0.7812500000000000E-03    0.9397888183593751E-03
   44   -0.1757812500000000E-03    0.1103096008300781E-02
   45    0.2890625000000000E-02    0.9156799316406250E-03
   46   -0.1035156250000000E-02    0.8974838256835938E-03
   47   -0.3906250000000000E-02    0.8724212646484375E-03
   48   -0.2695312500000000E-02    0.9483337402343750E-03
   49   -0.5214843750000000E-02    0.9904861450195312E-03
   50    0.2343750000000000E-03    0.1175994873046875E-02
   51    0.3007812500000000E-02    0.1212310791015625E-02
   52    0.1562500000000000E-03    0.9149932861328126E-03
   53   -0.3398437500000000E-02    0.1398010253906250E-02
   54    0.3320312500000000E-03    0.1060371398925781E-02
   55    0.6914062500000000E-02    0.1299743652343750E-02
   56    0.3710937500000000E-02    0.9700775146484375E-03
   57    0.5078125000000000E-03    0.8531188964843749E-03
   58    0.1113281250000000E-02    0.9098434448242187E-03
   59    0.4335937500000000E-02    0.1070404052734375E-02
   60   -0.1289062500000000E-02    0.8488464355468750E-03
   61   -0.1660156250000000E-02    0.9129714965820313E-03
   62   -0.8007812500000000E-03    0.1024818420410156E-02
   63    0.4882812500000000E-03    0.1004524230957031E-02
   64   -0.1699218750000000E-02    0.1063346862792969E-02
   65   -0.5078125000000000E-03    0.6600952148437500E-03
   66   -0.2578125000000000E-02    0.9604644775390625E-03
   67    0.3417968750000000E-02    0.1010322570800781E-02
   68   -0.5878906250000000E-02    0.1098136901855469E-02
   69   -0.2812500000000000E-02    0.9802246093749999E-03
   70   -0.2285156250000000E-02    0.1200141906738281E-02
   71   -0.2167968750000000E-02    0.1067008972167969E-02
   72    0.6347656250000000E-02    0.1060752868652344E-02
   73   -0.2773437500000000E-02    0.1015701293945312E-02
   74    0.1308593750000000E-02    0.1076011657714844E-02
   75   -0.4902343750000000E-02    0.9193801879882812E-03
   76   -0.5000000000000000E-02    0.8620452880859375E-03
   77    0.2031250000000000E-02    0.1006698608398437E-02
   78   -0.1171875000000000E-03    0.6967926025390625E-03
   79   -0.8593750000000000E-03    0.9989929199218750E-03
   80   -0.1269531250000000E-02    0.8003616333007813E-03
   81   -0.8789062500000000E-03    0.8145523071289063E-03
   82   -0.1699218750000000E-02    0.9700393676757812E-03
   83    0.5136718750000000E-02    0.1008872985839844E-02
   84   -0.3710937500000000E-03    0.9189987182617187E-03
   85   -0.2441406250000000E-02    0.1095848083496094E-02
   86   -0.8007812500000000E-03    0.1074714660644531E-02
   87   -0.5273437500000000E-02    0.8777618408203125E-03
   88    0.5664062500000000E-03    0.1006660461425781E-02
   89    0.2031250000000000E-02    0.8203125000000000E-03
   90   -0.4492187500000000E-03    0.7132339477539062E-03
   91    0.1484375000000000E-02    0.8099365234375000E-03
   92    0.1718750000000000E-02    0.8553314208984375E-03
   93    0.2929687500000000E-02    0.1329879760742188E-02
   94    0.8789062500000000E-03    0.8759689331054687E-03
   95   -0.2148437500000000E-03    0.9086990356445313E-03
   96    0.3476562500000000E-02    0.1062393188476562E-02
   97   -0.1035156250000000E-02    0.9861373901367187E-03
   98    0.2988281250000000E-02    0.7764816284179688E-03
   99   -0.1230468750000000E-02    0.1149330139160156E-02
  100   -0.5468750000000001E-03    0.1161193847656250E-02
