# time =    0.4732
    0    0.1000000000000000E+01    0.1000000000000000E+01
    1    0.2125585937500000E+00    0.4615879058837891E-01
    2    0.5548828125000000E-01    0.3989295959472656E-02
    3    0.2029296875000000E-01    0.1260032653808594E-02
    4    0.8359375000000000E-02    0.9545135498046875E-03
    5    0.4589843750000000E-02    0.1154594421386719E-02
    6    0.6230468750000000E-02    0.9315109252929687E-03
    7    0.3398437500000000E-02    0.1032562255859375E-02
    8   -0.4882812500000000E-03    0.1043510437011719E-02
    9    0.1875000000000000E-02    0.9143066406250000E-03
   10    0.1308593750000000E-02    0.7925033569335938E-03
   11    0.2890625000000000E-02    0.1196823120117188E-02
   12    0.4042968750000000E-02    0.1072654724121094E-02
   13   -0.6328125000000000E-02    0.1204147338867188E-02
   14   -0.3906250000000000E-04    0.1165695190429687E-02
   15   -0.2128906250000000E-02    0.1193809509277344E-02
   16    0.3574218750000000E-02    0.1030769348144531E-02
   17   -0.9765625000000001E-04    0.1036796569824219E-02
   18   -0.3984375000000000E-02    0.7613372802734375E-03
   19    0.3320312500000000E-03    0.1155509948730469E-02
   20    0.2832031250000000E-02    0.8960342407226562E-03
   21   -0.4101562500000000E-03    0.1112632751464844E-02
   22   -0.1523437500000000E-02    0.8914184570312500E-03
   23   -0.5722656250000000E-02    0.1138801574707031E-02
   24   -0.4882812500000000E-03    0.1016807556152344E-02
   25    0.9179687499999999E-03    0.8314132690429687E-03
   26   -0.2324218750000000E-02    0.1109733581542969E-02
   27   -0.8984375000000000E-03    0.1218872070312500E-02
   28    0.4160156250000000E-02    0.1217765808105469E-02
   29    0.4882812500000000E-02    0.9800720214843751E-03
   30    0.6035156250000000E-02    0.9108352661132813E-03
   31    0.3886718750000000E-02    0.1147575378417969E-02
   32    0.3769531250000000E-02    0.1041145324707031E-02
   33   -0.1289062500000000E-02    0.8982086181640625E-03
   34    0.6250000000000000E-03    0.8477783203125000E-03
   35    0.3906250000000000E-04    0.8038330078125000E-03
   36   -0.1191406250000000E-02    0.1077613830566406E-02
   37   -0.2421875000000000E-02    0.8766174316406250E-03
   38   -0.2187500000000000E-02    0.1188201904296875E-02
   39   -0.5664062500000000E-03    0.1005287170410156E-02
   40    0.2089843750000000E-02    0.6377029418945312E-03
   41    0.2871093750000000E-02    0.9086227416992187E-03
   42   -0.9375000000000000E-03    0.1058959960937500E-02
   43    0.3554687500000000E-02    0.8915710449218750E-03
   44   -0.1718750000000000E-02    0.1022186279296875E-02
   45   -0.2851562500000000E-02    0.9514617919921875E-03
   46   -0.1699218750000000E-02    0.1005287170410156E-02
   47   -0.1679687500000000E-02    0.1048736572265625E-02
   48    0.2656250000000000E-02    0.8239746093750000E-03
   49    0.3105468750000000E-02    0.1181068420410156E-02
   50    0.2285156250000000E-02    0.7638931274414062E-03
   51    0.9570312500000000E-03    0.9765243530273438E-03
   52    0.3515625000000000E-02    0.9979248046875001E-03
   53   -0.2089843750000000E-02    0.9413528442382813E-03
   54   -0.2753906250000000E-02    0.9500503540039063E-03
   55   -0.1679687500000000E-02    0.8611297607421875E-03
   56    0.7421875000000000E-03    0.9381103515625000E-03
   57   -0.9765625000000000E-03    0.1127777099609375E-02
   58    0.1347656250000000E-02    0.1129646301269531E-02
   59    0.2832031250000000E-02    0.1196556091308594E-02
   60    0.1679687500000000E-02    0.1291961669921875E-02
   61    0.7812500000000000E-03    0.8969116210937500E-03
   62    0.2148437500000000E-03    0.1155509948730469E-02
   63   -0.4453125000000000E-02    0.7744598388671875E-03
   64   -0.3242187500000000E-02    0.1046600341796875E-02
   65   -0.6679687500000000E-02    0.9922790527343750E-03
   66    0.4101562500000000E-03    0.1020622253417969E-02
   67   -0.4960937500000000E-02    0.1097412109375000E-02
   68   -0.7226562500000000E-03    0.9863662719726562E-03
   69    0.1484375000000000E-02    0.1086654663085938E-02
   70   -0.1269531250000000E-02    0.9218978881835937E-03
   71   -0.1015625000000000E-02    0.7736968994140625E-03
   72    0.2343750000000000E-02    0.8099365234375000E-03
   73   -0.3906250000000000E-04    0.6601715087890625E-03
   74    0.3710937500000000E-02    0.8425903320312500E-03
   75   -0.3457031250000000E-02    0.1022605895996094E-02
   76   -0.5761718750000000E-02    0.8407211303710937E-03
   77   -0.8398437500000000E-02    0.1104965209960938E-02
   78   -0.1171875000000000E-02    0.7962036132812500E-03
   79    0.2011718750000000E-02    0.9184646606445313E-03
   80    0.2265625000000000E-02    0.1140594482421875E-02
   81    0.6445312500000000E-03    0.9066390991210937E-03
   82   -0.1699218750000000E-02    0.1166419982910156E-02
   83    0.4296875000000000E-03    0.8709716796875000E-03
   84    0.1191406250000000E-02    0.8373641967773437E-03
   85    0.1757812500000000E-03    0.1052360534667969E-02
   86   -0.3710937500000000E-03    0.9909439086914062E-03
   87    0.5468750000000000E-02    0.8457183837890625E-03
   88   -0.1054687500000000E-02    0.1198959350585938E-02
   89    0.1699218750000000E-02    0.8777236938476563E-03
   90   -0.1718750000000000E-02    0.1152191162109375E-02
   91   -0.3906250000000000E-03    0.9624481201171875E-03
   92    0.3691406250000000E-02    0.1042976379394531E-02
   93    0.1386718750000000E-02    0.9164047241210937E-03
   94   -0.3066406250000000E-02    0.1019554138183594E-02
   95   -0.3359375000000000E-02    0.8933258056640625E-03
   96   -0.5898437500000000E-02    0.1067199707031250E-02
   97   -0.2539062500000000E-02    0.9321594238281251E-03
   98   -0.1894531250000000E-02    0.8753585815429687E-03
   99    0.3300781250000000E-02    0.1140098571777344E-02
  100   -0.2539062500000000E-03    0.8654403686523438E-03
