# time =    0.4236
    0    0.1000000000000000E+01    0.1000000000000000E+01
    1    0.3816601562500000E+00    0.1463522720336914E+00
    2    0.1909765625000000E+00    0.3742897033691406E-01
    3    0.1136132812500000E+00    0.1382671356201172E-01
    4    0.7542968750000000E-01    0.6591339111328125E-02
    5    0.5285156250000000E-01    0.3843002319335937E-02
    6    0.3857421875000000E-01    0.2497215270996094E-02
    7    0.2703125000000000E-01    0.1717453002929688E-02
    8    0.2173828125000000E-01    0.1595191955566406E-02
    9    0.1496093750000000E-01    0.1174621582031250E-02
   10    0.1640625000000000E-01    0.1272048950195312E-02
   11    0.1582031250000000E-01    0.1038589477539062E-02
   12    0.1410156250000000E-01    0.1086196899414063E-02
   13    0.9667968750000000E-02    0.8549880981445312E-03
   14    0.3730468750000000E-02    0.7644271850585937E-03
   15    0.7968750000000000E-02    0.7501220703124999E-03
   16    0.7871093750000000E-02    0.9118270874023438E-03
   17    0.9531250000000000E-02    0.9781646728515626E-03
   18    0.8789062500000000E-02    0.8771514892578125E-03
   19    0.4628906250000000E-02    0.1025733947753906E-02
   20    0.4257812500000000E-02    0.8912658691406249E-03
   21    0.6484375000000000E-02    0.9045410156250000E-03
   22    0.5722656250000000E-02    0.1065254211425781E-02
   23    0.8066406250000000E-02    0.1008110046386719E-02
   24    0.2656250000000000E-02    0.1116256713867188E-02
   25    0.9765625000000000E-03    0.8634948730468751E-03
   26    0.1464843750000000E-02    0.8570480346679687E-03
   27    0.1757812500000000E-03    0.9561538696289063E-03
   28    0.4648437500000000E-02    0.9931182861328124E-03
   29    0.3046875000000000E-02    0.1138076782226562E-02
   30    0.7421875000000000E-03    0.9849548339843750E-03
   31    0.3789062500000000E-02    0.1383209228515625E-02
   32   -0.1464843750000000E-02    0.9512710571289063E-03
   33    0.3281250000000000E-02    0.9731292724609375E-03
   34    0.9375000000000000E-03    0.1158981323242187E-02
   35   -0.1171875000000000E-02    0.1026611328125000E-02
   36    0.7812500000000000E-03    0.1032943725585937E-02
   37   -0.4101562500000000E-03    0.8847427368164063E-03
   38   -0.3535156250000000E-02    0.8116531372070313E-03
   39   -0.3085937500000000E-02    0.9960937500000000E-03
   40   -0.5957031250000000E-02    0.1274375915527344E-02
   41    0.3906250000000000E-04    0.1199493408203125E-02
   42    0.3125000000000000E-03    0.1094970703125000E-02
   43   -0.1269531250000000E-02    0.9785079956054687E-03
   44    0.1386718750000000E-02    0.9443283081054688E-03
   45    0.7617187500000000E-03    0.6457901000976562E-03
   46    0.3164062500000000E-02    0.7196807861328125E-03
   47    0.3261718750000000E-02    0.9600448608398437E-03
   48    0.2246093750000000E-02    0.7986831665039063E-03
   49   -0.2070312500000000E-02    0.9777069091796875E-03
   50    0.2539062500000000E-03    0.1208915710449219E-02
   51    0.2812500000000000E-02    0.1172027587890625E-02
   52   -0.4101562500000000E-02    0.9526824951171875E-03
   53   -0.1953125000000000E-04    0.1133842468261719E-02
   54    0.1738281250000000E-02    0.1122474670410156E-02
   55   -0.6054687500000000E-03    0.9185409545898437E-03
   56   -0.6445312500000000E-03    0.1074333190917969E-02
   57   -0.1074218750000000E-02    0.1014671325683594E-02
   58   -0.2089843750000000E-02    0.1037864685058594E-02
   59   -0.8007812500000000E-03    0.8938217163085938E-03
   60   -0.1328125000000000E-02    0.9877777099609375E-03
   61   -0.6542968750000000E-02    0.1049613952636719E-02
   62   -0.4140625000000000E-02    0.1115875244140625E-02
   63   -0.4433593750000000E-02    0.9478378295898437E-03
   64   -0.6503906250000000E-02    0.9452438354492187E-03
   65   -0.2675781250000000E-02    0.1079216003417969E-02
   66   -0.4804687500000000E-02    0.9346008300781250E-03
   67   -0.3886718750000000E-02    0.9262466430664063E-03
   68   -0.1367187500000000E-02    0.9021759033203125E-03
   69   -0.1562500000000000E-02    0.1037597656250000E-02
   70    0.1425781250000000E-02    0.9612655639648438E-03
   71    0.3593750000000000E-02    0.1154556274414063E-02
   72    0.2246093750000000E-02    0.1243095397949219E-02
   73    0.8007812500000000E-03    0.1046485900878906E-02
   74   -0.4492187500000000E-03    0.1159019470214844E-02
   75   -0.9765625000000001E-04    0.8907699584960937E-03
   76    0.3105468750000000E-02    0.8890151977539063E-03
   77    0.5996093750000000E-02    0.8352279663085937E-03
   78    0.4804687500000000E-02    0.7153320312500000E-03
   79    0.1132812500000000E-02    0.7274627685546875E-03
   80    0.8984375000000000E-03    0.9732055664062500E-03
   81    0.2109375000000000E-02    0.9532928466796875E-03
   82    0.3105468750000000E-02    0.8199691772460937E-03
   83   -0.9375000000000000E-03    0.8116912841796875E-03
   84   -0.5117187500000000E-02    0.1171417236328125E-02
   85   -0.6113281250000000E-02    0.9778976440429688E-03
   86   -0.1113281250000000E-02    0.1036491394042969E-02
   87   -0.2832031250000000E-02    0.1035118103027344E-02
   88   -0.5585937500000000E-02    0.8295440673828125E-03
   89   -0.3007812500000000E-02    0.7016754150390625E-03
   90    0.6640625000000000E-03    0.9024047851562500E-03
   91   -0.3339843750000000E-02    0.1093788146972656E-02
   92   -0.2871093750000000E-02    0.9389114379882812E-03
   93   -0.3984375000000000E-02    0.1081237792968750E-02
   94   -0.4550781250000000E-02    0.1133384704589844E-02
   95   -0.1816406250000000E-02    0.8694839477539063E-03
   96   -0.1093750000000000E-02    0.8344268798828125E-03
   97   -0.5917968750000000E-02    0.9825515747070312E-03
   98   -0.4082031250000000E-02    0.8406448364257813E-03
   99   -0.5664062500000000E-02    0.9961700439453124E-03
  100   -0.4648437500000000E-02    0.1025924682617187E-02
