# time =    0.4749
    0    0.1000000000000000E+01    0.1000000000000000E+01
    1    0.2570117187500000E+00    0.6680606842041016E-01
    2    0.8812500000000000E-01    0.8635787963867188E-02
    3    0.3867187500000000E-01    0.2401657104492188E-02
    4    0.1742187500000000E-01    0.1433563232421875E-02
    5    0.1332031250000000E-01    0.1260833740234375E-02
    6    0.1031250000000000E-01    0.8607482910156249E-03
    7    0.7363281250000000E-02    0.1072349548339844E-02
    8    0.8984375000000000E-03    0.8824157714843750E-03
    9    0.6230468750000000E-02    0.9529495239257813E-03
   10    0.4960937500000000E-02    0.1122589111328125E-02
   11    0.6210937500000000E-02    0.8771514892578125E-03
   12    0.3593750000000000E-02    0.1076660156250000E-02
   13    0.1406250000000000E-02    0.9664916992187501E-03
   14    0.1171875000000000E-03    0.8775329589843750E-03
   15   -0.4335937500000000E-02    0.1085205078125000E-02
   16   -0.7714843750000000E-02    0.1073112487792969E-02
   17   -0.9375000000000000E-02    0.1012344360351562E-02
   18   -0.2656250000000000E-02    0.9477233886718750E-03
   19   -0.1757812500000000E-02    0.1088180541992187E-02
   20   -0.2109375000000000E-02    0.1057891845703125E-02
   21   -0.2343750000000000E-02    0.1012649536132812E-02
   22    0.1347656250000000E-02    0.1034202575683594E-02
   23   -0.1484375000000000E-02    0.7949066162109375E-03
   24   -0.3085937500000000E-02    0.8782196044921875E-03
   25   -0.1425781250000000E-02    0.8365249633789062E-03
   26    0.8984375000000000E-03    0.9278106689453125E-03
   27   -0.2167968750000000E-02    0.1142005920410156E-02
   28   -0.2226562500000000E-02    0.1126861572265625E-02
   29    0.3515625000000000E-03    0.1003723144531250E-02
   30    0.1250000000000000E-02    0.1030120849609375E-02
   31    0.5019531250000000E-02    0.8420944213867188E-03
   32    0.3730468750000000E-02    0.8641433715820313E-03
   33   -0.1621093750000000E-02    0.9727096557617188E-03
   34    0.8007812500000000E-03    0.8394241333007813E-03
   35   -0.7812500000000000E-03    0.1293334960937500E-02
   36   -0.4101562500000000E-02    0.1146774291992188E-02
   37    0.1953125000000000E-02    0.1090927124023438E-02
   38   -0.7343750000000000E-02    0.1061706542968750E-02
   39   -0.5800781250000000E-02    0.1085853576660156E-02
   40   -0.2441406250000000E-02    0.7390213012695312E-03
   41    0.7226562500000000E-03    0.6370162963867188E-03
   42    0.2734375000000000E-03    0.1150894165039062E-02
   43    0.7812500000000000E-03    0.9658813476562500E-03
   44   -0.1562500000000000E-03    0.9120178222656250E-03
   45    0.2597656250000000E-02    0.1025047302246094E-02
   46    0.1816406250000000E-02    0.1013450622558594E-02
   47    0.4101562500000000E-03    0.9611892700195312E-03
   48    0.1816406250000000E-02    0.1065711975097656E-02
   49   -0.1347656250000000E-02    0.9671401977539063E-03
   50    0.1699218750000000E-02    0.1035652160644531E-02
   51   -0.6328125000000000E-02    0.1154174804687500E-02
   52   -0.1074218750000000E-02    0.9997177124023437E-03
   53   -0.1503906250000000E-02    0.9690475463867188E-03
   54    0.3750000000000000E-02    0.1023483276367188E-02
   55   -0.2246093750000000E-02    0.9588241577148437E-03
   56    0.1562500000000000E-03    0.9954071044921875E-03
   57   -0.7421875000000000E-03    0.1021652221679687E-02
   58   -0.3750000000000000E-02    0.8965301513671875E-03
   59   -0.2968750000000000E-02    0.1115188598632812E-02
   60    0.1953125000000000E-02    0.1060333251953125E-02
   61   -0.2070312500000000E-02    0.9073638916015626E-03
   62   -0.1503906250000000E-02    0.9064865112304687E-03
   63    0.1542968750000000E-02    0.8830642700195313E-03
   64    0.2324218750000000E-02    0.9957504272460936E-03
   65    0.3632812500000000E-02    0.1039352416992187E-02
   66    0.1757812500000000E-02    0.8824157714843750E-03
   67    0.1269531250000000E-02    0.1110649108886719E-02
   68    0.3652343750000000E-02    0.1044425964355469E-02
   69   -0.2226562500000000E-02    0.9819793701171876E-03
   70   -0.1757812500000000E-03    0.9288406372070313E-03
   71   -0.3906250000000000E-04    0.1174545288085937E-02
   72    0.2304687500000000E-02    0.1030578613281250E-02
   73   -0.7421875000000000E-03    0.1182403564453125E-02
   74   -0.9765625000000000E-03    0.1131362915039062E-02
   75   -0.2460937500000000E-02    0.9996032714843751E-03
   76    0.2695312500000000E-02    0.7533264160156250E-03
   77   -0.4472656250000000E-02    0.1161918640136719E-02
   78   -0.6191406250000000E-02    0.9589767456054687E-03
   79   -0.5312500000000000E-02    0.1122436523437500E-02
   80   -0.3300781250000000E-02    0.1114921569824219E-02
   81   -0.2148437500000000E-03    0.1065864562988281E-02
   82    0.1132812500000000E-02    0.1149368286132813E-02
   83   -0.5664062500000000E-03    0.9327316284179687E-03
   84   -0.2929687500000000E-03    0.9527969360351563E-03
   85    0.8203125000000000E-03    0.1071090698242187E-02
   86    0.9765625000000000E-03    0.7281494140625000E-03
   87   -0.2539062500000000E-02    0.1170959472656250E-02
   88   -0.4023437500000000E-02    0.1134338378906250E-02
   89   -0.7148437500000000E-02    0.1147994995117187E-02
   90    0.1152343750000000E-02    0.9353256225585937E-03
   91   -0.3164062500000000E-02    0.7686614990234375E-03
   92    0.1503906250000000E-02    0.1045036315917969E-02
   93    0.3769531250000000E-02    0.8727645874023437E-03
   94    0.2597656250000000E-02    0.9936141967773439E-03
   95   -0.3457031250000000E-02    0.6869125366210937E-03
   96   -0.1953125000000000E-02    0.9648132324218750E-03
   97    0.1679687500000000E-02    0.8731842041015625E-03
   98    0.4843750000000000E-02    0.9712982177734375E-03
   99    0.9570312500000000E-03    0.1143684387207031E-02
  100   -0.2910156250000000E-02    0.1234092712402344E-02
