# time =    0.4384
    0    0.1000000000000000E+01    0.1000000000000000E+01
    1    0.3210937500000000E+00    0.1038201904296875E+00
    2    0.1168554687500000E+00    0.1459835052490234E-01
    3    0.5986328125000000E-01    0.4962043762207031E-02
    4    0.2716796875000000E-01    0.1594200134277344E-02
    5    0.1351562500000000E-01    0.1174011230468750E-02
    6    0.2128906250000000E-02    0.1169166564941406E-02
    7    0.2890625000000000E-02    0.1152648925781250E-02
    8    0.2519531250000000E-02    0.9534072875976563E-03
    9    0.1308593750000000E-02    0.8568954467773437E-03
   10    0.7578125000000000E-02    0.1193847656250000E-02
   11    0.1835937500000000E-02    0.9677124023437500E-03
   12    0.1855468750000000E-02    0.9724807739257813E-03
   13   -0.9765625000000000E-03    0.1002883911132812E-02
   14   -0.1953125000000000E-03    0.9971618652343749E-03
   15    0.5664062500000000E-03    0.9876632690429688E-03
   16    0.3867187500000000E-02    0.1201248168945312E-02
   17    0.7734375000000000E-02    0.1026916503906250E-02
   18    0.5332031250000000E-02    0.9534072875976563E-03
   19    0.4238281250000000E-02    0.1026496887207031E-02
   20   -0.1914062500000000E-02    0.8405303955078125E-03
   21   -0.2539062500000000E-02    0.1205291748046875E-02
   22   -0.1230468750000000E-02    0.7024002075195312E-03
   23   -0.2148437500000000E-03    0.7500076293945313E-03
   24    0.1308593750000000E-02    0.1019706726074219E-02
   25    0.2460937500000000E-02    0.8690643310546875E-03
   26   -0.1464843750000000E-02    0.7999801635742188E-03
   27   -0.4511718750000000E-02    0.1086997985839844E-02
   28   -0.3828125000000000E-02    0.8882904052734376E-03
   29    0.1484375000000000E-02    0.1099395751953125E-02
   30    0.1230468750000000E-02    0.1017723083496094E-02
   31   -0.1738281250000000E-02    0.8867263793945312E-03
   32   -0.4687500000000000E-03    0.7798004150390625E-03
   33   -0.2480468750000000E-02    0.7569503784179688E-03
   34    0.1171875000000000E-03    0.9205627441406250E-03
   35   -0.3476562500000000E-02    0.9443664550781250E-03
   36    0.7812500000000000E-03    0.1013946533203125E-02
   37    0.1328125000000000E-02    0.9161376953125000E-03
   38    0.3906250000000000E-03    0.8621215820312500E-03
   39    0.4492187500000000E-03    0.1027870178222656E-02
   40   -0.4121093750000000E-02    0.8005905151367188E-03
   41    0.0000000000000000E+00    0.1025314331054687E-02
   42   -0.6835937500000000E-03    0.1125602722167969E-02
   43    0.0000000000000000E+00    0.1105194091796875E-02
   44    0.4921875000000000E-02    0.1036148071289063E-02
   45    0.1621093750000000E-02    0.1030540466308594E-02
   46    0.2714843750000000E-02    0.1017112731933594E-02
   47    0.1191406250000000E-02    0.1029472351074219E-02
   48    0.1582031250000000E-02    0.7661819458007812E-03
   49    0.3710937500000000E-03    0.1065711975097656E-02
   50    0.1132812500000000E-02    0.9487915039062500E-03
   51    0.2382812500000000E-02    0.1069717407226563E-02
   52   -0.1289062500000000E-02    0.1056137084960938E-02
   53   -0.1953125000000000E-02    0.1232070922851563E-02
   54   -0.4179687500000000E-02    0.1237869262695312E-02
   55    0.3710937500000000E-03    0.9566879272460937E-03
   56   -0.1250000000000000E-02    0.9526062011718750E-03
   57    0.1582031250000000E-02    0.7328414916992188E-03
   58   -0.2363281250000000E-02    0.8528518676757812E-03
   59   -0.1035156250000000E-02    0.9060287475585937E-03
   60   -0.1835937500000000E-02    0.7937622070312500E-03
   61   -0.2011718750000000E-02    0.9797286987304687E-03
   62    0.1718750000000000E-02    0.9320831298828125E-03
   63    0.8984375000000000E-03    0.8453369140625000E-03
   64   -0.2988281250000000E-02    0.1045951843261719E-02
   65    0.2304687500000000E-02    0.9284210205078125E-03
   66   -0.5859375000000000E-04    0.9583663940429687E-03
   67    0.2734375000000000E-02    0.1192779541015625E-02
   68    0.4960937500000000E-02    0.1038665771484375E-02
   69    0.0000000000000000E+00    0.1052856445312500E-02
   70    0.4882812500000000E-02    0.9823608398437499E-03
   71    0.2500000000000000E-02    0.6498718261718751E-03
   72    0.1152343750000000E-02    0.9690475463867188E-03
   73   -0.2851562500000000E-02    0.8796691894531250E-03
   74   -0.1054687500000000E-02    0.9249114990234375E-03
   75    0.1601562500000000E-02    0.1102752685546875E-02
   76    0.8398437500000000E-03    0.9718704223632813E-03
   77   -0.9921875000000000E-02    0.9476470947265625E-03
   78   -0.5761718750000000E-02    0.7865524291992187E-03
   79   -0.1953125000000000E-03    0.1125259399414063E-02
   80    0.2773437500000000E-02    0.9389495849609374E-03
   81    0.2207031250000000E-02    0.6741714477539062E-03
   82    0.1445312500000000E-02    0.6404113769531250E-03
   83   -0.3671875000000000E-02    0.1176376342773437E-02
   84   -0.6054687500000000E-03    0.1027412414550781E-02
   85    0.4394531250000000E-02    0.8346176147460937E-03
   86    0.3710937500000000E-03    0.1032066345214844E-02
   87    0.4667968750000000E-02    0.1123313903808594E-02
   88    0.4726562500000000E-02    0.7742309570312500E-03
   89   -0.3339843750000000E-02    0.9117507934570312E-03
   90    0.5664062500000000E-02    0.1285018920898438E-02
   91    0.5468750000000000E-02    0.1121673583984375E-02
   92   -0.1425781250000000E-02    0.8887100219726562E-03
   93    0.2187500000000000E-02    0.8321380615234374E-03
   94    0.2363281250000000E-02    0.8666610717773437E-03
   95    0.3183593750000000E-02    0.1019401550292969E-02
   96   -0.4941406250000000E-02    0.9576797485351563E-03
   97   -0.2890625000000000E-02    0.8929443359375000E-03
   98   -0.3945312500000000E-02    0.9759521484375000E-03
   99   -0.4218750000000000E-02    0.9544372558593750E-03
  100   -0.9765625000000001E-04    0.1091804504394531E-02
