# time =    0.4472
    0    0.1000000000000000E+01    0.1000000000000000E+01
    1    0.3341992187500000E+00    0.1123315048217773E+00
    2    0.1306250000000000E+00    0.1811103820800781E-01
    3    0.5332031250000000E-01    0.3736953735351563E-02
    4    0.2787109375000000E-01    0.1734123229980469E-02
    5    0.1113281250000000E-01    0.1361312866210938E-02
    6    0.1080078125000000E-01    0.1012763977050781E-02
    7    0.6210937500000000E-02    0.8084869384765625E-03
    8    0.8984375000000000E-03    0.8469390869140625E-03
    9    0.2753906250000000E-02    0.8167648315429688E-03
   10   -0.6250000000000000E-03    0.9156036376953125E-03
   11    0.1152343750000000E-02    0.9955215454101564E-03
   12    0.1914062500000000E-02    0.8173370361328125E-03
   13   -0.1054687500000000E-02    0.7791137695312500E-03
   14    0.3242187500000000E-02    0.8953094482421875E-03
   15    0.2968750000000000E-02    0.9564971923828125E-03
   16   -0.7031250000000000E-03    0.1102142333984375E-02
   17   -0.1875000000000000E-02    0.9030151367187500E-03
   18    0.3632812500000000E-02    0.9255981445312499E-03
   19   -0.1367187500000000E-03    0.1090431213378906E-02
   20    0.3867187500000000E-02    0.9971618652343749E-03
   21    0.2988281250000000E-02    0.9418106079101562E-03
   22    0.1679687500000000E-02    0.7232666015625000E-03
   23    0.1679687500000000E-02    0.1236190795898438E-02
   24    0.2246093750000000E-02    0.1021995544433594E-02
   25   -0.1796875000000000E-02    0.8187866210937499E-03
   26   -0.7324218750000000E-02    0.1031455993652344E-02
   27   -0.3632812500000000E-02    0.1152877807617188E-02
   28    0.6640625000000000E-03    0.9821319580078124E-03
   29   -0.1191406250000000E-02    0.1012382507324219E-02
   30    0.4882812500000000E-03    0.1073570251464844E-02
   31   -0.2031250000000000E-02    0.9534454345703125E-03
   32    0.1777343750000000E-02    0.8706283569335937E-03
   33   -0.2617187500000000E-02    0.8981323242187500E-03
   34   -0.1816406250000000E-02    0.1024665832519531E-02
   35   -0.3125000000000000E-02    0.8940887451171875E-03
   36    0.3906250000000000E-02    0.1088714599609375E-02
   37   -0.4687500000000000E-03    0.1000823974609375E-02
   38    0.9765625000000000E-03    0.7216644287109375E-03
   39    0.1425781250000000E-02    0.1115455627441406E-02
   40    0.5078125000000000E-03    0.1065673828125000E-02
   41   -0.3144531250000000E-02    0.8465194702148437E-03
   42   -0.2695312500000000E-02    0.1083908081054687E-02
   43   -0.4687500000000000E-02    0.1131515502929688E-02
   44   -0.1757812500000000E-03    0.1044273376464844E-02
   45   -0.1757812500000000E-02    0.9394073486328125E-03
   46    0.2539062500000000E-02    0.1000900268554687E-02
   47   -0.2421875000000000E-02    0.9645080566406250E-03
   48   -0.3847656250000000E-02    0.1106986999511719E-02
   49    0.1738281250000000E-02    0.8860397338867188E-03
   50    0.4082031250000000E-02    0.8433151245117187E-03
   51    0.3496093750000000E-02    0.8047866821289062E-03
   52   -0.9765625000000000E-03    0.9458160400390625E-03
   53    0.2617187500000000E-02    0.9231567382812500E-03
   54   -0.1582031250000000E-02    0.9000015258789063E-03
   55   -0.2929687500000000E-02    0.8287048339843750E-03
   56   -0.3242187500000000E-02    0.8623504638671875E-03
   57    0.1718750000000000E-02    0.1008377075195312E-02
   58    0.1406250000000000E-02    0.9002685546875000E-03
   59    0.2050781250000000E-02    0.1007270812988281E-02
   60    0.1132812500000000E-02    0.1003646850585938E-02
   61   -0.1503906250000000E-02    0.1023750305175781E-02
   62   -0.3300781250000000E-02    0.1067314147949219E-02
   63   -0.6855468750000000E-02    0.1006965637207031E-02
   64   -0.1816406250000000E-02    0.1096992492675781E-02
   65   -0.8203125000000000E-03    0.1098022460937500E-02
   66    0.0000000000000000E+00    0.9286499023437500E-03
   67    0.1191406250000000E-02    0.9534072875976563E-03
   68   -0.1230468750000000E-02    0.9762191772460937E-03
   69   -0.2734375000000000E-03    0.1059799194335937E-02
   70    0.5859375000000000E-04    0.1063880920410156E-02
   71   -0.5800781250000000E-02    0.1328392028808594E-02
   72   -0.8671875000000001E-02    0.1050796508789062E-02
   73   -0.4843750000000000E-02    0.9535217285156250E-03
   74   -0.5468750000000001E-03    0.1179885864257813E-02
   75   -0.2773437500000000E-02    0.9717559814453125E-03
   76   -0.1738281250000000E-02    0.1041374206542969E-02
   77    0.2363281250000000E-02    0.8948135375976562E-03
   78   -0.8007812500000000E-03    0.9523391723632813E-03
   79   -0.3457031250000000E-02    0.1001625061035156E-02
   80   -0.1542968750000000E-02    0.7533645629882813E-03
   81   -0.3710937500000000E-03    0.1053047180175781E-02
   82    0.2285156250000000E-02    0.9816360473632812E-03
   83    0.2773437500000000E-02    0.8612823486328125E-03
   84   -0.8593750000000000E-03    0.8553314208984375E-03
   85    0.1835937500000000E-02    0.1242752075195312E-02
   86    0.1835937500000000E-02    0.8284759521484375E-03
   87    0.4902343750000000E-02    0.9335708618164062E-03
   88    0.3046875000000000E-02    0.5978393554687500E-03
   89    0.5468750000000001E-03    0.8779144287109374E-03
   90   -0.1484375000000000E-02    0.8805084228515625E-03
   91    0.2656250000000000E-02    0.1276245117187500E-02
   92   -0.3281250000000000E-02    0.9951019287109376E-03
   93   -0.2929687500000000E-02    0.9928131103515625E-03
   94   -0.2832031250000000E-02    0.1027412414550781E-02
   95   -0.4433593750000000E-02    0.8562850952148437E-03
   96   -0.2949218750000000E-02    0.8368301391601563E-03
   97   -0.4121093750000000E-02    0.9005355834960937E-03
   98   -0.2636718750000000E-02    0.9262466430664063E-03
   99   -0.7343750000000000E-02    0.9121704101562500E-03
  100   -0.2070312500000000E-02    0.1015777587890625E-02
