# time =    0.4771
    0    0.1000000000000000E+01    0.1000000000000000E+01
    1    0.2361132812500000E+00    0.5659572601318359E-01
    2    0.6324218750000000E-01    0.4980087280273438E-02
    3    0.2417968750000000E-01    0.1605072021484375E-02
    4    0.7968750000000000E-02    0.1105804443359375E-02
    5    0.9765625000000000E-03    0.1001434326171875E-02
    6   -0.3300781250000000E-02    0.8273696899414062E-03
    7   -0.6796875000000000E-02    0.9249877929687500E-03
    8   -0.5625000000000000E-02    0.9173583984375000E-03
    9   -0.3613281250000000E-02    0.1145057678222656E-02
   10   -0.2031250000000000E-02    0.9471893310546875E-03
   11   -0.1191406250000000E-02    0.8492660522460937E-03
   12   -0.6777343750000000E-02    0.9977340698242188E-03
   13   -0.3515625000000000E-03    0.8523559570312500E-03
   14   -0.9375000000000000E-03    0.7494354248046875E-03
   15    0.3281250000000000E-02    0.9463500976562500E-03
   16   -0.7421875000000000E-03    0.8039093017578125E-03
   17   -0.4296875000000000E-03    0.1063461303710937E-02
   18    0.2226562500000000E-02    0.9160614013671874E-03
   19   -0.5800781250000000E-02    0.8672714233398437E-03
   20   -0.2988281250000000E-02    0.8592605590820312E-03
   21   -0.6445312500000000E-03    0.9006881713867188E-03
   22    0.5468750000000001E-03    0.8858489990234375E-03
   23    0.8203125000000000E-03    0.8927154541015625E-03
   24    0.3886718750000000E-02    0.1178474426269531E-02
   25   -0.2187500000000000E-02    0.1035385131835938E-02
   26    0.3242187500000000E-02    0.1022109985351562E-02
   27   -0.3906250000000000E-04    0.8423614501953125E-03
   28   -0.5273437500000000E-03    0.8608627319335937E-03
   29    0.6054687500000000E-03    0.9049606323242187E-03
   30    0.2402343750000000E-02    0.1060447692871094E-02
   31   -0.3203125000000000E-02    0.9359741210937501E-03
   32    0.4238281250000000E-02    0.1059837341308594E-02
   33   -0.8593750000000000E-03    0.9976959228515626E-03
   34   -0.1992187500000000E-02    0.1273345947265625E-02
   35   -0.1152343750000000E-02    0.1194190979003906E-02
   36   -0.5859375000000000E-02    0.9419250488281250E-03
   37    0.2871093750000000E-02    0.1045951843261719E-02
   38    0.2656250000000000E-02    0.8473968505859374E-03
   39   -0.1367187500000000E-02    0.1026687622070312E-02
   40   -0.8046875000000000E-02    0.1159744262695312E-02
   41   -0.4628906250000000E-02    0.7171249389648438E-03
   42   -0.4687500000000000E-02    0.1039962768554688E-02
   43   -0.7070312500000000E-02    0.8798217773437499E-03
   44    0.2343750000000000E-03    0.8248138427734375E-03
   45   -0.3359375000000000E-02    0.1104888916015625E-02
   46    0.1718750000000000E-02    0.9667968750000000E-03
   47    0.2070312500000000E-02    0.1231613159179688E-02
   48    0.2792968750000000E-02    0.8124160766601562E-03
   49   -0.9765625000000001E-04    0.8047103881835937E-03
   50    0.9960937500000000E-03    0.1051902770996094E-02
   51   -0.6328125000000000E-02    0.8654022216796876E-03
   52    0.3535156250000000E-02    0.7777023315429688E-03
   53    0.3535156250000000E-02    0.8594894409179688E-03
   54   -0.7226562500000000E-03    0.9155654907226562E-03
   55   -0.5859375000000000E-04    0.9933090209960937E-03
   56   -0.6894531250000000E-02    0.1049919128417969E-02
   57   -0.8750000000000001E-02    0.1416168212890625E-02
   58   -0.2382812500000000E-02    0.1041030883789062E-02
   59   -0.1679687500000000E-02    0.9052276611328125E-03
   60   -0.5097656250000000E-02    0.8279037475585938E-03
   61   -0.8984375000000000E-03    0.9388732910156250E-03
   62    0.1953125000000000E-04    0.9437942504882812E-03
   63   -0.2382812500000000E-02    0.9884643554687500E-03
   64    0.5410156250000000E-02    0.9384536743164062E-03
   65    0.3242187500000000E-02    0.9336853027343750E-03
   66   -0.5859375000000000E-03    0.8334350585937500E-03
   67    0.1894531250000000E-02    0.8613967895507813E-03
   68    0.1562500000000000E-02    0.9890747070312499E-03
   69   -0.8007812500000000E-03    0.8240890502929688E-03
   70    0.1152343750000000E-02    0.1032905578613281E-02
   71   -0.4687500000000000E-03    0.7944488525390625E-03
   72   -0.2343750000000000E-02    0.7621765136718750E-03
   73   -0.4277343750000000E-02    0.1132392883300781E-02
   74   -0.5078125000000000E-03    0.1021194458007812E-02
   75    0.9375000000000000E-03    0.1106185913085938E-02
   76    0.8984375000000000E-03    0.1218872070312500E-02
   77    0.2460937500000000E-02    0.9362030029296875E-03
   78    0.1757812500000000E-02    0.7653045654296875E-03
   79    0.4882812500000000E-03    0.1055030822753906E-02
   80    0.1933593750000000E-02    0.1093482971191406E-02
   81   -0.6445312500000000E-03    0.1126441955566406E-02
   82   -0.2089843750000000E-02    0.1071586608886719E-02
   83   -0.1445312500000000E-02    0.1019744873046875E-02
   84   -0.3789062500000000E-02    0.1068038940429688E-02
   85    0.2792968750000000E-02    0.1012840270996094E-02
   86    0.3886718750000000E-02    0.1023521423339844E-02
   87    0.1289062500000000E-02    0.8263397216796875E-03
   88    0.3789062500000000E-02    0.8352661132812500E-03
   89   -0.2851562500000000E-02    0.9246826171875000E-03
   90   -0.5859375000000000E-04    0.6852340698242187E-03
   91    0.4492187500000000E-03    0.9157943725585937E-03
   92    0.2148437500000000E-03    0.8266067504882812E-03
   93   -0.1914062500000000E-02    0.1052932739257812E-02
   94   -0.3964843750000000E-02    0.9809494018554687E-03
   95   -0.7167968750000000E-02    0.1150016784667969E-02
   96   -0.3183593750000000E-02    0.1041679382324219E-02
   97   -0.2988281250000000E-02    0.1045188903808594E-02
   98    0.3125000000000000E-03    0.8753967285156250E-03
   99    0.2578125000000000E-02    0.8627319335937500E-03
  100    0.1152343750000000E-02    0.9417343139648438E-03
