# time =    0.4154
    0    0.1000000000000000E+01    0.1000000000000000E+01
    1    0.3572851562500000E+00    0.1283174514770508E+00
    2    0.1967773437500000E+00    0.3964893341064453E-01
    3    0.1416406250000000E+00    0.2104560852050781E-01
    4    0.1118750000000000E+00    0.1383758544921875E-01
    5    0.9832031250000001E-01    0.1082847595214844E-01
    6    0.8785156249999999E-01    0.8694534301757812E-02
    7    0.7685546875000000E-01    0.6775550842285157E-02
    8    0.6916015624999999E-01    0.5537300109863281E-02
    9    0.6644531250000001E-01    0.5240325927734375E-02
   10    0.6310546875000000E-01    0.4772682189941407E-02
   11    0.6363281250000000E-01    0.4858551025390625E-02
   12    0.5775390625000000E-01    0.4158744812011719E-02
   13    0.5662109375000000E-01    0.4225654602050781E-02
   14    0.5494140625000000E-01    0.3993263244628906E-02
   15    0.5185546875000000E-01    0.3620948791503906E-02
   16    0.5029296875000000E-01    0.3592033386230469E-02
   17    0.4773437500000000E-01    0.3204574584960937E-02
   18    0.4710937500000000E-01    0.3307876586914062E-02
   19    0.4515625000000000E-01    0.2964019775390625E-02
   20    0.4398437500000000E-01    0.2830352783203125E-02
   21    0.3949218750000000E-01    0.2578811645507812E-02
   22    0.3855468750000000E-01    0.2477798461914062E-02
   23    0.3966796875000000E-01    0.2562065124511719E-02
   24    0.3822265625000000E-01    0.2606697082519531E-02
   25    0.3787109375000000E-01    0.2552909851074219E-02
   26    0.4068359375000000E-01    0.2891426086425781E-02
   27    0.3716796875000000E-01    0.2514076232910156E-02
   28    0.3578125000000000E-01    0.2294692993164062E-02
   29    0.3609375000000000E-01    0.2379074096679687E-02
   30    0.3310546875000000E-01    0.2228355407714844E-02
   31    0.3451171875000000E-01    0.2264213562011719E-02
   32    0.3611328125000000E-01    0.2303352355957031E-02
   33    0.3183593750000000E-01    0.1972808837890625E-02
   34    0.3281250000000000E-01    0.2118377685546875E-02
   35    0.3316406250000000E-01    0.2153930664062500E-02
   36    0.2960937500000000E-01    0.1969223022460938E-02
   37    0.2873046875000000E-01    0.1905784606933594E-02
   38    0.3173828125000000E-01    0.1977653503417969E-02
   39    0.3306640625000000E-01    0.1922569274902344E-02
   40    0.3060546875000000E-01    0.1817817687988281E-02
   41    0.3015625000000000E-01    0.1794586181640625E-02
   42    0.3041015625000000E-01    0.1704750061035156E-02
   43    0.3093750000000000E-01    0.1704483032226562E-02
   44    0.3185546875000000E-01    0.1743354797363281E-02
   45    0.3087890625000000E-01    0.1789054870605469E-02
   46    0.3140625000000000E-01    0.1837081909179687E-02
   47    0.3128906250000000E-01    0.1824951171875000E-02
   48    0.2949218750000000E-01    0.1797485351562500E-02
   49    0.2710937500000000E-01    0.1579742431640625E-02
   50    0.2912109375000000E-01    0.1704368591308594E-02
   51    0.2750000000000000E-01    0.1805801391601562E-02
   52    0.2871093750000000E-01    0.1794509887695313E-02
   53    0.2824218750000000E-01    0.1862411499023438E-02
   54    0.2773437500000000E-01    0.1887435913085937E-02
   55    0.2658203125000000E-01    0.1762809753417969E-02
   56    0.2427734375000000E-01    0.1602134704589844E-02
   57    0.2576171875000000E-01    0.1636238098144531E-02
   58    0.2414062500000000E-01    0.1461868286132813E-02
   59    0.2416015625000000E-01    0.1492576599121094E-02
   60    0.2359375000000000E-01    0.1556625366210938E-02
   61    0.2523437500000000E-01    0.1544418334960938E-02
   62    0.2556640625000000E-01    0.1546516418457031E-02
   63    0.2169921875000000E-01    0.1563453674316406E-02
   64    0.2240234375000000E-01    0.1492424011230469E-02
   65    0.1986328125000000E-01    0.1456108093261719E-02
   66    0.2257812500000000E-01    0.1526184082031250E-02
   67    0.2117187500000000E-01    0.1536254882812500E-02
   68    0.2234375000000000E-01    0.1547470092773438E-02
   69    0.2191406250000000E-01    0.1446914672851563E-02
   70    0.2365234375000000E-01    0.1444664001464844E-02
   71    0.2509765625000000E-01    0.1594734191894531E-02
   72    0.2359375000000000E-01    0.1547698974609375E-02
   73    0.2205078125000000E-01    0.1484489440917969E-02
   74    0.2531250000000000E-01    0.1473846435546875E-02
   75    0.2429687500000000E-01    0.1531066894531250E-02
   76    0.2382812500000000E-01    0.1348114013671875E-02
   77    0.2458984375000000E-01    0.1559028625488281E-02
   78    0.2333984375000000E-01    0.1626777648925781E-02
   79    0.2228515625000000E-01    0.1342964172363281E-02
   80    0.2173828125000000E-01    0.1318778991699219E-02
   81    0.2291015625000000E-01    0.1437950134277344E-02
   82    0.2275390625000000E-01    0.1525688171386719E-02
   83    0.2228515625000000E-01    0.1483268737792969E-02
   84    0.2255859375000000E-01    0.1483116149902344E-02
   85    0.2201171875000000E-01    0.1512107849121094E-02
   86    0.2058593750000000E-01    0.1442718505859375E-02
   87    0.2240234375000000E-01    0.1416130065917969E-02
   88    0.2173828125000000E-01    0.1405906677246094E-02
   89    0.2111328125000000E-01    0.1552009582519531E-02
   90    0.2113281250000000E-01    0.1511611938476562E-02
   91    0.2460937500000000E-01    0.1532287597656250E-02
   92    0.2291015625000000E-01    0.1397819519042969E-02
   93    0.2169921875000000E-01    0.1378288269042969E-02
   94    0.2091796875000000E-01    0.1373100280761719E-02
   95    0.1845703125000000E-01    0.1355934143066406E-02
   96    0.1892578125000000E-01    0.1330299377441406E-02
   97    0.1830078125000000E-01    0.1372032165527344E-02
   98    0.1882812500000000E-01    0.1321411132812500E-02
   99    0.1769531250000000E-01    0.1357498168945313E-02
  100    0.1628906250000000E-01    0.1209564208984375E-02
