# time =    0.4479
    0    0.1000000000000000E+01    0.1000000000000000E+01
    1    0.3093164062500000E+00    0.9639263153076172E-01
    2    0.1267382812500000E+00    0.1715320587158203E-01
    3    0.6042968750000000E-01    0.4438171386718750E-02
    4    0.3341796875000000E-01    0.2103691101074219E-02
    5    0.1916015625000000E-01    0.1344642639160156E-02
    6    0.1417968750000000E-01    0.1408157348632812E-02
    7    0.6757812500000000E-02    0.1119232177734375E-02
    8    0.3593750000000000E-02    0.9250640869140625E-03
    9    0.3945312500000000E-02    0.7643890380859375E-03
   10    0.1757812500000000E-02    0.9982299804687500E-03
   11    0.7812500000000000E-03    0.1121826171875000E-02
   12    0.2636718750000000E-02    0.1213645935058594E-02
   13    0.7265625000000000E-02    0.1115036010742188E-02
   14    0.4453125000000000E-02    0.8079528808593750E-03
   15   -0.4765625000000000E-02    0.1043701171875000E-02
   16    0.1152343750000000E-02    0.1009559631347656E-02
   17   -0.5664062500000000E-03    0.1031608581542969E-02
   18    0.3437500000000000E-02    0.1078643798828125E-02
   19    0.8710937500000000E-02    0.1005325317382813E-02
   20    0.4375000000000000E-02    0.9201049804687500E-03
   21    0.1953125000000000E-03    0.9806823730468749E-03
   22    0.2734375000000000E-02    0.9535980224609375E-03
   23    0.3339843750000000E-02    0.8618545532226563E-03
   24    0.2304687500000000E-02    0.8958435058593750E-03
   25   -0.3613281250000000E-02    0.9212112426757813E-03
   26   -0.2421875000000000E-02    0.6202697753906250E-03
   27   -0.1972656250000000E-02    0.8803939819335937E-03
   28   -0.2109375000000000E-02    0.1099014282226563E-02
   29   -0.2675781250000000E-02    0.9160232543945312E-03
   30   -0.1093750000000000E-02    0.9725952148437500E-03
   31    0.2929687500000000E-02    0.9500122070312500E-03
   32    0.4042968750000000E-02    0.8736038208007812E-03
   33    0.5292968750000000E-02    0.1085853576660156E-02
   34    0.1386718750000000E-02    0.7810592651367188E-03
   35   -0.8007812500000000E-03    0.1054039001464844E-02
   36   -0.1562500000000000E-03    0.1010513305664062E-02
   37    0.1542968750000000E-02    0.9398269653320313E-03
   38   -0.1562500000000000E-03    0.9154510498046875E-03
   39    0.8007812500000000E-03    0.9461593627929688E-03
   40   -0.8789062500000000E-03    0.7765579223632812E-03
   41    0.1015625000000000E-02    0.8464813232421875E-03
   42    0.6054687500000000E-03    0.9775924682617187E-03
   43    0.2851562500000000E-02    0.1095352172851562E-02
   44    0.2871093750000000E-02    0.9867477416992188E-03
   45   -0.1230468750000000E-02    0.8089065551757813E-03
   46   -0.1503906250000000E-02    0.1091728210449219E-02
   47   -0.2382812500000000E-02    0.9092712402343751E-03
   48   -0.3593750000000000E-02    0.1000671386718750E-02
   49   -0.4453125000000000E-02    0.1075286865234375E-02
   50   -0.4394531250000000E-02    0.1045036315917969E-02
   51   -0.4843750000000000E-02    0.8253479003906251E-03
   52   -0.1445312500000000E-02    0.1012573242187500E-02
   53    0.1054687500000000E-02    0.1057357788085938E-02
   54   -0.5859375000000000E-02    0.1109695434570312E-02
   55   -0.4472656250000000E-02    0.8254623413085937E-03
   56   -0.6621093750000000E-02    0.1134834289550781E-02
   57   -0.5078125000000000E-03    0.1127319335937500E-02
   58   -0.1894531250000000E-02    0.1281318664550781E-02
   59   -0.3378906250000000E-02    0.7387161254882813E-03
   60   -0.7617187500000000E-03    0.7548904418945312E-03
   61   -0.1250000000000000E-02    0.6813049316406250E-03
   62    0.2265625000000000E-02    0.9437561035156250E-03
   63   -0.9785156250000000E-02    0.1073646545410156E-02
   64   -0.1445312500000000E-02    0.8995056152343750E-03
   65    0.2792968750000000E-02    0.8237838745117187E-03
   66    0.1562500000000000E-03    0.9927368164062500E-03
   67    0.5859375000000000E-03    0.8175659179687500E-03
   68    0.4296875000000000E-03    0.1269378662109375E-02
   69    0.2285156250000000E-02    0.7876205444335937E-03
   70    0.1523437500000000E-02    0.8071136474609375E-03
   71    0.2519531250000000E-02    0.6600570678710938E-03
   72    0.4687500000000000E-02    0.9371948242187500E-03
   73    0.9179687499999999E-03    0.1056251525878906E-02
   74    0.6523437500000000E-02    0.1072692871093750E-02
   75    0.4003906250000000E-02    0.1113243103027344E-02
   76    0.1562500000000000E-02    0.9289550781250000E-03
   77    0.2851562500000000E-02    0.1129684448242187E-02
   78   -0.3515625000000000E-03    0.8309936523437500E-03
   79    0.8203125000000000E-03    0.8812713623046875E-03
   80   -0.4707031250000000E-02    0.1119499206542969E-02
   81   -0.2558593750000000E-02    0.9411239624023438E-03
   82   -0.4648437500000000E-02    0.1106491088867188E-02
   83    0.5468750000000001E-03    0.1181488037109375E-02
   84   -0.1464843750000000E-02    0.1093254089355469E-02
   85   -0.4609375000000000E-02    0.1049575805664062E-02
   86   -0.4179687500000000E-02    0.1130752563476563E-02
   87    0.2148437500000000E-02    0.8682250976562500E-03
   88    0.4960937500000000E-02    0.1164321899414063E-02
   89   -0.2324218750000000E-02    0.1017494201660156E-02
   90    0.8203125000000000E-03    0.1130905151367187E-02
   91    0.5214843750000000E-02    0.8472061157226563E-03
   92    0.1679687500000000E-02    0.8896636962890625E-03
   93    0.1289062500000000E-02    0.8710479736328125E-03
   94    0.3515625000000000E-03    0.8026885986328125E-03
   95    0.3535156250000000E-02    0.8964920043945312E-03
   96   -0.1074218750000000E-02    0.8566665649414062E-03
   97    0.1562500000000000E-02    0.7851409912109375E-03
   98   -0.1777343750000000E-02    0.8412551879882813E-03
   99   -0.2402343750000000E-02    0.1076469421386719E-02
  100    0.1035156250000000E-02    0.1036567687988281E-02
