# time =    0.4201
    0    0.1000000000000000E+01    0.1000000000000000E+01
    1    0.4001367187500000E+00    0.1608098220825195E+00
    2    0.2197265625000000E+00    0.4919036865234375E-01
    3    0.1498632812500000E+00    0.2334186553955078E-01
    4    0.1098242187500000E+00    0.1310184478759766E-01
    5    0.8798828124999999E-01    0.8663902282714844E-02
    6    0.7390625000000001E-01    0.6266250610351563E-02
    7    0.6660156250000000E-01    0.5256729125976562E-02
    8    0.5992187500000000E-01    0.4530639648437500E-02
    9    0.5546875000000000E-01    0.4001235961914063E-02
   10    0.4859375000000000E-01    0.3463363647460937E-02
   11    0.4843750000000000E-01    0.3235778808593750E-02
   12    0.4447265625000000E-01    0.2972755432128906E-02
   13    0.4013671875000000E-01    0.2413368225097656E-02
   14    0.3853515625000000E-01    0.2408180236816406E-02
   15    0.3978515625000000E-01    0.2593727111816406E-02
   16    0.3808593750000000E-01    0.2469177246093750E-02
   17    0.3740234375000000E-01    0.2290611267089844E-02
   18    0.3611328125000000E-01    0.2186775207519531E-02
   19    0.3154296875000000E-01    0.2014045715332031E-02
   20    0.3058593750000000E-01    0.2082443237304687E-02
   21    0.3042968750000000E-01    0.1835632324218750E-02
   22    0.3015625000000000E-01    0.1850433349609375E-02
   23    0.3009765625000000E-01    0.1821174621582031E-02
   24    0.2888671875000000E-01    0.1682014465332031E-02
   25    0.2642578125000000E-01    0.1659507751464844E-02
   26    0.2748046875000000E-01    0.1779899597167969E-02
   27    0.2544921875000000E-01    0.1571769714355469E-02
   28    0.2533203125000000E-01    0.1690254211425781E-02
   29    0.2412109375000000E-01    0.1519279479980469E-02
   30    0.2328125000000000E-01    0.1508026123046875E-02
   31    0.1830078125000000E-01    0.1406898498535156E-02
   32    0.1513671875000000E-01    0.1351966857910156E-02
   33    0.1988281250000000E-01    0.1617736816406250E-02
   34    0.2314453125000000E-01    0.1610298156738281E-02
   35    0.2386718750000000E-01    0.1723556518554687E-02
   36    0.2359375000000000E-01    0.1907501220703125E-02
   37    0.1927734375000000E-01    0.1348686218261719E-02
   38    0.1712890625000000E-01    0.1384391784667969E-02
   39    0.1876953125000000E-01    0.1320915222167969E-02
   40    0.1626953125000000E-01    0.1280021667480469E-02
   41    0.1654296875000000E-01    0.1341972351074219E-02
   42    0.1671875000000000E-01    0.1391525268554687E-02
   43    0.1574218750000000E-01    0.1204147338867188E-02
   44    0.1257812500000000E-01    0.9953308105468751E-03
   45    0.1029296875000000E-01    0.9414291381835937E-03
   46    0.1128906250000000E-01    0.1019515991210937E-02
   47    0.1455078125000000E-01    0.1207618713378906E-02
   48    0.1367187500000000E-01    0.1391220092773437E-02
   49    0.1494140625000000E-01    0.1458168029785156E-02
   50    0.1226562500000000E-01    0.1216888427734375E-02
   51    0.1373046875000000E-01    0.1172447204589844E-02
   52    0.1283203125000000E-01    0.1416206359863281E-02
   53    0.1144531250000000E-01    0.1246185302734375E-02
   54    0.1062500000000000E-01    0.1247024536132812E-02
   55    0.1376953125000000E-01    0.1370887756347656E-02
   56    0.1337890625000000E-01    0.1340751647949219E-02
   57    0.1380859375000000E-01    0.1617088317871094E-02
   58    0.1269531250000000E-01    0.1256942749023438E-02
   59    0.1185546875000000E-01    0.1280784606933594E-02
   60    0.1097656250000000E-01    0.1182861328125000E-02
   61    0.1312500000000000E-01    0.1168289184570312E-02
   62    0.1025390625000000E-01    0.9872055053710938E-03
   63    0.1158203125000000E-01    0.1139945983886719E-02
   64    0.1298828125000000E-01    0.9915542602539063E-03
   65    0.9902343750000001E-02    0.1093711853027344E-02
   66    0.8183593750000001E-02    0.1083793640136719E-02
   67    0.7382812500000000E-02    0.1222457885742187E-02
   68    0.6777343750000000E-02    0.1092262268066406E-02
   69    0.8105468750000001E-02    0.1029243469238281E-02
   70    0.5625000000000000E-02    0.1017074584960938E-02
   71    0.5253906250000000E-02    0.9134292602539062E-03
   72    0.5917968750000000E-02    0.1193199157714844E-02
   73    0.3281250000000000E-02    0.7586669921875000E-03
   74    0.5859375000000000E-02    0.8978271484375001E-03
   75    0.4843750000000000E-02    0.1002655029296875E-02
   76    0.5136718750000000E-02    0.8712387084960937E-03
   77    0.3906250000000000E-02    0.7980346679687500E-03
   78    0.6289062500000000E-02    0.9514617919921875E-03
   79    0.5937500000000000E-02    0.9560394287109375E-03
   80    0.6894531250000000E-02    0.1092262268066406E-02
   81    0.3750000000000000E-02    0.8319091796875000E-03
   82    0.5937500000000000E-02    0.9563446044921875E-03
   83    0.4804687500000000E-02    0.9456634521484375E-03
   84    0.2910156250000000E-02    0.1002388000488281E-02
   85    0.1191406250000000E-02    0.9086227416992187E-03
   86    0.4023437500000000E-02    0.1168441772460938E-02
   87    0.3808593750000000E-02    0.9856033325195313E-03
   88    0.5449218750000000E-02    0.8908462524414063E-03
   89    0.4550781250000000E-02    0.1008186340332031E-02
   90    0.7500000000000000E-02    0.1143035888671875E-02
   91    0.3066406250000000E-02    0.1130332946777344E-02
   92    0.5312500000000000E-02    0.1288681030273437E-02
   93    0.9023437500000000E-02    0.1282577514648438E-02
   94    0.7226562500000000E-02    0.1050796508789062E-02
   95    0.3886718750000000E-02    0.1180381774902344E-02
   96    0.3085937500000000E-02    0.9307861328125000E-03
   97    0.1367187500000000E-03    0.9286117553710938E-03
   98   -0.5273437500000000E-03    0.1026115417480469E-02
   99    0.1152343750000000E-02    0.1100120544433594E-02
  100    0.2929687500000000E-02    0.1204528808593750E-02
