# time =    0.4695
    0    0.1000000000000000E+01    0.1000000000000000E+01
    1    0.1837500000000000E+00    0.3479331970214844E-01
    2    0.3503906250000000E-01    0.2328033447265625E-02
    3    0.1333984375000000E-01    0.9352493286132812E-03
    4   -0.2832031250000000E-02    0.9505081176757812E-03
    5    0.4589843750000000E-02    0.1039848327636719E-02
    6    0.3710937500000000E-03    0.9663009643554688E-03
    7   -0.2285156250000000E-02    0.1056785583496094E-02
    8   -0.5332031250000000E-02    0.6565475463867188E-03
    9   -0.2910156250000000E-02    0.1050376892089844E-02
   10   -0.5664062500000000E-03    0.8282089233398438E-03
   11   -0.3964843750000000E-02    0.9337234497070313E-03
   12   -0.3652343750000000E-02    0.1305580139160156E-02
   13   -0.3769531250000000E-02    0.8915328979492188E-03
   14   -0.6835937500000000E-03    0.8073806762695313E-03
   15    0.1718750000000000E-02    0.1036071777343750E-02
   16    0.1757812500000000E-02    0.8468627929687500E-03
   17   -0.3710937500000000E-03    0.7909011840820313E-03
   18   -0.3710937500000000E-03    0.8939743041992187E-03
   19   -0.1992187500000000E-02    0.7785034179687500E-03
   20    0.9687500000000000E-02    0.9364318847656250E-03
   21    0.1425781250000000E-02    0.9598922729492187E-03
   22   -0.6289062500000000E-02    0.8625793457031250E-03
   23    0.2148437500000000E-03    0.1138343811035156E-02
   24   -0.4296875000000000E-03    0.9579467773437500E-03
   25    0.3710937500000000E-03    0.9778213500976562E-03
   26    0.3476562500000000E-02    0.1084671020507812E-02
   27    0.8593750000000000E-03    0.7781219482421875E-03
   28   -0.1406250000000000E-02    0.1014862060546875E-02
   29   -0.2500000000000000E-02    0.8955383300781250E-03
   30   -0.4453125000000000E-02    0.1070709228515625E-02
   31   -0.1757812500000000E-02    0.1222076416015625E-02
   32    0.4101562500000000E-03    0.1024665832519531E-02
   33    0.2675781250000000E-02    0.9944534301757812E-03
   34   -0.1347656250000000E-02    0.1048469543457031E-02
   35    0.1191406250000000E-02    0.1188011169433594E-02
   36   -0.1386718750000000E-02    0.1067848205566406E-02
   37   -0.2890625000000000E-02    0.8385467529296875E-03
   38   -0.4238281250000000E-02    0.1002693176269531E-02
   39    0.1250000000000000E-02    0.8579254150390625E-03
   40   -0.5976562500000000E-02    0.9741973876953125E-03
   41   -0.4160156250000000E-02    0.1045265197753906E-02
   42    0.2812500000000000E-02    0.9695434570312500E-03
   43   -0.1171875000000000E-03    0.1020660400390625E-02
   44    0.2148437500000000E-03    0.1038322448730469E-02
   45    0.4414062500000000E-02    0.9981536865234376E-03
   46    0.4882812500000000E-02    0.1076812744140625E-02
   47    0.3398437500000000E-02    0.1148147583007813E-02
   48    0.4179687500000000E-02    0.8766937255859375E-03
   49    0.1972656250000000E-02    0.1179313659667969E-02
   50    0.3125000000000000E-03    0.7925415039062500E-03
   51   -0.9375000000000000E-03    0.7755279541015625E-03
   52   -0.4492187500000000E-02    0.1018753051757813E-02
   53   -0.4296875000000000E-03    0.1235504150390625E-02
   54    0.2402343750000000E-02    0.8575820922851563E-03
   55    0.5507812500000000E-02    0.8341979980468750E-03
   56    0.1054687500000000E-02    0.1101531982421875E-02
   57    0.1953125000000000E-02    0.8863067626953125E-03
   58    0.1015625000000000E-02    0.9656524658203124E-03
   59   -0.3261718750000000E-02    0.1012992858886719E-02
   60    0.1347656250000000E-02    0.1100044250488281E-02
   61   -0.1718750000000000E-02    0.1130371093750000E-02
   62   -0.2519531250000000E-02    0.1137199401855469E-02
   63   -0.1953125000000000E-03    0.1042404174804687E-02
   64    0.3789062500000000E-02    0.1013641357421875E-02
   65    0.1757812500000000E-03    0.8729171752929688E-03
   66    0.1816406250000000E-02    0.9955978393554688E-03
   67   -0.1562500000000000E-02    0.1062927246093750E-02
   68    0.6054687500000000E-03    0.1022300720214844E-02
   69   -0.3046875000000000E-02    0.8665466308593750E-03
   70   -0.7421875000000000E-03    0.1183319091796875E-02
   71   -0.6503906250000000E-02    0.9299850463867187E-03
   72   -0.1210937500000000E-02    0.9660339355468750E-03
   73    0.1210937500000000E-02    0.1073455810546875E-02
   74    0.1132812500000000E-02    0.8610534667968750E-03
   75   -0.2285156250000000E-02    0.8327102661132812E-03
   76   -0.3105468750000000E-02    0.8324813842773437E-03
   77   -0.2949218750000000E-02    0.1035957336425781E-02
   78   -0.2910156250000000E-02    0.1240882873535156E-02
   79    0.4062500000000000E-02    0.1003799438476562E-02
   80    0.8398437500000000E-03    0.9354019165039063E-03
   81   -0.2734375000000000E-02    0.7895660400390625E-03
   82    0.5039062500000000E-02    0.1126098632812500E-02
   83    0.1054687500000000E-02    0.1035156250000000E-02
   84    0.2128906250000000E-02    0.9099960327148438E-03
   85   -0.2089843750000000E-02    0.9066390991210937E-03
   86    0.4882812500000000E-03    0.1047859191894531E-02
   87    0.6640625000000000E-03    0.1015014648437500E-02
   88    0.3339843750000000E-02    0.1065177917480469E-02
   89    0.4296875000000000E-02    0.1016387939453125E-02
   90    0.4492187500000000E-03    0.9813308715820312E-03
   91   -0.8984375000000000E-03    0.8959960937500000E-03
   92   -0.3320312500000000E-03    0.9225845336914062E-03
   93   -0.6210937500000000E-02    0.9534454345703125E-03
   94   -0.6152343750000000E-02    0.1020545959472656E-02
   95    0.3906250000000000E-03    0.8756256103515625E-03
   96   -0.6640625000000000E-03    0.9956359863281250E-03
   97    0.3632812500000000E-02    0.7622528076171875E-03
   98   -0.3925781250000000E-02    0.1051826477050781E-02
   99   -0.2460937500000000E-02    0.1020965576171875E-02
  100   -0.5859375000000000E-04    0.8646774291992187E-03
