# time =    0.4608
    0    0.1000000000000000E+01    0.1000000000000000E+01
    1    0.1985351562500000E+00    0.4012042999267578E-01
    2    0.3990234375000000E-01    0.2685356140136719E-02
    3    0.1257812500000000E-01    0.1192245483398438E-02
    4    0.2148437500000000E-03    0.8339309692382813E-03
    5   -0.6953125000000000E-02    0.1143493652343750E-02
    6   -0.1250000000000000E-02    0.9291076660156250E-03
    7    0.2714843750000000E-02    0.1345024108886719E-02
    8   -0.4882812500000000E-03    0.8761978149414062E-03
    9   -0.1875000000000000E-02    0.1153640747070313E-02
   10   -0.1582031250000000E-02    0.9286117553710938E-03
   11   -0.5859375000000000E-04    0.1071586608886719E-02
   12    0.1171875000000000E-02    0.1298141479492188E-02
   13   -0.3652343750000000E-02    0.9639358520507812E-03
   14   -0.3046875000000000E-02    0.1197967529296875E-02
   15   -0.5468750000000001E-03    0.7517242431640625E-03
   16    0.1146484375000000E-01    0.1052818298339844E-02
   17   -0.1406250000000000E-02    0.1004257202148437E-02
   18   -0.1048828125000000E-01    0.1372489929199219E-02
   19   -0.4882812500000000E-03    0.1238212585449219E-02
   20    0.6738281250000000E-02    0.1245689392089844E-02
   21    0.3984375000000000E-02    0.1045074462890625E-02
   22    0.4062500000000000E-02    0.9934234619140626E-03
   23    0.1484375000000000E-02    0.9559631347656250E-03
   24    0.2617187500000000E-02    0.8594512939453125E-03
   25    0.2578125000000000E-02    0.9590911865234375E-03
   26    0.2949218750000000E-02    0.9258651733398438E-03
   27    0.1503906250000000E-02    0.6840133666992188E-03
   28   -0.2773437500000000E-02    0.9341430664062500E-03
   29    0.2167968750000000E-02    0.8783340454101562E-03
   30   -0.2617187500000000E-02    0.9351348876953124E-03
   31   -0.4355468750000000E-02    0.9658432006835937E-03
   32   -0.2519531250000000E-02    0.8195114135742188E-03
   33   -0.4179687500000000E-02    0.9710693359375000E-03
   34   -0.3007812500000000E-02    0.8630371093750000E-03
   35    0.2890625000000000E-02    0.8635711669921875E-03
   36   -0.3710937500000000E-02    0.8713531494140625E-03
   37    0.1191406250000000E-02    0.8113479614257812E-03
   38    0.2734375000000000E-03    0.7978057861328124E-03
   39   -0.2617187500000000E-02    0.1142578125000000E-02
   40    0.1757812500000000E-02    0.7663726806640625E-03
   41    0.1542968750000000E-02    0.1188011169433594E-02
   42    0.1796875000000000E-02    0.1072540283203125E-02
   43    0.7812500000000000E-04    0.8020019531250000E-03
   44   -0.2402343750000000E-02    0.8979415893554687E-03
   45    0.1308593750000000E-02    0.8832168579101563E-03
   46    0.2167968750000000E-02    0.1097145080566406E-02
   47    0.1445312500000000E-02    0.9284973144531250E-03
   48    0.4960937500000000E-02    0.1052474975585937E-02
   49    0.3496093750000000E-02    0.1076545715332031E-02
   50    0.1152343750000000E-02    0.1496543884277344E-02
   51   -0.1835937500000000E-02    0.1000213623046875E-02
   52    0.8613281250000000E-02    0.1102790832519531E-02
   53    0.9179687499999999E-03    0.9650802612304688E-03
   54   -0.7226562500000000E-03    0.9756088256835938E-03
   55   -0.3535156250000000E-02    0.9109878540039063E-03
   56    0.7421875000000000E-03    0.1026458740234375E-02
   57   -0.4296875000000000E-03    0.1052246093750000E-02
   58   -0.1250000000000000E-02    0.1000976562500000E-02
   59    0.6640625000000000E-03    0.9104156494140625E-03
   60   -0.3320312500000000E-02    0.1097335815429688E-02
   61   -0.2792968750000000E-02    0.8661270141601563E-03
   62   -0.8398437500000000E-03    0.9805679321289063E-03
   63    0.1132812500000000E-02    0.7808685302734375E-03
   64   -0.4257812500000000E-02    0.1014862060546875E-02
   65   -0.1621093750000000E-02    0.8243179321289063E-03
   66    0.1582031250000000E-02    0.1010322570800781E-02
   67    0.2656250000000000E-02    0.8013916015625000E-03
   68    0.8398437500000000E-03    0.7753372192382812E-03
   69    0.3007812500000000E-02    0.8031463623046875E-03
   70    0.1250000000000000E-02    0.1286087036132812E-02
   71    0.3906250000000000E-03    0.1054840087890625E-02
   72   -0.9960937500000000E-03    0.8947372436523438E-03
   73    0.1601562500000000E-02    0.8613586425781250E-03
   74    0.3828125000000000E-02    0.8808898925781250E-03
   75    0.5957031250000000E-02    0.1218910217285156E-02
   76    0.1171875000000000E-03    0.7652282714843750E-03
   77   -0.5859375000000000E-04    0.1093635559082031E-02
   78    0.1777343750000000E-02    0.1045036315917969E-02
   79    0.3867187500000000E-02    0.9371948242187500E-03
   80    0.2753906250000000E-02    0.9670639038085937E-03
   81    0.9687500000000000E-02    0.9744262695312500E-03
   82    0.1953125000000000E-02    0.1307220458984375E-02
   83    0.2128906250000000E-02    0.1062202453613281E-02
   84   -0.1171875000000000E-02    0.7858276367187500E-03
   85    0.1406250000000000E-02    0.1018524169921875E-02
   86   -0.4121093750000000E-02    0.1027717590332031E-02
   87   -0.1582031250000000E-02    0.7987594604492187E-03
   88   -0.1093750000000000E-02    0.7521057128906250E-03
   89    0.2187500000000000E-02    0.9894561767578125E-03
   90    0.2109375000000000E-02    0.1039199829101563E-02
   91   -0.9316406249999999E-02    0.1101264953613281E-02
   92   -0.7070312500000000E-02    0.1089630126953125E-02
   93   -0.1816406250000000E-02    0.1207237243652344E-02
   94   -0.2929687500000000E-02    0.7991790771484375E-03
   95    0.1523437500000000E-02    0.9539794921875000E-03
   96   -0.7812500000000000E-03    0.8477020263671875E-03
   97    0.4101562500000000E-03    0.8832931518554688E-03
   98    0.3769531250000000E-02    0.8689498901367187E-03
   99    0.2031250000000000E-02    0.1081161499023438E-02
  100    0.2421875000000000E-02    0.9907531738281251E-03
