# time =    0.4622
    0    0.1000000000000000E+01    0.1000000000000000E+01
    1    0.2665820312500000E+00    0.7182239532470704E-01
    2    0.8960937500000000E-01    0.8996047973632813E-02
    3    0.2896484375000000E-01    0.1717109680175781E-02
    4    0.9023437500000000E-02    0.1129150390625000E-02
    5    0.2402343750000000E-02    0.8785629272460938E-03
    6    0.4199218750000000E-02    0.7729721069335937E-03
    7    0.1074218750000000E-02    0.9795761108398438E-03
    8    0.3828125000000000E-02    0.8586120605468750E-03
    9   -0.1601562500000000E-02    0.9664916992187501E-03
   10   -0.2148437500000000E-02    0.7509613037109376E-03
   11    0.5078125000000000E-03    0.1061019897460937E-02
   12   -0.1230468750000000E-02    0.8633804321289063E-03
   13   -0.7812500000000000E-03    0.9528350830078125E-03
   14    0.1660156250000000E-02    0.7557296752929688E-03
   15   -0.1484375000000000E-02    0.9658050537109375E-03
   16   -0.6640625000000000E-03    0.9351348876953124E-03
   17   -0.1152343750000000E-02    0.9334182739257812E-03
   18   -0.7031250000000000E-03    0.1114349365234375E-02
   19   -0.4804687500000000E-02    0.8361053466796875E-03
   20   -0.1953125000000000E-02    0.8972167968750000E-03
   21   -0.6464843750000000E-02    0.8809280395507813E-03
   22   -0.8398437500000000E-03    0.1035270690917969E-02
   23   -0.8789062500000000E-03    0.9037399291992187E-03
   24   -0.2402343750000000E-02    0.8520126342773437E-03
   25   -0.2636718750000000E-02    0.1001319885253906E-02
   26    0.5332031250000000E-02    0.1000709533691406E-02
   27    0.9570312500000000E-03    0.9555435180664063E-03
   28   -0.5664062500000000E-03    0.1080513000488281E-02
   29    0.1718750000000000E-02    0.8067321777343750E-03
   30   -0.3125000000000000E-02    0.9946441650390625E-03
   31    0.1992187500000000E-02    0.1011352539062500E-02
   32    0.5117187500000000E-02    0.9885406494140624E-03
   33    0.1816406250000000E-02    0.9067916870117188E-03
   34   -0.4492187500000000E-03    0.8321762084960938E-03
   35   -0.7792968750000000E-02    0.1576805114746094E-02
   36   -0.6269531250000000E-02    0.1158256530761719E-02
   37   -0.3105468750000000E-02    0.1113700866699219E-02
   38    0.2265625000000000E-02    0.8515167236328125E-03
   39    0.4531250000000000E-02    0.1198806762695312E-02
   40   -0.2031250000000000E-02    0.1184234619140625E-02
   41    0.2500000000000000E-02    0.1089477539062500E-02
   42    0.4882812500000000E-02    0.1041183471679687E-02
   43   -0.4101562500000000E-03    0.1007575988769531E-02
   44    0.1992187500000000E-02    0.1059951782226563E-02
   45   -0.1562500000000000E-02    0.1067199707031250E-02
   46    0.2773437500000000E-02    0.1242904663085937E-02
   47    0.4687500000000000E-03    0.9999847412109374E-03
   48   -0.2480468750000000E-02    0.1090660095214844E-02
   49    0.1035156250000000E-02    0.8961105346679687E-03
   50   -0.6640625000000000E-03    0.1126174926757813E-02
   51   -0.1406250000000000E-02    0.8290100097656250E-03
   52   -0.1386718750000000E-02    0.1274757385253906E-02
   53   -0.1601562500000000E-02    0.9863281250000000E-03
   54   -0.1660156250000000E-02    0.1242179870605469E-02
   55   -0.2031250000000000E-02    0.1210403442382813E-02
   56    0.4687500000000000E-03    0.8886718750000000E-03
   57    0.2460937500000000E-02    0.8947753906250000E-03
   58    0.3027343750000000E-02    0.1086082458496094E-02
   59   -0.5273437500000000E-02    0.8804321289062500E-03
   60   -0.9765625000000001E-04    0.9090805053710938E-03
   61   -0.1191406250000000E-02    0.8465194702148437E-03
   62   -0.2890625000000000E-02    0.9011077880859375E-03
   63    0.3320312500000000E-03    0.8337020874023438E-03
   64   -0.1582031250000000E-02    0.7365798950195313E-03
   65    0.8398437500000000E-03    0.8543777465820312E-03
   66    0.1542968750000000E-02    0.1215476989746094E-02
   67   -0.2148437500000000E-03    0.1004600524902344E-02
   68   -0.3886718750000000E-02    0.8572006225585938E-03
   69   -0.6503906250000000E-02    0.1198158264160156E-02
   70   -0.9960937500000000E-03    0.8546066284179688E-03
   71   -0.1933593750000000E-02    0.9950637817382813E-03
   72   -0.2402343750000000E-02    0.1095771789550781E-02
   73   -0.3437500000000000E-02    0.8430480957031250E-03
   74   -0.1738281250000000E-02    0.9354019165039063E-03
   75   -0.4628906250000000E-02    0.9134292602539062E-03
   76   -0.3320312500000000E-03    0.1038703918457031E-02
   77   -0.1289062500000000E-02    0.8950805664062499E-03
   78   -0.2011718750000000E-02    0.1187477111816406E-02
   79   -0.5078125000000000E-03    0.1302490234375000E-02
   80    0.1640625000000000E-02    0.1034851074218750E-02
   81   -0.1953125000000000E-03    0.1046981811523437E-02
   82    0.2539062500000000E-03    0.9671401977539063E-03
   83    0.1796875000000000E-02    0.1009597778320313E-02
   84   -0.3515625000000000E-02    0.1088180541992187E-02
   85    0.5039062500000000E-02    0.1022796630859375E-02
   86   -0.1347656250000000E-02    0.8684158325195313E-03
   87    0.2988281250000000E-02    0.1138648986816406E-02
   88   -0.2148437500000000E-02    0.1050033569335937E-02
   89   -0.2675781250000000E-02    0.9303665161132812E-03
   90   -0.4316406250000000E-02    0.8464431762695312E-03
   91   -0.2695312500000000E-02    0.5845642089843750E-03
   92   -0.6054687500000000E-02    0.8988189697265625E-03
   93   -0.8007812500000000E-03    0.9738540649414062E-03
   94   -0.5898437500000000E-02    0.1099929809570312E-02
   95    0.3925781250000000E-02    0.1081886291503906E-02
   96    0.7109375000000000E-02    0.1244506835937500E-02
   97    0.6992187500000000E-02    0.8919525146484375E-03
   98   -0.1953125000000000E-04    0.1147117614746094E-02
   99   -0.3671875000000000E-02    0.1103744506835937E-02
  100   -0.2050781250000000E-02    0.1076087951660156E-02
