# time =    0.4750
    0    0.1000000000000000E+01    0.1000000000000000E+01
    1    0.2009765625000000E+00    0.4136177062988281E-01
    2    0.3908203125000000E-01    0.2251625061035156E-02
    3    0.9453125000000000E-02    0.1145782470703125E-02
    4    0.8750000000000001E-02    0.1076431274414063E-02
    5    0.2070312500000000E-02    0.8632659912109375E-03
    6    0.4453125000000000E-02    0.9084320068359374E-03
    7   -0.1953125000000000E-03    0.8766174316406250E-03
    8    0.4238281250000000E-02    0.9613418579101562E-03
    9    0.1757812500000000E-02    0.9791564941406250E-03
   10   -0.5664062500000000E-03    0.1174507141113281E-02
   11    0.2148437500000000E-03    0.9522628784179687E-03
   12   -0.2871093750000000E-02    0.9526443481445312E-03
   13   -0.3144531250000000E-02    0.7916641235351563E-03
   14    0.1269531250000000E-02    0.7592391967773438E-03
   15    0.9179687499999999E-03    0.9213638305664063E-03
   16    0.1777343750000000E-02    0.9428787231445312E-03
   17    0.2109375000000000E-02    0.7778930664062500E-03
   18   -0.3203125000000000E-02    0.9431457519531250E-03
   19    0.4277343750000000E-02    0.9568405151367188E-03
   20   -0.3710937500000000E-02    0.9111785888671876E-03
   21    0.1562500000000000E-02    0.8172607421875000E-03
   22   -0.2011718750000000E-02    0.1001243591308594E-02
   23   -0.2343750000000000E-02    0.9626770019531251E-03
   24    0.1894531250000000E-02    0.1060905456542969E-02
   25    0.3750000000000000E-02    0.1080932617187500E-02
   26    0.3320312500000000E-02    0.8987426757812500E-03
   27    0.1367187500000000E-03    0.8575057983398437E-03
   28   -0.1699218750000000E-02    0.6901168823242187E-03
   29    0.1230468750000000E-02    0.7329940795898438E-03
   30    0.3281250000000000E-02    0.1055221557617188E-02
   31   -0.3867187500000000E-02    0.9526824951171875E-03
   32    0.4453125000000000E-02    0.1084671020507812E-02
   33    0.1445312500000000E-02    0.9770965576171874E-03
   34    0.1367187500000000E-02    0.1166915893554687E-02
   35    0.2714843750000000E-02    0.9267807006835937E-03
   36   -0.3906250000000000E-04    0.1060104370117187E-02
   37    0.6933593750000000E-02    0.9328842163085938E-03
   38    0.1894531250000000E-02    0.8794784545898438E-03
   39   -0.2460937500000000E-02    0.7993316650390625E-03
   40    0.4511718750000000E-02    0.8398818969726562E-03
   41   -0.1093750000000000E-02    0.1021575927734375E-02
   42   -0.4804687500000000E-02    0.7643127441406251E-03
   43   -0.5839843750000000E-02    0.9576034545898438E-03
   44    0.7031250000000000E-03    0.1022338867187500E-02
   45   -0.1250000000000000E-02    0.7100677490234374E-03
   46   -0.2031250000000000E-02    0.8232879638671875E-03
   47   -0.2011718750000000E-02    0.7440567016601563E-03
   48    0.3027343750000000E-02    0.7120132446289063E-03
   49   -0.1210937500000000E-02    0.1165008544921875E-02
   50   -0.2539062500000000E-03    0.7801437377929687E-03
   51   -0.1503906250000000E-02    0.9047317504882812E-03
   52   -0.1699218750000000E-02    0.8334732055664063E-03
   53   -0.2753906250000000E-02    0.1020698547363281E-02
   54   -0.3105468750000000E-02    0.9241867065429688E-03
   55    0.5859375000000000E-04    0.1167564392089844E-02
   56   -0.3906250000000000E-04    0.1307296752929687E-02
   57   -0.2460937500000000E-02    0.1102523803710937E-02
   58    0.4882812500000000E-02    0.8786010742187500E-03
   59    0.8984375000000000E-03    0.8090972900390625E-03
   60    0.1933593750000000E-02    0.9663009643554688E-03
   61   -0.1386718750000000E-02    0.1076774597167969E-02
   62   -0.6054687500000000E-03    0.8619308471679687E-03
   63    0.4218750000000000E-02    0.9688568115234375E-03
   64   -0.1757812500000000E-03    0.1123924255371094E-02
   65    0.2480468750000000E-02    0.9071731567382813E-03
   66    0.7812500000000000E-03    0.1231231689453125E-02
   67    0.4687500000000000E-03    0.1159515380859375E-02
   68    0.2109375000000000E-02    0.8931732177734374E-03
   69    0.1953125000000000E-04    0.9773635864257812E-03
   70   -0.2207031250000000E-02    0.9655380249023438E-03
   71   -0.3359375000000000E-02    0.1147079467773437E-02
   72   -0.2089843750000000E-02    0.1056556701660156E-02
   73    0.5078125000000000E-02    0.1126861572265625E-02
   74    0.1308593750000000E-02    0.1094322204589844E-02
   75    0.1425781250000000E-02    0.8547592163085937E-03
   76   -0.5625000000000000E-02    0.8020782470703125E-03
   77    0.1074218750000000E-02    0.1181144714355469E-02
   78    0.3164062500000000E-02    0.1156539916992188E-02
   79   -0.2753906250000000E-02    0.9621810913085937E-03
   80   -0.3457031250000000E-02    0.1071434020996094E-02
   81   -0.1738281250000000E-02    0.1210289001464844E-02
   82   -0.1210937500000000E-02    0.1147842407226562E-02
   83    0.1933593750000000E-02    0.9467697143554687E-03
   84    0.1093750000000000E-02    0.1110382080078125E-02
   85    0.4726562500000000E-02    0.8304595947265625E-03
   86    0.2246093750000000E-02    0.8298873901367188E-03
   87    0.7226562500000000E-03    0.1207542419433594E-02
   88    0.6718750000000000E-02    0.1154556274414063E-02
   89   -0.1406250000000000E-02    0.1096878051757813E-02
   90   -0.4023437500000000E-02    0.1021881103515625E-02
   91   -0.8984375000000000E-03    0.1015319824218750E-02
   92    0.2187500000000000E-02    0.7586669921875000E-03
   93    0.2109375000000000E-02    0.9107208251953125E-03
   94   -0.3339843750000000E-02    0.9536361694335938E-03
   95   -0.4335937500000000E-02    0.8673095703125001E-03
   96   -0.5214843750000000E-02    0.9598159790039063E-03
   97   -0.2207031250000000E-02    0.8919143676757813E-03
   98    0.3906250000000000E-03    0.1041641235351563E-02
   99   -0.1855468750000000E-02    0.8803176879882813E-03
  100   -0.4121093750000000E-02    0.9846115112304688E-03
