# time =    0.4436
    0    0.1000000000000000E+01    0.1000000000000000E+01
    1    0.3027148437500000E+00    0.9247127532958985E-01
    2    0.1013476562500000E+00    0.1125423431396484E-01
    3    0.3865234375000000E-01    0.2510185241699219E-02
    4    0.1771484375000000E-01    0.1281929016113281E-02
    5    0.7695312500000000E-02    0.1436538696289062E-02
    6    0.8593750000000000E-03    0.1137313842773437E-02
    7   -0.9765625000000001E-04    0.1097679138183594E-02
    8    0.4960937500000000E-02    0.9185791015625000E-03
    9    0.1816406250000000E-02    0.9970474243164063E-03
   10   -0.6347656250000000E-02    0.1207084655761719E-02
   11   -0.1953125000000000E-04    0.1066627502441406E-02
   12   -0.5859375000000000E-02    0.1104049682617188E-02
   13   -0.5703125000000000E-02    0.1154632568359375E-02
   14   -0.1113281250000000E-02    0.1003837585449219E-02
   15    0.6054687500000000E-03    0.1021690368652344E-02
   16    0.1601562500000000E-02    0.1306533813476562E-02
   17    0.1738281250000000E-02    0.1194419860839844E-02
   18    0.3906250000000000E-04    0.1038894653320312E-02
   19    0.9375000000000000E-03    0.1155242919921875E-02
   20    0.2539062500000000E-03    0.1083106994628906E-02
   21   -0.3085937500000000E-02    0.1005401611328125E-02
   22   -0.3906250000000000E-03    0.8708190917968750E-03
   23    0.2714843750000000E-02    0.7882308959960937E-03
   24    0.2031250000000000E-02    0.1096420288085938E-02
   25   -0.5898437500000000E-02    0.1052093505859375E-02
   26   -0.6054687500000000E-03    0.1035423278808594E-02
   27    0.4628906250000000E-02    0.1187858581542969E-02
   28    0.5585937500000000E-02    0.1133193969726563E-02
   29   -0.6640625000000000E-03    0.1136169433593750E-02
   30    0.6640625000000000E-03    0.9967041015624999E-03
   31    0.1542968750000000E-02    0.8555221557617188E-03
   32   -0.1386718750000000E-02    0.9035873413085938E-03
   33    0.2187500000000000E-02    0.9387207031250000E-03
   34   -0.2988281250000000E-02    0.1166191101074219E-02
   35    0.1406250000000000E-02    0.7172393798828125E-03
   36    0.2968750000000000E-02    0.1177597045898437E-02
   37    0.3906250000000000E-04    0.1109390258789062E-02
   38   -0.5449218750000000E-02    0.1152839660644531E-02
   39    0.6640625000000000E-03    0.1009292602539062E-02
   40    0.1367187500000000E-03    0.9247207641601562E-03
   41    0.2578125000000000E-02    0.6769561767578125E-03
   42    0.2382812500000000E-02    0.9143829345703125E-03
   43    0.1542968750000000E-02    0.1056098937988281E-02
   44    0.3515625000000000E-02    0.9606933593750000E-03
   45    0.2558593750000000E-02    0.8703231811523438E-03
   46   -0.1621093750000000E-02    0.9540939331054688E-03
   47   -0.5820312500000000E-02    0.8404541015625000E-03
   48    0.3574218750000000E-02    0.1189994812011719E-02
   49    0.5664062500000000E-03    0.7474136352539063E-03
   50    0.2929687500000000E-03    0.9230422973632812E-03
   51    0.2187500000000000E-02    0.1038055419921875E-02
   52    0.4687500000000000E-03    0.1015701293945312E-02
   53   -0.5742187500000000E-02    0.1106796264648437E-02
   54    0.1464843750000000E-02    0.8157730102539062E-03
   55   -0.6250000000000000E-03    0.6364440917968750E-03
   56    0.2304687500000000E-02    0.1084365844726562E-02
   57   -0.5039062500000000E-02    0.8373260498046875E-03
   58   -0.6660156250000000E-02    0.1044502258300781E-02
   59   -0.1992187500000000E-02    0.1262435913085937E-02
   60    0.6035156250000000E-02    0.1291007995605469E-02
   61    0.2070312500000000E-02    0.1188430786132813E-02
   62    0.1562500000000000E-02    0.1311874389648437E-02
   63    0.2910156250000000E-02    0.1182670593261719E-02
   64    0.6835937500000000E-03    0.8342361450195312E-03
   65   -0.2304687500000000E-02    0.1153030395507812E-02
   66   -0.1347656250000000E-02    0.6821823120117188E-03
   67   -0.5273437500000000E-03    0.7602310180664062E-03
   68    0.1347656250000000E-02    0.1066703796386719E-02
   69    0.2480468750000000E-02    0.1032447814941406E-02
   70   -0.8398437500000000E-03    0.7405471801757812E-03
   71    0.1679687500000000E-02    0.7240295410156250E-03
   72   -0.2929687500000000E-02    0.9874725341796876E-03
   73   -0.5117187500000000E-02    0.7395172119140626E-03
   74   -0.2460937500000000E-02    0.9069824218750000E-03
   75   -0.1328125000000000E-02    0.1020660400390625E-02
   76   -0.1171875000000000E-03    0.8010864257812500E-03
   77   -0.4023437500000000E-02    0.1082000732421875E-02
   78   -0.8789062500000000E-03    0.8442306518554688E-03
   79   -0.3613281250000000E-02    0.9861373901367187E-03
   80   -0.1660156250000000E-02    0.9358596801757813E-03
   81   -0.2929687500000000E-03    0.9520339965820312E-03
   82    0.3984375000000000E-02    0.9269714355468750E-03
   83    0.2695312500000000E-02    0.9865570068359375E-03
   84   -0.3125000000000000E-02    0.1111755371093750E-02
   85    0.4882812500000000E-03    0.1049156188964844E-02
   86   -0.3867187500000000E-02    0.9075927734375000E-03
   87   -0.1210937500000000E-02    0.8783721923828125E-03
   88    0.4980468750000000E-02    0.9736251831054687E-03
   89   -0.3398437500000000E-02    0.1054763793945312E-02
   90   -0.3300781250000000E-02    0.1009788513183594E-02
   91   -0.6835937500000000E-03    0.1094932556152344E-02
   92   -0.1113281250000000E-02    0.9293746948242187E-03
   93    0.6445312500000000E-03    0.8843612670898438E-03
   94   -0.1171875000000000E-02    0.7648468017578125E-03
   95    0.4687500000000000E-03    0.1140823364257813E-02
   96   -0.3417968750000000E-02    0.1034431457519531E-02
   97    0.2675781250000000E-02    0.7410812377929688E-03
   98   -0.3515625000000000E-03    0.1148757934570312E-02
   99    0.2539062500000000E-03    0.1089057922363281E-02
  100   -0.1601562500000000E-02    0.8869171142578125E-03
