# time =    0.4052
    0    0.1000000000000000E+01    0.1000000000000000E+01
    1    0.4364257812500000E+00    0.1910571670532226E+00
    2    0.2761718750000000E+00    0.7710113525390624E-01
    3    0.2131640625000000E+00    0.4627670288085937E-01
    4    0.1787890625000000E+00    0.3273750305175781E-01
    5    0.1550585937500000E+00    0.2478130340576172E-01
    6    0.1388476562500000E+00    0.1994670867919922E-01
    7    0.1288476562500000E+00    0.1726184844970703E-01
    8    0.1204882812500000E+00    0.1530742645263672E-01
    9    0.1122656250000000E+00    0.1341186523437500E-01
   10    0.1069726562500000E+00    0.1233539581298828E-01
   11    0.1032812500000000E+00    0.1151626586914063E-01
   12    0.9857421875000000E-01    0.1050212860107422E-01
   13    0.9369140625000000E-01    0.9566535949707031E-02
   14    0.9052734375000000E-01    0.9051475524902344E-02
   15    0.8636718750000000E-01    0.8189468383789063E-02
   16    0.8285156250000000E-01    0.7649765014648437E-02
   17    0.8126953125000000E-01    0.7324104309082031E-02
   18    0.7808593749999999E-01    0.6832809448242188E-02
   19    0.7583984375000000E-01    0.6579627990722656E-02
   20    0.7404296874999999E-01    0.6316184997558594E-02
   21    0.7316406250000000E-01    0.6182632446289063E-02
   22    0.7091796875000000E-01    0.5939598083496094E-02
   23    0.6939453125000000E-01    0.5634727478027343E-02
   24    0.6724609375000000E-01    0.5397300720214843E-02
   25    0.6654296875000000E-01    0.5277900695800781E-02
   26    0.6427734374999999E-01    0.4910316467285156E-02
   27    0.6380859375000000E-01    0.4855461120605468E-02
   28    0.6201171875000000E-01    0.4677772521972656E-02
   29    0.6169921875000000E-01    0.4604301452636719E-02
   30    0.6009765625000000E-01    0.4460945129394532E-02
   31    0.5888671875000000E-01    0.4213523864746094E-02
   32    0.5810546875000000E-01    0.4164619445800781E-02
   33    0.5449218750000000E-01    0.3717041015625000E-02
   34    0.5439453125000000E-01    0.3688621520996094E-02
   35    0.5275390625000000E-01    0.3677482604980469E-02
   36    0.5238281250000000E-01    0.3553695678710938E-02
   37    0.5271484375000000E-01    0.3571205139160156E-02
   38    0.5337890625000000E-01    0.3613700866699219E-02
   39    0.5226562500000000E-01    0.3467178344726562E-02
   40    0.5058593750000000E-01    0.3287887573242187E-02
   41    0.4992187500000000E-01    0.3238601684570313E-02
   42    0.5007812500000000E-01    0.3197479248046875E-02
   43    0.4970703125000000E-01    0.3168449401855469E-02
   44    0.4763671875000000E-01    0.2989082336425781E-02
   45    0.4673828125000000E-01    0.2942619323730469E-02
   46    0.4644531250000000E-01    0.2859954833984375E-02
   47    0.4628906250000000E-01    0.2950668334960938E-02
   48    0.4500000000000000E-01    0.2760925292968750E-02
   49    0.4400390625000000E-01    0.2703514099121094E-02
   50    0.4373046875000000E-01    0.2607231140136719E-02
   51    0.4466796875000000E-01    0.2651863098144531E-02
   52    0.4373046875000000E-01    0.2626914978027344E-02
   53    0.4308593750000000E-01    0.2571868896484375E-02
   54    0.4314453125000000E-01    0.2634468078613281E-02
   55    0.4191406250000000E-01    0.2563018798828125E-02
   56    0.4195312500000000E-01    0.2523651123046875E-02
   57    0.4238281250000000E-01    0.2599868774414062E-02
   58    0.4095703125000000E-01    0.2414970397949219E-02
   59    0.4105468750000000E-01    0.2458801269531250E-02
   60    0.4148437500000000E-01    0.2500915527343750E-02
   61    0.4181640625000000E-01    0.2499198913574219E-02
   62    0.4015625000000000E-01    0.2361068725585938E-02
   63    0.3949218750000000E-01    0.2285079956054687E-02
   64    0.3962890625000000E-01    0.2276725769042969E-02
   65    0.3986328125000000E-01    0.2218360900878906E-02
   66    0.3962890625000000E-01    0.2254981994628906E-02
   67    0.3865234375000000E-01    0.2219810485839844E-02
   68    0.3859375000000000E-01    0.2240829467773437E-02
   69    0.3906250000000000E-01    0.2302017211914063E-02
   70    0.3873046875000000E-01    0.2291297912597656E-02
   71    0.3843750000000000E-01    0.2255249023437500E-02
   72    0.3886718750000000E-01    0.2340393066406250E-02
   73    0.3851562500000000E-01    0.2396545410156250E-02
   74    0.3673828125000000E-01    0.2145195007324219E-02
   75    0.3617187500000000E-01    0.2103118896484375E-02
   76    0.3716796875000000E-01    0.2179832458496094E-02
   77    0.3605468750000000E-01    0.2085266113281250E-02
   78    0.3572265625000000E-01    0.2073554992675781E-02
   79    0.3673828125000000E-01    0.2182197570800781E-02
   80    0.3646484375000000E-01    0.2085380554199219E-02
   81    0.3660156250000000E-01    0.2087249755859375E-02
   82    0.3601562500000000E-01    0.2071380615234375E-02
   83    0.3445312500000000E-01    0.2006072998046875E-02
   84    0.3421875000000000E-01    0.2051544189453125E-02
   85    0.3462890625000000E-01    0.2032127380371094E-02
   86    0.3357421875000000E-01    0.1963005065917969E-02
   87    0.3431640625000000E-01    0.1933097839355469E-02
   88    0.3451171875000000E-01    0.1943092346191406E-02
   89    0.3308593750000000E-01    0.1866607666015625E-02
   90    0.3271484375000000E-01    0.1841087341308594E-02
   91    0.3310546875000000E-01    0.2020683288574219E-02
   92    0.3265625000000000E-01    0.1932449340820312E-02
   93    0.3201171875000000E-01    0.1857414245605469E-02
   94    0.3158203125000000E-01    0.1895179748535156E-02
   95    0.3048828125000000E-01    0.1773414611816406E-02
   96    0.2960937500000000E-01    0.1729049682617187E-02
   97    0.2841796875000000E-01    0.1594352722167969E-02
   98    0.2958984375000000E-01    0.1659965515136719E-02
   99    0.2873046875000000E-01    0.1644401550292969E-02
  100    0.2935546875000000E-01    0.1645164489746094E-02
