# time =    0.4611
    0    0.1000000000000000E+01    0.1000000000000000E+01
    1    0.2008007812500000E+00    0.4138240814208984E-01
    2    0.4648437500000000E-01    0.3345565795898437E-02
    3    0.8886718750000000E-02    0.1177024841308594E-02
    4   -0.5703125000000000E-02    0.1066360473632813E-02
    5    0.2167968750000000E-02    0.8958816528320312E-03
    6   -0.3691406250000000E-02    0.8707046508789062E-03
    7   -0.4707031250000000E-02    0.1082725524902344E-02
    8    0.2343750000000000E-03    0.8909606933593750E-03
    9   -0.1835937500000000E-02    0.1038131713867187E-02
   10    0.5859375000000000E-03    0.9878540039062499E-03
   11    0.1074218750000000E-02    0.9695816040039062E-03
   12    0.1992187500000000E-02    0.8193206787109375E-03
   13    0.1562500000000000E-02    0.1070022583007812E-02
   14    0.6054687500000000E-02    0.9874725341796876E-03
   15    0.1582031250000000E-02    0.7379531860351562E-03
   16   -0.3261718750000000E-02    0.8427810668945313E-03
   17   -0.2539062500000000E-03    0.8275985717773437E-03
   18   -0.1015625000000000E-02    0.1154556274414063E-02
   19    0.7812500000000000E-04    0.1012268066406250E-02
   20    0.3437500000000000E-02    0.9486389160156250E-03
   21   -0.3613281250000000E-02    0.9393692016601562E-03
   22    0.3906250000000000E-04    0.9269714355468750E-03
   23   -0.5429687500000000E-02    0.9761047363281250E-03
   24   -0.7500000000000000E-02    0.1160812377929688E-02
   25   -0.3691406250000000E-02    0.1009407043457031E-02
   26   -0.2343750000000000E-03    0.9986877441406250E-03
   27    0.5859375000000000E-04    0.9404373168945313E-03
   28   -0.8984375000000000E-03    0.9703063964843751E-03
   29    0.4687500000000000E-02    0.1064682006835938E-02
   30   -0.7148437500000000E-02    0.1196746826171875E-02
   31   -0.3144531250000000E-02    0.8173751831054688E-03
   32   -0.6621093750000000E-02    0.8945846557617187E-03
   33   -0.2050781250000000E-02    0.9151840209960937E-03
   34   -0.4101562500000000E-02    0.9725952148437500E-03
   35   -0.2636718750000000E-02    0.9538650512695313E-03
   36   -0.4335937500000000E-02    0.9529113769531250E-03
   37   -0.2519531250000000E-02    0.8923721313476563E-03
   38    0.1582031250000000E-02    0.8551406860351562E-03
   39    0.8398437500000000E-03    0.1103782653808594E-02
   40    0.7031250000000000E-03    0.9789276123046875E-03
   41   -0.5761718750000000E-02    0.1127510070800781E-02
   42   -0.8398437500000000E-03    0.9531784057617188E-03
   43   -0.3886718750000000E-02    0.1027717590332031E-02
   44    0.2968750000000000E-02    0.7931518554687500E-03
   45    0.2363281250000000E-02    0.1003913879394531E-02
   46   -0.1816406250000000E-02    0.8913803100585937E-03
   47   -0.2285156250000000E-02    0.1206550598144531E-02
   48   -0.3437500000000000E-02    0.9982299804687500E-03
   49   -0.1562500000000000E-02    0.7923889160156250E-03
   50   -0.1582031250000000E-02    0.1065483093261719E-02
   51   -0.1757812500000000E-03    0.8594131469726562E-03
   52   -0.6386718750000000E-02    0.8153152465820312E-03
   53   -0.4023437500000000E-02    0.8216857910156250E-03
   54   -0.6914062500000000E-02    0.8868408203125000E-03
   55   -0.2675781250000000E-02    0.8949661254882813E-03
   56    0.1386718750000000E-02    0.8234786987304688E-03
   57    0.4882812500000000E-03    0.7605361938476563E-03
   58    0.2480468750000000E-02    0.9149551391601562E-03
   59    0.1328125000000000E-02    0.7752227783203125E-03
   60    0.4238281250000000E-02    0.1219139099121094E-02
   61   -0.3242187500000000E-02    0.9581756591796875E-03
   62    0.1992187500000000E-02    0.9134674072265625E-03
   63   -0.1269531250000000E-02    0.1169242858886719E-02
   64   -0.7636718750000000E-02    0.1160011291503906E-02
   65   -0.3984375000000000E-02    0.1108245849609375E-02
   66   -0.6113281250000000E-02    0.9920883178710937E-03
   67    0.4511718750000000E-02    0.8624649047851563E-03
   68    0.1933593750000000E-02    0.9083938598632812E-03
   69    0.9179687499999999E-03    0.1090126037597656E-02
   70   -0.2246093750000000E-02    0.7503128051757812E-03
   71    0.2656250000000000E-02    0.1103134155273438E-02
   72    0.4277343750000000E-02    0.8455276489257813E-03
   73    0.1445312500000000E-02    0.1146163940429687E-02
   74    0.3300781250000000E-02    0.9866714477539062E-03
   75    0.2441406250000000E-02    0.1307029724121094E-02
   76    0.7734375000000000E-02    0.1049041748046875E-02
   77   -0.6835937500000000E-03    0.8288955688476562E-03
   78   -0.2910156250000000E-02    0.1160697937011719E-02
   79    0.6113281250000000E-02    0.8801651000976562E-03
   80    0.1796875000000000E-02    0.8240509033203125E-03
   81   -0.9765625000000000E-03    0.7041931152343750E-03
   82    0.2304687500000000E-02    0.1115951538085938E-02
   83   -0.1386718750000000E-02    0.9932327270507813E-03
   84    0.1191406250000000E-02    0.1086387634277344E-02
   85    0.2031250000000000E-02    0.8010864257812500E-03
   86    0.1523437500000000E-02    0.9375000000000000E-03
   87    0.4765625000000000E-02    0.8474731445312500E-03
   88   -0.2421875000000000E-02    0.8337402343750000E-03
   89   -0.2070312500000000E-02    0.1103744506835937E-02
   90   -0.1191406250000000E-02    0.9535598754882812E-03
   91   -0.1113281250000000E-02    0.1134986877441406E-02
   92   -0.1953125000000000E-04    0.7789230346679687E-03
   93   -0.7968750000000000E-02    0.8567047119140625E-03
   94    0.9765625000000000E-03    0.9023284912109375E-03
   95   -0.7812500000000000E-03    0.1021423339843750E-02
   96   -0.3515625000000000E-02    0.1099777221679688E-02
   97   -0.1328125000000000E-02    0.9964752197265626E-03
   98   -0.3417968750000000E-02    0.8098220825195312E-03
   99    0.4882812500000000E-03    0.1173591613769531E-02
  100   -0.5937500000000000E-02    0.1068420410156250E-02
