# time =    0.4617
    0    0.1000000000000000E+01    0.1000000000000000E+01
    1    0.2449218750000000E+00    0.6089843750000000E-01
    2    0.6183593750000000E-01    0.4754257202148437E-02
    3    0.2314453125000000E-01    0.1371955871582031E-02
    4    0.4414062500000000E-02    0.9351348876953124E-03
    5    0.1171875000000000E-03    0.8690643310546875E-03
    6   -0.7343750000000000E-02    0.8563232421875000E-03
    7   -0.2128906250000000E-02    0.7271194458007813E-03
    8    0.2714843750000000E-02    0.9778213500976562E-03
    9    0.1269531250000000E-02    0.7874679565429688E-03
   10    0.3496093750000000E-02    0.9804153442382812E-03
   11    0.6191406250000000E-02    0.1047019958496094E-02
   12    0.4257812500000000E-02    0.1149063110351563E-02
   13    0.4687500000000000E-03    0.1096801757812500E-02
   14    0.1015625000000000E-02    0.9764862060546875E-03
   15   -0.2343750000000000E-02    0.1066055297851562E-02
   16   -0.1777343750000000E-02    0.1042900085449219E-02
   17    0.2851562500000000E-02    0.7858276367187500E-03
   18   -0.3144531250000000E-02    0.7840347290039063E-03
   19   -0.5429687500000000E-02    0.1009521484375000E-02
   20   -0.2597656250000000E-02    0.9767532348632813E-03
   21   -0.1386718750000000E-02    0.1188087463378906E-02
   22   -0.3300781250000000E-02    0.9395980834960938E-03
   23   -0.3281250000000000E-02    0.7405853271484374E-03
   24   -0.9570312500000000E-03    0.9644699096679688E-03
   25   -0.1953125000000000E-03    0.1004104614257813E-02
   26    0.5507812500000000E-02    0.9609985351562500E-03
   27    0.9765625000000001E-04    0.9139633178710938E-03
   28   -0.2421875000000000E-02    0.8116912841796875E-03
   29    0.1425781250000000E-02    0.1032447814941406E-02
   30    0.3261718750000000E-02    0.1359367370605469E-02
   31    0.1328125000000000E-02    0.1090316772460937E-02
   32   -0.9375000000000000E-03    0.8934783935546875E-03
   33   -0.1289062500000000E-02    0.8827209472656250E-03
   34    0.0000000000000000E+00    0.8326721191406250E-03
   35   -0.7812500000000000E-04    0.9666442871093750E-03
   36    0.2968750000000000E-02    0.1034545898437500E-02
   37    0.3476562500000000E-02    0.1329803466796875E-02
   38    0.2148437500000000E-03    0.6852340698242187E-03
   39   -0.6464843750000000E-02    0.1020545959472656E-02
   40   -0.1992187500000000E-02    0.9397125244140625E-03
   41   -0.6093750000000000E-02    0.1188278198242188E-02
   42   -0.2324218750000000E-02    0.8032608032226562E-03
   43   -0.2460937500000000E-02    0.1047821044921875E-02
   44   -0.2929687500000000E-03    0.9791946411132812E-03
   45   -0.2812500000000000E-02    0.1169738769531250E-02
   46    0.5468750000000000E-02    0.9640502929687500E-03
   47    0.1054687500000000E-02    0.1066589355468750E-02
   48   -0.6191406250000000E-02    0.9355545043945312E-03
   49    0.2929687500000000E-03    0.6620407104492188E-03
   50   -0.4296875000000000E-03    0.8849334716796875E-03
   51    0.9179687499999999E-03    0.9431838989257812E-03
   52    0.5273437500000000E-02    0.8259582519531250E-03
   53    0.5664062500000000E-03    0.1024665832519531E-02
   54    0.4355468750000000E-02    0.9310531616210937E-03
   55   -0.6640625000000000E-03    0.8570098876953125E-03
   56    0.3535156250000000E-02    0.1119880676269531E-02
   57    0.1035156250000000E-02    0.8138656616210937E-03
   58    0.4882812500000000E-03    0.1131172180175781E-02
   59    0.3886718750000000E-02    0.8937454223632812E-03
   60    0.4687500000000000E-02    0.8836364746093749E-03
   61    0.1660156250000000E-02    0.1117515563964844E-02
   62    0.3320312500000000E-02    0.8712005615234375E-03
   63   -0.3339843750000000E-02    0.1153144836425781E-02
   64    0.2519531250000000E-02    0.1300315856933594E-02
   65    0.7050781250000000E-02    0.1089134216308594E-02
   66    0.6621093750000000E-02    0.1166267395019531E-02
   67   -0.5078125000000000E-03    0.9793090820312501E-03
   68    0.2734375000000000E-03    0.7534027099609375E-03
   69   -0.9238281250000001E-02    0.1373176574707031E-02
   70   -0.2656250000000000E-02    0.9867858886718750E-03
   71    0.1210937500000000E-02    0.9233856201171875E-03
   72   -0.7851562499999999E-02    0.1007690429687500E-02
   73   -0.2363281250000000E-02    0.9079360961914062E-03
   74   -0.2539062500000000E-03    0.9720993041992188E-03
   75   -0.2617187500000000E-02    0.9422302246093750E-03
   76   -0.1347656250000000E-02    0.8339309692382813E-03
   77   -0.3300781250000000E-02    0.7928848266601562E-03
   78    0.1777343750000000E-02    0.7655715942382812E-03
   79    0.2226562500000000E-02    0.9127807617187500E-03
   80   -0.2246093750000000E-02    0.1014976501464844E-02
   81   -0.4296875000000000E-03    0.7542419433593750E-03
   82    0.5468750000000001E-03    0.9370422363281249E-03
   83    0.1679687500000000E-02    0.7853698730468750E-03
   84    0.1503906250000000E-02    0.8458328247070312E-03
   85    0.5976562500000000E-02    0.8653259277343750E-03
   86    0.7421875000000000E-02    0.8039093017578125E-03
   87    0.5449218750000000E-02    0.9289169311523437E-03
   88   -0.4589843750000000E-02    0.8601760864257813E-03
   89   -0.4042968750000000E-02    0.9032821655273437E-03
   90   -0.4746093750000000E-02    0.1077156066894531E-02
   91    0.1425781250000000E-02    0.9144210815429688E-03
   92   -0.4101562500000000E-02    0.8602905273437500E-03
   93   -0.2675781250000000E-02    0.1075630187988281E-02
   94    0.8593750000000000E-03    0.8480072021484375E-03
   95    0.4570312500000000E-02    0.8510589599609375E-03
   96    0.4238281250000000E-02    0.1073799133300781E-02
   97    0.3046875000000000E-02    0.1054077148437500E-02
   98   -0.7988281250000000E-02    0.1170463562011719E-02
   99   -0.3417968750000000E-02    0.8746719360351562E-03
  100   -0.3066406250000000E-02    0.7885360717773438E-03
