# time =    0.4556
    0    0.1000000000000000E+01    0.1000000000000000E+01
    1    0.2993750000000000E+00    0.9042106628417969E-01
    2    0.1192968750000000E+00    0.1522445678710938E-01
    3    0.6093750000000000E-01    0.4745559692382812E-02
    4    0.3228515625000000E-01    0.2037467956542969E-02
    5    0.1958984375000000E-01    0.1484642028808594E-02
    6    0.8281250000000000E-02    0.1119232177734375E-02
    7    0.9355468750000000E-02    0.1136054992675781E-02
    8    0.7656250000000000E-02    0.1211242675781250E-02
    9    0.2421875000000000E-02    0.8300018310546875E-03
   10    0.1289062500000000E-02    0.9472656250000000E-03
   11    0.3710937500000000E-02    0.8330535888671875E-03
   12    0.4492187500000000E-03    0.8507919311523438E-03
   13   -0.4492187500000000E-03    0.6811141967773438E-03
   14   -0.4550781250000000E-02    0.8235549926757812E-03
   15   -0.5351562500000000E-02    0.6422424316406251E-03
   16   -0.4531250000000000E-02    0.8365631103515625E-03
   17   -0.1796875000000000E-02    0.1192550659179688E-02
   18    0.1855468750000000E-02    0.9563064575195312E-03
   19   -0.2167968750000000E-02    0.1137275695800781E-02
   20    0.1210937500000000E-02    0.9983062744140625E-03
   21    0.2441406250000000E-02    0.9508895874023438E-03
   22    0.4980468750000000E-02    0.9328079223632813E-03
   23   -0.4101562500000000E-03    0.1014518737792969E-02
   24    0.7421875000000000E-03    0.8676147460937500E-03
   25    0.1113281250000000E-02    0.1189231872558594E-02
   26    0.2578125000000000E-02    0.8831787109375000E-03
   27    0.3964843750000000E-02    0.9824752807617188E-03
   28    0.5683593750000000E-02    0.1157875061035156E-02
   29    0.7812500000000000E-04    0.9290313720703125E-03
   30   -0.3027343750000000E-02    0.8399581909179687E-03
   31    0.6054687500000000E-03    0.8893966674804688E-03
   32   -0.3906250000000000E-02    0.1124038696289063E-02
   33    0.1367187500000000E-02    0.8970642089843750E-03
   34    0.5468750000000000E-02    0.9353637695312500E-03
   35    0.1035156250000000E-02    0.1111335754394531E-02
   36   -0.1542968750000000E-02    0.9473800659179687E-03
   37   -0.2304687500000000E-02    0.9599304199218749E-03
   38   -0.4570312500000000E-02    0.1087722778320312E-02
   39    0.7812500000000000E-04    0.1118392944335938E-02
   40   -0.7421875000000000E-03    0.9801483154296875E-03
   41   -0.4042968750000000E-02    0.1062049865722656E-02
   42   -0.3281250000000000E-02    0.1035003662109375E-02
   43   -0.2656250000000000E-02    0.8243560791015625E-03
   44   -0.2324218750000000E-02    0.8950424194335937E-03
   45    0.7812500000000000E-03    0.9007263183593750E-03
   46   -0.1523437500000000E-02    0.9446716308593749E-03
   47   -0.4042968750000000E-02    0.1285667419433594E-02
   48   -0.2167968750000000E-02    0.9448623657226562E-03
   49    0.3007812500000000E-02    0.7688140869140625E-03
   50    0.8281250000000000E-02    0.8486175537109375E-03
   51    0.8203125000000000E-03    0.9835815429687499E-03
   52    0.1289062500000000E-02    0.7209777832031250E-03
   53   -0.1679687500000000E-02    0.9709167480468750E-03
   54    0.5781250000000000E-02    0.8567810058593750E-03
   55    0.6054687500000000E-02    0.1116867065429687E-02
   56    0.1699218750000000E-02    0.1138801574707031E-02
   57   -0.1054687500000000E-02    0.1007690429687500E-02
   58    0.2148437500000000E-03    0.1010093688964844E-02
   59   -0.2695312500000000E-02    0.7874298095703125E-03
   60    0.1562500000000000E-02    0.9224700927734375E-03
   61    0.5078125000000000E-03    0.7930755615234375E-03
   62   -0.3320312500000000E-03    0.7031631469726563E-03
   63   -0.4687500000000000E-03    0.9269714355468750E-03
   64    0.4101562500000000E-03    0.1051063537597656E-02
   65   -0.1269531250000000E-02    0.8414077758789062E-03
   66    0.2714843750000000E-02    0.1102790832519531E-02
   67    0.1679687500000000E-02    0.1112442016601563E-02
   68    0.5859375000000000E-03    0.1089706420898438E-02
   69    0.1015625000000000E-02    0.9984588623046875E-03
   70   -0.1347656250000000E-02    0.8668899536132812E-03
   71    0.6054687500000000E-03    0.8448410034179687E-03
   72    0.4082031250000000E-02    0.9014511108398438E-03
   73    0.3105468750000000E-02    0.9970474243164063E-03
   74    0.1796875000000000E-02    0.1006317138671875E-02
   75   -0.1953125000000000E-03    0.9814453124999999E-03
   76    0.2343750000000000E-03    0.9181213378906250E-03
   77    0.1757812500000000E-03    0.8867263793945312E-03
   78   -0.1503906250000000E-02    0.1307563781738281E-02
   79   -0.1113281250000000E-02    0.1359443664550781E-02
   80   -0.9765625000000000E-03    0.1253051757812500E-02
   81    0.2128906250000000E-02    0.1080589294433594E-02
   82   -0.3554687500000000E-02    0.8200836181640625E-03
   83   -0.2343750000000000E-03    0.9278106689453125E-03
   84    0.2636718750000000E-02    0.7645797729492188E-03
   85    0.3554687500000000E-02    0.1042175292968750E-02
   86    0.1015625000000000E-02    0.9122467041015624E-03
   87    0.3613281250000000E-02    0.8250045776367188E-03
   88    0.3886718750000000E-02    0.8936691284179688E-03
   89    0.1875000000000000E-02    0.1098251342773437E-02
   90    0.5742187500000000E-02    0.1186523437500000E-02
   91    0.6328125000000000E-02    0.1067428588867187E-02
   92    0.3007812500000000E-02    0.9192657470703125E-03
   93    0.4355468750000000E-02    0.9878921508789064E-03
   94    0.3125000000000000E-03    0.9076690673828125E-03
   95    0.1445312500000000E-02    0.7455444335937500E-03
   96   -0.1855468750000000E-02    0.8255386352539062E-03
   97    0.4082031250000000E-02    0.1041374206542969E-02
   98    0.7832031250000000E-02    0.1029472351074219E-02
   99    0.4296875000000000E-02    0.9636688232421875E-03
  100    0.4042968750000000E-02    0.1149024963378906E-02
