# time =    0.4662
    0    0.1000000000000000E+01    0.1000000000000000E+01
    1    0.1995703125000000E+00    0.4072471618652344E-01
    2    0.3427734375000000E-01    0.2281074523925781E-02
    3    0.8203125000000000E-02    0.1330718994140625E-02
    4    0.9765625000000001E-04    0.8030319213867187E-03
    5    0.0000000000000000E+00    0.8388519287109375E-03
    6   -0.5195312500000000E-02    0.1098022460937500E-02
    7   -0.3398437500000000E-02    0.1130828857421875E-02
    8   -0.1796875000000000E-02    0.1031875610351562E-02
    9   -0.2246093750000000E-02    0.1120033264160156E-02
   10    0.3808593750000000E-02    0.9621047973632813E-03
   11   -0.1171875000000000E-03    0.8789825439453125E-03
   12   -0.7363281250000000E-02    0.6891250610351563E-03
   13    0.6406250000000000E-02    0.1232757568359375E-02
   14    0.1269531250000000E-02    0.1034126281738281E-02
   15   -0.7812500000000000E-04    0.9287261962890625E-03
   16   -0.4902343750000000E-02    0.1059837341308594E-02
   17   -0.4511718750000000E-02    0.1073341369628906E-02
   18    0.1289062500000000E-02    0.9002685546875000E-03
   19    0.3496093750000000E-02    0.1090354919433594E-02
   20   -0.1738281250000000E-02    0.9770584106445312E-03
   21   -0.5078125000000000E-03    0.7836914062500000E-03
   22   -0.4042968750000000E-02    0.1049079895019531E-02
   23    0.5859375000000000E-04    0.8874130249023437E-03
   24    0.1718750000000000E-02    0.8721923828124999E-03
   25    0.1757812500000000E-03    0.1002998352050781E-02
   26    0.2968750000000000E-02    0.1318283081054687E-02
   27   -0.1992187500000000E-02    0.9545135498046875E-03
   28   -0.1367187500000000E-03    0.9902572631835937E-03
   29   -0.7226562500000000E-03    0.9113693237304687E-03
   30    0.5078125000000000E-03    0.7019805908203125E-03
   31   -0.3320312500000000E-03    0.1009559631347656E-02
   32    0.3125000000000000E-03    0.1158599853515625E-02
   33   -0.4960937500000000E-02    0.9839630126953125E-03
   34    0.2929687500000000E-02    0.1098937988281250E-02
   35   -0.2695312500000000E-02    0.1045074462890625E-02
   36    0.2128906250000000E-02    0.1131172180175781E-02
   37   -0.3945312500000000E-02    0.9787750244140624E-03
   38    0.2187500000000000E-02    0.1024932861328125E-02
   39    0.6679687500000000E-02    0.1302947998046875E-02
   40    0.5292968750000000E-02    0.9474563598632813E-03
   41   -0.4589843750000000E-02    0.1058616638183594E-02
   42   -0.2988281250000000E-02    0.8668899536132812E-03
   43   -0.3125000000000000E-02    0.1079483032226563E-02
   44    0.2402343750000000E-02    0.9526443481445312E-03
   45   -0.5859375000000000E-03    0.9743499755859375E-03
   46   -0.8203125000000000E-03    0.1172714233398438E-02
   47   -0.8007812500000000E-03    0.6782150268554687E-03
   48   -0.2617187500000000E-02    0.8155822753906250E-03
   49   -0.1367187500000000E-02    0.8423614501953125E-03
   50   -0.3066406250000000E-02    0.1058387756347656E-02
   51   -0.2480468750000000E-02    0.1100654602050781E-02
   52   -0.1718750000000000E-02    0.9059143066406250E-03
   53   -0.6386718750000000E-02    0.1117286682128906E-02
   54    0.3378906250000000E-02    0.7883071899414063E-03
   55   -0.4238281250000000E-02    0.1058235168457031E-02
   56    0.1093750000000000E-02    0.9598541259765625E-03
   57   -0.1289062500000000E-02    0.7593536376953125E-03
   58    0.3125000000000000E-03    0.1044311523437500E-02
   59    0.1777343750000000E-02    0.8754348754882813E-03
   60    0.3457031250000000E-02    0.9937667846679687E-03
   61    0.5800781250000000E-02    0.9377670288085938E-03
   62   -0.8398437500000000E-03    0.1037483215332031E-02
   63   -0.3105468750000000E-02    0.9572982788085937E-03
   64   -0.3710937500000000E-03    0.1122550964355469E-02
   65   -0.3125000000000000E-02    0.8791351318359375E-03
   66    0.8789062500000000E-03    0.7749557495117188E-03
   67   -0.4511718750000000E-02    0.9983444213867187E-03
   68   -0.4296875000000000E-03    0.1037979125976563E-02
   69   -0.4472656250000000E-02    0.8935928344726562E-03
   70   -0.2832031250000000E-02    0.1019935607910156E-02
   71    0.2031250000000000E-02    0.8952331542968750E-03
   72    0.2441406250000000E-02    0.9550094604492187E-03
   73   -0.9375000000000000E-03    0.7834625244140625E-03
   74   -0.1191406250000000E-02    0.1138038635253906E-02
   75   -0.4882812500000000E-03    0.1067161560058594E-02
   76   -0.2949218750000000E-02    0.1070442199707031E-02
   77    0.5468750000000001E-03    0.9648895263671875E-03
   78    0.5859375000000000E-04    0.9379959106445312E-03
   79    0.3027343750000000E-02    0.1112251281738281E-02
   80    0.3906250000000000E-04    0.8248901367187500E-03
   81    0.3906250000000000E-03    0.1056594848632813E-02
   82    0.8984375000000000E-03    0.8660125732421875E-03
   83   -0.1562500000000000E-02    0.1034088134765625E-02
   84    0.8203125000000000E-03    0.1096115112304687E-02
   85    0.1367187500000000E-02    0.9639739990234375E-03
   86   -0.3457031250000000E-02    0.7548904418945312E-03
   87   -0.1601562500000000E-02    0.1009292602539062E-02
   88    0.5859375000000000E-04    0.1099205017089844E-02
   89   -0.5273437500000000E-02    0.1162643432617187E-02
   90   -0.5761718750000000E-02    0.1142616271972656E-02
   91   -0.4277343750000000E-02    0.1164283752441406E-02
   92   -0.6425781250000000E-02    0.9167861938476563E-03
   93    0.1152343750000000E-02    0.8892440795898438E-03
   94   -0.9375000000000000E-03    0.1238403320312500E-02
   95   -0.1367187500000000E-03    0.9230422973632812E-03
   96   -0.4609375000000000E-02    0.7829284667968750E-03
   97   -0.4277343750000000E-02    0.1114082336425781E-02
   98   -0.3515625000000000E-03    0.1005859375000000E-02
   99    0.2558593750000000E-02    0.8177566528320313E-03
  100    0.5664062500000000E-03    0.1143989562988281E-02
