# time =    0.4641
    0    0.1000000000000000E+01    0.1000000000000000E+01
    1    0.2571484375000000E+00    0.6705093383789062E-01
    2    0.8027343750000000E-01    0.7265243530273437E-02
    3    0.3013671875000000E-01    0.2140007019042969E-02
    4    0.1275390625000000E-01    0.1102790832519531E-02
    5    0.5742187500000000E-02    0.1033477783203125E-02
    6    0.5332031250000000E-02    0.1079597473144531E-02
    7    0.1171875000000000E-02    0.1092147827148438E-02
    8    0.3203125000000000E-02    0.1095275878906250E-02
    9    0.6132812500000000E-02    0.9638214111328125E-03
   10    0.5449218750000000E-02    0.1239814758300781E-02
   11    0.7226562500000000E-03    0.8033370971679688E-03
   12   -0.1953125000000000E-02    0.8863830566406251E-03
   13    0.2734375000000000E-02    0.8265686035156250E-03
   14    0.3437500000000000E-02    0.9246063232421875E-03
   15   -0.7148437500000000E-02    0.9440612792968750E-03
   16   -0.1855468750000000E-02    0.7973098754882812E-03
   17   -0.3007812500000000E-02    0.1091766357421875E-02
   18   -0.4121093750000000E-02    0.1063423156738281E-02
   19   -0.4101562500000000E-03    0.8086013793945312E-03
   20    0.2148437500000000E-03    0.1205558776855469E-02
   21   -0.2792968750000000E-02    0.1068153381347656E-02
   22    0.3906250000000000E-04    0.1011276245117188E-02
   23    0.1289062500000000E-02    0.1283721923828125E-02
   24    0.3066406250000000E-02    0.9959793090820312E-03
   25   -0.3691406250000000E-02    0.9323501586914062E-03
   26    0.2343750000000000E-02    0.9814453124999999E-03
   27    0.2226562500000000E-02    0.9645843505859376E-03
   28   -0.8398437500000000E-03    0.1012077331542969E-02
   29   -0.8007812500000000E-03    0.8667373657226563E-03
   30    0.4082031250000000E-02    0.9486770629882812E-03
   31    0.5175781250000000E-02    0.7892990112304687E-03
   32   -0.3261718750000000E-02    0.6589889526367188E-03
   33    0.1582031250000000E-02    0.7544326782226563E-03
   34    0.4726562500000000E-02    0.1061248779296875E-02
   35   -0.1738281250000000E-02    0.8799362182617187E-03
   36   -0.6835937500000000E-03    0.1042823791503906E-02
   37    0.2011718750000000E-02    0.8648300170898438E-03
   38   -0.4843750000000000E-02    0.9199523925781250E-03
   39   -0.3222656250000000E-02    0.6978225708007813E-03
   40   -0.3593750000000000E-02    0.1003189086914063E-02
   41   -0.3710937500000000E-03    0.1174736022949219E-02
   42   -0.2695312500000000E-02    0.1176071166992188E-02
   43    0.3691406250000000E-02    0.1069831848144531E-02
   44    0.2871093750000000E-02    0.1127662658691406E-02
   45    0.5664062500000000E-02    0.9035491943359376E-03
   46   -0.2324218750000000E-02    0.1133689880371094E-02
   47   -0.6835937500000000E-03    0.1009407043457031E-02
   48   -0.4687500000000000E-03    0.8901214599609375E-03
   49   -0.2812500000000000E-02    0.9259796142578125E-03
   50   -0.2910156250000000E-02    0.1155204772949219E-02
   51   -0.1699218750000000E-02    0.1128807067871094E-02
   52    0.3281250000000000E-02    0.9770202636718750E-03
   53   -0.1171875000000000E-03    0.9111785888671876E-03
   54    0.9765625000000000E-03    0.1054611206054687E-02
   55    0.7812500000000000E-03    0.5983734130859376E-03
   56    0.4492187500000000E-02    0.9529113769531250E-03
   57    0.2441406250000000E-02    0.1038169860839844E-02
   58    0.2167968750000000E-02    0.8878707885742188E-03
   59    0.2871093750000000E-02    0.8098220825195312E-03
   60   -0.2480468750000000E-02    0.8959579467773438E-03
   61    0.5664062500000000E-03    0.1079978942871094E-02
   62    0.2031250000000000E-02    0.1004867553710938E-02
   63   -0.1308593750000000E-02    0.8048629760742188E-03
   64    0.5058593750000000E-02    0.8965682983398438E-03
   65    0.1035156250000000E-02    0.8860397338867188E-03
   66   -0.8964843750000000E-02    0.8937454223632812E-03
   67    0.2070312500000000E-02    0.9807586669921876E-03
   68    0.3906250000000000E-03    0.1152191162109375E-02
   69    0.8593750000000000E-03    0.8070373535156250E-03
   70    0.1289062500000000E-02    0.9462738037109375E-03
   71    0.4179687500000000E-02    0.1204376220703125E-02
   72   -0.4921875000000000E-02    0.8425903320312500E-03
   73    0.3710937500000000E-02    0.8618927001953125E-03
   74    0.9570312500000000E-03    0.1038093566894531E-02
   75    0.1035156250000000E-02    0.8092117309570312E-03
   76    0.6445312500000000E-03    0.1133766174316406E-02
   77   -0.6562500000000000E-02    0.9645843505859376E-03
   78   -0.3867187500000000E-02    0.8316040039062500E-03
   79    0.1953125000000000E-03    0.6398010253906250E-03
   80    0.2539062500000000E-03    0.8756637573242188E-03
   81    0.8203125000000000E-03    0.8615875244140626E-03
   82   -0.1425781250000000E-02    0.1231346130371094E-02
   83    0.2910156250000000E-02    0.9206008911132813E-03
   84    0.3085937500000000E-02    0.8570861816406250E-03
   85   -0.9960937500000000E-03    0.6979751586914062E-03
   86    0.1718750000000000E-02    0.9037780761718750E-03
   87    0.5605468750000000E-02    0.9479141235351563E-03
   88   -0.3144531250000000E-02    0.9460830688476562E-03
   89    0.5078125000000000E-03    0.9126281738281250E-03
   90    0.3867187500000000E-02    0.6430816650390625E-03
   91    0.1269531250000000E-02    0.7627487182617187E-03
   92    0.1562500000000000E-03    0.1042709350585937E-02
   93    0.4882812500000000E-03    0.8491897583007813E-03
   94    0.1074218750000000E-02    0.1003837585449219E-02
   95    0.2695312500000000E-02    0.9320068359375000E-03
   96   -0.2050781250000000E-02    0.1222648620605469E-02
   97   -0.1406250000000000E-02    0.9921264648437499E-03
   98   -0.7812500000000000E-04    0.9674835205078125E-03
   99    0.1347656250000000E-02    0.9708023071289063E-03
  100    0.2148437500000000E-02    0.8740234375000000E-03
