# time =    0.4364
    0    0.1000000000000000E+01    0.1000000000000000E+01
    1    0.3318945312500000E+00    0.1109711837768555E+00
    2    0.1581445312500000E+00    0.2608554840087891E-01
    3    0.9642578125000000E-01    0.1026348114013672E-01
    4    0.7015625000000000E-01    0.5878753662109375E-02
    5    0.5511718750000000E-01    0.4028320312500000E-02
    6    0.4349609375000000E-01    0.2962303161621094E-02
    7    0.3937500000000000E-01    0.2483596801757812E-02
    8    0.3519531250000000E-01    0.2290802001953125E-02
    9    0.2839843750000000E-01    0.1809692382812500E-02
   10    0.3015625000000000E-01    0.1864471435546875E-02
   11    0.2597656250000000E-01    0.1643218994140625E-02
   12    0.2181640625000000E-01    0.1338233947753906E-02
   13    0.2093750000000000E-01    0.1469726562500000E-02
   14    0.2148437500000000E-01    0.1582336425781250E-02
   15    0.1599609375000000E-01    0.1086616516113281E-02
   16    0.1390625000000000E-01    0.1088867187500000E-02
   17    0.1201171875000000E-01    0.1026420593261719E-02
   18    0.9433593750000000E-02    0.1099281311035156E-02
   19    0.1423828125000000E-01    0.1094398498535156E-02
   20    0.1250000000000000E-01    0.1093139648437500E-02
   21    0.9101562500000000E-02    0.9931182861328124E-03
   22    0.1044921875000000E-01    0.9311294555664063E-03
   23    0.9062499999999999E-02    0.1083526611328125E-02
   24    0.6386718750000000E-02    0.1094322204589844E-02
   25    0.3554687500000000E-02    0.9319305419921875E-03
   26    0.3222656250000000E-02    0.1109352111816406E-02
   27   -0.1250000000000000E-02    0.7963562011718750E-03
   28    0.4394531250000000E-02    0.8242416381835937E-03
   29    0.3925781250000000E-02    0.9506607055664063E-03
   30    0.6621093750000000E-02    0.9565353393554688E-03
   31    0.4824218750000000E-02    0.7427597045898438E-03
   32    0.6347656250000000E-02    0.1013069152832031E-02
   33    0.7128906250000000E-02    0.9076309204101563E-03
   34    0.8437500000000001E-02    0.9184265136718750E-03
   35    0.4140625000000000E-02    0.9795379638671874E-03
   36    0.6171875000000000E-02    0.9383392333984375E-03
   37    0.5976562500000000E-02    0.1062469482421875E-02
   38    0.3007812500000000E-02    0.9778594970703124E-03
   39    0.8007812499999999E-02    0.1272735595703125E-02
   40    0.2617187500000000E-02    0.1288909912109375E-02
   41    0.7519531250000000E-02    0.1337699890136719E-02
   42    0.2792968750000000E-02    0.1242713928222656E-02
   43    0.3027343750000000E-02    0.1089668273925781E-02
   44    0.1250000000000000E-02    0.9340667724609376E-03
   45    0.4199218750000000E-02    0.8959579467773438E-03
   46    0.1757812500000000E-02    0.8658599853515625E-03
   47   -0.3027343750000000E-02    0.1060676574707031E-02
   48    0.3105468750000000E-02    0.1114311218261719E-02
   49    0.1777343750000000E-02    0.1104469299316406E-02
   50    0.2187500000000000E-02    0.9227752685546875E-03
   51    0.4257812500000000E-02    0.9597778320312500E-03
   52    0.2167968750000000E-02    0.8734512329101562E-03
   53    0.5664062500000000E-03    0.6800460815429688E-03
   54    0.1894531250000000E-02    0.8420944213867188E-03
   55    0.3808593750000000E-02    0.7357406616210938E-03
   56    0.1621093750000000E-02    0.1073875427246094E-02
   57    0.5019531250000000E-02    0.9161758422851562E-03
   58    0.9765625000000001E-04    0.8881759643554688E-03
   59   -0.8984375000000000E-03    0.9377288818359375E-03
   60    0.3378906250000000E-02    0.9386062622070313E-03
   61    0.1796875000000000E-02    0.9308624267578125E-03
   62    0.2910156250000000E-02    0.1001701354980469E-02
   63   -0.2539062500000000E-03    0.8588027954101562E-03
   64    0.3046875000000000E-02    0.6852722167968749E-03
   65    0.2226562500000000E-02    0.1007614135742187E-02
   66    0.5136718750000000E-02    0.8358383178710938E-03
   67    0.3398437500000000E-02    0.9043884277343750E-03
   68    0.7226562500000000E-03    0.8832168579101563E-03
   69    0.1542968750000000E-02    0.8536911010742187E-03
   70    0.2460937500000000E-02    0.9294891357421875E-03
   71    0.2832031250000000E-02    0.1043281555175781E-02
   72    0.1640625000000000E-02    0.9105682373046875E-03
   73   -0.1796875000000000E-02    0.9303283691406250E-03
   74   -0.5078125000000000E-03    0.9937286376953125E-03
   75   -0.1191406250000000E-02    0.9354019165039063E-03
   76   -0.3281250000000000E-02    0.1070251464843750E-02
   77    0.8398437500000000E-03    0.9607315063476562E-03
   78    0.3320312500000000E-02    0.9886169433593751E-03
   79    0.2792968750000000E-02    0.1197700500488281E-02
   80    0.1757812500000000E-03    0.1050453186035156E-02
   81    0.4667968750000000E-02    0.1055107116699219E-02
   82    0.4433593750000000E-02    0.9459304809570312E-03
   83   -0.1582031250000000E-02    0.1253395080566406E-02
   84    0.4687500000000000E-03    0.1035003662109375E-02
   85   -0.1972656250000000E-02    0.1004600524902344E-02
   86    0.2890625000000000E-02    0.1075057983398437E-02
   87    0.2695312500000000E-02    0.1158142089843750E-02
   88    0.5859375000000000E-03    0.1304855346679688E-02
   89   -0.3339843750000000E-02    0.1226539611816406E-02
   90    0.2578125000000000E-02    0.1131210327148438E-02
   91    0.2851562500000000E-02    0.1302413940429688E-02
   92   -0.4101562500000000E-03    0.1386985778808594E-02
   93    0.1035156250000000E-02    0.1442527770996094E-02
   94   -0.7031250000000000E-03    0.1232070922851563E-02
   95   -0.2597656250000000E-02    0.1271705627441406E-02
   96   -0.1367187500000000E-02    0.1108016967773437E-02
   97   -0.5390625000000000E-02    0.1230392456054688E-02
   98   -0.3984375000000000E-02    0.1051559448242188E-02
   99   -0.2734375000000000E-02    0.1038513183593750E-02
  100   -0.3007812500000000E-02    0.1086349487304687E-02
