# time =    0.4715
    0    0.1000000000000000E+01    0.1000000000000000E+01
    1    0.1872265625000000E+00    0.3589157104492188E-01
    2    0.3982421875000000E-01    0.2384223937988281E-02
    3    0.8339843749999999E-02    0.1035804748535156E-02
    4   -0.4394531250000000E-02    0.9714889526367187E-03
    5    0.4296875000000000E-02    0.1280212402343750E-02
    6    0.1953125000000000E-03    0.1190032958984375E-02
    7   -0.3593750000000000E-02    0.8793640136718750E-03
    8   -0.2460937500000000E-02    0.1170501708984375E-02
    9   -0.3222656250000000E-02    0.8108139038085938E-03
   10    0.2382812500000000E-02    0.8417510986328125E-03
   11    0.1562500000000000E-02    0.8995819091796875E-03
   12    0.3222656250000000E-02    0.8753585815429687E-03
   13    0.3691406250000000E-02    0.9380722045898437E-03
   14    0.3007812500000000E-02    0.8613586425781250E-03
   15    0.4863281250000000E-02    0.9573745727539062E-03
   16    0.3515625000000000E-02    0.1311264038085938E-02
   17   -0.3125000000000000E-03    0.8921813964843750E-03
   18    0.7792968750000000E-02    0.7815170288085938E-03
   19    0.7031250000000000E-03    0.1037445068359375E-02
   20    0.1875000000000000E-02    0.1099090576171875E-02
   21    0.5273437500000000E-03    0.1028633117675781E-02
   22   -0.4687500000000000E-02    0.8177185058593751E-03
   23   -0.4882812500000000E-02    0.9455871582031250E-03
   24   -0.2968750000000000E-02    0.1093215942382812E-02
   25   -0.2910156250000000E-02    0.1028404235839844E-02
   26    0.6445312500000000E-02    0.7595062255859375E-03
   27    0.1640625000000000E-02    0.1010894775390625E-02
   28    0.3437500000000000E-02    0.1182479858398438E-02
   29    0.4335937500000000E-02    0.1007232666015625E-02
   30    0.7812500000000000E-04    0.1016616821289062E-02
   31    0.1601562500000000E-02    0.9277343750000000E-03
   32    0.7617187500000000E-03    0.9736251831054687E-03
   33    0.6835937500000000E-03    0.1110572814941406E-02
   34    0.4492187500000000E-03    0.9799575805664062E-03
   35   -0.1113281250000000E-02    0.8957290649414063E-03
   36    0.1191406250000000E-02    0.1075782775878906E-02
   37    0.2363281250000000E-02    0.9820175170898438E-03
   38    0.5859375000000000E-04    0.8809280395507813E-03
   39    0.3203125000000000E-02    0.1059570312500000E-02
   40    0.3125000000000000E-03    0.9475708007812500E-03
   41    0.5078125000000000E-02    0.8009338378906250E-03
   42    0.1679687500000000E-02    0.6966400146484375E-03
   43    0.1796875000000000E-02    0.6874084472656250E-03
   44   -0.1503906250000000E-02    0.9589767456054687E-03
   45   -0.1250000000000000E-02    0.9667205810546875E-03
   46    0.3417968750000000E-02    0.1060600280761719E-02
   47    0.3203125000000000E-02    0.8605957031250000E-03
   48    0.2304687500000000E-02    0.9786224365234376E-03
   49   -0.6210937500000000E-02    0.8687591552734375E-03
   50   -0.4121093750000000E-02    0.9535598754882812E-03
   51   -0.1933593750000000E-02    0.7162857055664063E-03
   52   -0.2246093750000000E-02    0.1074104309082031E-02
   53    0.7226562500000000E-03    0.9305191040039063E-03
   54    0.1445312500000000E-02    0.9634399414062500E-03
   55    0.5156250000000000E-02    0.9719848632812500E-03
   56   -0.1621093750000000E-02    0.1209220886230469E-02
   57    0.2500000000000000E-02    0.7894134521484375E-03
   58   -0.4101562500000000E-03    0.8595657348632813E-03
   59   -0.2382812500000000E-02    0.1123046875000000E-02
   60    0.1972656250000000E-02    0.1048393249511719E-02
   61    0.5468750000000001E-03    0.9265136718750000E-03
   62   -0.1367187500000000E-03    0.8536911010742187E-03
   63    0.4335937500000000E-02    0.9139251708984375E-03
   64   -0.3378906250000000E-02    0.1136131286621094E-02
   65    0.3828125000000000E-02    0.8531951904296875E-03
   66   -0.1660156250000000E-02    0.9757614135742187E-03
   67   -0.1289062500000000E-02    0.1058959960937500E-02
   68   -0.1542968750000000E-02    0.8494186401367187E-03
   69    0.3945312500000000E-02    0.8256530761718750E-03
   70    0.8007812500000000E-03    0.1216850280761719E-02
   71   -0.1660156250000000E-02    0.1050224304199219E-02
   72   -0.6503906250000000E-02    0.8766555786132813E-03
   73    0.5722656250000000E-02    0.1091194152832031E-02
   74    0.7421875000000000E-03    0.9226989746093750E-03
   75   -0.3535156250000000E-02    0.1035194396972656E-02
   76    0.7812500000000000E-04    0.1088027954101563E-02
   77   -0.4687500000000000E-02    0.9027099609374999E-03
   78   -0.9589843750000000E-02    0.1020545959472656E-02
   79   -0.6093750000000000E-02    0.1006317138671875E-02
   80   -0.1718750000000000E-02    0.7649230957031250E-03
   81    0.3925781250000000E-02    0.1008186340332031E-02
   82    0.4082031250000000E-02    0.1053581237792969E-02
   83   -0.7226562500000000E-03    0.7431411743164063E-03
   84    0.3183593750000000E-02    0.9790420532226562E-03
   85    0.3125000000000000E-03    0.9523773193359375E-03
   86    0.3730468750000000E-02    0.8643722534179688E-03
   87   -0.1875000000000000E-02    0.1096878051757813E-02
   88   -0.1250000000000000E-02    0.9950256347656249E-03
   89   -0.3320312500000000E-03    0.9824752807617188E-03
   90   -0.3496093750000000E-02    0.1059761047363281E-02
   91    0.1445312500000000E-02    0.8712005615234375E-03
   92    0.7226562500000000E-03    0.9630203247070312E-03
   93   -0.8593750000000000E-03    0.9992980957031249E-03
   94   -0.2714843750000000E-02    0.7971572875976562E-03
   95   -0.3085937500000000E-02    0.1090393066406250E-02
   96   -0.3632812500000000E-02    0.8408355712890625E-03
   97   -0.1191406250000000E-02    0.8571243286132812E-03
   98   -0.7226562500000000E-03    0.9951400756835938E-03
   99    0.7812500000000000E-03    0.1148605346679688E-02
  100    0.1796875000000000E-02    0.1082992553710937E-02
