# time =    0.4497
    0    0.1000000000000000E+01    0.1000000000000000E+01
    1    0.2890429687500000E+00    0.8423946380615234E-01
    2    0.9492187500000000E-01    0.9799118041992188E-02
    3    0.4064453125000000E-01    0.2276039123535156E-02
    4    0.1939453125000000E-01    0.1359672546386719E-02
    5    0.5449218750000000E-02    0.1073417663574219E-02
    6    0.4550781250000000E-02    0.1169700622558594E-02
    7   -0.7226562500000000E-03    0.1179466247558594E-02
    8    0.1425781250000000E-02    0.1286506652832031E-02
    9    0.2265625000000000E-02    0.1325988769531250E-02
   10   -0.2070312500000000E-02    0.9275817871093750E-03
   11   -0.3769531250000000E-02    0.6766891479492187E-03
   12   -0.5664062500000000E-03    0.1007957458496094E-02
   13   -0.1718750000000000E-02    0.1450881958007812E-02
   14   -0.1953125000000000E-03    0.9278106689453125E-03
   15    0.3906250000000000E-03    0.1131896972656250E-02
   16   -0.3457031250000000E-02    0.1043281555175781E-02
   17    0.1250000000000000E-02    0.8438110351562500E-03
   18    0.7031250000000000E-03    0.7995605468750000E-03
   19    0.1699218750000000E-02    0.9350967407226562E-03
   20    0.9570312500000000E-03    0.9689712524414062E-03
   21   -0.3964843750000000E-02    0.1070137023925781E-02
   22    0.2167968750000000E-02    0.8905410766601562E-03
   23    0.8222656250000000E-02    0.1022071838378906E-02
   24    0.3125000000000000E-02    0.9454345703125000E-03
   25    0.3710937500000000E-03    0.9131240844726563E-03
   26    0.5664062500000000E-03    0.8041763305664063E-03
   27    0.2617187500000000E-02    0.9455871582031250E-03
   28   -0.2109375000000000E-02    0.7259368896484375E-03
   29   -0.7421875000000000E-03    0.1002960205078125E-02
   30    0.2050781250000000E-02    0.1021537780761719E-02
   31    0.2597656250000000E-02    0.1313514709472656E-02
   32    0.2343750000000000E-03    0.1034393310546875E-02
   33    0.2812500000000000E-02    0.1088409423828125E-02
   34    0.3007812500000000E-02    0.1034927368164063E-02
   35   -0.5527343750000000E-02    0.9342575073242187E-03
   36    0.1796875000000000E-02    0.9250640869140625E-03
   37    0.1503906250000000E-02    0.9877395629882813E-03
   38   -0.4882812500000000E-03    0.9552383422851562E-03
   39   -0.5117187500000000E-02    0.1031188964843750E-02
   40    0.2929687500000000E-03    0.9102249145507813E-03
   41    0.6640625000000000E-03    0.9692382812500000E-03
   42    0.3847656250000000E-02    0.1190299987792969E-02
   43   -0.2851562500000000E-02    0.1238937377929687E-02
   44    0.2148437500000000E-03    0.1052970886230469E-02
   45    0.2753906250000000E-02    0.9013748168945312E-03
   46   -0.2714843750000000E-02    0.8156967163085938E-03
   47    0.4394531250000000E-02    0.1014976501464844E-02
   48    0.4238281250000000E-02    0.9889602661132812E-03
   49    0.2714843750000000E-02    0.8716964721679687E-03
   50    0.3144531250000000E-02    0.9126663208007812E-03
   51   -0.7460937500000000E-02    0.8423614501953125E-03
   52   -0.1640625000000000E-02    0.1314849853515625E-02
   53    0.1718750000000000E-02    0.1027069091796875E-02
   54   -0.3457031250000000E-02    0.9942245483398437E-03
   55   -0.3476562500000000E-02    0.9678649902343750E-03
   56    0.3320312500000000E-02    0.1094131469726562E-02
   57   -0.1875000000000000E-02    0.9439086914062500E-03
   58    0.2656250000000000E-02    0.1141204833984375E-02
   59    0.7226562500000000E-02    0.1035995483398437E-02
   60    0.5078125000000000E-03    0.1211242675781250E-02
   61    0.1757812500000000E-02    0.8444976806640625E-03
   62   -0.1562500000000000E-02    0.1005477905273437E-02
   63   -0.4179687500000000E-02    0.1046524047851562E-02
   64    0.1171875000000000E-02    0.1113739013671875E-02
   65   -0.6054687500000000E-03    0.7777786254882812E-03
   66    0.1933593750000000E-02    0.1197776794433594E-02
   67    0.1464843750000000E-02    0.1005973815917969E-02
   68    0.4003906250000000E-02    0.1037330627441406E-02
   69    0.1250000000000000E-02    0.8973693847656250E-03
   70    0.7968750000000000E-02    0.9874725341796876E-03
   71    0.1914062500000000E-02    0.9446716308593749E-03
   72   -0.7421875000000000E-03    0.9727478027343750E-03
   73    0.1972656250000000E-02    0.1053428649902344E-02
   74    0.4746093750000000E-02    0.9781265258789063E-03
   75    0.7910156250000000E-02    0.9506607055664063E-03
   76    0.3417968750000000E-02    0.9131240844726563E-03
   77    0.8007812500000000E-03    0.9447860717773437E-03
   78   -0.3320312500000000E-03    0.6966781616210937E-03
   79    0.3496093750000000E-02    0.1075325012207031E-02
   80    0.8203125000000000E-03    0.7273101806640625E-03
   81    0.0000000000000000E+00    0.1009140014648438E-02
   82    0.2539062500000000E-02    0.1156463623046875E-02
   83    0.2285156250000000E-02    0.1017875671386719E-02
   84    0.3906250000000000E-04    0.1380691528320312E-02
   85   -0.5273437500000000E-03    0.1153144836425781E-02
   86   -0.3046875000000000E-02    0.8079528808593750E-03
   87    0.7421875000000000E-03    0.1032257080078125E-02
   88   -0.1914062500000000E-02    0.1212234497070312E-02
   89   -0.1230468750000000E-02    0.8695602416992187E-03
   90   -0.5273437500000000E-03    0.1044425964355469E-02
   91    0.3320312500000000E-03    0.9777450561523438E-03
   92    0.2929687500000000E-02    0.9401702880859375E-03
   93    0.3750000000000000E-02    0.1014633178710938E-02
   94   -0.8203125000000000E-03    0.8708953857421875E-03
   95    0.9960937500000000E-03    0.7928085327148438E-03
   96    0.2695312500000000E-02    0.8872222900390625E-03
   97   -0.3144531250000000E-02    0.9820175170898438E-03
   98    0.8203125000000000E-03    0.8403015136718750E-03
   99    0.3476562500000000E-02    0.9585571289062500E-03
  100   -0.2617187500000000E-02    0.9230041503906250E-03
