# time =    0.4231
    0    0.1000000000000000E+01    0.1000000000000000E+01
    1    0.3308203125000000E+00    0.1103137969970703E+00
    2    0.1727539062500000E+00    0.3073352813720703E-01
    3    0.1204101562500000E+00    0.1530818939208984E-01
    4    0.9320312500000000E-01    0.9522399902343749E-02
    5    0.7917968750000000E-01    0.7371444702148438E-02
    6    0.6775390625000000E-01    0.5409278869628906E-02
    7    0.6421875000000000E-01    0.5046005249023437E-02
    8    0.5279296875000000E-01    0.3835868835449219E-02
    9    0.5335937500000000E-01    0.3762435913085937E-02
   10    0.5201171875000000E-01    0.3711128234863281E-02
   11    0.4929687500000000E-01    0.3269805908203125E-02
   12    0.4525390625000000E-01    0.2840461730957031E-02
   13    0.3916015625000000E-01    0.2438240051269531E-02
   14    0.3980468750000000E-01    0.2574386596679688E-02
   15    0.3572265625000000E-01    0.2283058166503906E-02
   16    0.3443359375000000E-01    0.2207450866699219E-02
   17    0.3642578125000000E-01    0.2275276184082031E-02
   18    0.3369140625000000E-01    0.2081565856933594E-02
   19    0.3451171875000000E-01    0.2128562927246094E-02
   20    0.3152343750000000E-01    0.1971130371093750E-02
   21    0.3062500000000000E-01    0.1909408569335938E-02
   22    0.3210937500000000E-01    0.2053604125976563E-02
   23    0.3095703125000000E-01    0.1791648864746094E-02
   24    0.3162109375000000E-01    0.1738548278808594E-02
   25    0.2880859375000000E-01    0.1634788513183594E-02
   26    0.2759765625000000E-01    0.1631813049316406E-02
   27    0.3068359375000000E-01    0.1725578308105469E-02
   28    0.2755859375000000E-01    0.1662559509277344E-02
   29    0.2796875000000000E-01    0.1888885498046875E-02
   30    0.2494140625000000E-01    0.1612052917480469E-02
   31    0.2640625000000000E-01    0.1599273681640625E-02
   32    0.2666015625000000E-01    0.1653099060058594E-02
   33    0.2441406250000000E-01    0.1778106689453125E-02
   34    0.2365234375000000E-01    0.1669502258300781E-02
   35    0.2167968750000000E-01    0.1419906616210938E-02
   36    0.2371093750000000E-01    0.1638107299804688E-02
   37    0.2283203125000000E-01    0.1449394226074219E-02
   38    0.2332031250000000E-01    0.1425323486328125E-02
   39    0.2199218750000000E-01    0.1409454345703125E-02
   40    0.2189453125000000E-01    0.1399955749511719E-02
   41    0.2332031250000000E-01    0.1541442871093750E-02
   42    0.2388671875000000E-01    0.1610450744628906E-02
   43    0.2470703125000000E-01    0.1563072204589844E-02
   44    0.2400390625000000E-01    0.1455039978027344E-02
   45    0.2363281250000000E-01    0.1655883789062500E-02
   46    0.2361328125000000E-01    0.1582908630371094E-02
   47    0.2509765625000000E-01    0.1679954528808594E-02
   48    0.2287109375000000E-01    0.1526145935058594E-02
   49    0.2261718750000000E-01    0.1530685424804687E-02
   50    0.2515625000000000E-01    0.1677093505859375E-02
   51    0.1941406250000000E-01    0.1497802734375000E-02
   52    0.2085937500000000E-01    0.1464920043945312E-02
   53    0.2187500000000000E-01    0.1430130004882812E-02
   54    0.2076171875000000E-01    0.1543388366699219E-02
   55    0.1845703125000000E-01    0.1267814636230469E-02
   56    0.1921875000000000E-01    0.1335754394531250E-02
   57    0.1921875000000000E-01    0.1387252807617188E-02
   58    0.1718750000000000E-01    0.1293792724609375E-02
   59    0.1583984375000000E-01    0.1242256164550781E-02
   60    0.1587890625000000E-01    0.1147727966308594E-02
   61    0.1369140625000000E-01    0.1181983947753906E-02
   62    0.1638671875000000E-01    0.1408500671386719E-02
   63    0.1755859375000000E-01    0.1146965026855469E-02
   64    0.1830078125000000E-01    0.1130790710449219E-02
   65    0.1820312500000000E-01    0.1174468994140625E-02
   66    0.1839843750000000E-01    0.1276473999023438E-02
   67    0.1843750000000000E-01    0.1326751708984375E-02
   68    0.1576171875000000E-01    0.1199836730957031E-02
   69    0.1521484375000000E-01    0.1146202087402344E-02
   70    0.1888671875000000E-01    0.1250877380371094E-02
   71    0.1783203125000000E-01    0.1220970153808594E-02
   72    0.1687500000000000E-01    0.1203155517578125E-02
   73    0.1468750000000000E-01    0.1202011108398438E-02
   74    0.1525390625000000E-01    0.1267509460449219E-02
   75    0.1601562500000000E-01    0.1237564086914063E-02
   76    0.1523437500000000E-01    0.1231842041015625E-02
   77    0.1697265625000000E-01    0.1095848083496094E-02
   78    0.1416015625000000E-01    0.9653091430664063E-03
   79    0.1884765625000000E-01    0.1191978454589844E-02
   80    0.2050781250000000E-01    0.1381988525390625E-02
   81    0.2138671875000000E-01    0.1330680847167969E-02
   82    0.1988281250000000E-01    0.1268920898437500E-02
   83    0.1960937500000000E-01    0.1292724609375000E-02
   84    0.1593750000000000E-01    0.1140136718750000E-02
   85    0.1623046875000000E-01    0.1233329772949219E-02
   86    0.1322265625000000E-01    0.1118431091308594E-02
   87    0.1408203125000000E-01    0.1126289367675781E-02
   88    0.1539062500000000E-01    0.1236495971679687E-02
   89    0.1580078125000000E-01    0.1344184875488281E-02
   90    0.1591796875000000E-01    0.1273918151855469E-02
   91    0.1556640625000000E-01    0.1208076477050781E-02
   92    0.1462890625000000E-01    0.1025505065917969E-02
   93    0.1601562500000000E-01    0.1085968017578125E-02
   94    0.1638671875000000E-01    0.9897994995117189E-03
   95    0.1619140625000000E-01    0.1094932556152344E-02
   96    0.1478515625000000E-01    0.1028633117675781E-02
   97    0.1339843750000000E-01    0.9257507324218750E-03
   98    0.1527343750000000E-01    0.9746551513671875E-03
   99    0.1449218750000000E-01    0.9071350097656250E-03
  100    0.1429687500000000E-01    0.9936523437500001E-03
