# time =    0.4688
    0    0.1000000000000000E+01    0.1000000000000000E+01
    1    0.2087109375000000E+00    0.4429840087890625E-01
    2    0.5189453125000000E-01    0.3714942932128906E-02
    3    0.1644531250000000E-01    0.1172332763671875E-02
    4    0.8750000000000001E-02    0.1006927490234375E-02
    5    0.1021484375000000E-01    0.1163673400878906E-02
    6    0.2597656250000000E-02    0.1056404113769531E-02
    7    0.2187500000000000E-02    0.8743286132812500E-03
    8    0.3613281250000000E-02    0.9351730346679688E-03
    9    0.5312500000000000E-02    0.8824920654296875E-03
   10    0.1875000000000000E-02    0.8935546875000000E-03
   11    0.6171875000000000E-02    0.1181945800781250E-02
   12    0.3105468750000000E-02    0.9237289428710938E-03
   13    0.6054687500000000E-03    0.6889724731445313E-03
   14    0.3906250000000000E-04    0.9359741210937501E-03
   15   -0.1171875000000000E-03    0.1272583007812500E-02
   16   -0.6171875000000000E-02    0.1007919311523438E-02
   17   -0.8417968749999999E-02    0.9086227416992187E-03
   18   -0.6386718750000000E-02    0.1102409362792969E-02
   19    0.2734375000000000E-03    0.1068038940429688E-02
   20   -0.1484375000000000E-02    0.7850646972656250E-03
   21   -0.2890625000000000E-02    0.9756469726562500E-03
   22   -0.6250000000000000E-02    0.1198730468750000E-02
   23    0.1875000000000000E-02    0.8399200439453125E-03
   24   -0.1679687500000000E-02    0.8361816406250000E-03
   25   -0.6445312500000000E-03    0.1119880676269531E-02
   26   -0.1542968750000000E-02    0.9712600708007813E-03
   27   -0.2285156250000000E-02    0.8770370483398437E-03
   28    0.2656250000000000E-02    0.9624481201171875E-03
   29   -0.2011718750000000E-02    0.8087539672851562E-03
   30   -0.3945312500000000E-02    0.1180877685546875E-02
   31    0.9765625000000001E-04    0.1052894592285156E-02
   32   -0.1171875000000000E-02    0.1129455566406250E-02
   33   -0.7949218750000001E-02    0.9997177124023437E-03
   34   -0.1132812500000000E-02    0.1111984252929688E-02
   35   -0.5703125000000000E-02    0.1298370361328125E-02
   36   -0.3378906250000000E-02    0.1043510437011719E-02
   37    0.4941406250000000E-02    0.1145362854003906E-02
   38    0.1347656250000000E-02    0.9652328491210938E-03
   39   -0.1582031250000000E-02    0.1072883605957031E-02
   40   -0.1562500000000000E-02    0.1062774658203125E-02
   41    0.2851562500000000E-02    0.1126403808593750E-02
   42    0.3613281250000000E-02    0.1028480529785156E-02
   43    0.5292968750000000E-02    0.1074256896972656E-02
   44    0.2734375000000000E-02    0.1188659667968750E-02
   45    0.3769531250000000E-02    0.7957839965820313E-03
   46   -0.1152343750000000E-02    0.1080284118652344E-02
   47    0.8027343750000001E-02    0.1260643005371094E-02
   48    0.4863281250000000E-02    0.6917953491210937E-03
   49   -0.6523437500000000E-02    0.8514404296875000E-03
   50   -0.4628906250000000E-02    0.9435653686523437E-03
   51   -0.3574218750000000E-02    0.7746505737304687E-03
   52   -0.6601562500000000E-02    0.1059341430664062E-02
   53   -0.3496093750000000E-02    0.8966445922851563E-03
   54    0.1601562500000000E-02    0.9568786621093750E-03
   55    0.2109375000000000E-02    0.7324981689453125E-03
   56    0.1523437500000000E-02    0.8668518066406250E-03
   57   -0.3320312500000000E-03    0.9557723999023438E-03
   58   -0.2558593750000000E-02    0.1042900085449219E-02
   59    0.1308593750000000E-02    0.8131027221679688E-03
   60   -0.8203125000000000E-03    0.8434295654296875E-03
   61   -0.5058593750000000E-02    0.7400131225585938E-03
   62   -0.3359375000000000E-02    0.9603118896484375E-03
   63    0.4882812500000000E-03    0.8911514282226563E-03
   64    0.3964843750000000E-02    0.1077919006347656E-02
   65    0.3652343750000000E-02    0.1053962707519531E-02
   66    0.8203125000000000E-03    0.9788513183593751E-03
   67    0.4492187500000000E-03    0.8704757690429687E-03
   68    0.1191406250000000E-02    0.7789993286132813E-03
   69    0.8203125000000000E-03    0.1085510253906250E-02
   70   -0.9375000000000000E-03    0.1003189086914063E-02
   71    0.4882812500000000E-03    0.9820938110351562E-03
   72    0.4179687500000000E-02    0.9140777587890625E-03
   73    0.1113281250000000E-02    0.9167861938476563E-03
   74   -0.3945312500000000E-02    0.9667968750000000E-03
   75   -0.2812500000000000E-02    0.9423828125000000E-03
   76   -0.3398437500000000E-02    0.1103591918945313E-02
   77   -0.5097656250000000E-02    0.1004066467285156E-02
   78    0.3574218750000000E-02    0.8301925659179687E-03
   79   -0.2734375000000000E-02    0.1157684326171875E-02
   80   -0.9179687499999999E-03    0.8724594116210938E-03
   81    0.2421875000000000E-02    0.1172103881835937E-02
   82    0.1699218750000000E-02    0.9085464477539062E-03
   83   -0.1132812500000000E-02    0.8109283447265625E-03
   84    0.2285156250000000E-02    0.1047859191894531E-02
   85    0.2050781250000000E-02    0.1329307556152344E-02
   86   -0.2578125000000000E-02    0.9545135498046875E-03
   87   -0.6074218750000000E-02    0.1023139953613281E-02
   88   -0.4492187500000000E-03    0.1241111755371094E-02
   89    0.5878906250000000E-02    0.8254623413085937E-03
   90    0.2031250000000000E-02    0.9327697753906250E-03
   91    0.1992187500000000E-02    0.1127166748046875E-02
   92   -0.1425781250000000E-02    0.1002311706542969E-02
   93    0.9179687499999999E-03    0.1073036193847656E-02
   94   -0.2714843750000000E-02    0.1013984680175781E-02
   95    0.3339843750000000E-02    0.8345413208007813E-03
   96   -0.1933593750000000E-02    0.1167030334472656E-02
   97   -0.1914062500000000E-02    0.9835052490234375E-03
   98    0.4062500000000000E-02    0.1343078613281250E-02
   99    0.1269531250000000E-02    0.6929397583007813E-03
  100    0.1835937500000000E-02    0.9516906738281250E-03
