# time =    0.4725
    0    0.1000000000000000E+01    0.1000000000000000E+01
    1    0.2159375000000000E+00    0.4722206115722656E-01
    2    0.5404296875000000E-01    0.3873023986816406E-02
    3    0.1503906250000000E-01    0.1071853637695313E-02
    4    0.3125000000000000E-02    0.9342956542968750E-03
    5   -0.5195312500000000E-02    0.1114501953125000E-02
    6   -0.3281250000000000E-02    0.1039733886718750E-02
    7   -0.8007812500000000E-03    0.1062660217285156E-02
    8   -0.5859375000000000E-04    0.1055793762207031E-02
    9   -0.1250000000000000E-02    0.1061553955078125E-02
   10    0.8984375000000000E-03    0.9099578857421875E-03
   11    0.2324218750000000E-02    0.7978439331054688E-03
   12    0.4062500000000000E-02    0.8139038085937501E-03
   13    0.1347656250000000E-02    0.1022224426269531E-02
   14   -0.1953125000000000E-03    0.1101150512695313E-02
   15    0.3476562500000000E-02    0.1001586914062500E-02
   16   -0.3398437500000000E-02    0.1199035644531250E-02
   17   -0.5234375000000000E-02    0.1183853149414062E-02
   18   -0.3867187500000000E-02    0.1125869750976562E-02
   19    0.9765625000000000E-03    0.7799530029296875E-03
   20    0.5449218750000000E-02    0.1028327941894531E-02
   21    0.4003906250000000E-02    0.9028244018554687E-03
   22    0.1816406250000000E-02    0.9991836547851563E-03
   23    0.3906250000000000E-04    0.8953094482421875E-03
   24    0.1562500000000000E-03    0.9985351562500000E-03
   25   -0.2460937500000000E-02    0.1062698364257812E-02
   26    0.2929687500000000E-02    0.1028442382812500E-02
   27    0.1289062500000000E-02    0.7309722900390625E-03
   28    0.3007812500000000E-02    0.1000442504882812E-02
   29   -0.6250000000000000E-03    0.1166229248046875E-02
   30    0.4296875000000000E-02    0.9983825683593751E-03
   31   -0.1699218750000000E-02    0.9325790405273437E-03
   32   -0.4296875000000000E-02    0.1037826538085938E-02
   33   -0.2089843750000000E-02    0.6635665893554687E-03
   34    0.5468750000000000E-02    0.1065750122070312E-02
   35   -0.3906250000000000E-03    0.1115722656250000E-02
   36   -0.3320312500000000E-03    0.7735061645507813E-03
   37   -0.3066406250000000E-02    0.1130943298339844E-02
   38   -0.3203125000000000E-02    0.9374237060546875E-03
   39    0.7382812500000000E-02    0.9197998046875000E-03
   40   -0.1953125000000000E-03    0.1042556762695313E-02
   41    0.5664062500000000E-03    0.7425308227539063E-03
   42   -0.4960937500000000E-02    0.7709503173828125E-03
   43   -0.9179687499999999E-03    0.9669113159179687E-03
   44   -0.1640625000000000E-02    0.8724212646484375E-03
   45    0.8203125000000000E-03    0.1136550903320312E-02
   46    0.3105468750000000E-02    0.7558822631835938E-03
   47    0.1484375000000000E-02    0.8665466308593750E-03
   48    0.2031250000000000E-02    0.1167221069335938E-02
   49    0.3847656250000000E-02    0.8966445922851563E-03
   50   -0.5078125000000000E-03    0.9568786621093750E-03
   51   -0.2578125000000000E-02    0.1110153198242187E-02
   52   -0.1328125000000000E-02    0.1193695068359375E-02
   53   -0.5605468750000000E-02    0.8754348754882813E-03
   54   -0.9375000000000000E-03    0.1033935546875000E-02
   55    0.5859375000000000E-03    0.9092712402343751E-03
   56    0.2343750000000000E-02    0.6871032714843750E-03
   57    0.2695312500000000E-02    0.1000747680664062E-02
   58    0.1250000000000000E-02    0.1318435668945313E-02
   59    0.3261718750000000E-02    0.1028251647949219E-02
   60    0.1250000000000000E-02    0.9003448486328125E-03
   61    0.7265625000000000E-02    0.8897399902343750E-03
   62    0.3222656250000000E-02    0.1043434143066406E-02
   63    0.8125000000000000E-02    0.1040649414062500E-02
   64   -0.1562500000000000E-02    0.7683563232421875E-03
   65    0.7031250000000000E-03    0.9423065185546875E-03
   66    0.4667968750000000E-02    0.1074943542480469E-02
   67   -0.3515625000000000E-03    0.9414672851562500E-03
   68   -0.2968750000000000E-02    0.1013565063476562E-02
   69    0.4082031250000000E-02    0.7597732543945312E-03
   70   -0.3144531250000000E-02    0.9331130981445313E-03
   71    0.1503906250000000E-02    0.1142692565917969E-02
   72   -0.1777343750000000E-02    0.8264541625976563E-03
   73   -0.2460937500000000E-02    0.1092605590820313E-02
   74   -0.3417968750000000E-02    0.8600234985351562E-03
   75   -0.2832031250000000E-02    0.9923934936523437E-03
   76   -0.5039062500000000E-02    0.1039123535156250E-02
   77    0.6054687500000000E-03    0.1180763244628906E-02
   78    0.2480468750000000E-02    0.1117210388183594E-02
   79   -0.6835937500000000E-03    0.1147956848144531E-02
   80   -0.1308593750000000E-02    0.8107376098632813E-03
   81   -0.7812500000000000E-04    0.1012649536132812E-02
   82   -0.3242187500000000E-02    0.1110458374023438E-02
   83    0.1191406250000000E-02    0.8870315551757813E-03
   84   -0.6445312500000000E-03    0.7515335083007812E-03
   85    0.1757812500000000E-03    0.9064102172851563E-03
   86   -0.1015625000000000E-02    0.8183288574218750E-03
   87    0.1523437500000000E-02    0.1024169921875000E-02
   88   -0.4335937500000000E-02    0.1044540405273437E-02
   89   -0.9570312500000000E-03    0.8064651489257812E-03
   90   -0.3281250000000000E-02    0.1055831909179687E-02
   91   -0.4062500000000000E-02    0.9242248535156250E-03
   92    0.1054687500000000E-02    0.9521484375000000E-03
   93   -0.3906250000000000E-03    0.1279296875000000E-02
   94   -0.1914062500000000E-02    0.1082305908203125E-02
   95   -0.1464843750000000E-02    0.1086006164550781E-02
   96   -0.4375000000000000E-02    0.6906890869140625E-03
   97   -0.3925781250000000E-02    0.9140396118164063E-03
   98   -0.2402343750000000E-02    0.8594131469726562E-03
   99   -0.6250000000000000E-03    0.1164550781250000E-02
  100   -0.4648437500000000E-02    0.1120986938476563E-02
