# time =    0.4706
    0    0.1000000000000000E+01    0.1000000000000000E+01
    1    0.2197851562500000E+00    0.4891803741455078E-01
    2    0.5222656250000000E-01    0.3631210327148437E-02
    3    0.1603515625000000E-01    0.1188163757324219E-02
    4    0.5546875000000000E-02    0.8304595947265625E-03
    5    0.5859375000000000E-04    0.8942031860351562E-03
    6   -0.2500000000000000E-02    0.1007232666015625E-02
    7   -0.1816406250000000E-02    0.8704757690429687E-03
    8   -0.3906250000000000E-03    0.9965515136718750E-03
    9   -0.3671875000000000E-02    0.9529113769531250E-03
   10    0.1699218750000000E-02    0.9400558471679688E-03
   11   -0.2792968750000000E-02    0.8061599731445313E-03
   12    0.4453125000000000E-02    0.1030426025390625E-02
   13   -0.5664062500000000E-03    0.1116752624511719E-02
   14    0.1445312500000000E-02    0.9986877441406250E-03
   15   -0.5078125000000000E-03    0.8036041259765625E-03
   16   -0.7031250000000000E-03    0.8718109130859375E-03
   17    0.7812500000000000E-03    0.8136749267578125E-03
   18    0.1757812500000000E-02    0.1008987426757812E-02
   19    0.5253906250000000E-02    0.1026420593261719E-02
   20    0.1269531250000000E-02    0.8838272094726562E-03
   21    0.3242187500000000E-02    0.9484100341796875E-03
   22   -0.4687500000000000E-02    0.1075363159179687E-02
   23    0.4882812500000000E-03    0.9390640258789062E-03
   24    0.3183593750000000E-02    0.8498764038085937E-03
   25    0.2890625000000000E-02    0.1030578613281250E-02
   26    0.3984375000000000E-02    0.9169769287109375E-03
   27   -0.1171875000000000E-02    0.9807586669921876E-03
   28   -0.3808593750000000E-02    0.9276199340820312E-03
   29   -0.6835937500000000E-03    0.8781051635742187E-03
   30   -0.7988281250000000E-02    0.1216316223144531E-02
   31   -0.9375000000000000E-03    0.8658599853515625E-03
   32   -0.5136718750000000E-02    0.1039772033691406E-02
   33   -0.1054687500000000E-02    0.9992218017578125E-03
   34   -0.4179687500000000E-02    0.1028823852539062E-02
   35   -0.5917968750000000E-02    0.6782150268554687E-03
   36   -0.3007812500000000E-02    0.8579254150390625E-03
   37   -0.1582031250000000E-02    0.9547042846679688E-03
   38    0.3027343750000000E-02    0.1266975402832031E-02
   39   -0.7421875000000000E-03    0.1001281738281250E-02
   40   -0.3964843750000000E-02    0.8999252319335937E-03
   41   -0.1953125000000000E-02    0.8668518066406250E-03
   42    0.2460937500000000E-02    0.1018905639648438E-02
   43    0.1367187500000000E-02    0.9313201904296874E-03
   44   -0.1953125000000000E-03    0.1220626831054688E-02
   45   -0.5058593750000000E-02    0.1036415100097656E-02
   46   -0.2910156250000000E-02    0.1105537414550781E-02
   47    0.2109375000000000E-02    0.9512329101562501E-03
   48   -0.4667968750000000E-02    0.8758163452148438E-03
   49   -0.6445312500000000E-03    0.1197776794433594E-02
   50    0.7617187500000000E-03    0.1163368225097656E-02
   51   -0.1464843750000000E-02    0.9793472290039063E-03
   52    0.7226562500000000E-03    0.9346389770507812E-03
   53    0.1171875000000000E-02    0.1097488403320312E-02
   54    0.4355468750000000E-02    0.9152603149414063E-03
   55   -0.6835937500000000E-03    0.8177566528320313E-03
   56    0.4648437500000000E-02    0.9219360351562500E-03
   57   -0.4355468750000000E-02    0.1142616271972656E-02
   58   -0.2148437500000000E-03    0.1168403625488281E-02
   59    0.5273437500000000E-03    0.9386062622070313E-03
   60   -0.5781250000000000E-02    0.8718109130859375E-03
   61    0.2578125000000000E-02    0.1117095947265625E-02
   62   -0.3222656250000000E-02    0.1134757995605469E-02
   63   -0.3984375000000000E-02    0.1137924194335938E-02
   64    0.5664062500000000E-03    0.1167182922363281E-02
   65    0.2382812500000000E-02    0.9645843505859376E-03
   66    0.4160156250000000E-02    0.8214187622070313E-03
   67    0.2343750000000000E-02    0.1064758300781250E-02
   68    0.6640625000000000E-03    0.8828735351562500E-03
   69   -0.2285156250000000E-02    0.9557723999023438E-03
   70   -0.3125000000000000E-03    0.1274414062500000E-02
   71   -0.3457031250000000E-02    0.7960128784179687E-03
   72    0.5878906250000000E-02    0.1025657653808594E-02
   73    0.2675781250000000E-02    0.1086845397949219E-02
   74   -0.4882812500000000E-03    0.1147270202636719E-02
   75    0.6582031250000000E-02    0.1148567199707031E-02
   76    0.8007812500000000E-03    0.1087837219238281E-02
   77   -0.1093750000000000E-02    0.7225036621093750E-03
   78   -0.2910156250000000E-02    0.8732223510742187E-03
   79   -0.1445312500000000E-02    0.1152114868164062E-02
   80   -0.1347656250000000E-02    0.8415603637695313E-03
   81   -0.4550781250000000E-02    0.1030006408691406E-02
   82   -0.3906250000000000E-04    0.8754730224609375E-03
   83   -0.1582031250000000E-02    0.1073493957519531E-02
   84    0.1113281250000000E-02    0.8179092407226562E-03
   85    0.2011718750000000E-02    0.8336257934570313E-03
   86   -0.3632812500000000E-02    0.9625244140625000E-03
   87    0.3437500000000000E-02    0.1054458618164063E-02
   88    0.1523437500000000E-02    0.9284973144531250E-03
   89   -0.1933593750000000E-02    0.1169853210449219E-02
   90   -0.1484375000000000E-02    0.7527160644531250E-03
   91   -0.2109375000000000E-02    0.9934997558593750E-03
   92   -0.4492187500000000E-02    0.1235885620117188E-02
   93   -0.2871093750000000E-02    0.7939529418945312E-03
   94   -0.3808593750000000E-02    0.1240196228027344E-02
   95   -0.1367187500000000E-02    0.1096801757812500E-02
   96   -0.2988281250000000E-02    0.9346389770507812E-03
   97    0.5859375000000000E-04    0.8530044555664063E-03
   98    0.8007812500000000E-03    0.1062355041503906E-02
   99    0.5410156250000000E-02    0.8798599243164063E-03
  100    0.4121093750000000E-02    0.9073257446289062E-03
