# time =    0.4604
    0    0.1000000000000000E+01    0.1000000000000000E+01
    1    0.2831640625000000E+00    0.8092285156250000E-01
    2    0.1187500000000000E+00    0.1488159179687500E-01
    3    0.6349609375000000E-01    0.5003700256347656E-02
    4    0.4232421875000000E-01    0.2862358093261719E-02
    5    0.2791015625000000E-01    0.1599006652832031E-02
    6    0.1587890625000000E-01    0.1219444274902344E-02
    7    0.5703125000000000E-02    0.1027374267578125E-02
    8    0.3183593750000000E-02    0.1026344299316406E-02
    9   -0.4375000000000000E-02    0.8506011962890625E-03
   10   -0.1796875000000000E-02    0.9889221191406250E-03
   11   -0.1953125000000000E-02    0.1030120849609375E-02
   12    0.2734375000000000E-03    0.9653472900390625E-03
   13    0.2929687500000000E-02    0.8843231201171875E-03
   14    0.4628906250000000E-02    0.9270095825195312E-03
   15    0.1757812500000000E-02    0.8905029296875000E-03
   16    0.5664062500000000E-02    0.1030044555664062E-02
   17    0.3300781250000000E-02    0.7818984985351562E-03
   18    0.1210937500000000E-02    0.1116333007812500E-02
   19   -0.8789062500000000E-03    0.9090042114257812E-03
   20    0.2304687500000000E-02    0.8830261230468750E-03
   21    0.1542968750000000E-02    0.1075325012207031E-02
   22    0.2285156250000000E-02    0.1007194519042969E-02
   23   -0.1035156250000000E-02    0.8569717407226563E-03
   24   -0.2558593750000000E-02    0.1070060729980469E-02
   25    0.1367187500000000E-03    0.8923721313476563E-03
   26   -0.1503906250000000E-02    0.8481216430664063E-03
   27   -0.8789062500000000E-03    0.7739639282226562E-03
   28    0.0000000000000000E+00    0.1064834594726562E-02
   29    0.4921875000000000E-02    0.1145629882812500E-02
   30    0.4296875000000000E-02    0.1006088256835938E-02
   31    0.1640625000000000E-02    0.9352111816406250E-03
   32   -0.2148437500000000E-03    0.8452987670898438E-03
   33    0.8398437500000000E-03    0.8951950073242187E-03
   34   -0.2675781250000000E-02    0.1020317077636719E-02
   35   -0.3515625000000000E-03    0.7929992675781250E-03
   36   -0.2734375000000000E-02    0.1145172119140625E-02
   37   -0.6054687500000000E-03    0.1083030700683594E-02
   38    0.5859375000000000E-04    0.1082801818847656E-02
   39    0.4921875000000000E-02    0.1208572387695312E-02
   40   -0.2910156250000000E-02    0.1164131164550781E-02
   41   -0.4140625000000000E-02    0.1045837402343750E-02
   42   -0.3320312500000000E-03    0.9967422485351563E-03
   43    0.1171875000000000E-02    0.1178436279296875E-02
   44   -0.3750000000000000E-02    0.1157302856445312E-02
   45   -0.5410156250000000E-02    0.9334945678710938E-03
   46    0.1738281250000000E-02    0.1050529479980469E-02
   47    0.1757812500000000E-02    0.1110076904296875E-02
   48    0.8984375000000000E-03    0.1057968139648437E-02
   49   -0.1015625000000000E-02    0.1128845214843750E-02
   50    0.1210937500000000E-02    0.1286621093750000E-02
   51   -0.2148437500000000E-03    0.8948898315429688E-03
   52    0.1914062500000000E-02    0.6190490722656250E-03
   53   -0.5019531250000000E-02    0.1016883850097656E-02
   54   -0.3222656250000000E-02    0.8294296264648438E-03
   55   -0.7812500000000000E-03    0.1179504394531250E-02
   56   -0.2167968750000000E-02    0.9963607788085937E-03
   57    0.7421875000000000E-03    0.1303024291992187E-02
   58    0.3320312500000000E-03    0.9482955932617188E-03
   59    0.9375000000000000E-03    0.1054229736328125E-02
   60    0.2968750000000000E-02    0.8119964599609376E-03
   61    0.1152343750000000E-02    0.7198715209960938E-03
   62    0.2539062500000000E-02    0.1124954223632812E-02
   63    0.8398437500000000E-03    0.1105232238769531E-02
   64    0.5957031250000000E-02    0.8731460571289062E-03
   65    0.2812500000000000E-02    0.1060028076171875E-02
   66    0.2871093750000000E-02    0.8616256713867188E-03
   67   -0.7031250000000000E-03    0.9078979492187500E-03
   68    0.6835937500000000E-03    0.9012222290039062E-03
   69   -0.2832031250000000E-02    0.7405471801757812E-03
   70    0.2324218750000000E-02    0.9016036987304687E-03
   71   -0.2011718750000000E-02    0.9394454956054688E-03
   72   -0.2460937500000000E-02    0.8270263671875000E-03
   73   -0.1445312500000000E-02    0.8197784423828125E-03
   74   -0.2421875000000000E-02    0.9539031982421875E-03
   75    0.6054687500000000E-03    0.1162376403808594E-02
   76   -0.1191406250000000E-02    0.1108894348144531E-02
   77   -0.1152343750000000E-02    0.8897018432617187E-03
   78   -0.3027343750000000E-02    0.9335708618164062E-03
   79   -0.2988281250000000E-02    0.7882308959960937E-03
   80    0.2343750000000000E-02    0.8405303955078125E-03
   81   -0.1269531250000000E-02    0.1046485900878906E-02
   82    0.1582031250000000E-02    0.9955978393554688E-03
   83    0.3046875000000000E-02    0.1030960083007812E-02
   84    0.1972656250000000E-02    0.8451461791992188E-03
   85   -0.3125000000000000E-03    0.7051086425781250E-03
   86   -0.1171875000000000E-03    0.8822631835937500E-03
   87    0.2421875000000000E-02    0.9893798828125001E-03
   88   -0.1796875000000000E-02    0.8238220214843750E-03
   89   -0.1875000000000000E-02    0.1093673706054687E-02
   90   -0.9765625000000000E-03    0.1151962280273438E-02
   91   -0.9765625000000000E-03    0.9103393554687499E-03
   92   -0.1328125000000000E-02    0.1106491088867188E-02
   93   -0.5292968750000000E-02    0.1096229553222656E-02
   94   -0.2109375000000000E-02    0.9259796142578125E-03
   95   -0.1621093750000000E-02    0.9836196899414063E-03
   96   -0.1953125000000000E-03    0.1182937622070313E-02
   97   -0.4882812500000000E-03    0.1107597351074219E-02
   98   -0.1152343750000000E-02    0.9128952026367188E-03
   99    0.8398437500000000E-03    0.1121864318847656E-02
  100   -0.1855468750000000E-02    0.9469985961914062E-03
