# time =    0.4464
    0    0.1000000000000000E+01    0.1000000000000000E+01
    1    0.2935937500000000E+00    0.8699325561523437E-01
    2    0.9880859375000001E-01    0.1092288970947266E-01
    3    0.3195312500000000E-01    0.2051086425781250E-02
    4    0.1007812500000000E-01    0.8625793457031250E-03
    5    0.9960937500000000E-03    0.7715988159179688E-03
    6   -0.1875000000000000E-02    0.8528900146484375E-03
    7   -0.4648437500000000E-02    0.1094131469726562E-02
    8   -0.2949218750000000E-02    0.1041984558105469E-02
    9    0.1738281250000000E-02    0.8587265014648438E-03
   10    0.1523437500000000E-02    0.6982421875000000E-03
   11    0.1953125000000000E-02    0.8286285400390625E-03
   12    0.1074218750000000E-02    0.9294509887695313E-03
   13    0.1777343750000000E-02    0.9204483032226562E-03
   14    0.3671875000000000E-02    0.8507537841796875E-03
   15    0.6425781250000000E-02    0.9634017944335938E-03
   16    0.1953125000000000E-03    0.1077728271484375E-02
   17    0.3828125000000000E-02    0.1124649047851562E-02
   18    0.3671875000000000E-02    0.1065444946289063E-02
   19    0.1875000000000000E-02    0.1068649291992187E-02
   20   -0.2324218750000000E-02    0.1060218811035156E-02
   21    0.4882812500000000E-03    0.9296798706054688E-03
   22   -0.2636718750000000E-02    0.7508468627929688E-03
   23    0.3125000000000000E-03    0.9284973144531250E-03
   24    0.5078125000000000E-03    0.7960510253906250E-03
   25   -0.8203125000000000E-03    0.1059341430664062E-02
   26   -0.1640625000000000E-02    0.9884643554687500E-03
   27   -0.7343750000000000E-02    0.9029388427734375E-03
   28   -0.4335937500000000E-02    0.1231384277343750E-02
   29    0.3027343750000000E-02    0.9089279174804688E-03
   30    0.4101562500000000E-03    0.6992721557617188E-03
   31    0.2871093750000000E-02    0.8098983764648438E-03
   32   -0.2324218750000000E-02    0.1092567443847656E-02
   33   -0.4492187500000000E-02    0.1119003295898437E-02
   34    0.3125000000000000E-03    0.9913635253906250E-03
   35   -0.8203125000000000E-03    0.1014785766601562E-02
   36    0.5429687500000000E-02    0.9981536865234376E-03
   37   -0.3906250000000000E-04    0.1044540405273437E-02
   38    0.3359375000000000E-02    0.9805297851562501E-03
   39   -0.1425781250000000E-02    0.8085250854492187E-03
   40    0.5664062500000000E-03    0.9528732299804687E-03
   41    0.3515625000000000E-03    0.1075973510742188E-02
   42    0.3164062500000000E-02    0.1153793334960937E-02
   43   -0.3515625000000000E-02    0.8943939208984375E-03
   44    0.3203125000000000E-02    0.7323455810546875E-03
   45   -0.1640625000000000E-02    0.7966613769531250E-03
   46   -0.1894531250000000E-02    0.9382247924804687E-03
   47   -0.1072265625000000E-01    0.1217765808105469E-02
   48    0.1347656250000000E-02    0.9516525268554687E-03
   49    0.2167968750000000E-02    0.8436965942382812E-03
   50   -0.4492187500000000E-02    0.9788513183593751E-03
   51   -0.4765625000000000E-02    0.1178970336914063E-02
   52   -0.4824218750000000E-02    0.1058311462402344E-02
   53   -0.7187500000000000E-02    0.1253204345703125E-02
   54   -0.3710937500000000E-02    0.1194000244140625E-02
   55    0.6835937500000000E-03    0.8946609497070313E-03
   56   -0.1757812500000000E-03    0.8584976196289063E-03
   57   -0.4726562500000000E-02    0.7711029052734374E-03
   58   -0.1835937500000000E-02    0.7685089111328125E-03
   59   -0.3203125000000000E-02    0.9581756591796875E-03
   60   -0.9375000000000000E-03    0.8340454101562499E-03
   61   -0.4531250000000000E-02    0.1250305175781250E-02
   62   -0.4511718750000000E-02    0.9753036499023437E-03
   63   -0.9375000000000000E-03    0.9217071533203125E-03
   64    0.2304687500000000E-02    0.9834289550781250E-03
   65   -0.4589843750000000E-02    0.1102943420410156E-02
   66   -0.5019531250000000E-02    0.9631729125976563E-03
   67   -0.2148437500000000E-03    0.1117744445800781E-02
   68    0.2539062500000000E-03    0.8529281616210938E-03
   69   -0.3144531250000000E-02    0.9240341186523437E-03
   70    0.1835937500000000E-02    0.9204864501953125E-03
   71   -0.3417968750000000E-02    0.8942031860351562E-03
   72   -0.1308593750000000E-02    0.9638595581054687E-03
   73    0.9375000000000000E-03    0.1031036376953125E-02
   74   -0.1679687500000000E-02    0.9844207763671875E-03
   75   -0.1679687500000000E-02    0.9003448486328125E-03
   76   -0.1699218750000000E-02    0.8100509643554687E-03
   77   -0.2617187500000000E-02    0.1086349487304687E-02
   78    0.3066406250000000E-02    0.1080665588378906E-02
   79   -0.5429687500000000E-02    0.1188812255859375E-02
   80   -0.1953125000000000E-04    0.1117057800292969E-02
   81   -0.4882812500000000E-03    0.1021919250488281E-02
   82   -0.3886718750000000E-02    0.1096916198730469E-02
   83   -0.6953125000000000E-02    0.1238708496093750E-02
   84   -0.1992187500000000E-02    0.9670257568359375E-03
   85   -0.4492187500000000E-02    0.1081619262695313E-02
   86   -0.7421875000000000E-03    0.9973907470703124E-03
   87   -0.2656250000000000E-02    0.1203613281250000E-02
   88   -0.3320312500000000E-02    0.1027984619140625E-02
   89   -0.1679687500000000E-02    0.8481597900390625E-03
   90    0.2031250000000000E-02    0.1048278808593750E-02
   91    0.1367187500000000E-02    0.1180877685546875E-02
   92    0.2167968750000000E-02    0.9900283813476561E-03
   93    0.2636718750000000E-02    0.8979415893554687E-03
   94   -0.2617187500000000E-02    0.1030426025390625E-02
   95    0.2734375000000000E-02    0.9740447998046875E-03
   96   -0.3066406250000000E-02    0.9786605834960938E-03
   97   -0.9960937500000000E-03    0.9383773803710938E-03
   98   -0.1894531250000000E-02    0.9656906127929688E-03
   99   -0.1210937500000000E-02    0.1166610717773437E-02
  100   -0.3515625000000000E-03    0.6630706787109375E-03
