# time =    0.4706
    0    0.1000000000000000E+01    0.1000000000000000E+01
    1    0.2302343750000000E+00    0.5383583068847656E-01
    2    0.6132812500000000E-01    0.4587326049804687E-02
    3    0.1888671875000000E-01    0.1304817199707031E-02
    4    0.7871093750000000E-02    0.1004676818847656E-02
    5    0.4062500000000000E-02    0.1120605468750000E-02
    6    0.3593750000000000E-02    0.9320068359375000E-03
    7   -0.5078125000000000E-03    0.8586883544921875E-03
    8    0.5410156250000000E-02    0.9487533569335938E-03
    9    0.5253906250000000E-02    0.9370803833007813E-03
   10    0.3691406250000000E-02    0.7931137084960937E-03
   11   -0.1640625000000000E-02    0.1216583251953125E-02
   12   -0.5468750000000001E-03    0.1112594604492188E-02
   13    0.1503906250000000E-02    0.9376144409179687E-03
   14    0.4101562500000000E-03    0.9321975708007813E-03
   15    0.1757812500000000E-02    0.1167526245117188E-02
   16    0.2050781250000000E-02    0.1118431091308594E-02
   17   -0.1562500000000000E-03    0.8274078369140625E-03
   18    0.1093750000000000E-02    0.8113098144531250E-03
   19   -0.4101562500000000E-03    0.8785629272460938E-03
   20   -0.9765625000000000E-03    0.1111984252929688E-02
   21    0.2929687500000000E-02    0.8641052246093750E-03
   22   -0.1484375000000000E-02    0.1043090820312500E-02
   23    0.9355468750000000E-02    0.1040763854980469E-02
   24    0.6289062500000000E-02    0.9275054931640624E-03
   25    0.3359375000000000E-02    0.9428405761718750E-03
   26    0.1855468750000000E-02    0.7947158813476563E-03
   27   -0.1289062500000000E-02    0.8238983154296875E-03
   28   -0.9375000000000000E-03    0.1180496215820312E-02
   29   -0.2070312500000000E-02    0.9963989257812500E-03
   30   -0.5839843750000000E-02    0.1024360656738281E-02
   31   -0.6132812500000000E-02    0.8485412597656250E-03
   32    0.1367187500000000E-02    0.9246063232421875E-03
   33    0.2734375000000000E-03    0.1001968383789063E-02
   34   -0.2812500000000000E-02    0.6534576416015625E-03
   35    0.1562500000000000E-03    0.9448242187500000E-03
   36    0.5019531250000000E-02    0.1128044128417969E-02
   37    0.9570312500000000E-03    0.1225700378417969E-02
   38   -0.7714843750000000E-02    0.7302474975585938E-03
   39   -0.1484375000000000E-02    0.9968566894531250E-03
   40    0.3222656250000000E-02    0.8305740356445312E-03
   41    0.2226562500000000E-02    0.1155624389648437E-02
   42   -0.4570312500000000E-02    0.1111831665039062E-02
   43    0.3828125000000000E-02    0.1012725830078125E-02
   44    0.1777343750000000E-02    0.1163215637207031E-02
   45    0.2734375000000000E-02    0.1071548461914062E-02
   46    0.3789062500000000E-02    0.8841705322265625E-03
   47    0.5527343750000000E-02    0.9836196899414063E-03
   48    0.6757812500000000E-02    0.1052017211914062E-02
   49   -0.1484375000000000E-02    0.1252059936523438E-02
   50    0.2871093750000000E-02    0.1126136779785156E-02
   51    0.3359375000000000E-02    0.1030273437500000E-02
   52    0.3730468750000000E-02    0.1166725158691406E-02
   53   -0.8398437500000000E-03    0.9778213500976562E-03
   54    0.1718750000000000E-02    0.9191894531250000E-03
   55    0.1992187500000000E-02    0.1064987182617188E-02
   56   -0.3906250000000000E-04    0.1239929199218750E-02
   57    0.6835937500000000E-03    0.1068840026855469E-02
   58    0.2734375000000000E-03    0.1188507080078125E-02
   59    0.5468750000000001E-03    0.1145553588867188E-02
   60   -0.3847656250000000E-02    0.8563613891601563E-03
   61    0.2285156250000000E-02    0.1002082824707031E-02
   62    0.2031250000000000E-02    0.1489791870117188E-02
   63   -0.1777343750000000E-02    0.1107521057128906E-02
   64    0.1621093750000000E-02    0.9617233276367188E-03
   65    0.1367187500000000E-02    0.1180114746093750E-02
   66    0.2363281250000000E-02    0.1114311218261719E-02
   67    0.1386718750000000E-02    0.1062812805175781E-02
   68    0.2363281250000000E-02    0.9160232543945312E-03
   69    0.5000000000000000E-02    0.8014678955078125E-03
   70    0.1289062500000000E-02    0.9101104736328125E-03
   71   -0.3066406250000000E-02    0.1011695861816406E-02
   72   -0.5839843750000000E-02    0.9009170532226562E-03
   73   -0.3378906250000000E-02    0.1170539855957031E-02
   74    0.8203125000000000E-03    0.1042327880859375E-02
   75    0.4570312500000000E-02    0.1178741455078125E-02
   76    0.3242187500000000E-02    0.1020202636718750E-02
   77    0.3320312500000000E-03    0.8950424194335937E-03
   78   -0.1953125000000000E-02    0.8199310302734375E-03
   79    0.1562500000000000E-03    0.1173782348632812E-02
   80   -0.1210937500000000E-02    0.1079635620117187E-02
   81    0.2792968750000000E-02    0.9926223754882812E-03
   82   -0.4394531250000000E-02    0.1013145446777344E-02
   83   -0.1953125000000000E-03    0.1025390625000000E-02
   84    0.1464843750000000E-02    0.9556198120117187E-03
   85   -0.7421875000000000E-03    0.7691955566406249E-03
   86   -0.4882812500000000E-03    0.7599258422851563E-03
   87   -0.3222656250000000E-02    0.8716201782226563E-03
   88   -0.7226562500000000E-03    0.7326126098632813E-03
   89   -0.1601562500000000E-02    0.9470367431640625E-03
   90    0.2929687500000000E-03    0.8919906616210938E-03
   91    0.8867187500000000E-02    0.1037216186523437E-02
   92    0.1113281250000000E-02    0.8070755004882812E-03
   93   -0.1992187500000000E-02    0.9070587158203125E-03
   94   -0.4980468750000000E-02    0.8284378051757812E-03
   95   -0.1796875000000000E-02    0.8753204345703125E-03
   96   -0.1054687500000000E-02    0.9734344482421875E-03
   97   -0.3554687500000000E-02    0.1016464233398437E-02
   98   -0.1796875000000000E-02    0.9675598144531249E-03
   99   -0.8593750000000000E-03    0.9946441650390625E-03
  100   -0.4062500000000000E-02    0.1039657592773438E-02
