# time =    0.4648
    0    0.1000000000000000E+01    0.1000000000000000E+01
    1    0.1996093750000000E+00    0.4064392089843750E-01
    2    0.4789062500000000E-01    0.2996902465820313E-02
    3    0.1123046875000000E-01    0.9147262573242187E-03
    4    0.3847656250000000E-02    0.1019096374511719E-02
    5    0.3320312500000000E-02    0.8819580078125000E-03
    6    0.1660156250000000E-02    0.9676742553710937E-03
    7    0.7421875000000000E-03    0.1175003051757812E-02
    8    0.1875000000000000E-02    0.8267211914062500E-03
    9    0.2226562500000000E-02    0.1291580200195312E-02
   10    0.3066406250000000E-02    0.1144905090332031E-02
   11    0.3710937500000000E-03    0.7179641723632813E-03
   12    0.4296875000000000E-03    0.1002960205078125E-02
   13    0.4199218750000000E-02    0.1056938171386719E-02
   14   -0.2363281250000000E-02    0.1071586608886719E-02
   15    0.7675781250000000E-02    0.9765243530273438E-03
   16    0.9628906249999999E-02    0.1231117248535156E-02
   17    0.3593750000000000E-02    0.7077789306640625E-03
   18   -0.3359375000000000E-02    0.1049652099609375E-02
   19   -0.3730468750000000E-02    0.1032371520996094E-02
   20   -0.2558593750000000E-02    0.1112785339355469E-02
   21   -0.7617187500000000E-03    0.1272544860839844E-02
   22   -0.5859375000000000E-04    0.1114082336425781E-02
   23   -0.4707031250000000E-02    0.1126441955566406E-02
   24   -0.2011718750000000E-02    0.9429550170898437E-03
   25   -0.4316406250000000E-02    0.1031684875488281E-02
   26   -0.6445312500000000E-03    0.1094322204589844E-02
   27    0.3769531250000000E-02    0.8540725708007812E-03
   28   -0.1562500000000000E-02    0.1038284301757813E-02
   29    0.3710937500000000E-03    0.9808731079101562E-03
   30   -0.3242187500000000E-02    0.8580780029296875E-03
   31    0.2441406250000000E-02    0.8812332153320312E-03
   32    0.8593750000000001E-02    0.1019973754882812E-02
   33    0.5273437500000000E-02    0.9686279296875000E-03
   34    0.3300781250000000E-02    0.1089820861816406E-02
   35   -0.2363281250000000E-02    0.1010856628417969E-02
   36    0.1992187500000000E-02    0.8794403076171875E-03
   37    0.9101562500000000E-02    0.1056137084960938E-02
   38    0.4746093750000000E-02    0.1105842590332031E-02
   39    0.2714843750000000E-02    0.1081352233886719E-02
   40   -0.4296875000000000E-02    0.8996582031250000E-03
   41    0.1660156250000000E-02    0.1200599670410156E-02
   42    0.1914062500000000E-02    0.7052612304687500E-03
   43    0.5859375000000000E-02    0.9202575683593750E-03
   44    0.3242187500000000E-02    0.1111602783203125E-02
   45    0.4453125000000000E-02    0.9422302246093750E-03
   46   -0.2148437500000000E-03    0.1029319763183594E-02
   47   -0.2109375000000000E-02    0.1186981201171875E-02
   48   -0.8593750000000000E-03    0.8684539794921875E-03
   49   -0.4863281250000000E-02    0.8788681030273437E-03
   50   -0.1953125000000000E-04    0.9386825561523437E-03
   51   -0.5957031250000000E-02    0.1080436706542969E-02
   52   -0.2343750000000000E-03    0.1080398559570313E-02
   53   -0.2226562500000000E-02    0.8846282958984375E-03
   54   -0.4394531250000000E-02    0.1111183166503906E-02
   55    0.2011718750000000E-02    0.1259574890136719E-02
   56   -0.5410156250000000E-02    0.9689712524414062E-03
   57   -0.3359375000000000E-02    0.9254455566406250E-03
   58    0.5039062500000000E-02    0.8590698242187500E-03
   59   -0.3476562500000000E-02    0.8428955078125000E-03
   60    0.1718750000000000E-02    0.9085845947265625E-03
   61   -0.1875000000000000E-02    0.1042938232421875E-02
   62   -0.1308593750000000E-02    0.1026954650878906E-02
   63    0.1269531250000000E-02    0.1044349670410156E-02
   64    0.9765625000000001E-04    0.8070755004882812E-03
   65    0.1992187500000000E-02    0.1116867065429687E-02
   66    0.5136718750000000E-02    0.9607315063476562E-03
   67    0.3906250000000000E-02    0.1006851196289062E-02
   68    0.1191406250000000E-02    0.9277725219726563E-03
   69   -0.4492187500000000E-03    0.9503555297851562E-03
   70   -0.1425781250000000E-02    0.9419631958007813E-03
   71   -0.3027343750000000E-02    0.9592056274414062E-03
   72    0.2812500000000000E-02    0.8590698242187500E-03
   73    0.1230468750000000E-02    0.9818649291992187E-03
   74   -0.2519531250000000E-02    0.8922195434570312E-03
   75   -0.3906250000000000E-04    0.1020278930664062E-02
   76   -0.1757812500000000E-03    0.7369613647460937E-03
   77   -0.4492187500000000E-03    0.8523178100585938E-03
   78   -0.3125000000000000E-03    0.7090759277343750E-03
   79   -0.4101562500000000E-02    0.1152725219726563E-02
   80    0.4667968750000000E-02    0.8140182495117187E-03
   81    0.3710937500000000E-02    0.7196044921874999E-03
   82   -0.4960937500000000E-02    0.8570861816406250E-03
   83   -0.1074218750000000E-02    0.1028785705566406E-02
   84    0.4296875000000000E-02    0.1033935546875000E-02
   85    0.2207031250000000E-02    0.1041831970214844E-02
   86   -0.1660156250000000E-02    0.1170921325683594E-02
   87   -0.3847656250000000E-02    0.9327316284179687E-03
   88   -0.2050781250000000E-02    0.9941482543945313E-03
   89    0.2246093750000000E-02    0.1021003723144531E-02
   90   -0.7421875000000000E-03    0.9375762939453125E-03
   91   -0.2343750000000000E-02    0.7753753662109375E-03
   92    0.9570312500000000E-03    0.9002304077148438E-03
   93    0.4433593750000000E-02    0.1097755432128906E-02
   94    0.1445312500000000E-02    0.1170272827148437E-02
   95   -0.2636718750000000E-02    0.9476852416992188E-03
   96   -0.8398437500000000E-03    0.7450485229492188E-03
   97   -0.1582031250000000E-02    0.8475875854492187E-03
   98   -0.5234375000000000E-02    0.7759094238281250E-03
   99   -0.1582031250000000E-02    0.9103775024414063E-03
  100   -0.4863281250000000E-02    0.9739303588867188E-03
