# time =    0.4356
    0    0.1000000000000000E+01    0.1000000000000000E+01
    1    0.3514257812500000E+00    0.1240958023071289E+00
    2    0.1579492187500000E+00    0.2582530975341797E-01
    3    0.8869140624999999E-01    0.8804969787597657E-02
    4    0.5808593750000000E-01    0.4180374145507812E-02
    5    0.3810546875000000E-01    0.2552909851074219E-02
    6    0.3361328125000000E-01    0.2319526672363281E-02
    7    0.2246093750000000E-01    0.1542282104492188E-02
    8    0.1310546875000000E-01    0.1259803771972656E-02
    9    0.1314453125000000E-01    0.1128273010253906E-02
   10    0.7890625000000000E-02    0.1098632812500000E-02
   11    0.9824218750000000E-02    0.9095382690429688E-03
   12    0.4765625000000000E-02    0.1093368530273438E-02
   13    0.3320312500000000E-02    0.1106033325195312E-02
   14    0.4882812500000000E-02    0.8967590332031250E-03
   15   -0.2792968750000000E-02    0.8882522583007812E-03
   16    0.5253906250000000E-02    0.1144447326660156E-02
   17   -0.4687500000000000E-03    0.8910369873046875E-03
   18   -0.3125000000000000E-03    0.7985687255859375E-03
   19    0.2167968750000000E-02    0.9346389770507812E-03
   20    0.3105468750000000E-02    0.1049537658691406E-02
   21    0.5859375000000000E-03    0.9127807617187500E-03
   22    0.2968750000000000E-02    0.8791351318359375E-03
   23    0.6835937500000000E-03    0.6634902954101563E-03
   24   -0.1640625000000000E-02    0.7580566406250000E-03
   25    0.1289062500000000E-02    0.9480285644531250E-03
   26   -0.1835937500000000E-02    0.9877777099609375E-03
   27    0.1835937500000000E-02    0.1091461181640625E-02
   28    0.1542968750000000E-02    0.8917617797851563E-03
   29    0.3300781250000000E-02    0.9709548950195313E-03
   30    0.5546875000000000E-02    0.8688354492187500E-03
   31    0.1484375000000000E-02    0.1199493408203125E-02
   32   -0.7226562500000000E-03    0.1179161071777344E-02
   33   -0.2890625000000000E-02    0.1343383789062500E-02
   34    0.2324218750000000E-02    0.1032752990722656E-02
   35    0.0000000000000000E+00    0.1033782958984375E-02
   36    0.1777343750000000E-02    0.1234626770019531E-02
   37   -0.5468750000000001E-03    0.9214019775390625E-03
   38   -0.1816406250000000E-02    0.1062507629394531E-02
   39   -0.5820312500000000E-02    0.1235198974609375E-02
   40   -0.2539062500000000E-02    0.1063003540039063E-02
   41   -0.1230468750000000E-02    0.1085700988769531E-02
   42   -0.1269531250000000E-02    0.7685470581054687E-03
   43    0.0000000000000000E+00    0.1067504882812500E-02
   44   -0.3691406250000000E-02    0.8831405639648437E-03
   45   -0.3710937500000000E-03    0.1211585998535156E-02
   46   -0.1562500000000000E-02    0.1112518310546875E-02
   47   -0.3105468750000000E-02    0.1049003601074219E-02
   48   -0.3867187500000000E-02    0.9377288818359375E-03
   49   -0.7402343750000000E-02    0.1254997253417969E-02
   50    0.1289062500000000E-02    0.1154098510742188E-02
   51   -0.1445312500000000E-02    0.9992980957031249E-03
   52    0.3066406250000000E-02    0.7371902465820312E-03
   53    0.1777343750000000E-02    0.8774185180664062E-03
   54    0.6835937500000000E-03    0.1021766662597656E-02
   55   -0.2753906250000000E-02    0.9229660034179687E-03
   56    0.9960937500000000E-03    0.1051673889160156E-02
   57    0.2011718750000000E-02    0.9914016723632812E-03
   58   -0.1757812500000000E-02    0.9411621093750000E-03
   59   -0.6152343750000000E-02    0.8014297485351563E-03
   60   -0.2460937500000000E-02    0.9861755371093749E-03
   61   -0.2187500000000000E-02    0.1231613159179688E-02
   62    0.2089843750000000E-02    0.1109275817871094E-02
   63    0.1191406250000000E-02    0.1189842224121094E-02
   64   -0.1191406250000000E-02    0.1038475036621094E-02
   65   -0.2031250000000000E-02    0.1063613891601562E-02
   66   -0.4628906250000000E-02    0.9717178344726562E-03
   67   -0.2812500000000000E-02    0.7796478271484375E-03
   68    0.2753906250000000E-02    0.8932876586914062E-03
   69   -0.4687500000000000E-03    0.1555175781250000E-02
   70   -0.1250000000000000E-02    0.1100540161132812E-02
   71    0.2773437500000000E-02    0.8944702148437500E-03
   72   -0.8593750000000000E-03    0.7407379150390625E-03
   73    0.1816406250000000E-02    0.9360122680664063E-03
   74   -0.9570312500000000E-03    0.8277511596679688E-03
   75   -0.8984375000000000E-03    0.1083068847656250E-02
   76    0.3945312500000000E-02    0.7803344726562500E-03
   77    0.2460937500000000E-02    0.8922576904296875E-03
   78    0.1347656250000000E-02    0.8055496215820312E-03
   79   -0.2558593750000000E-02    0.1112556457519531E-02
   80    0.1503906250000000E-02    0.1053962707519531E-02
   81    0.2421875000000000E-02    0.1066970825195312E-02
   82    0.4882812500000000E-03    0.9257125854492187E-03
   83   -0.1777343750000000E-02    0.1021690368652344E-02
   84   -0.4296875000000000E-03    0.9599304199218749E-03
   85   -0.9765625000000000E-03    0.1120452880859375E-02
   86   -0.3183593750000000E-02    0.8212661743164062E-03
   87    0.1171875000000000E-03    0.1214904785156250E-02
   88   -0.3613281250000000E-02    0.9746932983398437E-03
   89   -0.4707031250000000E-02    0.1011924743652344E-02
   90   -0.7812500000000000E-02    0.1146163940429687E-02
   91   -0.5859375000000000E-02    0.1101531982421875E-02
   92   -0.1757812500000000E-03    0.1404762268066406E-02
   93   -0.2617187500000000E-02    0.1053543090820313E-02
   94   -0.5800781250000000E-02    0.9761428833007812E-03
   95    0.2421875000000000E-02    0.1079025268554688E-02
   96   -0.1640625000000000E-02    0.1069335937500000E-02
   97    0.1269531250000000E-02    0.7778549194335937E-03
   98   -0.5429687500000000E-02    0.1066970825195312E-02
   99   -0.1054687500000000E-02    0.1181716918945312E-02
  100   -0.1386718750000000E-02    0.8944320678710937E-03
