# time =    0.4538
    0    0.1000000000000000E+01    0.1000000000000000E+01
    1    0.2977734375000000E+00    0.8952697753906250E-01
    2    0.1244921875000000E+00    0.1659057617187500E-01
    3    0.6921875000000000E-01    0.5767211914062500E-02
    4    0.4468750000000000E-01    0.2802352905273438E-02
    5    0.3132812500000000E-01    0.1891784667968750E-02
    6    0.2720703125000000E-01    0.1628761291503906E-02
    7    0.2017578125000000E-01    0.1554832458496094E-02
    8    0.1720703125000000E-01    0.1240043640136719E-02
    9    0.1394531250000000E-01    0.1203155517578125E-02
   10    0.1126953125000000E-01    0.8500289916992188E-03
   11    0.9238281250000001E-02    0.9234237670898437E-03
   12    0.8789062500000000E-02    0.1053771972656250E-02
   13    0.5800781250000000E-02    0.1264076232910156E-02
   14    0.3242187500000000E-02    0.1187667846679687E-02
   15    0.3046875000000000E-02    0.1240310668945312E-02
   16    0.2187500000000000E-02    0.9535980224609375E-03
   17   -0.6250000000000000E-03    0.1010971069335937E-02
   18    0.1582031250000000E-02    0.1023368835449219E-02
   19    0.3925781250000000E-02    0.8285903930664063E-03
   20   -0.3671875000000000E-02    0.1134338378906250E-02
   21    0.3027343750000000E-02    0.1267051696777344E-02
   22    0.2734375000000000E-02    0.1122131347656250E-02
   23    0.5898437500000000E-02    0.1014328002929687E-02
   24    0.9765625000000001E-04    0.8552932739257813E-03
   25    0.3984375000000000E-02    0.9936523437500001E-03
   26    0.4667968750000000E-02    0.1070594787597656E-02
   27    0.2597656250000000E-02    0.1084709167480469E-02
   28    0.1875000000000000E-02    0.1228256225585938E-02
   29    0.7128906250000000E-02    0.1128730773925781E-02
   30    0.1972656250000000E-02    0.1153221130371094E-02
   31   -0.2148437500000000E-02    0.8419036865234375E-03
   32   -0.1933593750000000E-02    0.9465408325195312E-03
   33   -0.1093750000000000E-02    0.9828948974609376E-03
   34   -0.6640625000000000E-03    0.7577514648437499E-03
   35   -0.3046875000000000E-02    0.8819580078125000E-03
   36    0.1132812500000000E-02    0.7396697998046875E-03
   37   -0.9375000000000000E-03    0.7773590087890625E-03
   38   -0.2285156250000000E-02    0.8076095581054688E-03
   39   -0.2734375000000000E-03    0.9121704101562500E-03
   40   -0.1757812500000000E-03    0.1144371032714844E-02
   41    0.2988281250000000E-02    0.1049461364746094E-02
   42   -0.2773437500000000E-02    0.1157379150390625E-02
   43   -0.5683593750000000E-02    0.1101570129394531E-02
   44   -0.1191406250000000E-02    0.1057014465332031E-02
   45   -0.2167968750000000E-02    0.1030082702636719E-02
   46   -0.4296875000000000E-02    0.1042633056640625E-02
   47   -0.1386718750000000E-02    0.1105766296386719E-02
   48    0.1269531250000000E-02    0.8524703979492187E-03
   49    0.5410156250000000E-02    0.1050682067871094E-02
   50    0.4687500000000000E-02    0.8554077148437500E-03
   51    0.1035156250000000E-02    0.8584213256835938E-03
   52   -0.1269531250000000E-02    0.8544540405273438E-03
   53   -0.4218750000000000E-02    0.8511352539062500E-03
   54   -0.4355468750000000E-02    0.9640884399414062E-03
   55   -0.4570312500000000E-02    0.8531951904296875E-03
   56   -0.1074218750000000E-02    0.1031455993652344E-02
   57   -0.4687500000000000E-03    0.1100540161132812E-02
   58   -0.4863281250000000E-02    0.8417892456054687E-03
   59   -0.5703125000000000E-02    0.9216308593750000E-03
   60    0.1679687500000000E-02    0.9328460693359375E-03
   61   -0.3906250000000000E-03    0.9739685058593750E-03
   62    0.8593750000000000E-03    0.8003234863281250E-03
   63   -0.1367187500000000E-02    0.8684539794921875E-03
   64    0.4296875000000000E-03    0.1141891479492187E-02
   65    0.1621093750000000E-02    0.1144752502441406E-02
   66    0.2890625000000000E-02    0.1016311645507813E-02
   67    0.6250000000000000E-03    0.1208496093750000E-02
   68   -0.1484375000000000E-02    0.1118621826171875E-02
   69   -0.9960937500000000E-03    0.1050529479980469E-02
   70    0.5859375000000000E-04    0.1058998107910156E-02
   71   -0.4882812500000000E-03    0.9798812866210938E-03
   72   -0.4707031250000000E-02    0.8893203735351562E-03
   73   -0.4765625000000000E-02    0.9892272949218750E-03
   74    0.1035156250000000E-02    0.9855270385742188E-03
   75   -0.5761718750000000E-02    0.9595870971679688E-03
   76   -0.3378906250000000E-02    0.1079597473144531E-02
   77    0.3105468750000000E-02    0.9652328491210938E-03
   78    0.5605468750000000E-02    0.8347702026367188E-03
   79    0.4218750000000000E-02    0.9687805175781250E-03
   80    0.2167968750000000E-02    0.9773635864257812E-03
   81   -0.1367187500000000E-02    0.9500885009765625E-03
   82    0.2089843750000000E-02    0.9575271606445312E-03
   83   -0.2207031250000000E-02    0.8733749389648437E-03
   84   -0.4121093750000000E-02    0.8536911010742187E-03
   85   -0.2480468750000000E-02    0.8357620239257813E-03
   86   -0.1718750000000000E-02    0.9995269775390624E-03
   87   -0.3046875000000000E-02    0.1077957153320312E-02
   88   -0.4160156250000000E-02    0.9923934936523437E-03
   89    0.4179687500000000E-02    0.1042556762695313E-02
   90    0.5449218750000000E-02    0.9412765502929688E-03
   91    0.6074218750000000E-02    0.1195411682128906E-02
   92   -0.7031250000000000E-03    0.1054306030273437E-02
   93   -0.1210937500000000E-02    0.9104919433593750E-03
   94   -0.2324218750000000E-02    0.9868240356445312E-03
   95   -0.4785156250000000E-02    0.1044273376464844E-02
   96   -0.1542968750000000E-02    0.1046485900878906E-02
   97    0.9765625000000000E-03    0.8589935302734375E-03
   98   -0.1542968750000000E-02    0.8695602416992187E-03
   99    0.2167968750000000E-02    0.9596633911132812E-03
  100    0.3359375000000000E-02    0.8805847167968750E-03
