# time =    0.4596
    0    0.1000000000000000E+01    0.1000000000000000E+01
    1    0.2747460937500000E+00    0.7627445220947265E-01
    2    0.9570312500000000E-01    0.1006149291992187E-01
    3    0.3875000000000000E-01    0.2309112548828125E-02
    4    0.1597656250000000E-01    0.1288833618164063E-02
    5    0.9277343750000000E-02    0.8988571166992187E-03
    6    0.6718750000000000E-02    0.1049804687500000E-02
    7    0.6054687500000000E-03    0.1160774230957031E-02
    8   -0.1484375000000000E-02    0.1008758544921875E-02
    9   -0.1308593750000000E-02    0.7509994506835938E-03
   10   -0.4550781250000000E-02    0.1000862121582031E-02
   11    0.6640625000000000E-03    0.1002349853515625E-02
   12   -0.5625000000000000E-02    0.1176223754882812E-02
   13   -0.4414062500000000E-02    0.1143112182617188E-02
   14   -0.4726562500000000E-02    0.1148910522460938E-02
   15   -0.2929687500000000E-02    0.9362792968750000E-03
   16   -0.2949218750000000E-02    0.1009254455566406E-02
   17   -0.2207031250000000E-02    0.1109504699707031E-02
   18   -0.9960937500000000E-03    0.1149330139160156E-02
   19   -0.4316406250000000E-02    0.9617233276367188E-03
   20   -0.3847656250000000E-02    0.9942245483398437E-03
   21   -0.9570312500000000E-03    0.1133003234863281E-02
   22    0.2304687500000000E-02    0.1059036254882813E-02
   23   -0.3574218750000000E-02    0.1142692565917969E-02
   24   -0.4121093750000000E-02    0.8469009399414062E-03
   25   -0.6093750000000000E-02    0.1159973144531250E-02
   26   -0.2734375000000000E-03    0.8820343017578125E-03
   27    0.6054687500000000E-03    0.9381484985351563E-03
   28    0.8789062500000000E-03    0.7960128784179687E-03
   29   -0.2734375000000000E-03    0.8319091796875000E-03
   30    0.3164062500000000E-02    0.8534240722656250E-03
   31   -0.2539062500000000E-03    0.8599472045898438E-03
   32    0.4023437500000000E-02    0.9563446044921875E-03
   33   -0.1328125000000000E-02    0.9397888183593751E-03
   34   -0.3105468750000000E-02    0.1313972473144531E-02
   35   -0.3515625000000000E-02    0.8808135986328125E-03
   36   -0.3671875000000000E-02    0.1108016967773437E-02
   37    0.6230468750000000E-02    0.1174354553222656E-02
   38   -0.1074218750000000E-02    0.9708023071289063E-03
   39    0.9375000000000000E-03    0.8529663085937500E-03
   40   -0.1953125000000000E-04    0.8330917358398437E-03
   41   -0.2636718750000000E-02    0.1264839172363281E-02
   42    0.2851562500000000E-02    0.1212158203125000E-02
   43   -0.2558593750000000E-02    0.8018875122070313E-03
   44   -0.6093750000000000E-02    0.8502197265625000E-03
   45   -0.3769531250000000E-02    0.7535934448242188E-03
   46   -0.2109375000000000E-02    0.1025695800781250E-02
   47    0.5820312500000000E-02    0.1125106811523437E-02
   48    0.1445312500000000E-02    0.9583282470703125E-03
   49   -0.1796875000000000E-02    0.1110000610351563E-02
   50    0.1503906250000000E-02    0.9583663940429687E-03
   51    0.2929687500000000E-02    0.1098327636718750E-02
   52    0.5351562500000000E-02    0.1066436767578125E-02
   53    0.2421875000000000E-02    0.8496856689453125E-03
   54    0.8769531250000000E-02    0.1234092712402344E-02
   55    0.5175781250000000E-02    0.1043586730957031E-02
   56    0.2539062500000000E-03    0.9414291381835937E-03
   57   -0.7421875000000000E-03    0.8666229248046875E-03
   58    0.1113281250000000E-02    0.9209823608398438E-03
   59    0.1250000000000000E-02    0.8987426757812500E-03
   60    0.2929687500000000E-03    0.8526992797851563E-03
   61   -0.3925781250000000E-02    0.1042747497558594E-02
   62   -0.3769531250000000E-02    0.1094779968261719E-02
   63    0.2031250000000000E-02    0.1048126220703125E-02
   64   -0.3085937500000000E-02    0.7487487792968750E-03
   65   -0.4804687500000000E-02    0.1026382446289063E-02
   66   -0.2968750000000000E-02    0.1185455322265625E-02
   67    0.1953125000000000E-02    0.1149368286132813E-02
   68   -0.2011718750000000E-02    0.1026954650878906E-02
   69    0.9375000000000000E-03    0.1027984619140625E-02
   70    0.3261718750000000E-02    0.9977340698242188E-03
   71    0.3066406250000000E-02    0.9162521362304687E-03
   72    0.1757812500000000E-03    0.9602737426757812E-03
   73    0.5214843750000000E-02    0.9508132934570312E-03
   74    0.2597656250000000E-02    0.1046562194824219E-02
   75    0.1269531250000000E-02    0.8835983276367187E-03
   76    0.5761718750000000E-02    0.1088294982910156E-02
   77    0.5332031250000000E-02    0.1041069030761719E-02
   78    0.3378906250000000E-02    0.8435440063476562E-03
   79    0.4316406250000000E-02    0.9371566772460937E-03
   80   -0.1542968750000000E-02    0.9548568725585938E-03
   81    0.3437500000000000E-02    0.1050415039062500E-02
   82   -0.2343750000000000E-02    0.9210968017578125E-03
   83    0.1953125000000000E-04    0.6302261352539063E-03
   84   -0.3203125000000000E-02    0.9090423583984375E-03
   85   -0.1601562500000000E-02    0.8374023437500000E-03
   86    0.2792968750000000E-02    0.8480453491210938E-03
   87   -0.3710937500000000E-02    0.1134338378906250E-02
   88    0.4492187500000000E-03    0.1162071228027344E-02
   89   -0.4550781250000000E-02    0.9985733032226562E-03
   90    0.3671875000000000E-02    0.7944488525390625E-03
   91    0.4179687500000000E-02    0.9168243408203125E-03
   92    0.3125000000000000E-02    0.1116104125976562E-02
   93   -0.2304687500000000E-02    0.1101760864257812E-02
   94   -0.1738281250000000E-02    0.8826828002929687E-03
   95    0.5019531250000000E-02    0.1212654113769531E-02
   96    0.2050781250000000E-02    0.1092414855957031E-02
   97    0.3925781250000000E-02    0.9690475463867188E-03
   98    0.3476562500000000E-02    0.9315490722656250E-03
   99    0.3515625000000000E-03    0.8958435058593750E-03
  100   -0.7812500000000000E-04    0.7920837402343749E-03
