# time =    0.4790
    0    0.1000000000000000E+01    0.1000000000000000E+01
    1    0.2486132812500000E+00    0.6247081756591797E-01
    2    0.8173828125000000E-01    0.7588768005371093E-02
    3    0.3871093750000000E-01    0.2363815307617187E-02
    4    0.2234375000000000E-01    0.1331863403320312E-02
    5    0.4941406250000000E-02    0.1082496643066406E-02
    6    0.2832031250000000E-02    0.1013374328613281E-02
    7    0.5410156250000000E-02    0.9393692016601562E-03
    8    0.3847656250000000E-02    0.8502578735351562E-03
    9    0.3515625000000000E-03    0.1020431518554688E-02
   10   -0.4296875000000000E-03    0.9628295898437500E-03
   11   -0.3281250000000000E-02    0.9690856933593750E-03
   12   -0.1250000000000000E-02    0.1095962524414063E-02
   13   -0.1777343750000000E-02    0.1114540100097656E-02
   14   -0.2148437500000000E-03    0.7586288452148438E-03
   15    0.2089843750000000E-02    0.7394027709960938E-03
   16   -0.5390625000000000E-02    0.9288024902343750E-03
   17    0.9375000000000000E-03    0.8871459960937500E-03
   18   -0.3554687500000000E-02    0.9184265136718750E-03
   19   -0.2968750000000000E-02    0.8482360839843751E-03
   20   -0.3125000000000000E-03    0.1037521362304688E-02
   21   -0.8984375000000000E-03    0.1102523803710937E-02
   22    0.1777343750000000E-02    0.8896255493164063E-03
   23    0.1562500000000000E-03    0.1072692871093750E-02
   24    0.2441406250000000E-02    0.9629440307617188E-03
   25    0.1230468750000000E-02    0.1258049011230469E-02
   26   -0.1425781250000000E-02    0.1107139587402344E-02
   27   -0.2363281250000000E-02    0.1054191589355469E-02
   28    0.4375000000000000E-02    0.1277008056640625E-02
   29   -0.8398437500000000E-03    0.9113693237304687E-03
   30   -0.1464843750000000E-02    0.1145515441894531E-02
   31   -0.3867187500000000E-02    0.1072845458984375E-02
   32   -0.1269531250000000E-02    0.1041984558105469E-02
   33    0.1718750000000000E-02    0.9401702880859375E-03
   34    0.3964843750000000E-02    0.8771133422851563E-03
   35    0.1191406250000000E-02    0.8432388305664063E-03
   36    0.1953125000000000E-04    0.9991836547851563E-03
   37   -0.8007812500000000E-03    0.9080886840820313E-03
   38    0.3261718750000000E-02    0.1139411926269531E-02
   39    0.7031250000000000E-03    0.1041412353515625E-02
   40    0.6640625000000000E-03    0.8164215087890625E-03
   41    0.9667968750000000E-02    0.8718490600585938E-03
   42    0.3085937500000000E-02    0.1019744873046875E-02
   43   -0.2011718750000000E-02    0.9464645385742188E-03
   44    0.1289062500000000E-02    0.1062316894531250E-02
   45   -0.1210937500000000E-02    0.8535766601562500E-03
   46   -0.2011718750000000E-02    0.1133003234863281E-02
   47   -0.2636718750000000E-02    0.1073951721191406E-02
   48   -0.2109375000000000E-02    0.1088027954101563E-02
   49   -0.2226562500000000E-02    0.1584014892578125E-02
   50   -0.1171875000000000E-03    0.1153488159179687E-02
   51    0.2324218750000000E-02    0.1117515563964844E-02
   52    0.1464843750000000E-02    0.8384323120117187E-03
   53   -0.3066406250000000E-02    0.7222366333007813E-03
   54   -0.2265625000000000E-02    0.8383941650390625E-03
   55    0.4375000000000000E-02    0.9553527832031250E-03
   56    0.5527343750000000E-02    0.1005287170410156E-02
   57    0.6250000000000000E-03    0.1063995361328125E-02
   58    0.1992187500000000E-02    0.8168029785156250E-03
   59   -0.4199218750000000E-02    0.7259750366210938E-03
   60   -0.6425781250000000E-02    0.8120346069335938E-03
   61   -0.1953125000000000E-02    0.9271240234375000E-03
   62   -0.2246093750000000E-02    0.1022682189941406E-02
   63   -0.4296875000000000E-02    0.9056091308593750E-03
   64   -0.1582031250000000E-02    0.8204269409179687E-03
   65   -0.4062500000000000E-02    0.8719635009765625E-03
   66    0.5742187500000000E-02    0.9685516357421875E-03
   67    0.3417968750000000E-02    0.9321212768554687E-03
   68   -0.1562500000000000E-03    0.1253204345703125E-02
   69   -0.3906250000000000E-02    0.9626770019531251E-03
   70   -0.2089843750000000E-02    0.8214187622070313E-03
   71   -0.3906250000000000E-02    0.9310913085937500E-03
   72   -0.1425781250000000E-02    0.1045265197753906E-02
   73    0.4433593750000000E-02    0.9822463989257813E-03
   74    0.6250000000000000E-02    0.1048889160156250E-02
   75    0.3105468750000000E-02    0.1085319519042969E-02
   76    0.7617187500000000E-03    0.1137123107910156E-02
   77   -0.7226562500000000E-03    0.1098823547363281E-02
   78    0.2734375000000000E-03    0.9498596191406250E-03
   79    0.4101562500000000E-03    0.1508445739746094E-02
   80    0.3535156250000000E-02    0.9601211547851562E-03
   81    0.1093750000000000E-02    0.9441375732421875E-03
   82    0.4160156250000000E-02    0.9165573120117188E-03
   83   -0.3007812500000000E-02    0.8325958251953125E-03
   84   -0.3535156250000000E-02    0.7792282104492188E-03
   85   -0.2714843750000000E-02    0.7091903686523437E-03
   86   -0.4687500000000000E-02    0.9938049316406249E-03
   87   -0.4492187500000000E-03    0.1057090759277344E-02
   88   -0.2929687500000000E-02    0.1064529418945313E-02
   89    0.1406250000000000E-02    0.1015167236328125E-02
   90   -0.9375000000000000E-03    0.1107482910156250E-02
   91    0.2968750000000000E-02    0.9061431884765625E-03
   92   -0.3671875000000000E-02    0.7785797119140625E-03
   93    0.9765625000000000E-03    0.1074142456054687E-02
   94    0.1855468750000000E-02    0.1188774108886719E-02
   95    0.2714843750000000E-02    0.8298873901367188E-03
   96   -0.2539062500000000E-03    0.1044731140136719E-02
   97   -0.3027343750000000E-02    0.8279800415039063E-03
   98    0.1972656250000000E-02    0.8658218383789062E-03
   99    0.6250000000000000E-03    0.8750152587890625E-03
  100    0.2675781250000000E-02    0.8652114868164063E-03
