# time =    0.4743
    0    0.1000000000000000E+01    0.1000000000000000E+01
    1    0.2039843750000000E+00    0.4244499206542969E-01
    2    0.4845703125000000E-01    0.3343620300292969E-02
    3    0.7773437500000000E-02    0.1312179565429688E-02
    4    0.5644531250000000E-02    0.1013679504394531E-02
    5   -0.4765625000000000E-02    0.8714294433593750E-03
    6   -0.7128906250000000E-02    0.1249885559082031E-02
    7   -0.6445312500000000E-02    0.1073989868164063E-02
    8   -0.6171875000000000E-02    0.8984375000000000E-03
    9   -0.8007812500000000E-03    0.1048545837402344E-02
   10    0.4863281250000000E-02    0.1072807312011719E-02
   11    0.2656250000000000E-02    0.1484222412109375E-02
   12   -0.4472656250000000E-02    0.1157569885253906E-02
   13    0.1308593750000000E-02    0.9347152709960938E-03
   14    0.1406250000000000E-02    0.9172058105468750E-03
   15   -0.5468750000000001E-03    0.9827423095703125E-03
   16    0.1562500000000000E-02    0.9677886962890625E-03
   17    0.8398437500000000E-03    0.1020927429199219E-02
   18    0.4453125000000000E-02    0.8294677734375000E-03
   19    0.3203125000000000E-02    0.7774353027343750E-03
   20   -0.1562500000000000E-02    0.1157608032226562E-02
   21    0.2304687500000000E-02    0.1047058105468750E-02
   22    0.8398437500000000E-03    0.1061897277832031E-02
   23   -0.2441406250000000E-02    0.9417343139648438E-03
   24   -0.5351562500000000E-02    0.1011199951171875E-02
   25    0.4570312500000000E-02    0.8920288085937500E-03
   26   -0.5859375000000000E-04    0.9293746948242187E-03
   27   -0.7031250000000000E-03    0.1095886230468750E-02
   28    0.5683593750000000E-02    0.1046028137207031E-02
   29    0.3007812500000000E-02    0.9362792968750000E-03
   30   -0.1152343750000000E-02    0.9969711303710938E-03
   31   -0.8007812500000000E-03    0.1356620788574219E-02
   32   -0.3164062500000000E-02    0.1075134277343750E-02
   33   -0.3750000000000000E-02    0.9553527832031250E-03
   34    0.4882812500000000E-03    0.1054725646972656E-02
   35   -0.6445312500000000E-03    0.1405754089355469E-02
   36    0.1074218750000000E-02    0.9772872924804687E-03
   37   -0.1757812500000000E-03    0.1021690368652344E-02
   38    0.3710937500000000E-02    0.9244537353515625E-03
   39    0.1132812500000000E-02    0.7530212402343750E-03
   40    0.1230468750000000E-02    0.1199531555175781E-02
   41    0.2539062500000000E-02    0.9829711914062500E-03
   42   -0.3261718750000000E-02    0.8520126342773437E-03
   43   -0.9765625000000001E-04    0.1046485900878906E-02
   44   -0.4101562500000000E-02    0.1010971069335937E-02
   45    0.2226562500000000E-02    0.9474945068359375E-03
   46   -0.9960937500000000E-03    0.9769821166992188E-03
   47    0.3964843750000000E-02    0.9778213500976562E-03
   48    0.2539062500000000E-03    0.7284927368164062E-03
   49    0.3085937500000000E-02    0.8963012695312500E-03
   50    0.4531250000000000E-02    0.1026000976562500E-02
   51    0.2578125000000000E-02    0.1297073364257812E-02
   52    0.3203125000000000E-02    0.1228408813476562E-02
   53   -0.2753906250000000E-02    0.9766769409179686E-03
   54   -0.4863281250000000E-02    0.1145515441894531E-02
   55   -0.3046875000000000E-02    0.1007995605468750E-02
   56   -0.6210937500000000E-02    0.1147384643554687E-02
   57    0.1718750000000000E-02    0.9600830078125000E-03
   58   -0.7421875000000000E-03    0.1093215942382812E-02
   59   -0.9570312500000000E-03    0.1198463439941406E-02
   60    0.3906250000000000E-04    0.1089630126953125E-02
   61    0.2128906250000000E-02    0.1039924621582031E-02
   62   -0.8398437500000000E-03    0.1064872741699219E-02
   63   -0.2890625000000000E-02    0.1058044433593750E-02
   64    0.8261718750000001E-02    0.1120948791503906E-02
   65    0.5449218750000000E-02    0.8649063110351562E-03
   66   -0.3476562500000000E-02    0.1054992675781250E-02
   67    0.2500000000000000E-02    0.8518218994140625E-03
   68    0.8203125000000000E-03    0.8757781982421875E-03
   69   -0.1699218750000000E-02    0.1045722961425781E-02
   70    0.3925781250000000E-02    0.1035194396972656E-02
   71   -0.1054687500000000E-02    0.9294128417968749E-03
   72   -0.3710937500000000E-03    0.9868240356445312E-03
   73    0.2343750000000000E-03    0.1018524169921875E-02
   74    0.9570312500000000E-03    0.1119651794433594E-02
   75    0.1191406250000000E-02    0.1422767639160156E-02
   76   -0.3027343750000000E-02    0.1071128845214844E-02
   77   -0.1386718750000000E-02    0.8313369750976563E-03
   78    0.2167968750000000E-02    0.8960342407226562E-03
   79    0.7421875000000000E-03    0.1010131835937500E-02
   80    0.3632812500000000E-02    0.1056137084960938E-02
   81   -0.1367187500000000E-03    0.1027641296386719E-02
   82    0.5976562500000000E-02    0.1065750122070312E-02
   83   -0.1953125000000000E-02    0.9608459472656250E-03
   84    0.3125000000000000E-02    0.1106643676757813E-02
   85    0.2578125000000000E-02    0.1039733886718750E-02
   86   -0.3613281250000000E-02    0.1025733947753906E-02
   87    0.3515625000000000E-03    0.8838653564453125E-03
   88    0.6328125000000000E-02    0.7529449462890625E-03
   89    0.5976562500000000E-02    0.1048355102539062E-02
   90    0.1406250000000000E-02    0.1002731323242188E-02
   91    0.9570312500000000E-03    0.9093093872070313E-03
   92   -0.5468750000000001E-03    0.1070709228515625E-02
   93   -0.4628906250000000E-02    0.9431838989257812E-03
   94    0.4082031250000000E-02    0.9689712524414062E-03
   95    0.5410156250000000E-02    0.1095924377441406E-02
   96   -0.1777343750000000E-02    0.8205795288085938E-03
   97   -0.1171875000000000E-03    0.8763885498046875E-03
   98    0.4687500000000000E-02    0.9140014648437500E-03
   99    0.2480468750000000E-02    0.1054954528808594E-02
  100    0.4101562500000000E-03    0.7867813110351562E-03
