# time =    0.4685
    0    0.1000000000000000E+01    0.1000000000000000E+01
    1    0.2200585937500000E+00    0.4924991607666016E-01
    2    0.5361328125000000E-01    0.3811302185058594E-02
    3    0.1525390625000000E-01    0.1103553771972656E-02
    4   -0.4335937500000000E-02    0.8671569824218750E-03
    5    0.6640625000000000E-03    0.8080291748046875E-03
    6    0.2441406250000000E-02    0.1166648864746094E-02
    7    0.2285156250000000E-02    0.9272384643554687E-03
    8   -0.4257812500000000E-02    0.1235351562500000E-02
    9    0.8789062500000000E-03    0.1023674011230469E-02
   10    0.1484375000000000E-02    0.1201705932617187E-02
   11   -0.6640625000000000E-03    0.8773803710937500E-03
   12   -0.2578125000000000E-02    0.9832763671875000E-03
   13   -0.5117187500000000E-02    0.9340667724609376E-03
   14   -0.1171875000000000E-02    0.1007766723632813E-02
   15   -0.3164062500000000E-02    0.9217834472656249E-03
   16   -0.2500000000000000E-02    0.1123809814453125E-02
   17   -0.3242187500000000E-02    0.1075592041015625E-02
   18    0.4218750000000000E-02    0.9870147705078125E-03
   19   -0.5078125000000000E-03    0.1045379638671875E-02
   20    0.4687500000000000E-03    0.1012954711914063E-02
   21   -0.3085937500000000E-02    0.1012115478515625E-02
   22    0.2812500000000000E-02    0.8772277832031250E-03
   23    0.3945312500000000E-02    0.8728027343750000E-03
   24    0.1269531250000000E-02    0.9866714477539062E-03
   25    0.4101562500000000E-02    0.8882904052734376E-03
   26    0.1289062500000000E-02    0.1106872558593750E-02
   27   -0.2578125000000000E-02    0.1039352416992187E-02
   28    0.1816406250000000E-02    0.1217308044433594E-02
   29   -0.5468750000000000E-02    0.9226989746093750E-03
   30   -0.4101562500000000E-03    0.8873367309570313E-03
   31    0.2148437500000000E-02    0.9566497802734375E-03
   32   -0.4746093750000000E-02    0.8368301391601563E-03
   33   -0.6640625000000000E-03    0.9680175781250000E-03
   34   -0.2695312500000000E-02    0.1187896728515625E-02
   35    0.5625000000000000E-02    0.8055877685546875E-03
   36    0.5332031250000000E-02    0.9192276000976562E-03
   37    0.5078125000000000E-02    0.7654571533203125E-03
   38    0.4218750000000000E-02    0.1006774902343750E-02
   39    0.5703125000000000E-02    0.9300231933593750E-03
   40    0.3359375000000000E-02    0.8621978759765625E-03
   41   -0.1523437500000000E-02    0.1253433227539062E-02
   42   -0.2929687500000000E-03    0.1139793395996094E-02
   43   -0.2636718750000000E-02    0.5792617797851562E-03
   44    0.7031250000000000E-03    0.1038131713867187E-02
   45   -0.4746093750000000E-02    0.8238601684570312E-03
   46   -0.2050781250000000E-02    0.9035873413085938E-03
   47    0.1855468750000000E-02    0.1101264953613281E-02
   48   -0.9960937500000000E-03    0.9811782836914062E-03
   49   -0.7617187500000000E-03    0.1129493713378906E-02
   50   -0.2363281250000000E-02    0.1150856018066406E-02
   51   -0.3046875000000000E-02    0.7955169677734375E-03
   52   -0.2734375000000000E-02    0.1198806762695312E-02
   53   -0.4863281250000000E-02    0.9858322143554688E-03
   54    0.1269531250000000E-02    0.1045570373535156E-02
   55    0.1210937500000000E-02    0.1060943603515625E-02
   56   -0.3378906250000000E-02    0.1000556945800781E-02
   57   -0.2773437500000000E-02    0.9887695312500000E-03
   58    0.4921875000000000E-02    0.1268920898437500E-02
   59    0.4433593750000000E-02    0.8264541625976563E-03
   60    0.1601562500000000E-02    0.1051254272460937E-02
   61    0.3085937500000000E-02    0.9456634521484375E-03
   62    0.5546875000000000E-02    0.8675384521484375E-03
   63    0.3496093750000000E-02    0.9024429321289062E-03
   64   -0.1542968750000000E-02    0.8945083618164063E-03
   65   -0.7031250000000000E-03    0.8898925781250000E-03
   66   -0.5468750000000001E-03    0.9059143066406250E-03
   67    0.2246093750000000E-02    0.8222579956054688E-03
   68   -0.3125000000000000E-02    0.1094436645507812E-02
   69   -0.6093750000000000E-02    0.1080245971679688E-02
   70   -0.3125000000000000E-02    0.9712982177734375E-03
   71   -0.1406250000000000E-02    0.9473419189453125E-03
   72   -0.3652343750000000E-02    0.8279800415039063E-03
   73   -0.1152343750000000E-02    0.1282539367675781E-02
   74    0.3085937500000000E-02    0.8521270751953125E-03
   75    0.2128906250000000E-02    0.8341598510742187E-03
   76    0.2031250000000000E-02    0.6950378417968750E-03
   77    0.1269531250000000E-02    0.9209060668945312E-03
   78    0.1699218750000000E-02    0.9726333618164062E-03
   79   -0.3320312500000000E-02    0.1009902954101563E-02
   80   -0.3984375000000000E-02    0.9921264648437499E-03
   81   -0.4472656250000000E-02    0.1074562072753906E-02
   82    0.4218750000000000E-02    0.1026611328125000E-02
   83    0.3906250000000000E-02    0.1059722900390625E-02
   84    0.5449218750000000E-02    0.9675979614257813E-03
   85   -0.4062500000000000E-02    0.8728790283203125E-03
   86    0.3027343750000000E-02    0.8417129516601563E-03
   87   -0.9375000000000000E-03    0.9412384033203125E-03
   88    0.2988281250000000E-02    0.8460617065429687E-03
   89    0.5000000000000000E-02    0.9834289550781250E-03
   90    0.4101562500000000E-03    0.8740615844726562E-03
   91    0.1367187500000000E-03    0.9967422485351563E-03
   92    0.8007812500000000E-03    0.1117362976074219E-02
   93    0.3320312500000000E-03    0.8671951293945313E-03
   94    0.7753906250000000E-02    0.8084487915039063E-03
   95    0.3886718750000000E-02    0.8391189575195312E-03
   96   -0.3847656250000000E-02    0.9987258911132813E-03
   97   -0.1171875000000000E-02    0.9143066406250000E-03
   98   -0.2343750000000000E-03    0.1014328002929687E-02
   99    0.3886718750000000E-02    0.9115982055664062E-03
  100    0.1542968750000000E-02    0.1012992858886719E-02
