# time =    0.4763
    0    0.1000000000000000E+01    0.1000000000000000E+01
    1    0.2250195312500000E+00    0.5149219512939453E-01
    2    0.5908203125000000E-01    0.4592704772949219E-02
    3    0.1847656250000000E-01    0.1240997314453125E-02
    4    0.9843750000000000E-02    0.1065673828125000E-02
    5   -0.5078125000000000E-03    0.1258239746093750E-02
    6    0.6445312500000000E-03    0.8205032348632813E-03
    7   -0.2695312500000000E-02    0.9150695800781250E-03
    8   -0.2382812500000000E-02    0.6023406982421875E-03
    9    0.2089843750000000E-02    0.1007347106933594E-02
   10    0.2343750000000000E-03    0.8728790283203125E-03
   11    0.3945312500000000E-02    0.7904052734375000E-03
   12    0.1367187500000000E-02    0.9743499755859375E-03
   13   -0.3066406250000000E-02    0.1075477600097656E-02
   14    0.1367187500000000E-02    0.1044311523437500E-02
   15    0.4804687500000000E-02    0.8612823486328125E-03
   16    0.3710937500000000E-03    0.8780288696289062E-03
   17    0.4394531250000000E-02    0.1106224060058594E-02
   18   -0.8203125000000000E-03    0.1122436523437500E-02
   19    0.1289062500000000E-02    0.7539367675781249E-03
   20    0.1367187500000000E-03    0.9674453735351563E-03
   21   -0.2441406250000000E-02    0.8218765258789062E-03
   22   -0.3554687500000000E-02    0.9080505371093750E-03
   23    0.6054687500000000E-03    0.9799575805664062E-03
   24    0.1132812500000000E-02    0.1004486083984375E-02
   25    0.1640625000000000E-02    0.8493804931640625E-03
   26    0.5664062500000000E-03    0.9061813354492188E-03
   27    0.4316406250000000E-02    0.1297340393066406E-02
   28   -0.2441406250000000E-02    0.9659194946289063E-03
   29    0.2324218750000000E-02    0.8913803100585937E-03
   30    0.1054687500000000E-02    0.8958435058593750E-03
   31    0.3203125000000000E-02    0.1056365966796875E-02
   32    0.2714843750000000E-02    0.8657455444335937E-03
   33    0.2675781250000000E-02    0.9929275512695313E-03
   34    0.1425781250000000E-02    0.8017349243164062E-03
   35    0.1406250000000000E-02    0.9034729003906250E-03
   36    0.4570312500000000E-02    0.8293914794921875E-03
   37    0.2675781250000000E-02    0.1229438781738281E-02
   38    0.1699218750000000E-02    0.6497573852539063E-03
   39    0.2851562500000000E-02    0.9391784667968750E-03
   40    0.3300781250000000E-02    0.1101112365722656E-02
   41    0.2031250000000000E-02    0.8871459960937500E-03
   42    0.1757812500000000E-03    0.1141090393066406E-02
   43   -0.2773437500000000E-02    0.7837677001953125E-03
   44   -0.1171875000000000E-03    0.1176223754882812E-02
   45   -0.1367187500000000E-03    0.1211051940917969E-02
   46   -0.4375000000000000E-02    0.9792327880859375E-03
   47   -0.1992187500000000E-02    0.9832763671875000E-03
   48    0.5859375000000000E-04    0.8069229125976563E-03
   49   -0.1269531250000000E-02    0.1135368347167969E-02
   50    0.8378906250000000E-02    0.1111717224121094E-02
   51    0.1406250000000000E-02    0.8748626708984375E-03
   52    0.1523437500000000E-02    0.8400726318359375E-03
   53   -0.2851562500000000E-02    0.1012115478515625E-02
   54   -0.3320312500000000E-03    0.9725570678710937E-03
   55   -0.1484375000000000E-02    0.1233139038085937E-02
   56    0.3710937500000000E-03    0.1044044494628906E-02
   57   -0.1718750000000000E-02    0.9613037109375000E-03
   58   -0.2148437500000000E-02    0.1090850830078125E-02
   59    0.7773437500000000E-02    0.9962463378906251E-03
   60    0.3515625000000000E-02    0.9263610839843750E-03
   61   -0.2714843750000000E-02    0.1244468688964844E-02
   62   -0.3339843750000000E-02    0.9474563598632813E-03
   63    0.1191406250000000E-02    0.7927322387695313E-03
   64   -0.1464843750000000E-02    0.1014900207519531E-02
   65   -0.2832031250000000E-02    0.9520339965820312E-03
   66   -0.4101562500000000E-03    0.1015129089355469E-02
   67   -0.1953125000000000E-04    0.7573318481445313E-03
   68    0.5273437500000000E-03    0.1112937927246094E-02
   69    0.7050781250000000E-02    0.1083335876464844E-02
   70    0.9570312500000000E-03    0.1027107238769531E-02
   71    0.5761718750000000E-02    0.9550094604492187E-03
   72    0.5859375000000000E-04    0.9331130981445313E-03
   73    0.5507812500000000E-02    0.9092712402343751E-03
   74    0.1035156250000000E-02    0.7383346557617188E-03
   75    0.8593750000000000E-03    0.1009979248046875E-02
   76    0.1191406250000000E-02    0.9294509887695313E-03
   77   -0.1425781250000000E-02    0.9116744995117188E-03
   78    0.3378906250000000E-02    0.1040077209472656E-02
   79    0.9375000000000000E-03    0.1207122802734375E-02
   80   -0.3242187500000000E-02    0.1124877929687500E-02
   81   -0.1503906250000000E-02    0.8781814575195313E-03
   82    0.2734375000000000E-02    0.1085968017578125E-02
   83   -0.1132812500000000E-02    0.8341217041015625E-03
   84    0.3242187500000000E-02    0.9283447265625001E-03
   85    0.2519531250000000E-02    0.1093330383300781E-02
   86   -0.2734375000000000E-03    0.9282684326171875E-03
   87   -0.1347656250000000E-02    0.1018943786621094E-02
   88    0.9765625000000000E-03    0.9859466552734374E-03
   89    0.4589843750000000E-02    0.7807540893554687E-03
   90    0.8574218749999999E-02    0.1295585632324219E-02
   91    0.7031250000000000E-03    0.1007843017578125E-02
   92    0.8398437500000000E-03    0.9220504760742188E-03
   93    0.8593750000000000E-03    0.7257843017578125E-03
   94   -0.4296875000000000E-03    0.9375762939453125E-03
   95   -0.2011718750000000E-02    0.8205032348632813E-03
   96   -0.2402343750000000E-02    0.1167564392089844E-02
   97   -0.5742187500000000E-02    0.1039047241210937E-02
   98   -0.9765625000000000E-03    0.9291076660156250E-03
   99   -0.8398437500000000E-03    0.1119041442871094E-02
  100    0.2851562500000000E-02    0.8740997314453124E-03
