# time =    0.4595
    0    0.1000000000000000E+01    0.1000000000000000E+01
    1    0.2622851562500000E+00    0.6973789215087890E-01
    2    0.7869140625000000E-01    0.7275047302246093E-02
    3    0.2900390625000000E-01    0.1596717834472656E-02
    4    0.7011718750000000E-02    0.1153755187988281E-02
    5    0.6503906250000000E-02    0.9381484985351563E-03
    6    0.1269531250000000E-02    0.1115913391113281E-02
    7    0.3886718750000000E-02    0.8965682983398438E-03
    8    0.2460937500000000E-02    0.8544158935546875E-03
    9    0.1250000000000000E-02    0.1197814941406250E-02
   10   -0.1113281250000000E-02    0.1127510070800781E-02
   11    0.1152343750000000E-02    0.9820938110351562E-03
   12   -0.7031250000000000E-03    0.1152038574218750E-02
   13    0.4160156250000000E-02    0.8967971801757813E-03
   14   -0.1328125000000000E-02    0.1006240844726562E-02
   15    0.2070312500000000E-02    0.9062957763671875E-03
   16    0.1035156250000000E-02    0.8794021606445313E-03
   17    0.5781250000000000E-02    0.9706115722656250E-03
   18   -0.2656250000000000E-02    0.8324432373046875E-03
   19   -0.1074218750000000E-02    0.7696151733398438E-03
   20    0.1230468750000000E-02    0.9883499145507812E-03
   21    0.3476562500000000E-02    0.9235382080078125E-03
   22    0.6054687500000000E-03    0.7116317749023438E-03
   23   -0.1562500000000000E-03    0.9073638916015626E-03
   24    0.5722656250000000E-02    0.1022834777832031E-02
   25   -0.1621093750000000E-02    0.1165275573730469E-02
   26    0.2343750000000000E-03    0.9149169921875000E-03
   27    0.2519531250000000E-02    0.8209609985351563E-03
   28    0.4746093750000000E-02    0.1011772155761719E-02
   29    0.3457031250000000E-02    0.1231346130371094E-02
   30   -0.2597656250000000E-02    0.1316337585449219E-02
   31    0.1484375000000000E-02    0.1153411865234375E-02
   32   -0.1210937500000000E-02    0.1010131835937500E-02
   33   -0.4101562500000000E-03    0.9930801391601562E-03
   34   -0.2636718750000000E-02    0.1160545349121094E-02
   35   -0.4863281250000000E-02    0.8771133422851563E-03
   36   -0.2871093750000000E-02    0.8057022094726563E-03
   37   -0.3105468750000000E-02    0.1031150817871094E-02
   38    0.1093750000000000E-02    0.1175994873046875E-02
   39   -0.1523437500000000E-02    0.9682464599609375E-03
   40    0.1933593750000000E-02    0.7442855834960938E-03
   41   -0.2089843750000000E-02    0.8873367309570313E-03
   42    0.5664062500000000E-03    0.1252937316894531E-02
   43   -0.3183593750000000E-02    0.1092109680175781E-02
   44    0.2324218750000000E-02    0.1011619567871094E-02
   45   -0.6835937500000000E-03    0.9242630004882812E-03
   46    0.4531250000000000E-02    0.7435607910156250E-03
   47   -0.2285156250000000E-02    0.9834671020507813E-03
   48   -0.3769531250000000E-02    0.1135063171386719E-02
   49    0.3203125000000000E-02    0.1092224121093750E-02
   50    0.3085937500000000E-02    0.1155014038085937E-02
   51    0.7246093750000000E-02    0.9527206420898438E-03
   52    0.3769531250000000E-02    0.9212112426757813E-03
   53   -0.9960937500000000E-03    0.1214485168457031E-02
   54    0.3242187500000000E-02    0.9312438964843750E-03
   55    0.3496093750000000E-02    0.8287429809570312E-03
   56   -0.7812500000000000E-04    0.9677124023437500E-03
   57   -0.1289062500000000E-02    0.1093139648437500E-02
   58    0.3671875000000000E-02    0.9101867675781250E-03
   59    0.3632812500000000E-02    0.1137161254882813E-02
   60   -0.2734375000000000E-03    0.8808898925781250E-03
   61   -0.8203125000000000E-03    0.1014862060546875E-02
   62   -0.5625000000000000E-02    0.9487915039062500E-03
   63   -0.1562500000000000E-02    0.1005249023437500E-02
   64    0.5097656250000000E-02    0.8947372436523438E-03
   65    0.3281250000000000E-02    0.1010742187500000E-02
   66   -0.1269531250000000E-02    0.9312057495117188E-03
   67   -0.8789062500000000E-03    0.9432601928710938E-03
   68   -0.3242187500000000E-02    0.8111572265624999E-03
   69   -0.5019531250000000E-02    0.1006050109863281E-02
   70    0.2070312500000000E-02    0.8274841308593750E-03
   71    0.1816406250000000E-02    0.1040306091308594E-02
   72    0.4492187500000000E-02    0.9439849853515625E-03
   73   -0.5468750000000001E-03    0.7029724121093750E-03
   74   -0.2929687500000000E-02    0.1124420166015625E-02
   75   -0.1152343750000000E-02    0.9443283081054688E-03
   76    0.3906250000000000E-04    0.8518981933593750E-03
   77   -0.7421875000000000E-03    0.1007995605468750E-02
   78   -0.1230468750000000E-02    0.6491470336914062E-03
   79   -0.7617187500000000E-03    0.1028709411621094E-02
   80   -0.2070312500000000E-02    0.9951019287109376E-03
   81   -0.8398437500000000E-03    0.1094856262207031E-02
   82    0.3320312500000000E-03    0.1256294250488281E-02
   83   -0.8593750000000000E-03    0.8935546875000000E-03
   84    0.3574218750000000E-02    0.1009712219238281E-02
   85   -0.3183593750000000E-02    0.1076240539550781E-02
   86   -0.1835937500000000E-02    0.9120941162109375E-03
   87   -0.9960937500000000E-03    0.9654617309570313E-03
   88    0.1113281250000000E-02    0.8849716186523438E-03
   89   -0.2617187500000000E-02    0.7073974609375000E-03
   90    0.1757812500000000E-03    0.8987808227539063E-03
   91    0.1484375000000000E-02    0.1008071899414062E-02
   92   -0.1250000000000000E-02    0.8538818359375000E-03
   93   -0.4101562500000000E-02    0.8374023437500000E-03
   94    0.3457031250000000E-02    0.9843826293945313E-03
   95   -0.9570312500000000E-03    0.9620285034179687E-03
   96    0.3613281250000000E-02    0.8698654174804688E-03
   97    0.2968750000000000E-02    0.8567810058593750E-03
   98    0.2968750000000000E-02    0.9098052978515625E-03
   99    0.1367187500000000E-03    0.7912826538085938E-03
  100    0.1601562500000000E-02    0.7720184326171875E-03
