# time =    0.4660
    0    0.1000000000000000E+01    0.1000000000000000E+01
    1    0.2055859375000000E+00    0.4316719055175781E-01
    2    0.4507812500000000E-01    0.2897720336914063E-02
    3    0.1007812500000000E-01    0.1197357177734375E-02
    4    0.4062500000000000E-02    0.1055679321289063E-02
    5   -0.4687500000000000E-03    0.9137725830078125E-03
    6    0.3652343750000000E-02    0.1081886291503906E-02
    7   -0.2363281250000000E-02    0.9357833862304688E-03
    8   -0.1093750000000000E-02    0.8323669433593750E-03
    9    0.4667968750000000E-02    0.9312057495117188E-03
   10    0.4160156250000000E-02    0.8842086791992187E-03
   11    0.3183593750000000E-02    0.9762191772460937E-03
   12    0.4414062500000000E-02    0.8761596679687500E-03
   13    0.1953125000000000E-02    0.1076660156250000E-02
   14   -0.1484375000000000E-02    0.7796478271484375E-03
   15   -0.3066406250000000E-02    0.1080741882324219E-02
   16    0.5097656250000000E-02    0.8781051635742187E-03
   17    0.4628906250000000E-02    0.9978866577148437E-03
   18    0.3574218750000000E-02    0.9086227416992187E-03
   19    0.3222656250000000E-02    0.8023452758789063E-03
   20   -0.2382812500000000E-02    0.1113052368164062E-02
   21   -0.4023437500000000E-02    0.1115646362304687E-02
   22   -0.9570312500000000E-03    0.8922195434570312E-03
   23   -0.4101562500000000E-03    0.8904647827148438E-03
   24   -0.2656250000000000E-02    0.1036605834960938E-02
   25   -0.4570312500000000E-02    0.1303329467773438E-02
   26   -0.1699218750000000E-02    0.1223716735839844E-02
   27    0.3789062500000000E-02    0.1014022827148437E-02
   28    0.2265625000000000E-02    0.9912109374999999E-03
   29    0.4375000000000000E-02    0.1232299804687500E-02
   30   -0.4394531250000000E-02    0.8165359497070313E-03
   31    0.5429687500000000E-02    0.7365417480468750E-03
   32    0.2597656250000000E-02    0.9455490112304688E-03
   33    0.3515625000000000E-03    0.8956146240234375E-03
   34   -0.8398437500000000E-03    0.8568191528320313E-03
   35    0.2460937500000000E-02    0.9110260009765625E-03
   36   -0.2968750000000000E-02    0.1075592041015625E-02
   37   -0.8691406250000000E-02    0.1263999938964844E-02
   38   -0.4257812500000000E-02    0.9997558593749999E-03
   39   -0.3496093750000000E-02    0.1349906921386719E-02
   40   -0.1054687500000000E-02    0.1288757324218750E-02
   41   -0.1269531250000000E-02    0.1052513122558594E-02
   42   -0.7812500000000000E-03    0.1114044189453125E-02
   43    0.6679687500000000E-02    0.1020812988281250E-02
   44    0.1914062500000000E-02    0.1011581420898438E-02
   45   -0.9765625000000001E-04    0.1142005920410156E-02
   46   -0.1679687500000000E-02    0.8142089843750000E-03
   47    0.1757812500000000E-03    0.1017189025878906E-02
   48    0.1738281250000000E-02    0.1078071594238281E-02
   49    0.1914062500000000E-02    0.7616424560546875E-03
   50    0.6054687500000000E-03    0.1120796203613281E-02
   51   -0.1718750000000000E-02    0.1090774536132812E-02
   52    0.1738281250000000E-02    0.1042213439941406E-02
   53    0.1210937500000000E-02    0.8847808837890625E-03
   54    0.4765625000000000E-02    0.7312011718750000E-03
   55   -0.1933593750000000E-02    0.7923507690429688E-03
   56   -0.1210937500000000E-02    0.6954193115234375E-03
   57   -0.3730468750000000E-02    0.1320915222167969E-02
   58   -0.3789062500000000E-02    0.8583831787109375E-03
   59   -0.2109375000000000E-02    0.1129455566406250E-02
   60   -0.3281250000000000E-02    0.1101531982421875E-02
   61   -0.4257812500000000E-02    0.9762573242187500E-03
   62   -0.2539062500000000E-03    0.9612655639648438E-03
   63   -0.8222656250000000E-02    0.1136894226074219E-02
   64   -0.4492187500000000E-03    0.8672714233398437E-03
   65   -0.3593750000000000E-02    0.1159667968750000E-02
   66    0.4882812500000000E-03    0.1046714782714844E-02
   67    0.1562500000000000E-02    0.8999633789062500E-03
   68    0.1875000000000000E-02    0.7519531250000000E-03
   69    0.1953125000000000E-02    0.9587860107421875E-03
   70    0.1093750000000000E-02    0.8757781982421875E-03
   71    0.2968750000000000E-02    0.9101104736328125E-03
   72   -0.2890625000000000E-02    0.8548736572265625E-03
   73    0.2675781250000000E-02    0.9016036987304687E-03
   74   -0.1953125000000000E-03    0.9049224853515625E-03
   75   -0.4882812500000000E-03    0.8397293090820312E-03
   76   -0.1777343750000000E-02    0.8592605590820312E-03
   77    0.1503906250000000E-02    0.9002304077148438E-03
   78    0.7421875000000000E-03    0.8672332763671875E-03
   79    0.7617187500000000E-03    0.9726333618164062E-03
   80   -0.5273437500000000E-03    0.7998275756835937E-03
   81   -0.2910156250000000E-02    0.9390640258789062E-03
   82   -0.1289062500000000E-02    0.8778381347656250E-03
   83    0.1054687500000000E-02    0.1211395263671875E-02
   84   -0.2675781250000000E-02    0.8098220825195312E-03
   85    0.1777343750000000E-02    0.8243942260742188E-03
   86    0.1464843750000000E-02    0.8389663696289063E-03
   87   -0.6445312500000000E-03    0.1096153259277344E-02
   88   -0.9179687499999999E-03    0.1060829162597656E-02
   89   -0.5078125000000000E-03    0.9674072265625000E-03
   90    0.3320312500000000E-03    0.9715652465820312E-03
   91   -0.1992187500000000E-02    0.9379577636718750E-03
   92   -0.2753906250000000E-02    0.7957839965820313E-03
   93    0.1562500000000000E-02    0.7790374755859375E-03
   94   -0.4121093750000000E-02    0.1027259826660156E-02
   95    0.2265625000000000E-02    0.9102630615234375E-03
   96    0.4335937500000000E-02    0.1187133789062500E-02
   97   -0.7695312500000000E-02    0.9359741210937501E-03
   98   -0.3496093750000000E-02    0.8286666870117187E-03
   99    0.3828125000000000E-02    0.1013717651367188E-02
  100    0.4863281250000000E-02    0.7359695434570313E-03
