# time =    0.4647
    0    0.1000000000000000E+01    0.1000000000000000E+01
    1    0.2421679687500000E+00    0.5952884674072265E-01
    2    0.6457031250000000E-01    0.5149536132812500E-02
    3    0.1703125000000000E-01    0.1242065429687500E-02
    4    0.5390625000000000E-02    0.8773803710937500E-03
    5    0.3593750000000000E-02    0.9068298339843750E-03
    6    0.1562500000000000E-03    0.9063720703125000E-03
    7    0.2324218750000000E-02    0.9605026245117187E-03
    8   -0.9960937500000000E-03    0.9011459350585937E-03
    9   -0.2714843750000000E-02    0.1118659973144531E-02
   10   -0.2343750000000000E-02    0.7865905761718750E-03
   11   -0.1757812500000000E-02    0.9424591064453125E-03
   12   -0.2382812500000000E-02    0.1174011230468750E-02
   13   -0.2382812500000000E-02    0.1061935424804687E-02
   14    0.4121093750000000E-02    0.9529495239257813E-03
   15   -0.1152343750000000E-02    0.1089439392089844E-02
   16   -0.9570312500000000E-03    0.9575271606445312E-03
   17    0.5410156250000000E-02    0.8703231811523438E-03
   18   -0.1875000000000000E-02    0.1189346313476562E-02
   19   -0.3007812500000000E-02    0.8414459228515625E-03
   20   -0.1953125000000000E-04    0.1191139221191406E-02
   21   -0.1757812500000000E-02    0.9246063232421875E-03
   22   -0.1015625000000000E-02    0.8916473388671875E-03
   23    0.1699218750000000E-02    0.1306190490722656E-02
   24   -0.1347656250000000E-02    0.1077919006347656E-02
   25   -0.4589843750000000E-02    0.1108055114746094E-02
   26   -0.1484375000000000E-02    0.9445953369140625E-03
   27   -0.1679687500000000E-02    0.9358215332031250E-03
   28    0.3867187500000000E-02    0.6557464599609375E-03
   29   -0.2226562500000000E-02    0.1058807373046875E-02
   30    0.8398437500000000E-03    0.9881973266601563E-03
   31    0.2597656250000000E-02    0.1037635803222656E-02
   32    0.5273437500000000E-02    0.9694671630859374E-03
   33    0.1210937500000000E-02    0.8911132812500000E-03
   34    0.9960937500000000E-03    0.1059226989746094E-02
   35   -0.4414062500000000E-02    0.8853912353515625E-03
   36   -0.3906250000000000E-03    0.9039306640625000E-03
   37    0.1015625000000000E-02    0.9608459472656250E-03
   38   -0.5078125000000000E-03    0.8538818359375000E-03
   39   -0.2929687500000000E-03    0.7670211791992187E-03
   40   -0.2324218750000000E-02    0.8494186401367187E-03
   41   -0.3906250000000000E-03    0.1219253540039063E-02
   42    0.6640625000000000E-03    0.1103134155273438E-02
   43    0.3046875000000000E-02    0.9768676757812499E-03
   44   -0.3925781250000000E-02    0.1168098449707031E-02
   45   -0.5078125000000000E-03    0.9380340576171875E-03
   46    0.2734375000000000E-03    0.1161956787109375E-02
   47   -0.3085937500000000E-02    0.8314514160156250E-03
   48   -0.6191406250000000E-02    0.1005210876464844E-02
   49   -0.1113281250000000E-02    0.8059310913085938E-03
   50    0.2089843750000000E-02    0.6392288208007812E-03
   51    0.4687500000000000E-03    0.9513854980468750E-03
   52    0.1445312500000000E-02    0.1089096069335938E-02
   53   -0.5664062500000000E-03    0.1050987243652344E-02
   54   -0.5292968750000000E-02    0.1087913513183594E-02
   55   -0.1894531250000000E-02    0.8961105346679687E-03
   56   -0.6484375000000000E-02    0.9153747558593750E-03
   57   -0.4980468750000000E-02    0.9557723999023438E-03
   58   -0.3828125000000000E-02    0.8920288085937500E-03
   59   -0.4160156250000000E-02    0.9209823608398438E-03
   60   -0.4765625000000000E-02    0.9207153320312501E-03
   61    0.5273437500000000E-03    0.8449172973632813E-03
   62   -0.3906250000000000E-03    0.1176986694335938E-02
   63   -0.5585937500000000E-02    0.1071243286132812E-02
   64    0.3769531250000000E-02    0.9422683715820312E-03
   65    0.2539062500000000E-02    0.8487701416015625E-03
   66    0.1445312500000000E-02    0.8823394775390625E-03
   67    0.5859375000000000E-03    0.8516693115234375E-03
   68    0.2148437500000000E-02    0.1020202636718750E-02
   69    0.2929687500000000E-02    0.1057128906250000E-02
   70   -0.2363281250000000E-02    0.1063652038574219E-02
   71   -0.4062500000000000E-02    0.1236114501953125E-02
   72   -0.6250000000000000E-03    0.1077499389648437E-02
   73    0.6054687500000000E-03    0.1101341247558594E-02
   74   -0.3906250000000000E-02    0.9343719482421875E-03
   75   -0.1152343750000000E-02    0.8855819702148438E-03
   76   -0.2187500000000000E-02    0.1164474487304687E-02
   77    0.1464843750000000E-02    0.1141624450683594E-02
   78    0.2636718750000000E-02    0.1067695617675781E-02
   79    0.3046875000000000E-02    0.9660339355468750E-03
   80   -0.1347656250000000E-02    0.9839248657226563E-03
   81   -0.3457031250000000E-02    0.9458541870117187E-03
   82   -0.3085937500000000E-02    0.8402252197265625E-03
   83    0.2812500000000000E-02    0.8420562744140625E-03
   84   -0.1523437500000000E-02    0.1010284423828125E-02
   85   -0.4843750000000000E-02    0.1106491088867188E-02
   86    0.3183593750000000E-02    0.9251785278320313E-03
   87    0.2343750000000000E-03    0.1160583496093750E-02
   88   -0.8007812500000000E-03    0.1078147888183594E-02
   89    0.3125000000000000E-02    0.9666442871093750E-03
   90    0.1171875000000000E-02    0.1109008789062500E-02
   91    0.1835937500000000E-02    0.1031875610351562E-02
   92   -0.1933593750000000E-02    0.8787155151367187E-03
   93    0.3242187500000000E-02    0.8794403076171875E-03
   94    0.5859375000000000E-04    0.1079368591308594E-02
   95   -0.1171875000000000E-02    0.1048126220703125E-02
   96   -0.5078125000000000E-03    0.1109619140625000E-02
   97   -0.5800781250000000E-02    0.9743881225585938E-03
   98   -0.3242187500000000E-02    0.1172332763671875E-02
   99   -0.2832031250000000E-02    0.1152763366699219E-02
  100   -0.1250000000000000E-02    0.8781433105468750E-03
