# time =    0.4630
    0    0.1000000000000000E+01    0.1000000000000000E+01
    1    0.2530664062500000E+00    0.6478511810302734E-01
    2    0.7138671874999999E-01    0.6031990051269531E-02
    3    0.1681640625000000E-01    0.1372642517089844E-02
    4    0.2636718750000000E-02    0.9309768676757813E-03
    5   -0.1132812500000000E-02    0.8428955078125000E-03
    6    0.2480468750000000E-02    0.8903121948242187E-03
    7    0.2792968750000000E-02    0.9225082397460938E-03
    8    0.3320312500000000E-02    0.1198120117187500E-02
    9   -0.2089843750000000E-02    0.1018257141113281E-02
   10    0.2988281250000000E-02    0.1119422912597656E-02
   11   -0.3945312500000000E-02    0.9258270263671875E-03
   12   -0.6054687500000000E-03    0.9868240356445312E-03
   13   -0.2148437500000000E-03    0.1136970520019531E-02
   14    0.2890625000000000E-02    0.9986877441406250E-03
   15    0.3574218750000000E-02    0.9397506713867187E-03
   16   -0.4296875000000000E-03    0.9795379638671874E-03
   17    0.9960937500000000E-03    0.7440567016601563E-03
   18    0.6113281250000000E-02    0.8226394653320313E-03
   19    0.3476562500000000E-02    0.9378051757812500E-03
   20    0.3886718750000000E-02    0.7972335815429688E-03
   21    0.2089843750000000E-02    0.7703781127929687E-03
   22   -0.1718750000000000E-02    0.1206359863281250E-02
   23   -0.1445312500000000E-02    0.1180877685546875E-02
   24   -0.6425781250000000E-02    0.1295890808105469E-02
   25   -0.5859375000000000E-02    0.6990814208984375E-03
   26   -0.2617187500000000E-02    0.9233856201171875E-03
   27   -0.1796875000000000E-02    0.1136550903320312E-02
   28   -0.1015625000000000E-02    0.1255264282226563E-02
   29   -0.5039062500000000E-02    0.1002044677734375E-02
   30   -0.5156250000000000E-02    0.1079254150390625E-02
   31   -0.5859375000000000E-04    0.8473587036132812E-03
   32   -0.1621093750000000E-02    0.8974838256835938E-03
   33   -0.1464843750000000E-02    0.1135978698730469E-02
   34    0.1894531250000000E-02    0.8482742309570313E-03
   35    0.2812500000000000E-02    0.1147308349609375E-02
   36    0.4062500000000000E-02    0.1037597656250000E-02
   37    0.2187500000000000E-02    0.8492279052734375E-03
   38    0.8398437500000000E-03    0.9979629516601563E-03
   39   -0.1796875000000000E-02    0.1071624755859375E-02
   40    0.3574218750000000E-02    0.9865951538085937E-03
   41   -0.2773437500000000E-02    0.7522583007812500E-03
   42   -0.2773437500000000E-02    0.1054687500000000E-02
   43   -0.3593750000000000E-02    0.9555816650390625E-03
   44    0.5507812500000000E-02    0.8895111083984375E-03
   45    0.5488281250000000E-02    0.9550857543945313E-03
   46   -0.7617187500000000E-03    0.9068679809570312E-03
   47    0.5898437500000000E-02    0.9385681152343750E-03
   48    0.5000000000000000E-02    0.8197784423828125E-03
   49   -0.8007812500000000E-03    0.8677291870117187E-03
   50   -0.7421875000000000E-03    0.1153030395507812E-02
   51   -0.5468750000000001E-03    0.1040802001953125E-02
   52   -0.2773437500000000E-02    0.1042709350585937E-02
   53   -0.5468750000000001E-03    0.9994506835937500E-03
   54   -0.2324218750000000E-02    0.9563064575195312E-03
   55   -0.2265625000000000E-02    0.8643341064453125E-03
   56    0.1601562500000000E-02    0.1046905517578125E-02
   57   -0.7812500000000000E-04    0.1215133666992188E-02
   58   -0.1367187500000000E-02    0.9535980224609375E-03
   59    0.5078125000000000E-03    0.6273651123046875E-03
   60   -0.4335937500000000E-02    0.8332824707031250E-03
   61    0.2929687500000000E-03    0.1028251647949219E-02
   62   -0.2871093750000000E-02    0.1070518493652344E-02
   63   -0.6640625000000000E-03    0.9520721435546875E-03
   64   -0.5371093750000000E-02    0.8716964721679687E-03
   65   -0.6093750000000000E-02    0.1004486083984375E-02
   66    0.3261718750000000E-02    0.5921554565429687E-03
   67    0.1816406250000000E-02    0.7918930053710938E-03
   68    0.1015625000000000E-02    0.8439636230468750E-03
   69    0.1517578125000000E-01    0.9855270385742188E-03
   70    0.1269531250000000E-02    0.8494186401367187E-03
   71    0.1933593750000000E-02    0.9527969360351563E-03
   72    0.2832031250000000E-02    0.9648513793945313E-03
   73   -0.3945312500000000E-02    0.8570098876953125E-03
   74   -0.4882812500000000E-03    0.8691787719726562E-03
   75   -0.7421875000000000E-03    0.1003723144531250E-02
   76    0.3398437500000000E-02    0.7503509521484375E-03
   77    0.1660156250000000E-02    0.9783554077148439E-03
   78    0.1972656250000000E-02    0.9260177612304688E-03
   79   -0.2851562500000000E-02    0.8080291748046875E-03
   80    0.3906250000000000E-03    0.1029815673828125E-02
   81    0.3632812500000000E-02    0.7880401611328125E-03
   82   -0.1816406250000000E-02    0.8594131469726562E-03
   83   -0.7519531250000000E-02    0.1001014709472656E-02
   84   -0.4335937500000000E-02    0.1225967407226562E-02
   85   -0.7031250000000000E-03    0.1153411865234375E-02
   86    0.2343750000000000E-03    0.1210632324218750E-02
   87    0.2363281250000000E-02    0.7515335083007812E-03
   88   -0.4902343750000000E-02    0.1106910705566406E-02
   89   -0.6835937500000000E-02    0.9093475341796875E-03
   90   -0.1855468750000000E-02    0.8436203002929688E-03
   91    0.1445312500000000E-02    0.8832550048828125E-03
   92    0.1953125000000000E-02    0.1017379760742187E-02
   93    0.1152343750000000E-02    0.1012840270996094E-02
   94    0.1210937500000000E-02    0.8137512207031250E-03
   95   -0.1542968750000000E-02    0.9975051879882813E-03
   96   -0.2343750000000000E-02    0.1147308349609375E-02
   97    0.1367187500000000E-03    0.7605361938476563E-03
   98   -0.5273437500000000E-03    0.8102035522460937E-03
   99    0.4472656250000000E-02    0.7477951049804688E-03
  100   -0.3515625000000000E-03    0.7456970214843750E-03
