# time =    0.4242
    0    0.1000000000000000E+01    0.1000000000000000E+01
    1    0.3929882812500000E+00    0.1552158737182617E+00
    2    0.1920507812500000E+00    0.3776538848876953E-01
    3    0.1066601562500000E+00    0.1226123809814453E-01
    4    0.7230468750000001E-01    0.6301498413085938E-02
    5    0.5300781250000000E-01    0.3750076293945312E-02
    6    0.3716796875000000E-01    0.2238121032714844E-02
    7    0.2802734375000000E-01    0.1639747619628906E-02
    8    0.2179687500000000E-01    0.1488800048828125E-02
    9    0.1804687500000000E-01    0.1146926879882813E-02
   10    0.1369140625000000E-01    0.1126976013183594E-02
   11    0.1373046875000000E-01    0.1249351501464844E-02
   12    0.1388671875000000E-01    0.1079750061035156E-02
   13    0.7617187500000000E-02    0.9027862548828125E-03
   14    0.7402343750000000E-02    0.9758377075195313E-03
   15    0.1136718750000000E-01    0.1053695678710938E-02
   16    0.9296875000000000E-02    0.1052322387695313E-02
   17    0.7421875000000000E-02    0.8995056152343750E-03
   18    0.8574218749999999E-02    0.1136131286621094E-02
   19    0.1083984375000000E-01    0.1070137023925781E-02
   20    0.9902343750000001E-02    0.1026420593261719E-02
   21    0.6816406250000000E-02    0.1147804260253906E-02
   22    0.3281250000000000E-02    0.1296768188476562E-02
   23    0.2597656250000000E-02    0.1000328063964844E-02
   24    0.5683593750000000E-02    0.9459304809570312E-03
   25    0.3085937500000000E-02    0.1072769165039063E-02
   26    0.5781250000000000E-02    0.1103591918945313E-02
   27    0.4335937500000000E-02    0.1191482543945312E-02
   28    0.2714843750000000E-02    0.1169624328613281E-02
   29   -0.1777343750000000E-02    0.1015968322753906E-02
   30    0.3789062500000000E-02    0.9305572509765625E-03
   31    0.4414062500000000E-02    0.1009063720703125E-02
   32    0.5957031250000000E-02    0.1002388000488281E-02
   33   -0.3320312500000000E-02    0.9807586669921876E-03
   34   -0.2597656250000000E-02    0.8949661254882813E-03
   35   -0.3125000000000000E-02    0.1083374023437500E-02
   36    0.2792968750000000E-02    0.1243858337402344E-02
   37    0.3593750000000000E-02    0.1143417358398438E-02
   38    0.3750000000000000E-02    0.1048660278320312E-02
   39    0.2968750000000000E-02    0.1075973510742188E-02
   40    0.4785156250000000E-02    0.9910202026367188E-03
   41    0.3085937500000000E-02    0.1220932006835938E-02
   42    0.3398437500000000E-02    0.9292602539062500E-03
   43   -0.1152343750000000E-02    0.8478164672851562E-03
   44    0.3378906250000000E-02    0.9305191040039063E-03
   45    0.3671875000000000E-02    0.8343505859375000E-03
   46    0.6699218750000000E-02    0.9153366088867187E-03
   47    0.7910156250000000E-02    0.9817123413085938E-03
   48    0.5273437500000000E-02    0.1031112670898438E-02
   49    0.1796875000000000E-02    0.8461761474609375E-03
   50    0.4570312500000000E-02    0.1076431274414063E-02
   51    0.3867187500000000E-02    0.9022521972656250E-03
   52    0.4335937500000000E-02    0.1181411743164062E-02
   53    0.1855468750000000E-02    0.1152000427246094E-02
   54   -0.7031250000000000E-03    0.1009292602539062E-02
   55    0.3574218750000000E-02    0.9482955932617188E-03
   56    0.2910156250000000E-02    0.8066177368164062E-03
   57    0.3066406250000000E-02    0.8224868774414063E-03
   58    0.3593750000000000E-02    0.9339141845703125E-03
   59   -0.1250000000000000E-02    0.7827758789062500E-03
   60   -0.4179687500000000E-02    0.1089630126953125E-02
   61   -0.2011718750000000E-02    0.8566665649414062E-03
   62   -0.2421875000000000E-02    0.8814239501953125E-03
   63   -0.6757812500000000E-02    0.1095504760742188E-02
   64   -0.1777343750000000E-02    0.1020622253417969E-02
   65    0.3710937500000000E-02    0.1119384765625000E-02
   66   -0.2031250000000000E-02    0.8950805664062499E-03
   67   -0.4296875000000000E-02    0.1077575683593750E-02
   68    0.3906250000000000E-03    0.9355163574218750E-03
   69    0.1250000000000000E-02    0.8373260498046875E-03
   70    0.1484375000000000E-02    0.9140777587890625E-03
   71    0.2734375000000000E-02    0.1043701171875000E-02
   72    0.3593750000000000E-02    0.1260452270507813E-02
   73    0.1445312500000000E-02    0.1001892089843750E-02
   74    0.2128906250000000E-02    0.1273307800292969E-02
   75    0.2792968750000000E-02    0.1080055236816406E-02
   76   -0.9375000000000000E-03    0.1016082763671875E-02
   77   -0.4101562500000000E-02    0.8001708984375000E-03
   78   -0.2597656250000000E-02    0.8493423461914063E-03
   79   -0.2167968750000000E-02    0.8827590942382812E-03
   80    0.4101562500000000E-03    0.9563064575195312E-03
   81    0.1718750000000000E-02    0.8892059326171875E-03
   82    0.4042968750000000E-02    0.9750747680664063E-03
   83    0.3476562500000000E-02    0.1003799438476562E-02
   84    0.3007812500000000E-02    0.9180450439453125E-03
   85    0.1503906250000000E-02    0.9503555297851562E-03
   86    0.1152343750000000E-02    0.8316421508789062E-03
   87    0.8398437500000000E-03    0.9560775756835937E-03
   88   -0.2968750000000000E-02    0.9293365478515625E-03
   89   -0.3554687500000000E-02    0.1053390502929687E-02
   90   -0.3398437500000000E-02    0.9184265136718750E-03
   91   -0.2695312500000000E-02    0.8744049072265625E-03
   92   -0.7812500000000000E-03    0.7299041748046875E-03
   93    0.2988281250000000E-02    0.9018325805664062E-03
   94    0.1054687500000000E-02    0.9993743896484376E-03
   95   -0.3320312500000000E-03    0.1077842712402344E-02
   96    0.1640625000000000E-02    0.9208679199218750E-03
   97    0.7226562500000000E-03    0.8280563354492187E-03
   98   -0.3906250000000000E-04    0.7461547851562500E-03
   99   -0.1484375000000000E-02    0.8512878417968750E-03
  100    0.1269531250000000E-02    0.1078758239746094E-02
