# time =    0.4628
    0    0.1000000000000000E+01    0.1000000000000000E+01
    1    0.2551953125000000E+00    0.6585525512695313E-01
    2    0.7447265625000000E-01    0.6792869567871094E-02
    3    0.2580078125000000E-01    0.1691932678222656E-02
    4    0.9218750000000000E-02    0.8317565917968750E-03
    5    0.5136718750000000E-02    0.8798599243164063E-03
    6    0.1914062500000000E-02    0.9420776367187500E-03
    7   -0.1738281250000000E-02    0.9056472778320312E-03
    8   -0.6191406250000000E-02    0.8803176879882813E-03
    9   -0.3886718750000000E-02    0.8182144165039063E-03
   10    0.7617187500000000E-03    0.9245681762695313E-03
   11    0.2851562500000000E-02    0.1127929687500000E-02
   12   -0.3847656250000000E-02    0.1145362854003906E-02
   13    0.5644531250000000E-02    0.9699630737304688E-03
   14    0.2636718750000000E-02    0.7514572143554688E-03
   15    0.2539062500000000E-03    0.9452438354492187E-03
   16    0.3007812500000000E-02    0.8546447753906250E-03
   17    0.4003906250000000E-02    0.9517288208007813E-03
   18   -0.3242187500000000E-02    0.1004867553710938E-02
   19   -0.5156250000000000E-02    0.1090850830078125E-02
   20    0.2343750000000000E-02    0.9830474853515625E-03
   21    0.3457031250000000E-02    0.9124374389648437E-03
   22    0.5332031250000000E-02    0.9389114379882812E-03
   23    0.5585937500000000E-02    0.1005401611328125E-02
   24    0.3847656250000000E-02    0.9898757934570313E-03
   25    0.2832031250000000E-02    0.9420394897460937E-03
   26    0.4609375000000000E-02    0.1024169921875000E-02
   27    0.8007812500000000E-03    0.9474563598632813E-03
   28    0.5839843750000000E-02    0.8309555053710938E-03
   29   -0.5605468750000000E-02    0.9030532836914062E-03
   30   -0.4121093750000000E-02    0.1106758117675781E-02
   31   -0.2929687500000000E-03    0.1091270446777344E-02
   32    0.2539062500000000E-03    0.9921646118164062E-03
   33    0.5097656250000000E-02    0.1167716979980469E-02
   34    0.2031250000000000E-02    0.9634399414062500E-03
   35   -0.7617187500000000E-03    0.1320304870605469E-02
   36   -0.2558593750000000E-02    0.9647750854492187E-03
   37   -0.6054687500000000E-03    0.9116744995117188E-03
   38    0.1250000000000000E-02    0.1083297729492188E-02
   39    0.1738281250000000E-02    0.1101722717285156E-02
   40   -0.9570312500000000E-03    0.7963180541992188E-03
   41   -0.4902343750000000E-02    0.9247970581054688E-03
   42   -0.1953125000000000E-04    0.9812545776367188E-03
   43    0.3320312500000000E-03    0.1027336120605469E-02
   44    0.2578125000000000E-02    0.1018524169921875E-02
   45    0.1171875000000000E-03    0.9394073486328125E-03
   46   -0.3085937500000000E-02    0.1010665893554687E-02
   47   -0.1152343750000000E-02    0.9274673461914062E-03
   48    0.1718750000000000E-02    0.7556152343750000E-03
   49    0.6406250000000000E-02    0.8491516113281250E-03
   50    0.5429687500000000E-02    0.1276397705078125E-02
   51    0.2167968750000000E-02    0.9647750854492187E-03
   52    0.3535156250000000E-02    0.9741592407226563E-03
   53    0.2910156250000000E-02    0.9306716918945312E-03
   54   -0.2226562500000000E-02    0.9300231933593750E-03
   55   -0.7812500000000000E-03    0.1074218750000000E-02
   56    0.0000000000000000E+00    0.1056747436523437E-02
   57    0.4492187500000000E-03    0.9329605102539062E-03
   58    0.3945312500000000E-02    0.1054763793945312E-02
   59    0.2460937500000000E-02    0.9920501708984375E-03
   60    0.1894531250000000E-02    0.1158866882324219E-02
   61    0.9570312500000000E-03    0.1001319885253906E-02
   62   -0.4296875000000000E-02    0.7144165039062500E-03
   63    0.3437500000000000E-02    0.9864807128906251E-03
   64    0.3867187500000000E-02    0.8878326416015625E-03
   65    0.2285156250000000E-02    0.1166725158691406E-02
   66    0.8398437500000000E-03    0.8876419067382812E-03
   67   -0.4160156250000000E-02    0.9699630737304688E-03
   68    0.4707031250000000E-02    0.1144828796386719E-02
   69   -0.1367187500000000E-02    0.1149139404296875E-02
   70    0.4687500000000000E-02    0.1037292480468750E-02
   71    0.7402343750000000E-02    0.8364486694335938E-03
   72    0.4882812500000000E-03    0.8732223510742187E-03
   73    0.6523437500000000E-02    0.7010650634765625E-03
   74    0.6875000000000000E-02    0.8320617675781250E-03
   75    0.4472656250000000E-02    0.9194564819335938E-03
   76    0.1582031250000000E-02    0.9441757202148437E-03
   77   -0.3906250000000000E-03    0.1007080078125000E-02
   78    0.2500000000000000E-02    0.9102630615234375E-03
   79    0.2089843750000000E-02    0.9341812133789062E-03
   80    0.5859375000000000E-03    0.9541320800781250E-03
   81   -0.3203125000000000E-02    0.8406829833984375E-03
   82   -0.1445312500000000E-02    0.8321380615234374E-03
   83   -0.6328125000000000E-02    0.1017913818359375E-02
   84    0.4492187500000000E-03    0.1040611267089844E-02
   85    0.1699218750000000E-02    0.9188461303710938E-03
   86    0.1406250000000000E-02    0.7058715820312500E-03
   87    0.1835937500000000E-02    0.8720397949218750E-03
   88    0.3710937500000000E-03    0.1114234924316406E-02
   89   -0.1738281250000000E-02    0.9687423706054687E-03
   90   -0.2167968750000000E-02    0.1061363220214844E-02
   91    0.5859375000000000E-03    0.1102371215820313E-02
   92   -0.9179687499999999E-03    0.8736801147460938E-03
   93   -0.2421875000000000E-02    0.8581542968750000E-03
   94   -0.4609375000000000E-02    0.7054138183593750E-03
   95   -0.5546875000000000E-02    0.1222152709960937E-02
   96   -0.1250000000000000E-02    0.8702850341796874E-03
   97    0.1074218750000000E-02    0.7284927368164062E-03
   98   -0.1718750000000000E-02    0.8391571044921875E-03
   99   -0.1621093750000000E-02    0.7413864135742187E-03
  100    0.2460937500000000E-02    0.9322357177734375E-03
