# time =    0.4796
    0    0.1000000000000000E+01    0.1000000000000000E+01
    1    0.1994726562500000E+00    0.4055065155029297E-01
    2    0.4164062500000000E-01    0.2654571533203125E-02
    3    0.6230468750000000E-02    0.8140945434570312E-03
    4    0.1875000000000000E-02    0.1162261962890625E-02
    5    0.1542968750000000E-02    0.9888076782226562E-03
    6   -0.4199218750000000E-02    0.8909988403320312E-03
    7   -0.3671875000000000E-02    0.7047271728515625E-03
    8    0.2324218750000000E-02    0.8861923217773438E-03
    9   -0.3007812500000000E-02    0.7733917236328125E-03
   10    0.6816406250000000E-02    0.9891891479492188E-03
   11    0.3984375000000000E-02    0.6459808349609375E-03
   12    0.2285156250000000E-02    0.8753585815429687E-03
   13    0.5800781250000000E-02    0.9901809692382812E-03
   14    0.3671875000000000E-02    0.1001052856445313E-02
   15    0.3632812500000000E-02    0.1072387695312500E-02
   16    0.9765625000000000E-03    0.9126281738281250E-03
   17   -0.9179687499999999E-03    0.1050453186035156E-02
   18    0.6250000000000000E-03    0.7649993896484375E-03
   19    0.5292968750000000E-02    0.1157646179199219E-02
   20    0.3398437500000000E-02    0.8447265625000000E-03
   21    0.3515625000000000E-03    0.1230621337890625E-02
   22    0.3906250000000000E-03    0.9877777099609375E-03
   23   -0.4492187500000000E-03    0.1114158630371094E-02
   24    0.3671875000000000E-02    0.9951782226562500E-03
   25   -0.5742187500000000E-02    0.1035385131835938E-02
   26   -0.3007812500000000E-02    0.1117324829101562E-02
   27   -0.8320312500000000E-02    0.8139038085937501E-03
   28   -0.5664062500000000E-03    0.8243179321289063E-03
   29   -0.3710937500000000E-03    0.1205101013183594E-02
   30    0.7421875000000000E-03    0.7462310791015625E-03
   31    0.4570312500000000E-02    0.7486724853515625E-03
   32   -0.3300781250000000E-02    0.8611679077148438E-03
   33   -0.3632812500000000E-02    0.8296966552734375E-03
   34    0.6542968750000000E-02    0.1034812927246094E-02
   35    0.6250000000000000E-03    0.7810211181640625E-03
   36    0.1328125000000000E-02    0.9275817871093750E-03
   37   -0.8828124999999999E-02    0.1117095947265625E-02
   38    0.4921875000000000E-02    0.1071014404296875E-02
   39    0.8007812500000000E-03    0.8338546752929688E-03
   40    0.8789062500000000E-03    0.9766006469726562E-03
   41   -0.1953125000000000E-02    0.1106262207031250E-02
   42   -0.2988281250000000E-02    0.9020614624023437E-03
   43    0.3906250000000000E-04    0.1083831787109375E-02
   44   -0.3417968750000000E-02    0.9484481811523437E-03
   45   -0.1816406250000000E-02    0.8552932739257813E-03
   46   -0.1992187500000000E-02    0.1063537597656250E-02
   47   -0.2343750000000000E-03    0.1063156127929687E-02
   48   -0.1062500000000000E-01    0.1300811767578125E-02
   49   -0.2500000000000000E-02    0.8483123779296875E-03
   50   -0.2128906250000000E-02    0.9989547729492188E-03
   51    0.1640625000000000E-02    0.8966064453125000E-03
   52    0.3964843750000000E-02    0.8234786987304688E-03
   53    0.4882812500000000E-03    0.7417678833007812E-03
   54   -0.3632812500000000E-02    0.9424591064453125E-03
   55    0.2402343750000000E-02    0.8948135375976562E-03
   56    0.1230468750000000E-02    0.1092185974121094E-02
   57   -0.3144531250000000E-02    0.8321762084960938E-03
   58    0.1386718750000000E-02    0.9298324584960938E-03
   59    0.7304687500000000E-02    0.9479522705078125E-03
   60    0.2597656250000000E-02    0.8217239379882812E-03
   61   -0.1542968750000000E-02    0.1250648498535156E-02
   62   -0.3691406250000000E-02    0.9553909301757812E-03
   63   -0.3359375000000000E-02    0.1263732910156250E-02
   64   -0.1933593750000000E-02    0.8794021606445313E-03
   65   -0.4101562500000000E-03    0.9778213500976562E-03
   66    0.2402343750000000E-02    0.8497238159179688E-03
   67   -0.3925781250000000E-02    0.8300399780273438E-03
   68    0.5644531250000000E-02    0.7674026489257812E-03
   69    0.3984375000000000E-02    0.1115493774414063E-02
   70    0.1445312500000000E-02    0.9410095214843750E-03
   71    0.2871093750000000E-02    0.7992172241210937E-03
   72    0.1777343750000000E-02    0.1002388000488281E-02
   73    0.1328125000000000E-02    0.9865570068359375E-03
   74   -0.1601562500000000E-02    0.1073074340820313E-02
   75    0.3046875000000000E-02    0.1041030883789062E-02
   76    0.1855468750000000E-02    0.1079826354980469E-02
   77   -0.3691406250000000E-02    0.8553695678710937E-03
   78    0.1562500000000000E-03    0.8853149414062500E-03
   79   -0.8574218749999999E-02    0.1029472351074219E-02
   80   -0.4765625000000000E-02    0.1119918823242187E-02
   81   -0.4628906250000000E-02    0.8914566040039062E-03
   82    0.1171875000000000E-02    0.8031463623046875E-03
   83    0.4882812500000000E-03    0.8633041381835938E-03
   84   -0.3300781250000000E-02    0.7824325561523438E-03
   85   -0.6093750000000000E-02    0.1048812866210937E-02
   86    0.5117187500000000E-02    0.8643341064453125E-03
   87    0.1660156250000000E-02    0.7798385620117188E-03
   88    0.2246093750000000E-02    0.7632827758789063E-03
   89    0.6054687500000000E-03    0.1002540588378906E-02
   90   -0.2734375000000000E-03    0.1239776611328125E-02
   91    0.1777343750000000E-02    0.9431076049804687E-03
   92   -0.1347656250000000E-02    0.9477615356445312E-03
   93   -0.5078125000000000E-02    0.8869934082031250E-03
   94   -0.4921875000000000E-02    0.1002960205078125E-02
   95   -0.7812500000000000E-04    0.7338714599609375E-03
   96   -0.3027343750000000E-02    0.1053199768066406E-02
   97   -0.1855468750000000E-02    0.9682846069335938E-03
   98   -0.1933593750000000E-02    0.9899520874023437E-03
   99    0.1445312500000000E-02    0.1024322509765625E-02
  100    0.5625000000000000E-02    0.1186141967773437E-02
