# time =    0.4228
    0    0.1000000000000000E+01    0.1000000000000000E+01
    1    0.4016015625000000E+00    0.1620746612548828E+00
    2    0.1996093750000000E+00    0.4087219238281250E-01
    3    0.1191210937500000E+00    0.1516857147216797E-01
    4    0.7964843750000000E-01    0.7382202148437500E-02
    5    0.5964843750000000E-01    0.4590072631835937E-02
    6    0.4958984375000000E-01    0.3352470397949219E-02
    7    0.3740234375000000E-01    0.2144050598144531E-02
    8    0.2898437500000000E-01    0.1787338256835938E-02
    9    0.2775390625000000E-01    0.1733055114746094E-02
   10    0.2302734375000000E-01    0.1614875793457031E-02
   11    0.2019531250000000E-01    0.1244812011718750E-02
   12    0.1386718750000000E-01    0.1376800537109375E-02
   13    0.1148437500000000E-01    0.1198348999023437E-02
   14    0.9375000000000000E-02    0.1334609985351563E-02
   15    0.7167968750000000E-02    0.1086082458496094E-02
   16    0.2695312500000000E-02    0.8091735839843750E-03
   17    0.4160156250000000E-02    0.8169174194335938E-03
   18    0.6953125000000000E-02    0.8692169189453126E-03
   19    0.5644531250000000E-02    0.1019325256347656E-02
   20    0.7851562499999999E-02    0.1283035278320312E-02
   21    0.6328125000000000E-02    0.1192626953125000E-02
   22    0.5332031250000000E-02    0.1134757995605469E-02
   23    0.2109375000000000E-02    0.1130523681640625E-02
   24    0.1191406250000000E-02    0.9475326538085937E-03
   25    0.2148437500000000E-02    0.1100845336914062E-02
   26    0.3222656250000000E-02    0.9383010864257812E-03
   27    0.2890625000000000E-02    0.1149749755859375E-02
   28   -0.2363281250000000E-02    0.1062889099121094E-02
   29    0.2324218750000000E-02    0.1131172180175781E-02
   30    0.3691406250000000E-02    0.1052360534667969E-02
   31    0.9960937500000000E-03    0.7661056518554688E-03
   32    0.9179687499999999E-03    0.9478378295898437E-03
   33    0.1210937500000000E-02    0.1346740722656250E-02
   34    0.4492187500000000E-03    0.9519577026367188E-03
   35   -0.1230468750000000E-02    0.9785842895507811E-03
   36    0.2402343750000000E-02    0.9971237182617187E-03
   37    0.2480468750000000E-02    0.9248733520507812E-03
   38    0.4335937500000000E-02    0.9700012207031250E-03
   39    0.4882812500000000E-02    0.8264160156249999E-03
   40    0.3457031250000000E-02    0.8829879760742187E-03
   41    0.1855468750000000E-02    0.7860946655273437E-03
   42    0.3945312500000000E-02    0.8039093017578125E-03
   43   -0.1425781250000000E-02    0.9991073608398438E-03
   44   -0.3359375000000000E-02    0.9223175048828125E-03
   45   -0.2617187500000000E-02    0.1008682250976563E-02
   46    0.9375000000000000E-03    0.9683227539062500E-03
   47   -0.3007812500000000E-02    0.8067321777343750E-03
   48   -0.2363281250000000E-02    0.1197090148925781E-02
   49   -0.1152343750000000E-02    0.8772659301757812E-03
   50   -0.2148437500000000E-03    0.9875869750976562E-03
   51   -0.3320312500000000E-02    0.9440612792968750E-03
   52    0.1406250000000000E-02    0.8726501464843750E-03
   53   -0.4335937500000000E-02    0.9425354003906250E-03
   54    0.1210937500000000E-02    0.8772277832031250E-03
   55    0.4140625000000000E-02    0.7816314697265625E-03
   56    0.2792968750000000E-02    0.1113548278808594E-02
   57    0.4746093750000000E-02    0.1200065612792969E-02
   58    0.3906250000000000E-04    0.8760070800781249E-03
   59    0.2167968750000000E-02    0.8295059204101562E-03
   60   -0.3710937500000000E-02    0.8578491210937500E-03
   61   -0.5351562500000000E-02    0.7721710205078125E-03
   62   -0.3007812500000000E-02    0.7901000976562500E-03
   63    0.4433593750000000E-02    0.9395217895507812E-03
   64    0.4531250000000000E-02    0.1059722900390625E-02
   65    0.2949218750000000E-02    0.1181983947753906E-02
   66    0.3613281250000000E-02    0.9478378295898437E-03
   67    0.1425781250000000E-02    0.1083030700683594E-02
   68    0.2421875000000000E-02    0.8602905273437500E-03
   69    0.2011718750000000E-02    0.1085700988769531E-02
   70    0.2890625000000000E-02    0.1105880737304687E-02
   71    0.1542968750000000E-02    0.9873580932617187E-03
   72    0.2539062500000000E-03    0.8987045288085938E-03
   73   -0.2363281250000000E-02    0.8843612670898438E-03
   74    0.9765625000000000E-03    0.8485412597656250E-03
   75    0.6445312500000000E-03    0.8784103393554688E-03
   76    0.4628906250000000E-02    0.9321975708007813E-03
   77    0.5957031250000000E-02    0.7770919799804688E-03
   78   -0.1015625000000000E-02    0.8345794677734375E-03
   79   -0.5468750000000000E-02    0.8888244628906250E-03
   80   -0.1835937500000000E-02    0.8929443359375000E-03
   81   -0.8789062500000000E-03    0.9682083129882813E-03
   82    0.1953125000000000E-02    0.9877014160156251E-03
   83   -0.6835937500000000E-03    0.9036636352539062E-03
   84    0.2343750000000000E-03    0.7068634033203125E-03
   85    0.1777343750000000E-02    0.9048843383789063E-03
   86    0.8984375000000000E-03    0.1197662353515625E-02
   87    0.2128906250000000E-02    0.1229667663574219E-02
   88    0.6406250000000000E-02    0.8685302734375000E-03
   89    0.4804687500000000E-02    0.8344268798828125E-03
   90    0.4082031250000000E-02    0.1057777404785156E-02
   91    0.2714843750000000E-02    0.1030921936035156E-02
   92    0.7031250000000000E-03    0.8773040771484375E-03
   93    0.1093750000000000E-02    0.6596374511718750E-03
   94    0.2734375000000000E-03    0.9349822998046875E-03
   95    0.3906250000000000E-04    0.1059417724609375E-02
   96   -0.2011718750000000E-02    0.9101486206054688E-03
   97   -0.5859375000000000E-03    0.1103744506835937E-02
   98   -0.5527343750000000E-02    0.9562301635742187E-03
   99   -0.6503906250000000E-02    0.9723281860351562E-03
  100   -0.2812500000000000E-02    0.1042938232421875E-02
