# time =    0.4728
    0    0.1000000000000000E+01    0.1000000000000000E+01
    1    0.2149023437500000E+00    0.4694316864013672E-01
    2    0.5185546875000000E-01    0.3599433898925781E-02
    3    0.1181640625000000E-01    0.9382247924804687E-03
    4    0.9960937500000000E-03    0.1223793029785156E-02
    5   -0.4882812500000000E-03    0.9119796752929687E-03
    6    0.1738281250000000E-02    0.1081657409667969E-02
    7    0.4218750000000000E-02    0.9221649169921875E-03
    8    0.2285156250000000E-02    0.8320999145507812E-03
    9    0.7812500000000000E-04    0.1032028198242188E-02
   10    0.2929687500000000E-03    0.6481552124023437E-03
   11    0.4296875000000000E-02    0.8905029296875000E-03
   12    0.4082031250000000E-02    0.9402084350585937E-03
   13    0.2050781250000000E-02    0.1070747375488281E-02
   14    0.2089843750000000E-02    0.1135444641113281E-02
   15   -0.9765625000000001E-04    0.1073265075683594E-02
   16   -0.1796875000000000E-02    0.8732604980468750E-03
   17    0.1835937500000000E-02    0.8416748046874999E-03
   18   -0.2343750000000000E-02    0.9461212158203125E-03
   19    0.2285156250000000E-02    0.8437728881835937E-03
   20    0.1757812500000000E-02    0.1090393066406250E-02
   21   -0.4296875000000000E-02    0.8853149414062500E-03
   22   -0.1757812500000000E-02    0.1029968261718750E-02
   23   -0.2714843750000000E-02    0.1128959655761719E-02
   24    0.3164062500000000E-02    0.1125793457031250E-02
   25    0.3964843750000000E-02    0.1190223693847656E-02
   26    0.7714843750000000E-02    0.1008033752441406E-02
   27    0.9179687499999999E-03    0.1191978454589844E-02
   28   -0.8203125000000000E-03    0.7860565185546875E-03
   29    0.4960937500000000E-02    0.9218597412109375E-03
   30   -0.1562500000000000E-02    0.9889984130859375E-03
   31   -0.1953125000000000E-02    0.8686065673828125E-03
   32    0.3964843750000000E-02    0.8976364135742188E-03
   33    0.1035156250000000E-02    0.9822463989257813E-03
   34    0.5078125000000000E-03    0.1079254150390625E-02
   35   -0.3671875000000000E-02    0.9420013427734375E-03
   36   -0.5917968750000000E-02    0.1149711608886719E-02
   37   -0.1080078125000000E-01    0.1003761291503906E-02
   38    0.3398437500000000E-02    0.8905792236328125E-03
   39    0.3984375000000000E-02    0.1004791259765625E-02
   40   -0.3046875000000000E-02    0.9362030029296875E-03
   41    0.2910156250000000E-02    0.1008796691894531E-02
   42    0.9765625000000000E-03    0.9928894042968749E-03
   43    0.4003906250000000E-02    0.8877944946289062E-03
   44    0.3066406250000000E-02    0.7883071899414063E-03
   45    0.4628906250000000E-02    0.1026802062988281E-02
   46    0.3359375000000000E-02    0.9739685058593750E-03
   47   -0.3261718750000000E-02    0.1343498229980469E-02
   48   -0.1406250000000000E-02    0.1059494018554688E-02
   49   -0.6640625000000000E-03    0.8923339843750000E-03
   50    0.7343750000000000E-02    0.1321258544921875E-02
   51    0.2050781250000000E-02    0.9645462036132812E-03
   52    0.1074218750000000E-02    0.7635116577148438E-03
   53   -0.2929687500000000E-03    0.8700180053710937E-03
   54    0.3066406250000000E-02    0.1199760437011719E-02
   55    0.4199218750000000E-02    0.1070518493652344E-02
   56    0.5078125000000000E-02    0.1192855834960937E-02
   57   -0.3085937500000000E-02    0.8290100097656250E-03
   58   -0.8203125000000000E-03    0.1166000366210938E-02
   59    0.2246093750000000E-02    0.8780288696289062E-03
   60    0.3769531250000000E-02    0.1172676086425781E-02
   61   -0.1042968750000000E-01    0.1234054565429688E-02
   62   -0.1425781250000000E-02    0.7716751098632812E-03
   63    0.3515625000000000E-03    0.1152954101562500E-02
   64   -0.1562500000000000E-03    0.9960174560546876E-03
   65   -0.7812500000000000E-04    0.9061431884765625E-03
   66    0.5000000000000000E-02    0.1025314331054687E-02
   67   -0.5117187500000000E-02    0.1063232421875000E-02
   68    0.1562500000000000E-02    0.1112442016601563E-02
   69    0.1738281250000000E-02    0.1054115295410156E-02
   70   -0.1367187500000000E-02    0.1108627319335938E-02
   71   -0.5917968750000000E-02    0.9103012084960937E-03
   72   -0.3183593750000000E-02    0.8646011352539063E-03
   73   -0.4121093750000000E-02    0.1086769104003906E-02
   74    0.1464843750000000E-02    0.7845687866210937E-03
   75    0.3535156250000000E-02    0.1073188781738281E-02
   76    0.2441406250000000E-02    0.9349441528320313E-03
   77   -0.4648437500000000E-02    0.1011352539062500E-02
   78   -0.3144531250000000E-02    0.1263542175292969E-02
   79   -0.3652343750000000E-02    0.1304893493652344E-02
   80   -0.1152343750000000E-02    0.1096839904785156E-02
   81   -0.6445312500000000E-02    0.9561157226562499E-03
   82   -0.1679687500000000E-02    0.1196975708007812E-02
   83    0.1386718750000000E-02    0.9434890747070313E-03
   84    0.4277343750000000E-02    0.9772109985351563E-03
   85   -0.9570312500000000E-03    0.7068252563476562E-03
   86   -0.4199218750000000E-02    0.9785079956054687E-03
   87   -0.2734375000000000E-03    0.7980346679687500E-03
   88   -0.1347656250000000E-02    0.8712387084960937E-03
   89   -0.1074218750000000E-02    0.1090278625488281E-02
   90    0.2871093750000000E-02    0.1253929138183594E-02
   91    0.1562500000000000E-02    0.1188964843750000E-02
   92   -0.4687500000000000E-03    0.9104156494140625E-03
   93    0.5136718750000000E-02    0.8083724975585937E-03
   94    0.6308593750000000E-02    0.1062202453613281E-02
   95   -0.4101562500000000E-02    0.9144592285156250E-03
   96   -0.2675781250000000E-02    0.6877517700195312E-03
   97    0.3242187500000000E-02    0.8581542968750000E-03
   98   -0.4296875000000000E-03    0.1044998168945312E-02
   99   -0.1757812500000000E-03    0.8649826049804688E-03
  100    0.2343750000000000E-02    0.1165008544921875E-02
