# time =    0.4729
    0    0.1000000000000000E+01    0.1000000000000000E+01
    1    0.1849218750000000E+00    0.3498008728027344E-01
    2    0.3496093750000000E-01    0.2239303588867187E-02
    3    0.7363281250000000E-02    0.1050453186035156E-02
    4    0.5273437500000000E-02    0.1052780151367188E-02
    5    0.5273437500000000E-03    0.8662033081054687E-03
    6    0.1718750000000000E-02    0.1172637939453125E-02
    7    0.2734375000000000E-02    0.1095581054687500E-02
    8   -0.2714843750000000E-02    0.1358299255371094E-02
    9   -0.5449218750000000E-02    0.1097068786621094E-02
   10    0.3710937500000000E-03    0.9053421020507813E-03
   11   -0.3242187500000000E-02    0.1324310302734375E-02
   12   -0.2871093750000000E-02    0.9180068969726563E-03
   13    0.2343750000000000E-03    0.7524108886718750E-03
   14    0.3496093750000000E-02    0.9606552124023438E-03
   15    0.2636718750000000E-02    0.8765792846679687E-03
   16    0.1621093750000000E-02    0.7675552368164063E-03
   17   -0.4257812500000000E-02    0.1134796142578125E-02
   18    0.4394531250000000E-02    0.1178627014160156E-02
   19    0.6914062500000000E-02    0.8476257324218750E-03
   20    0.5214843750000000E-02    0.9562301635742187E-03
   21   -0.1601562500000000E-02    0.1000900268554687E-02
   22   -0.3144531250000000E-02    0.9590530395507812E-03
   23    0.5410156250000000E-02    0.7918167114257812E-03
   24    0.3710937500000000E-03    0.9940719604492187E-03
   25   -0.2851562500000000E-02    0.9153747558593750E-03
   26   -0.4531250000000000E-02    0.8855438232421874E-03
   27   -0.2910156250000000E-02    0.8227920532226562E-03
   28   -0.6796875000000000E-02    0.1263275146484375E-02
   29   -0.2285156250000000E-02    0.9064102172851563E-03
   30   -0.2343750000000000E-02    0.1001739501953125E-02
   31    0.3769531250000000E-02    0.8907699584960937E-03
   32   -0.9570312500000000E-03    0.1041755676269531E-02
   33    0.9960937500000000E-03    0.1016197204589844E-02
   34    0.5859375000000000E-04    0.1171531677246094E-02
   35   -0.4667968750000000E-02    0.9511947631835937E-03
   36    0.3125000000000000E-02    0.1044769287109375E-02
   37    0.4355468750000000E-02    0.1144371032714844E-02
   38    0.7812500000000000E-03    0.9819030761718749E-03
   39   -0.1562500000000000E-02    0.8757781982421875E-03
   40    0.2285156250000000E-02    0.1154212951660156E-02
   41    0.1445312500000000E-02    0.9159088134765625E-03
   42    0.5058593750000000E-02    0.7352066040039062E-03
   43    0.1855468750000000E-02    0.9865951538085937E-03
   44    0.2343750000000000E-03    0.7643890380859375E-03
   45   -0.2949218750000000E-02    0.9968948364257812E-03
   46    0.1542968750000000E-02    0.9531784057617188E-03
   47    0.8925781250000001E-02    0.8777999877929688E-03
   48    0.4921875000000000E-02    0.9809112548828124E-03
   49    0.1054687500000000E-02    0.7624816894531250E-03
   50   -0.7070312500000000E-02    0.1041870117187500E-02
   51    0.1816406250000000E-02    0.7880020141601562E-03
   52   -0.3769531250000000E-02    0.9950637817382813E-03
   53   -0.4687500000000000E-03    0.9342193603515625E-03
   54    0.2011718750000000E-02    0.7428359985351562E-03
   55    0.1328125000000000E-02    0.8729553222656250E-03
   56   -0.6054687500000000E-03    0.9859085083007812E-03
   57   -0.9960937500000000E-03    0.1150245666503906E-02
   58    0.6445312500000000E-03    0.1199913024902344E-02
   59    0.1019531250000000E-01    0.1251831054687500E-02
   60   -0.1914062500000000E-02    0.6888580322265625E-03
   61    0.4296875000000000E-03    0.1048965454101563E-02
   62   -0.2148437500000000E-02    0.8172607421875000E-03
   63    0.2148437500000000E-03    0.9257888793945312E-03
   64    0.9375000000000000E-03    0.1089096069335938E-02
   65    0.2675781250000000E-02    0.1032524108886719E-02
   66   -0.2324218750000000E-02    0.1022300720214844E-02
   67    0.4687500000000000E-03    0.1050262451171875E-02
   68    0.3066406250000000E-02    0.1034278869628906E-02
   69   -0.2890625000000000E-02    0.8744049072265625E-03
   70    0.3007812500000000E-02    0.1122207641601563E-02
   71    0.4003906250000000E-02    0.9631729125976563E-03
   72    0.1210937500000000E-02    0.9557342529296875E-03
   73    0.1269531250000000E-02    0.8662033081054687E-03
   74   -0.1640625000000000E-02    0.8323669433593750E-03
   75    0.3847656250000000E-02    0.1145057678222656E-02
   76    0.6503906250000000E-02    0.8285140991210937E-03
   77    0.2343750000000000E-03    0.9662628173828125E-03
   78   -0.4394531250000000E-02    0.1084709167480469E-02
   79    0.3535156250000000E-02    0.8166122436523437E-03
   80    0.1113281250000000E-02    0.7983016967773438E-03
   81   -0.8203125000000000E-03    0.8202362060546875E-03
   82    0.7617187500000000E-03    0.1047782897949219E-02
   83   -0.5859375000000000E-03    0.9934234619140626E-03
   84   -0.3730468750000000E-02    0.8086013793945312E-03
   85   -0.1015625000000000E-02    0.9501647949218750E-03
   86    0.2011718750000000E-02    0.1030235290527344E-02
   87   -0.2558593750000000E-02    0.9789657592773437E-03
   88   -0.1367187500000000E-03    0.9388351440429688E-03
   89    0.1523437500000000E-02    0.1012115478515625E-02
   90    0.1562500000000000E-03    0.7427978515625000E-03
   91   -0.9765625000000000E-03    0.1062850952148438E-02
   92   -0.1542968750000000E-02    0.1230735778808594E-02
   93   -0.5371093750000000E-02    0.1138648986816406E-02
   94   -0.3593750000000000E-02    0.1042709350585937E-02
   95   -0.4218750000000000E-02    0.9471893310546875E-03
   96    0.2890625000000000E-02    0.8216094970703125E-03
   97    0.3808593750000000E-02    0.8759689331054687E-03
   98   -0.2539062500000000E-03    0.1016273498535156E-02
   99   -0.3710937500000000E-02    0.8498382568359375E-03
  100   -0.3515625000000000E-03    0.9599304199218749E-03
