# time =    0.4559
    0    0.1000000000000000E+01    0.1000000000000000E+01
    1    0.2824804687500000E+00    0.8053920745849609E-01
    2    0.9927734375000000E-01    0.1102420806884766E-01
    3    0.3664062500000000E-01    0.2330551147460938E-02
    4    0.1210937500000000E-01    0.1150283813476563E-02
    5    0.5234375000000000E-02    0.1299896240234375E-02
    6    0.9570312500000000E-03    0.8857345581054687E-03
    7    0.2226562500000000E-02    0.8129119873046875E-03
    8   -0.9375000000000000E-03    0.1014404296875000E-02
    9    0.2441406250000000E-02    0.9960556030273438E-03
   10    0.2265625000000000E-02    0.8914947509765625E-03
   11   -0.5507812500000000E-02    0.9783172607421874E-03
   12    0.7617187500000000E-03    0.1030158996582031E-02
   13   -0.3066406250000000E-02    0.9665298461914063E-03
   14   -0.7617187500000000E-03    0.1116371154785156E-02
   15   -0.5078125000000000E-03    0.9098052978515625E-03
   16   -0.2675781250000000E-02    0.7653427124023437E-03
   17   -0.1699218750000000E-02    0.8923721313476563E-03
   18    0.1562500000000000E-03    0.7506561279296875E-03
   19    0.3320312500000000E-03    0.1109886169433594E-02
   20   -0.3417968750000000E-02    0.1055717468261719E-02
   21    0.6445312500000000E-03    0.1008033752441406E-02
   22   -0.5156250000000000E-02    0.9459686279296875E-03
   23   -0.5234375000000000E-02    0.9870147705078125E-03
   24    0.3144531250000000E-02    0.8401870727539062E-03
   25   -0.1699218750000000E-02    0.9300613403320313E-03
   26    0.3222656250000000E-02    0.8360671997070312E-03
   27   -0.1074218750000000E-02    0.7430648803710937E-03
   28    0.1503906250000000E-02    0.1004371643066406E-02
   29   -0.1484375000000000E-02    0.9428405761718750E-03
   30    0.1367187500000000E-02    0.9790039062499999E-03
   31    0.0000000000000000E+00    0.8097839355468750E-03
   32   -0.4882812500000000E-03    0.1221275329589844E-02
   33    0.1562500000000000E-03    0.9242248535156250E-03
   34   -0.8789062500000000E-03    0.8782577514648437E-03
   35    0.5019531250000000E-02    0.7632827758789063E-03
   36    0.6171875000000000E-02    0.9134674072265625E-03
   37    0.1425781250000000E-02    0.9562301635742187E-03
   38    0.2187500000000000E-02    0.1205902099609375E-02
   39   -0.5156250000000000E-02    0.1063919067382812E-02
   40   -0.6875000000000000E-02    0.1080932617187500E-02
   41   -0.2343750000000000E-02    0.9123229980468750E-03
   42    0.1953125000000000E-02    0.1025695800781250E-02
   43    0.1386718750000000E-02    0.9028244018554687E-03
   44   -0.4648437500000000E-02    0.1053924560546875E-02
   45    0.8007812500000000E-03    0.1182289123535156E-02
   46   -0.2109375000000000E-02    0.9645843505859376E-03
   47    0.4589843750000000E-02    0.8926010131835938E-03
   48    0.3457031250000000E-02    0.9209060668945312E-03
   49    0.6269531250000000E-02    0.8765029907226563E-03
   50    0.3984375000000000E-02    0.8699798583984375E-03
   51   -0.1171875000000000E-03    0.9497070312500000E-03
   52    0.2695312500000000E-02    0.8227539062500000E-03
   53    0.3632812500000000E-02    0.1284484863281250E-02
   54    0.3339843750000000E-02    0.1098518371582031E-02
   55    0.2421875000000000E-02    0.9555053710937500E-03
   56    0.3398437500000000E-02    0.8951568603515625E-03
   57    0.5117187500000000E-02    0.1107864379882813E-02
   58   -0.7265625000000000E-02    0.1008987426757812E-02
   59    0.1269531250000000E-02    0.1182136535644531E-02
   60   -0.5273437500000000E-03    0.9226608276367188E-03
   61    0.5664062500000000E-02    0.1207656860351562E-02
   62    0.3222656250000000E-02    0.8131790161132812E-03
   63   -0.3261718750000000E-02    0.8883285522460938E-03
   64    0.2207031250000000E-02    0.9202957153320312E-03
   65    0.3085937500000000E-02    0.1131515502929688E-02
   66    0.1074218750000000E-02    0.1077690124511719E-02
   67   -0.2148437500000000E-02    0.8038330078125000E-03
   68   -0.9765625000000000E-03    0.9912872314453126E-03
   69    0.7812500000000000E-04    0.1225967407226562E-02
   70   -0.1191406250000000E-02    0.1191444396972656E-02
   71   -0.4121093750000000E-02    0.9359359741210937E-03
   72    0.3789062500000000E-02    0.1211242675781250E-02
   73   -0.1816406250000000E-02    0.9840011596679687E-03
   74    0.2578125000000000E-02    0.1432800292968750E-02
   75    0.1171875000000000E-03    0.1007690429687500E-02
   76    0.2578125000000000E-02    0.6838226318359375E-03
   77    0.3515625000000000E-03    0.8872222900390625E-03
   78   -0.2656250000000000E-02    0.6976318359375000E-03
   79    0.4882812500000000E-03    0.1001548767089844E-02
   80    0.5742187500000000E-02    0.1027450561523437E-02
   81   -0.8203125000000000E-03    0.9049987792968750E-03
   82   -0.8203125000000000E-03    0.1027297973632813E-02
   83   -0.1601562500000000E-02    0.1046905517578125E-02
   84   -0.1816406250000000E-02    0.7654190063476563E-03
   85    0.2382812500000000E-02    0.1053390502929687E-02
   86    0.3710937500000000E-03    0.9589004516601563E-03
   87   -0.1542968750000000E-02    0.8859634399414062E-03
   88   -0.8222656250000000E-02    0.6992721557617188E-03
   89   -0.5683593750000000E-02    0.1231422424316406E-02
   90   -0.4375000000000000E-02    0.1065673828125000E-02
   91   -0.7363281250000000E-02    0.1275520324707031E-02
   92   -0.4765625000000000E-02    0.1180419921875000E-02
   93    0.1523437500000000E-02    0.9035491943359376E-03
   94   -0.2500000000000000E-02    0.8945465087890625E-03
   95    0.3906250000000000E-03    0.9752655029296875E-03
   96    0.4277343750000000E-02    0.9415054321289063E-03
   97   -0.1386718750000000E-02    0.1138114929199219E-02
   98   -0.4882812500000000E-03    0.7748794555664062E-03
   99    0.2187500000000000E-02    0.9149932861328126E-03
  100   -0.7421875000000000E-03    0.8808898925781250E-03
