# time =    0.4549
    0    0.1000000000000000E+01    0.1000000000000000E+01
    1    0.2662109375000000E+00    0.7177299499511719E-01
    2    0.7750000000000000E-01    0.6828765869140625E-02
    3    0.2705078125000000E-01    0.1851005554199219E-02
    4    0.1128906250000000E-01    0.1187133789062500E-02
    5    0.8242187500000000E-02    0.1059494018554688E-02
    6   -0.3828125000000000E-02    0.9597015380859375E-03
    7    0.1621093750000000E-02    0.9404373168945313E-03
    8    0.4492187500000000E-03    0.1171760559082031E-02
    9   -0.1035156250000000E-02    0.9724807739257813E-03
   10   -0.5195312500000000E-02    0.9471130371093750E-03
   11   -0.6054687500000000E-03    0.1006889343261719E-02
   12    0.5332031250000000E-02    0.9710311889648438E-03
   13    0.1191406250000000E-02    0.1059837341308594E-02
   14    0.1171875000000000E-03    0.8492279052734375E-03
   15   -0.1855468750000000E-02    0.9662246704101562E-03
   16    0.3652343750000000E-02    0.9071731567382813E-03
   17   -0.2148437500000000E-03    0.9193801879882812E-03
   18   -0.5000000000000000E-02    0.8771514892578125E-03
   19   -0.6250000000000000E-03    0.1025238037109375E-02
   20   -0.3378906250000000E-02    0.1045417785644531E-02
   21    0.1777343750000000E-02    0.1144294738769531E-02
   22    0.4082031250000000E-02    0.1231422424316406E-02
   23   -0.2929687500000000E-03    0.1010322570800781E-02
   24    0.2167968750000000E-02    0.9009170532226562E-03
   25    0.1582031250000000E-02    0.1119499206542969E-02
   26    0.4531250000000000E-02    0.1060180664062500E-02
   27    0.6835937500000000E-03    0.8591842651367187E-03
   28   -0.3710937500000000E-02    0.1093063354492188E-02
   29   -0.4550781250000000E-02    0.1135902404785156E-02
   30   -0.9160156250000001E-02    0.1039314270019531E-02
   31   -0.3710937500000000E-02    0.7884979248046875E-03
   32   -0.3867187500000000E-02    0.8679962158203125E-03
   33   -0.9960937500000000E-03    0.1146812438964844E-02
   34   -0.3710937500000000E-03    0.9840011596679687E-03
   35   -0.1562500000000000E-03    0.9421539306640625E-03
   36    0.1621093750000000E-02    0.9332656860351563E-03
   37   -0.4707031250000000E-02    0.1026039123535156E-02
   38   -0.1738281250000000E-02    0.9909439086914062E-03
   39    0.1093750000000000E-02    0.8755493164062500E-03
   40    0.2109375000000000E-02    0.8555603027343750E-03
   41    0.5195312500000000E-02    0.7270050048828125E-03
   42    0.2070312500000000E-02    0.9787750244140624E-03
   43    0.1347656250000000E-02    0.9818649291992187E-03
   44   -0.1894531250000000E-02    0.9279251098632812E-03
   45    0.2343750000000000E-03    0.9832000732421875E-03
   46    0.9375000000000000E-03    0.1103363037109375E-02
   47    0.1894531250000000E-02    0.7683944702148438E-03
   48   -0.4472656250000000E-02    0.1042976379394531E-02
   49    0.2832031250000000E-02    0.9747695922851563E-03
   50    0.9472656249999999E-02    0.7592391967773438E-03
   51    0.5585937500000000E-02    0.9797668457031249E-03
   52    0.3593750000000000E-02    0.9249877929687500E-03
   53    0.2500000000000000E-02    0.1230163574218750E-02
   54    0.1289062500000000E-02    0.9235382080078125E-03
   55   -0.1757812500000000E-02    0.9555816650390625E-03
   56    0.2070312500000000E-02    0.9149169921875000E-03
   57    0.4277343750000000E-02    0.7579421997070312E-03
   58    0.2929687500000000E-03    0.1124916076660156E-02
   59    0.2070312500000000E-02    0.1086502075195312E-02
   60   -0.5078125000000000E-03    0.1071472167968750E-02
   61    0.1074218750000000E-02    0.8873367309570313E-03
   62    0.0000000000000000E+00    0.9889221191406250E-03
   63   -0.1171875000000000E-03    0.1229400634765625E-02
   64   -0.2812500000000000E-02    0.1038360595703125E-02
   65   -0.4960937500000000E-02    0.9826660156250001E-03
   66   -0.2207031250000000E-02    0.1185722351074219E-02
   67   -0.4238281250000000E-02    0.9897994995117189E-03
   68   -0.1015625000000000E-02    0.1122436523437500E-02
   69   -0.3144531250000000E-02    0.9704208374023437E-03
   70   -0.2636718750000000E-02    0.1078300476074219E-02
   71   -0.1816406250000000E-02    0.1163978576660156E-02
   72    0.7031250000000000E-03    0.8926391601562500E-03
   73    0.1367187500000000E-02    0.8840179443359375E-03
   74    0.1562500000000000E-03    0.8537292480468750E-03
   75   -0.1777343750000000E-02    0.7574844360351562E-03
   76   -0.2929687500000000E-03    0.9575271606445312E-03
   77    0.2929687500000000E-02    0.1064682006835938E-02
   78    0.3398437500000000E-02    0.1053466796875000E-02
   79    0.1484375000000000E-02    0.9200286865234375E-03
   80    0.5292968750000000E-02    0.9434890747070313E-03
   81    0.2089843750000000E-02    0.8185958862304688E-03
   82    0.2441406250000000E-02    0.9190750122070313E-03
   83   -0.3378906250000000E-02    0.8382034301757812E-03
   84    0.0000000000000000E+00    0.1046829223632813E-02
   85   -0.9179687499999999E-03    0.9338760375976563E-03
   86   -0.3359375000000000E-02    0.1048889160156250E-02
   87    0.1933593750000000E-02    0.1101570129394531E-02
   88    0.2734375000000000E-03    0.9777069091796875E-03
   89   -0.1406250000000000E-02    0.8936309814453125E-03
   90    0.2636718750000000E-02    0.8902359008789063E-03
   91    0.8398437500000000E-03    0.8073043823242187E-03
   92    0.2910156250000000E-02    0.8777236938476563E-03
   93    0.4785156250000000E-02    0.7628250122070312E-03
   94    0.2148437500000000E-03    0.1049919128417969E-02
   95   -0.1757812500000000E-02    0.1077880859375000E-02
   96   -0.3769531250000000E-02    0.9771347045898437E-03
   97    0.2871093750000000E-02    0.1076393127441406E-02
   98    0.5781250000000000E-02    0.1015548706054688E-02
   99   -0.1757812500000000E-02    0.9111022949218750E-03
  100   -0.2714843750000000E-02    0.7939529418945312E-03
