# time =    0.4782
    0    0.1000000000000000E+01    0.1000000000000000E+01
    1    0.2258593750000000E+00    0.5165779113769531E-01
    2    0.7074218750000000E-01    0.5975189208984375E-02
    3    0.2541015625000000E-01    0.1857109069824219E-02
    4    0.1044921875000000E-01    0.1157264709472656E-02
    5    0.6660156250000000E-02    0.1006355285644531E-02
    6    0.1015625000000000E-02    0.9035491943359376E-03
    7   -0.4531250000000000E-02    0.7041931152343750E-03
    8   -0.6640625000000000E-02    0.8380889892578125E-03
    9   -0.8984375000000000E-03    0.9279632568359375E-03
   10    0.1738281250000000E-02    0.8410263061523437E-03
   11   -0.4902343750000000E-02    0.1082649230957031E-02
   12   -0.1445312500000000E-02    0.9069824218750000E-03
   13   -0.1445312500000000E-02    0.9146881103515625E-03
   14    0.1250000000000000E-02    0.8718109130859375E-03
   15    0.1816406250000000E-02    0.8919906616210938E-03
   16    0.1894531250000000E-02    0.7987594604492187E-03
   17    0.3437500000000000E-02    0.9693908691406250E-03
   18    0.1230468750000000E-02    0.8547592163085937E-03
   19    0.5039062500000000E-02    0.1047821044921875E-02
   20   -0.1855468750000000E-02    0.9222030639648438E-03
   21   -0.1250000000000000E-02    0.9775543212890625E-03
   22   -0.1562500000000000E-02    0.7923889160156250E-03
   23    0.7441406250000000E-02    0.1000022888183594E-02
   24   -0.2714843750000000E-02    0.1022758483886719E-02
   25   -0.5468750000000001E-03    0.8244323730468750E-03
   26    0.1347656250000000E-02    0.7745742797851563E-03
   27   -0.7812500000000000E-04    0.9111022949218750E-03
   28   -0.1171875000000000E-02    0.7273101806640625E-03
   29   -0.3906250000000000E-04    0.1110153198242187E-02
   30   -0.1601562500000000E-02    0.1032943725585937E-02
   31    0.4121093750000000E-02    0.9307479858398438E-03
   32    0.9101562500000000E-02    0.8774566650390625E-03
   33   -0.8984375000000000E-03    0.1137619018554688E-02
   34    0.3574218750000000E-02    0.1134529113769531E-02
   35    0.2714843750000000E-02    0.1046943664550781E-02
   36    0.2167968750000000E-02    0.8710098266601563E-03
   37   -0.3320312500000000E-02    0.8684539794921875E-03
   38   -0.1796875000000000E-02    0.9029388427734375E-03
   39    0.4296875000000000E-03    0.6513977050781250E-03
   40   -0.7031250000000000E-03    0.9153747558593750E-03
   41    0.5859375000000000E-04    0.9191513061523437E-03
   42    0.3808593750000000E-02    0.9977340698242188E-03
   43   -0.3378906250000000E-02    0.1320304870605469E-02
   44   -0.8789062500000000E-03    0.1213569641113281E-02
   45   -0.3300781250000000E-02    0.8102035522460937E-03
   46   -0.3085937500000000E-02    0.8432006835937500E-03
   47    0.2753906250000000E-02    0.9094619750976562E-03
   48    0.9570312500000000E-03    0.9469985961914062E-03
   49   -0.1171875000000000E-02    0.9416198730468750E-03
   50    0.6582031250000000E-02    0.9388351440429688E-03
   51    0.3378906250000000E-02    0.1147117614746094E-02
   52   -0.2792968750000000E-02    0.1083946228027344E-02
   53   -0.5078125000000000E-03    0.1011505126953125E-02
   54   -0.2792968750000000E-02    0.8560562133789062E-03
   55    0.7812500000000000E-03    0.9009552001953125E-03
   56   -0.1484375000000000E-02    0.1193466186523438E-02
   57    0.1132812500000000E-02    0.1129760742187500E-02
   58   -0.1230468750000000E-02    0.8285140991210937E-03
   59    0.3066406250000000E-02    0.1069221496582031E-02
   60    0.5527343750000000E-02    0.1482124328613281E-02
   61   -0.4277343750000000E-02    0.1035041809082031E-02
   62    0.4199218750000000E-02    0.9431076049804687E-03
   63    0.7968750000000000E-02    0.1061019897460937E-02
   64    0.1035156250000000E-02    0.7468032836914063E-03
   65    0.3125000000000000E-03    0.1068420410156250E-02
   66   -0.1210937500000000E-02    0.9702301025390625E-03
   67    0.9960937500000000E-03    0.6627273559570312E-03
   68   -0.3300781250000000E-02    0.9645462036132812E-03
   69   -0.3339843750000000E-02    0.9055709838867187E-03
   70   -0.7226562500000000E-03    0.9025955200195313E-03
   71    0.2265625000000000E-02    0.9616851806640625E-03
   72   -0.1972656250000000E-02    0.1135444641113281E-02
   73   -0.4082031250000000E-02    0.1280708312988281E-02
   74   -0.1152343750000000E-02    0.8670425415039062E-03
   75   -0.7226562500000000E-03    0.9988021850585937E-03
   76    0.1972656250000000E-02    0.1097602844238281E-02
   77    0.4511718750000000E-02    0.1072196960449219E-02
   78    0.7031250000000000E-02    0.8774566650390625E-03
   79    0.5761718750000000E-02    0.1081581115722656E-02
   80   -0.1113281250000000E-02    0.9007644653320312E-03
   81   -0.3105468750000000E-02    0.1044578552246094E-02
   82   -0.2382812500000000E-02    0.9294891357421875E-03
   83    0.7812500000000000E-04    0.7776641845703126E-03
   84    0.6542968750000000E-02    0.1011695861816406E-02
   85    0.3652343750000000E-02    0.9555435180664063E-03
   86   -0.1738281250000000E-02    0.1065025329589844E-02
   87    0.1230468750000000E-02    0.1250190734863281E-02
   88    0.3515625000000000E-03    0.6528472900390624E-03
   89    0.5351562500000000E-02    0.9470367431640625E-03
   90    0.1191406250000000E-02    0.8884048461914062E-03
   91   -0.1796875000000000E-02    0.9552001953125000E-03
   92   -0.1191406250000000E-02    0.8368301391601563E-03
   93   -0.2832031250000000E-02    0.1272468566894531E-02
   94   -0.5273437500000000E-03    0.1199150085449219E-02
   95    0.2812500000000000E-02    0.1087341308593750E-02
   96    0.2480468750000000E-02    0.1000251770019531E-02
   97    0.6093750000000000E-02    0.1111602783203125E-02
   98   -0.1484375000000000E-02    0.7463836669921875E-03
   99   -0.2167968750000000E-02    0.8831405639648437E-03
  100    0.5000000000000000E-02    0.1003112792968750E-02
