# time =    0.4430
    0    0.1000000000000000E+01    0.1000000000000000E+01
    1    0.3387304687500000E+00    0.1155846023559570E+00
    2    0.1433203125000000E+00    0.2149986267089844E-01
    3    0.7148437500000000E-01    0.6214752197265625E-02
    4    0.4244140625000000E-01    0.2867851257324219E-02
    5    0.2447265625000000E-01    0.1759147644042969E-02
    6    0.1351562500000000E-01    0.1031723022460937E-02
    7    0.1400390625000000E-01    0.1007652282714844E-02
    8    0.7656250000000000E-02    0.1228256225585938E-02
    9    0.7617187500000000E-02    0.1341171264648437E-02
   10    0.6542968750000000E-02    0.9886550903320313E-03
   11    0.3769531250000000E-02    0.1030006408691406E-02
   12    0.1542968750000000E-02    0.8859634399414062E-03
   13   -0.3300781250000000E-02    0.1045951843261719E-02
   14    0.1425781250000000E-02    0.1011543273925781E-02
   15    0.9765625000000001E-04    0.1062355041503906E-02
   16   -0.7812500000000000E-04    0.9255981445312499E-03
   17    0.2363281250000000E-02    0.1087379455566406E-02
   18    0.9765625000000001E-04    0.1066322326660156E-02
   19   -0.1640625000000000E-02    0.1013870239257812E-02
   20    0.1367187500000000E-03    0.9741592407226563E-03
   21   -0.3925781250000000E-02    0.9749221801757812E-03
   22   -0.5292968750000000E-02    0.1065177917480469E-02
   23   -0.2226562500000000E-02    0.1250991821289062E-02
   24    0.4121093750000000E-02    0.9467697143554687E-03
   25    0.2734375000000000E-02    0.9211730957031250E-03
   26    0.3828125000000000E-02    0.8419799804687500E-03
   27    0.1058593750000000E-01    0.1269226074218750E-02
   28    0.4882812500000000E-02    0.6506347656250000E-03
   29    0.2421875000000000E-02    0.8794403076171875E-03
   30   -0.2304687500000000E-02    0.1053848266601562E-02
   31    0.3457031250000000E-02    0.9372329711914062E-03
   32    0.3164062500000000E-02    0.8398437500000000E-03
   33    0.1757812500000000E-02    0.9938812255859376E-03
   34   -0.1503906250000000E-02    0.9990310668945312E-03
   35   -0.4003906250000000E-02    0.1096992492675781E-02
   36   -0.2636718750000000E-02    0.1470451354980469E-02
   37   -0.3750000000000000E-02    0.1091308593750000E-02
   38   -0.4687500000000000E-03    0.9803771972656250E-03
   39    0.1406250000000000E-02    0.8733367919921875E-03
   40    0.1679687500000000E-02    0.8882904052734376E-03
   41   -0.1640625000000000E-02    0.8648681640625000E-03
   42    0.1855468750000000E-02    0.9283828735351563E-03
   43   -0.8007812500000000E-03    0.6721878051757813E-03
   44   -0.4296875000000000E-03    0.9138488769531250E-03
   45   -0.1699218750000000E-02    0.1011848449707031E-02
   46   -0.1269531250000000E-02    0.1003990173339844E-02
   47    0.1777343750000000E-02    0.1189842224121094E-02
   48   -0.8203125000000000E-03    0.9026336669921875E-03
   49    0.1386718750000000E-02    0.9700393676757812E-03
   50    0.3320312500000000E-02    0.9984588623046875E-03
   51   -0.9179687499999999E-03    0.1169242858886719E-02
   52    0.3417968750000000E-02    0.1102867126464844E-02
   53    0.4472656250000000E-02    0.1061668395996094E-02
   54   -0.3320312500000000E-03    0.8405685424804687E-03
   55   -0.1992187500000000E-02    0.9638214111328125E-03
   56    0.3984375000000000E-02    0.1081924438476563E-02
   57    0.3750000000000000E-02    0.1308822631835938E-02
   58   -0.3984375000000000E-02    0.1035461425781250E-02
   59   -0.1972656250000000E-02    0.1006050109863281E-02
   60    0.2382812500000000E-02    0.8800506591796875E-03
   61    0.7812500000000000E-03    0.8701324462890625E-03
   62   -0.1757812500000000E-03    0.9457778930664063E-03
   63    0.5019531250000000E-02    0.9027481079101563E-03
   64    0.1953125000000000E-02    0.8400726318359375E-03
   65    0.3027343750000000E-02    0.1094017028808594E-02
   66    0.4785156250000000E-02    0.8638381958007812E-03
   67    0.4902343750000000E-02    0.9923934936523437E-03
   68    0.6445312500000000E-03    0.1098289489746094E-02
   69   -0.2187500000000000E-02    0.1016311645507813E-02
   70   -0.3593750000000000E-02    0.8735656738281250E-03
   71   -0.3535156250000000E-02    0.1234092712402344E-02
   72   -0.5273437500000000E-02    0.9732818603515624E-03
   73    0.1523437500000000E-02    0.9545135498046875E-03
   74    0.4296875000000000E-02    0.8451080322265625E-03
   75    0.3222656250000000E-02    0.8967971801757813E-03
   76    0.3339843750000000E-02    0.9354019165039063E-03
   77    0.5253906250000000E-02    0.1009712219238281E-02
   78   -0.1972656250000000E-02    0.1052055358886719E-02
   79    0.9960937500000000E-03    0.9873580932617187E-03
   80   -0.1875000000000000E-02    0.7726287841796875E-03
   81   -0.5566406250000000E-02    0.9955978393554688E-03
   82   -0.2363281250000000E-02    0.9571456909179687E-03
   83    0.1093750000000000E-02    0.8728027343750000E-03
   84   -0.3144531250000000E-02    0.1147499084472656E-02
   85   -0.9765625000000000E-03    0.1145782470703125E-02
   86   -0.1074218750000000E-02    0.8790969848632812E-03
   87    0.3300781250000000E-02    0.1004142761230469E-02
   88    0.5156250000000000E-02    0.1016235351562500E-02
   89    0.3378906250000000E-02    0.9624099731445312E-03
   90    0.1562500000000000E-02    0.1281738281250000E-02
   91    0.1875000000000000E-02    0.1149826049804688E-02
   92    0.3085937500000000E-02    0.8979797363281250E-03
   93    0.4941406250000000E-02    0.1176414489746094E-02
   94    0.2578125000000000E-02    0.1061325073242188E-02
   95    0.3652343750000000E-02    0.9547042846679688E-03
   96   -0.4101562500000000E-03    0.9186172485351563E-03
   97   -0.1074218750000000E-02    0.9765243530273438E-03
   98   -0.1464843750000000E-02    0.9588241577148437E-03
   99   -0.9765625000000000E-03    0.8974456787109375E-03
  100    0.1738281250000000E-02    0.9200668334960937E-03
