# time =    0.4695
    0    0.1000000000000000E+01    0.1000000000000000E+01
    1    0.2247656250000000E+00    0.5147789001464844E-01
    2    0.5953125000000000E-01    0.4590911865234375E-02
    3    0.1197265625000000E-01    0.1223335266113281E-02
    4    0.3437500000000000E-02    0.9892272949218750E-03
    5    0.3027343750000000E-02    0.8715438842773437E-03
    6   -0.3867187500000000E-02    0.8350372314453125E-03
    7   -0.2773437500000000E-02    0.9919738769531251E-03
    8   -0.1738281250000000E-02    0.1054954528808594E-02
    9   -0.1953125000000000E-04    0.9876632690429688E-03
   10    0.2578125000000000E-02    0.1113739013671875E-02
   11   -0.6347656250000000E-02    0.7538223266601563E-03
   12   -0.1484375000000000E-02    0.1070327758789062E-02
   13    0.7421875000000000E-03    0.8950805664062499E-03
   14   -0.1972656250000000E-02    0.7539749145507813E-03
   15    0.1718750000000000E-02    0.9188842773437500E-03
   16    0.1210937500000000E-02    0.9647369384765625E-03
   17   -0.1562500000000000E-02    0.7980346679687500E-03
   18   -0.9492187500000001E-02    0.1237335205078125E-02
   19   -0.2949218750000000E-02    0.7777023315429688E-03
   20   -0.1367187500000000E-03    0.9143447875976562E-03
   21   -0.1953125000000000E-02    0.8994293212890625E-03
   22   -0.2949218750000000E-02    0.8972549438476563E-03
   23   -0.5664062500000000E-03    0.8300399780273438E-03
   24   -0.9765625000000001E-04    0.1294746398925781E-02
   25   -0.1953125000000000E-03    0.9573364257812500E-03
   26   -0.5859375000000000E-03    0.8207702636718750E-03
   27   -0.2539062500000000E-03    0.9684371948242188E-03
   28   -0.2148437500000000E-02    0.9381103515625000E-03
   29    0.1914062500000000E-02    0.7430267333984375E-03
   30    0.3281250000000000E-02    0.8809661865234375E-03
   31   -0.5058593750000000E-02    0.9048080444335937E-03
   32    0.4687500000000000E-03    0.1059646606445312E-02
   33    0.6406250000000000E-02    0.1182708740234375E-02
   34    0.1152343750000000E-02    0.1096763610839844E-02
   35    0.3632812500000000E-02    0.7991027832031250E-03
   36    0.3652343750000000E-02    0.1155891418457031E-02
   37   -0.3710937500000000E-03    0.1321678161621094E-02
   38    0.2539062500000000E-03    0.1205787658691406E-02
   39   -0.1542968750000000E-02    0.1053199768066406E-02
   40   -0.2226562500000000E-02    0.8738708496093750E-03
   41    0.1054687500000000E-02    0.7760620117187500E-03
   42   -0.4140625000000000E-02    0.1014328002929687E-02
   43   -0.1035156250000000E-02    0.6989669799804687E-03
   44   -0.7812500000000000E-03    0.9410858154296875E-03
   45    0.4707031250000000E-02    0.1117057800292969E-02
   46    0.3906250000000000E-03    0.1044082641601562E-02
   47   -0.1367187500000000E-02    0.1061325073242188E-02
   48    0.1152343750000000E-02    0.7951736450195312E-03
   49    0.7246093750000000E-02    0.9632492065429687E-03
   50    0.2070312500000000E-02    0.7874298095703125E-03
   51    0.3222656250000000E-02    0.1141777038574219E-02
   52    0.8144531250000000E-02    0.9047317504882812E-03
   53    0.4238281250000000E-02    0.1092033386230469E-02
   54   -0.1953125000000000E-04    0.9658432006835937E-03
   55    0.2167968750000000E-02    0.1112403869628906E-02
   56   -0.1875000000000000E-02    0.8956909179687500E-03
   57   -0.2421875000000000E-02    0.9901428222656250E-03
   58   -0.4316406250000000E-02    0.8465194702148437E-03
   59   -0.4121093750000000E-02    0.1007499694824219E-02
   60    0.1953125000000000E-03    0.6580352783203125E-03
   61    0.1308593750000000E-02    0.8919906616210938E-03
   62    0.6835937500000000E-03    0.1192054748535156E-02
   63    0.2167968750000000E-02    0.1124000549316406E-02
   64    0.3144531250000000E-02    0.1060523986816406E-02
   65   -0.5664062500000000E-03    0.9604263305664063E-03
   66   -0.8007812500000000E-03    0.1070747375488281E-02
   67   -0.6230468750000000E-02    0.8808517456054687E-03
   68    0.3906250000000000E-04    0.9854888916015624E-03
   69    0.2441406250000000E-02    0.9231948852539062E-03
   70    0.2343750000000000E-03    0.7961273193359375E-03
   71   -0.1777343750000000E-02    0.8852767944335937E-03
   72    0.4101562500000000E-02    0.1105499267578125E-02
   73    0.6445312500000000E-03    0.1204185485839844E-02
   74   -0.1367187500000000E-03    0.9713363647460937E-03
   75    0.5800781250000000E-02    0.1079521179199219E-02
   76   -0.3710937500000000E-02    0.9416961669921876E-03
   77    0.2324218750000000E-02    0.9186172485351563E-03
   78    0.5859375000000000E-03    0.1075515747070312E-02
   79   -0.1093750000000000E-02    0.1158905029296875E-02
   80    0.3281250000000000E-02    0.1173858642578125E-02
   81   -0.2539062500000000E-03    0.8800125122070312E-03
   82    0.0000000000000000E+00    0.9050750732421875E-03
   83    0.9179687499999999E-03    0.1183128356933594E-02
   84   -0.5390625000000000E-02    0.1120147705078125E-02
   85   -0.3378906250000000E-02    0.7287979125976563E-03
   86   -0.3730468750000000E-02    0.1087532043457031E-02
   87   -0.5644531250000000E-02    0.8938980102539063E-03
   88   -0.7421875000000000E-03    0.9993743896484376E-03
   89   -0.4296875000000000E-03    0.1396865844726563E-02
   90    0.4804687500000000E-02    0.1106033325195312E-02
   91   -0.9765625000000000E-03    0.1016769409179688E-02
   92   -0.1093750000000000E-02    0.9835052490234375E-03
   93   -0.3710937500000000E-03    0.1011466979980469E-02
   94    0.2636718750000000E-02    0.9424972534179687E-03
   95    0.3105468750000000E-02    0.7523727416992187E-03
   96    0.6015625000000000E-02    0.1089172363281250E-02
   97    0.1562500000000000E-03    0.1090469360351563E-02
   98    0.3476562500000000E-02    0.8475494384765625E-03
   99    0.2519531250000000E-02    0.9317398071289062E-03
  100   -0.2792968750000000E-02    0.1021766662597656E-02
