# time =    0.4688
    0    0.1000000000000000E+01    0.1000000000000000E+01
    1    0.2362695312500000E+00    0.5657436370849609E-01
    2    0.5761718750000000E-01    0.4345245361328125E-02
    3    0.1439453125000000E-01    0.1070137023925781E-02
    4    0.4941406250000000E-02    0.1073341369628906E-02
    5    0.1386718750000000E-02    0.1190376281738281E-02
    6    0.3828125000000000E-02    0.9510040283203125E-03
    7   -0.2285156250000000E-02    0.9442520141601563E-03
    8    0.2226562500000000E-02    0.9748077392578125E-03
    9    0.2968750000000000E-02    0.9969329833984374E-03
   10   -0.2011718750000000E-02    0.7843399047851563E-03
   11    0.4472656250000000E-02    0.7904434204101563E-03
   12    0.8789062500000000E-03    0.1089439392089844E-02
   13    0.4785156250000000E-02    0.1026496887207031E-02
   14   -0.3554687500000000E-02    0.1240539550781250E-02
   15   -0.2402343750000000E-02    0.9928512573242187E-03
   16    0.4882812500000000E-03    0.9129714965820313E-03
   17    0.8007812500000000E-03    0.1220283508300781E-02
   18    0.1914062500000000E-02    0.1019287109375000E-02
   19    0.4882812500000000E-02    0.7257843017578125E-03
   20    0.4765625000000000E-02    0.8359527587890624E-03
   21    0.8593750000000000E-03    0.1078109741210938E-02
   22    0.2109375000000000E-02    0.8815765380859375E-03
   23   -0.5468750000000001E-03    0.1030807495117188E-02
   24   -0.4433593750000000E-02    0.9629440307617188E-03
   25    0.2011718750000000E-02    0.1189079284667969E-02
   26   -0.4160156250000000E-02    0.9802627563476564E-03
   27   -0.1757812500000000E-02    0.6929016113281249E-03
   28    0.2714843750000000E-02    0.1157417297363281E-02
   29    0.8203125000000000E-03    0.7926940917968750E-03
   30   -0.4003906250000000E-02    0.1054801940917969E-02
   31   -0.1816406250000000E-02    0.9476852416992188E-03
   32    0.2929687500000000E-03    0.8140945434570312E-03
   33   -0.5859375000000000E-04    0.9067153930664062E-03
   34    0.1777343750000000E-02    0.8111953735351563E-03
   35    0.2519531250000000E-02    0.9467697143554687E-03
   36    0.3496093750000000E-02    0.1250267028808594E-02
   37    0.4023437500000000E-02    0.1099777221679688E-02
   38    0.6835937500000000E-03    0.9148025512695313E-03
   39   -0.1347656250000000E-02    0.8781814575195313E-03
   40    0.1894531250000000E-02    0.8268356323242188E-03
   41    0.3515625000000000E-03    0.9018707275390625E-03
   42   -0.1367187500000000E-02    0.1119995117187500E-02
   43   -0.1269531250000000E-02    0.1027259826660156E-02
   44   -0.3730468750000000E-02    0.1125755310058594E-02
   45    0.1035156250000000E-02    0.1285285949707031E-02
   46   -0.7226562500000000E-03    0.1008186340332031E-02
   47    0.1074218750000000E-02    0.8920669555664062E-03
   48    0.2773437500000000E-02    0.1230697631835938E-02
   49   -0.6093750000000000E-02    0.1004257202148437E-02
   50   -0.3261718750000000E-02    0.7843399047851563E-03
   51    0.3906250000000000E-04    0.9440612792968750E-03
   52    0.4003906250000000E-02    0.8441543579101562E-03
   53    0.3320312500000000E-02    0.9137725830078125E-03
   54    0.4296875000000000E-03    0.1013412475585938E-02
   55    0.6757812500000000E-02    0.1239700317382813E-02
   56    0.6835937500000000E-03    0.9550094604492187E-03
   57    0.6835937500000000E-03    0.1075553894042969E-02
   58    0.2070312500000000E-02    0.9066009521484375E-03
   59    0.4921875000000000E-02    0.9951782226562500E-03
   60   -0.3320312500000000E-03    0.9477615356445312E-03
   61   -0.1367187500000000E-03    0.1050148010253906E-02
   62    0.5078125000000000E-02    0.9532928466796875E-03
   63   -0.1894531250000000E-02    0.8103561401367188E-03
   64   -0.2402343750000000E-02    0.7258224487304688E-03
   65   -0.1425781250000000E-02    0.9193038940429688E-03
   66   -0.2207031250000000E-02    0.7535171508789063E-03
   67   -0.3925781250000000E-02    0.1230430603027344E-02
   68   -0.1953125000000000E-03    0.1066894531250000E-02
   69    0.5625000000000000E-02    0.8775329589843750E-03
   70    0.4707031250000000E-02    0.1152076721191406E-02
   71    0.3398437500000000E-02    0.8420562744140625E-03
   72    0.4492187500000000E-03    0.1088905334472656E-02
   73   -0.4414062500000000E-02    0.9674072265625000E-03
   74    0.3847656250000000E-02    0.1151008605957031E-02
   75   -0.9960937500000000E-03    0.1102561950683594E-02
   76    0.8046875000000000E-02    0.1132354736328125E-02
   77    0.7792968750000000E-02    0.1185646057128906E-02
   78    0.6933593750000000E-02    0.9431838989257812E-03
   79    0.2148437500000000E-03    0.1056480407714844E-02
   80    0.4492187500000000E-03    0.1161842346191406E-02
   81   -0.8984375000000000E-03    0.8964538574218750E-03
   82   -0.6250000000000000E-03    0.1335372924804688E-02
   83   -0.3476562500000000E-02    0.1060104370117187E-02
   84    0.8007812500000000E-03    0.1160316467285156E-02
   85   -0.3125000000000000E-03    0.8543395996093750E-03
   86   -0.5859375000000000E-04    0.1001701354980469E-02
   87   -0.2539062500000000E-03    0.1075706481933594E-02
   88   -0.5957031250000000E-02    0.1079826354980469E-02
   89    0.8007812500000000E-03    0.8908462524414063E-03
   90   -0.1093750000000000E-02    0.1116333007812500E-02
   91    0.0000000000000000E+00    0.9848022460937501E-03
   92    0.7226562500000000E-03    0.9997177124023437E-03
   93   -0.4882812500000000E-03    0.9828567504882812E-03
   94    0.4453125000000000E-02    0.8167266845703125E-03
   95    0.9179687499999999E-03    0.7337570190429687E-03
   96    0.2480468750000000E-02    0.7970809936523437E-03
   97    0.1113281250000000E-02    0.7638931274414062E-03
   98   -0.2324218750000000E-02    0.9662246704101562E-03
   99    0.1953125000000000E-04    0.1111564636230469E-02
  100   -0.2500000000000000E-02    0.8949279785156250E-03
