# time =    0.4574
    0    0.1000000000000000E+01    0.1000000000000000E+01
    1    0.3297265625000000E+00    0.1095786285400391E+00
    2    0.1386328125000000E+00    0.2011451721191406E-01
    3    0.7246093750000000E-01    0.6235046386718750E-02
    4    0.3751953125000000E-01    0.2378883361816406E-02
    5    0.2529296875000000E-01    0.1516304016113281E-02
    6    0.1021484375000000E-01    0.1187934875488281E-02
    7    0.8378906250000000E-02    0.9283065795898437E-03
    8    0.8750000000000001E-02    0.1200256347656250E-02
    9    0.7363281250000000E-02    0.8499526977539063E-03
   10    0.4902343750000000E-02    0.7741928100585937E-03
   11    0.2363281250000000E-02    0.9279251098632812E-03
   12    0.5449218750000000E-02    0.9846115112304688E-03
   13    0.2226562500000000E-02    0.1075286865234375E-02
   14   -0.4296875000000000E-03    0.1154785156250000E-02
   15    0.3984375000000000E-02    0.8544921875000000E-03
   16    0.2539062500000000E-02    0.8527374267578125E-03
   17    0.4941406250000000E-02    0.9402084350585937E-03
   18   -0.1660156250000000E-02    0.9893417358398438E-03
   19   -0.7031250000000000E-02    0.1104431152343750E-02
   20   -0.6796875000000000E-02    0.1098098754882813E-02
   21   -0.1171875000000000E-02    0.9449005126953125E-03
   22    0.7812500000000000E-03    0.8312988281250000E-03
   23    0.3691406250000000E-02    0.9791183471679688E-03
   24   -0.4218750000000000E-02    0.1075210571289063E-02
   25   -0.3203125000000000E-02    0.8425140380859376E-03
   26    0.2343750000000000E-03    0.7543182373046875E-03
   27   -0.3515625000000000E-03    0.8180999755859375E-03
   28   -0.4667968750000000E-02    0.1167640686035156E-02
   29   -0.2714843750000000E-02    0.1010093688964844E-02
   30   -0.6640625000000000E-03    0.9018707275390625E-03
   31    0.1152343750000000E-02    0.1080513000488281E-02
   32    0.3730468750000000E-02    0.1081809997558594E-02
   33    0.1562500000000000E-02    0.1052246093750000E-02
   34    0.1835937500000000E-02    0.8996582031250000E-03
   35    0.4960937500000000E-02    0.1109466552734375E-02
   36    0.1289062500000000E-02    0.9050750732421875E-03
   37    0.8593750000000000E-03    0.7741546630859375E-03
   38    0.4511718750000000E-02    0.1006355285644531E-02
   39    0.3281250000000000E-02    0.9523010253906249E-03
   40    0.9960937500000000E-03    0.8184432983398438E-03
   41    0.4843750000000000E-02    0.8202362060546875E-03
   42    0.2871093750000000E-02    0.9442520141601563E-03
   43    0.7070312500000000E-02    0.1357345581054687E-02
   44    0.4160156250000000E-02    0.1054573059082031E-02
   45    0.2949218750000000E-02    0.9928512573242187E-03
   46    0.8632812500000000E-02    0.1001815795898438E-02
   47    0.2500000000000000E-02    0.1175842285156250E-02
   48   -0.4687500000000000E-03    0.1108474731445312E-02
   49    0.4824218750000000E-02    0.1105232238769531E-02
   50    0.1464843750000000E-02    0.7361984252929688E-03
   51   -0.2949218750000000E-02    0.1075782775878906E-02
   52    0.5488281250000000E-02    0.8412551879882813E-03
   53    0.3906250000000000E-04    0.1051406860351563E-02
   54    0.6640625000000000E-03    0.9145355224609375E-03
   55   -0.4101562500000000E-03    0.1019172668457031E-02
   56    0.2285156250000000E-02    0.1112022399902344E-02
   57    0.4843750000000000E-02    0.9224700927734375E-03
   58    0.3710937500000000E-02    0.1193542480468750E-02
   59    0.5703125000000000E-02    0.9018707275390625E-03
   60    0.2207031250000000E-02    0.1089820861816406E-02
   61    0.2714843750000000E-02    0.1004829406738281E-02
   62    0.1113281250000000E-02    0.8773422241210938E-03
   63    0.4238281250000000E-02    0.1106681823730469E-02
   64    0.7226562500000000E-03    0.1203804016113281E-02
   65    0.1210937500000000E-02    0.1112899780273438E-02
   66   -0.1367187500000000E-03    0.1031379699707031E-02
   67    0.4296875000000000E-03    0.1024475097656250E-02
   68    0.4433593750000000E-02    0.6831741333007813E-03
   69    0.1445312500000000E-02    0.1060791015625000E-02
   70    0.2246093750000000E-02    0.9672164916992188E-03
   71   -0.7421875000000000E-03    0.8984375000000000E-03
   72    0.1308593750000000E-02    0.1069831848144531E-02
   73    0.3320312500000000E-02    0.9573364257812500E-03
   74    0.1113281250000000E-02    0.1075172424316406E-02
   75    0.3789062500000000E-02    0.1033248901367188E-02
   76    0.3984375000000000E-02    0.1074752807617188E-02
   77   -0.2500000000000000E-02    0.1092987060546875E-02
   78    0.4003906250000000E-02    0.8404922485351563E-03
   79    0.1621093750000000E-02    0.1055183410644531E-02
   80   -0.3515625000000000E-02    0.9155273437500000E-03
   81    0.1171875000000000E-03    0.8551025390625000E-03
   82   -0.6445312500000000E-03    0.1192131042480469E-02
   83   -0.3535156250000000E-02    0.9811019897460937E-03
   84   -0.8144531250000000E-02    0.9975051879882813E-03
   85   -0.5156250000000000E-02    0.1181488037109375E-02
   86   -0.8398437500000000E-03    0.1036796569824219E-02
   87    0.1914062500000000E-02    0.8029174804687500E-03
   88    0.4492187500000000E-03    0.1004447937011719E-02
   89    0.9960937500000000E-03    0.8720016479492188E-03
   90   -0.8398437500000000E-03    0.1045646667480469E-02
   91    0.3496093750000000E-02    0.8272933959960938E-03
   92   -0.1953125000000000E-02    0.1025772094726562E-02
   93   -0.5078125000000000E-03    0.8116149902343750E-03
   94   -0.1738281250000000E-02    0.6642532348632812E-03
   95   -0.4589843750000000E-02    0.1121635437011719E-02
   96   -0.4707031250000000E-02    0.1000862121582031E-02
   97   -0.3964843750000000E-02    0.9313583374023438E-03
   98   -0.4687500000000000E-02    0.9799957275390624E-03
   99    0.6445312500000000E-03    0.8559799194335937E-03
  100    0.4804687500000000E-02    0.9417724609375000E-03
