# time =    0.4632
    0    0.1000000000000000E+01    0.1000000000000000E+01
    1    0.1981054687500000E+00    0.4027454376220703E-01
    2    0.4580078125000000E-01    0.3091087341308594E-02
    3    0.8671875000000001E-02    0.1106796264648437E-02
    4    0.6171875000000000E-02    0.1109466552734375E-02
    5    0.2148437500000000E-03    0.8797836303710937E-03
    6   -0.1660156250000000E-02    0.8900070190429688E-03
    7    0.1972656250000000E-02    0.9673690795898438E-03
    8   -0.2441406250000000E-02    0.8255386352539062E-03
    9   -0.2246093750000000E-02    0.9714126586914063E-03
   10   -0.2363281250000000E-02    0.9189224243164062E-03
   11   -0.1953125000000000E-04    0.1087989807128906E-02
   12   -0.4335937500000000E-02    0.9963989257812500E-03
   13    0.1601562500000000E-02    0.1011276245117188E-02
   14   -0.1269531250000000E-02    0.1116065979003906E-02
   15    0.1171875000000000E-02    0.1087188720703125E-02
   16   -0.2226562500000000E-02    0.9061431884765625E-03
   17    0.1191406250000000E-02    0.8103561401367188E-03
   18   -0.1992187500000000E-02    0.8999633789062500E-03
   19    0.3007812500000000E-02    0.9085845947265625E-03
   20    0.4589843750000000E-02    0.1122169494628906E-02
   21    0.2871093750000000E-02    0.1117362976074219E-02
   22   -0.3730468750000000E-02    0.1188850402832031E-02
   23   -0.2363281250000000E-02    0.1099281311035156E-02
   24   -0.1542968750000000E-02    0.9642410278320313E-03
   25   -0.2812500000000000E-02    0.9001922607421875E-03
   26    0.4296875000000000E-03    0.8238220214843750E-03
   27    0.1972656250000000E-02    0.1002388000488281E-02
   28   -0.3398437500000000E-02    0.8390808105468750E-03
   29   -0.1171875000000000E-02    0.7421112060546875E-03
   30   -0.1132812500000000E-02    0.9611511230468750E-03
   31    0.4902343750000000E-02    0.8435440063476562E-03
   32   -0.7402343750000000E-02    0.1045646667480469E-02
   33    0.2871093750000000E-02    0.8679580688476563E-03
   34    0.1210937500000000E-02    0.1007156372070312E-02
   35    0.5156250000000000E-02    0.1107864379882813E-02
   36    0.3398437500000000E-02    0.7994079589843750E-03
   37    0.2832031250000000E-02    0.7485580444335937E-03
   38    0.1250000000000000E-02    0.8007812500000000E-03
   39    0.7226562500000000E-03    0.9361648559570312E-03
   40   -0.1132812500000000E-02    0.8963012695312500E-03
   41    0.8281250000000000E-02    0.1083068847656250E-02
   42    0.3300781250000000E-02    0.1137046813964844E-02
   43    0.2304687500000000E-02    0.8520507812500001E-03
   44   -0.2968750000000000E-02    0.1180419921875000E-02
   45   -0.1230468750000000E-02    0.9951400756835938E-03
   46    0.3906250000000000E-04    0.1031188964843750E-02
   47    0.3730468750000000E-02    0.1005821228027344E-02
   48    0.8789062500000000E-03    0.9627914428710937E-03
   49    0.1308593750000000E-02    0.8636856079101562E-03
   50   -0.1953125000000000E-02    0.9446716308593749E-03
   51   -0.9960937500000000E-03    0.7754898071289062E-03
   52   -0.3125000000000000E-02    0.1057434082031250E-02
   53   -0.1171875000000000E-02    0.9173583984375000E-03
   54   -0.7421875000000000E-03    0.8567047119140625E-03
   55    0.1328125000000000E-02    0.1071701049804687E-02
   56    0.2421875000000000E-02    0.8934783935546875E-03
   57    0.2109375000000000E-02    0.9568786621093750E-03
   58    0.8789062500000000E-03    0.1042976379394531E-02
   59    0.1503906250000000E-02    0.8857345581054687E-03
   60   -0.2187500000000000E-02    0.1107025146484375E-02
   61   -0.2265625000000000E-02    0.1021881103515625E-02
   62    0.2011718750000000E-02    0.8929824829101563E-03
   63   -0.5859375000000000E-02    0.1217956542968750E-02
   64    0.8789062500000000E-03    0.1095085144042969E-02
   65    0.5957031250000000E-02    0.1193199157714844E-02
   66    0.3652343750000000E-02    0.1026573181152344E-02
   67    0.3457031250000000E-02    0.1001319885253906E-02
   68    0.1191406250000000E-02    0.9281539916992188E-03
   69   -0.5859375000000000E-04    0.1068305969238281E-02
   70   -0.2265625000000000E-02    0.7384490966796875E-03
   71   -0.3906250000000000E-02    0.8124542236328125E-03
   72    0.1406250000000000E-02    0.1046142578125000E-02
   73   -0.2304687500000000E-02    0.9539031982421875E-03
   74    0.5722656250000000E-02    0.8142471313476562E-03
   75    0.2812500000000000E-02    0.1048660278320312E-02
   76    0.1777343750000000E-02    0.1013679504394531E-02
   77    0.2148437500000000E-03    0.1097221374511719E-02
   78    0.4882812500000000E-03    0.9831619262695313E-03
   79    0.6542968750000000E-02    0.9635543823242188E-03
   80    0.2500000000000000E-02    0.9732818603515624E-03
   81   -0.2500000000000000E-02    0.1104125976562500E-02
   82   -0.3613281250000000E-02    0.9614181518554688E-03
   83   -0.1875000000000000E-02    0.9587097167968750E-03
   84    0.6035156250000000E-02    0.8148574829101563E-03
   85    0.2656250000000000E-02    0.1337051391601562E-02
   86    0.3222656250000000E-02    0.1289558410644531E-02
   87   -0.3925781250000000E-02    0.1136283874511719E-02
   88   -0.1562500000000000E-03    0.9396362304687500E-03
   89   -0.8593750000000000E-03    0.9122467041015624E-03
   90    0.4199218750000000E-02    0.1088752746582031E-02
   91    0.9570312500000000E-03    0.8918380737304687E-03
   92   -0.4628906250000000E-02    0.1252708435058594E-02
   93   -0.1953125000000000E-02    0.1084747314453125E-02
   94    0.5468750000000001E-03    0.1031494140625000E-02
   95   -0.4101562500000000E-03    0.9907913208007813E-03
   96    0.1582031250000000E-02    0.1029243469238281E-02
   97    0.8789062500000000E-03    0.1100120544433594E-02
   98    0.4296875000000000E-02    0.8932495117187500E-03
   99    0.4160156250000000E-02    0.1047096252441406E-02
  100    0.1523437500000000E-02    0.8081054687500000E-03
