# time =    0.4445
    0    0.1000000000000000E+01    0.1000000000000000E+01
    1    0.3253515625000000E+00    0.1064659881591797E+00
    2    0.1304296875000000E+00    0.1770233154296875E-01
    3    0.6029296875000000E-01    0.4547004699707031E-02
    4    0.3462890625000000E-01    0.2314109802246094E-02
    5    0.2078125000000000E-01    0.1342849731445312E-02
    6    0.1085937500000000E-01    0.1328125000000000E-02
    7    0.9824218750000000E-02    0.1236534118652344E-02
    8    0.5898437500000000E-02    0.1296920776367188E-02
    9    0.2070312500000000E-02    0.9683227539062500E-03
   10    0.4277343750000000E-02    0.9621047973632813E-03
   11    0.1738281250000000E-02    0.1091270446777344E-02
   12    0.3496093750000000E-02    0.9997940063476562E-03
   13    0.1933593750000000E-02    0.9605026245117187E-03
   14   -0.1152343750000000E-02    0.9407424926757813E-03
   15   -0.5429687500000000E-02    0.1168060302734375E-02
   16    0.2343750000000000E-03    0.9648132324218750E-03
   17   -0.3710937500000000E-02    0.1327896118164063E-02
   18    0.1855468750000000E-02    0.1138420104980469E-02
   19    0.4277343750000000E-02    0.1012840270996094E-02
   20    0.6835937500000000E-03    0.8221054077148437E-03
   21   -0.1367187500000000E-02    0.8294677734375000E-03
   22    0.8007812500000000E-03    0.8722305297851563E-03
   23    0.2597656250000000E-02    0.8338546752929688E-03
   24    0.7382812500000000E-02    0.1001815795898438E-02
   25   -0.7031250000000000E-03    0.9704589843750000E-03
   26   -0.4648437500000000E-02    0.9194183349609375E-03
   27   -0.2792968750000000E-02    0.1108436584472656E-02
   28   -0.1679687500000000E-02    0.6957244873046875E-03
   29   -0.5039062500000000E-02    0.8765411376953125E-03
   30   -0.5214843750000000E-02    0.9672164916992188E-03
   31   -0.4003906250000000E-02    0.7065963745117187E-03
   32    0.5468750000000001E-03    0.7810974121093750E-03
   33   -0.1679687500000000E-02    0.7588958740234375E-03
   34    0.1367187500000000E-02    0.7680511474609375E-03
   35    0.5019531250000000E-02    0.1025352478027344E-02
   36    0.4589843750000000E-02    0.1100730895996094E-02
   37    0.1367187500000000E-03    0.1087150573730469E-02
   38    0.5429687500000000E-02    0.9720611572265625E-03
   39    0.9882812499999999E-02    0.9026336669921875E-03
   40   -0.9960937500000000E-03    0.9402084350585937E-03
   41   -0.4863281250000000E-02    0.1151466369628906E-02
   42   -0.3476562500000000E-02    0.8840179443359375E-03
   43    0.1308593750000000E-02    0.7164382934570313E-03
   44    0.1328125000000000E-02    0.1040344238281250E-02
   45   -0.2929687500000000E-03    0.9681320190429687E-03
   46   -0.1171875000000000E-02    0.1068878173828125E-02
   47    0.3164062500000000E-02    0.8891296386718750E-03
   48    0.5273437500000000E-02    0.9902191162109374E-03
   49    0.3886718750000000E-02    0.9970474243164063E-03
   50    0.4101562500000000E-02    0.8584594726562500E-03
   51    0.4355468750000000E-02    0.1053886413574219E-02
   52    0.6386718750000000E-02    0.8664321899414062E-03
   53    0.3925781250000000E-02    0.1039390563964844E-02
   54    0.4082031250000000E-02    0.1059532165527344E-02
   55    0.2031250000000000E-02    0.1382446289062500E-02
   56   -0.1425781250000000E-02    0.9627914428710937E-03
   57   -0.2851562500000000E-02    0.1047897338867187E-02
   58   -0.2167968750000000E-02    0.1114158630371094E-02
   59    0.4804687500000000E-02    0.8321380615234374E-03
   60    0.6855468750000000E-02    0.9491348266601563E-03
   61    0.2910156250000000E-02    0.1003761291503906E-02
   62    0.3710937500000000E-03    0.1097068786621094E-02
   63    0.3496093750000000E-02    0.8654403686523438E-03
   64    0.3730468750000000E-02    0.1121635437011719E-02
   65    0.1445312500000000E-02    0.9294128417968749E-03
   66    0.9960937500000000E-03    0.8556747436523438E-03
   67   -0.1015625000000000E-02    0.1024856567382813E-02
   68   -0.4023437500000000E-02    0.1030349731445313E-02
   69    0.4296875000000000E-03    0.9377288818359375E-03
   70   -0.6640625000000000E-03    0.1038970947265625E-02
   71   -0.1757812500000000E-03    0.9259414672851562E-03
   72   -0.3027343750000000E-02    0.1077232360839844E-02
   73    0.4062500000000000E-02    0.9777069091796875E-03
   74    0.9765625000000001E-04    0.9729385375976563E-03
   75    0.2011718750000000E-02    0.9585952758789062E-03
   76   -0.7812500000000000E-03    0.9998321533203126E-03
   77   -0.4433593750000000E-02    0.8039474487304688E-03
   78    0.6640625000000000E-03    0.1332092285156250E-02
   79   -0.1503906250000000E-02    0.1082038879394531E-02
   80   -0.1191406250000000E-02    0.1070365905761719E-02
   81   -0.6894531250000000E-02    0.8066940307617187E-03
   82   -0.5527343750000000E-02    0.1168785095214844E-02
   83   -0.4042968750000000E-02    0.1083869934082031E-02
   84   -0.2851562500000000E-02    0.8572387695312500E-03
   85   -0.4570312500000000E-02    0.9110260009765625E-03
   86    0.1425781250000000E-02    0.7703781127929687E-03
   87   -0.1308593750000000E-02    0.7544326782226563E-03
   88   -0.4785156250000000E-02    0.1056861877441406E-02
   89   -0.4238281250000000E-02    0.1107902526855469E-02
   90   -0.3144531250000000E-02    0.1120872497558594E-02
   91   -0.8398437500000000E-03    0.1075553894042969E-02
   92   -0.5937500000000000E-02    0.1098022460937500E-02
   93   -0.1914062500000000E-02    0.9403228759765625E-03
   94    0.1914062500000000E-02    0.9167480468750000E-03
   95   -0.2109375000000000E-02    0.8448028564453125E-03
   96   -0.3164062500000000E-02    0.9300231933593750E-03
   97    0.8398437500000000E-03    0.1067008972167969E-02
   98    0.5859375000000000E-03    0.1096725463867188E-02
   99   -0.1210937500000000E-02    0.1132736206054687E-02
  100    0.3574218750000000E-02    0.9810256958007813E-03
