# time =    0.4673
    0    0.1000000000000000E+01    0.1000000000000000E+01
    1    0.2095898437500000E+00    0.4477230072021485E-01
    2    0.4671875000000000E-01    0.3139266967773438E-02
    3    0.1796875000000000E-01    0.1310424804687500E-02
    4    0.7382812500000000E-02    0.1085586547851562E-02
    5    0.4687500000000000E-03    0.8453369140625000E-03
    6    0.1855468750000000E-02    0.1077766418457031E-02
    7   -0.1367187500000000E-02    0.8554077148437500E-03
    8    0.3906250000000000E-02    0.9175872802734375E-03
    9    0.3867187500000000E-02    0.1123199462890625E-02
   10    0.4062500000000000E-02    0.9410858154296875E-03
   11    0.2617187500000000E-02    0.9860229492187501E-03
   12    0.9765625000000000E-03    0.9059143066406250E-03
   13   -0.1875000000000000E-02    0.8641052246093750E-03
   14    0.3789062500000000E-02    0.1015548706054688E-02
   15    0.3437500000000000E-02    0.8641052246093750E-03
   16    0.2871093750000000E-02    0.9470748901367188E-03
   17   -0.5546875000000000E-02    0.1438217163085937E-02
   18    0.1347656250000000E-02    0.8691024780273438E-03
   19   -0.1757812500000000E-02    0.9039306640625000E-03
   20   -0.1191406250000000E-02    0.7577896118164063E-03
   21   -0.4511718750000000E-02    0.9943771362304688E-03
   22    0.3710937500000000E-03    0.1029167175292969E-02
   23    0.5371093750000000E-02    0.8454513549804687E-03
   24    0.3183593750000000E-02    0.8092880249023438E-03
   25    0.1660156250000000E-02    0.9797286987304687E-03
   26    0.2070312500000000E-02    0.1034317016601562E-02
   27    0.2109375000000000E-02    0.9077453613281250E-03
   28    0.2460937500000000E-02    0.1009902954101563E-02
   29    0.2070312500000000E-02    0.1116867065429687E-02
   30    0.4414062500000000E-02    0.8838653564453125E-03
   31   -0.4296875000000000E-03    0.9767150878906251E-03
   32    0.2539062500000000E-03    0.9001541137695312E-03
   33   -0.1718750000000000E-02    0.1126174926757813E-02
   34    0.2792968750000000E-02    0.1067771911621094E-02
   35    0.4804687500000000E-02    0.1011581420898438E-02
   36   -0.8007812500000000E-03    0.7356643676757812E-03
   37   -0.5468750000000001E-03    0.9644317626953125E-03
   38   -0.2285156250000000E-02    0.9641647338867188E-03
   39    0.8203125000000000E-03    0.9984588623046875E-03
   40    0.1328125000000000E-02    0.9760284423828126E-03
   41    0.8984375000000000E-03    0.6503295898437500E-03
   42   -0.2968750000000000E-02    0.1132965087890625E-02
   43   -0.6835937500000000E-03    0.7360458374023437E-03
   44   -0.1093750000000000E-02    0.9060668945312500E-03
   45   -0.1171875000000000E-02    0.9202575683593750E-03
   46   -0.1308593750000000E-02    0.1116600036621094E-02
   47    0.2929687500000000E-03    0.1052055358886719E-02
   48    0.1171875000000000E-03    0.9960937500000000E-03
   49   -0.1152343750000000E-02    0.9076309204101563E-03
   50    0.2324218750000000E-02    0.9659957885742187E-03
   51    0.5273437500000000E-03    0.1166648864746094E-02
   52    0.8984375000000000E-03    0.8611297607421875E-03
   53   -0.4726562500000000E-02    0.9839630126953125E-03
   54   -0.6660156250000000E-02    0.1124839782714844E-02
   55   -0.3339843750000000E-02    0.1123771667480469E-02
   56    0.3164062500000000E-02    0.8283996582031250E-03
   57    0.5273437500000000E-03    0.1016426086425781E-02
   58   -0.7890625000000000E-02    0.1329345703125000E-02
   59   -0.1406250000000000E-02    0.1117782592773437E-02
   60    0.4394531250000000E-02    0.8646774291992187E-03
   61    0.3593750000000000E-02    0.1080551147460937E-02
   62   -0.2265625000000000E-02    0.1032638549804687E-02
   63   -0.3164062500000000E-02    0.1184692382812500E-02
   64   -0.5683593750000000E-02    0.1066703796386719E-02
   65   -0.4492187500000000E-03    0.1170539855957031E-02
   66    0.9570312500000000E-03    0.1049461364746094E-02
   67   -0.1230468750000000E-02    0.9903335571289063E-03
   68   -0.2167968750000000E-02    0.8135604858398438E-03
   69    0.1464843750000000E-02    0.9403610229492187E-03
   70    0.6074218750000000E-02    0.1091651916503906E-02
   71    0.1308593750000000E-02    0.1020622253417969E-02
   72   -0.6972656250000000E-02    0.1087837219238281E-02
   73   -0.1328125000000000E-02    0.9055328369140625E-03
   74    0.2675781250000000E-02    0.9898757934570313E-03
   75    0.1523437500000000E-02    0.9810638427734375E-03
   76    0.2070312500000000E-02    0.8910369873046875E-03
   77    0.1074218750000000E-02    0.8662796020507813E-03
   78    0.3964843750000000E-02    0.1086845397949219E-02
   79    0.4550781250000000E-02    0.1211128234863281E-02
   80   -0.1171875000000000E-03    0.8502197265625000E-03
   81   -0.3007812500000000E-02    0.9454345703125000E-03
   82    0.3710937500000000E-03    0.1244316101074219E-02
   83   -0.1054687500000000E-02    0.1037063598632813E-02
   84   -0.1367187500000000E-03    0.8240127563476562E-03
   85    0.1718750000000000E-02    0.1130981445312500E-02
   86    0.2714843750000000E-02    0.1252174377441406E-02
   87   -0.1171875000000000E-02    0.1139526367187500E-02
   88   -0.1835937500000000E-02    0.1007156372070312E-02
   89   -0.1562500000000000E-03    0.9316253662109375E-03
   90   -0.2714843750000000E-02    0.9589004516601563E-03
   91    0.2773437500000000E-02    0.8645629882812499E-03
   92    0.4687500000000000E-02    0.1103820800781250E-02
   93   -0.1972656250000000E-02    0.8687973022460938E-03
   94   -0.1796875000000000E-02    0.1006927490234375E-02
   95   -0.1367187500000000E-03    0.8812332153320312E-03
   96    0.6250000000000000E-03    0.1070861816406250E-02
   97    0.3281250000000000E-02    0.1236953735351562E-02
   98   -0.1835937500000000E-02    0.1068649291992187E-02
   99    0.5859375000000000E-03    0.1135635375976562E-02
  100   -0.1816406250000000E-02    0.9443283081054688E-03
