# time =    0.4545
    0    0.1000000000000000E+01    0.1000000000000000E+01
    1    0.2880468750000000E+00    0.8394035339355468E-01
    2    0.1018554687500000E+00    0.1137798309326172E-01
    3    0.4576171875000000E-01    0.3329887390136719E-02
    4    0.1957031250000000E-01    0.1433563232421875E-02
    5    0.7402343750000000E-02    0.8652877807617188E-03
    6    0.5000000000000000E-02    0.8707427978515625E-03
    7   -0.3730468750000000E-02    0.1049537658691406E-02
    8   -0.1855468750000000E-02    0.8266830444335938E-03
    9   -0.2656250000000000E-02    0.9476470947265625E-03
   10   -0.1855468750000000E-02    0.1116676330566406E-02
   11   -0.3417968750000000E-02    0.1190834045410156E-02
   12    0.2929687500000000E-03    0.9424209594726563E-03
   13    0.1816406250000000E-02    0.9340286254882812E-03
   14    0.1425781250000000E-02    0.9867477416992188E-03
   15    0.9765625000000000E-03    0.7604980468750001E-03
   16   -0.1269531250000000E-02    0.1085014343261719E-02
   17   -0.1250000000000000E-02    0.1182098388671875E-02
   18   -0.7089843750000000E-02    0.1105232238769531E-02
   19    0.2539062500000000E-03    0.9871292114257812E-03
   20   -0.1093750000000000E-02    0.1011657714843750E-02
   21   -0.4492187500000000E-03    0.1078300476074219E-02
   22    0.9960937500000000E-03    0.9711074829101562E-03
   23    0.2167968750000000E-02    0.1021690368652344E-02
   24   -0.3007812500000000E-02    0.1055221557617188E-02
   25    0.4882812500000000E-02    0.9153747558593750E-03
   26    0.1367187500000000E-03    0.8997726440429688E-03
   27    0.7265625000000000E-02    0.9387207031250000E-03
   28   -0.3046875000000000E-02    0.9993743896484376E-03
   29   -0.1621093750000000E-02    0.9923934936523437E-03
   30    0.9375000000000000E-03    0.9535217285156250E-03
   31   -0.2343750000000000E-03    0.1040039062500000E-02
   32   -0.1562500000000000E-02    0.1147689819335938E-02
   33    0.1269531250000000E-02    0.1133995056152344E-02
   34   -0.1113281250000000E-02    0.8534622192382812E-03
   35    0.2539062500000000E-02    0.1050491333007812E-02
   36    0.4414062500000000E-02    0.8715057373046875E-03
   37   -0.1445312500000000E-02    0.1070861816406250E-02
   38   -0.3320312500000000E-03    0.1054344177246094E-02
   39   -0.1640625000000000E-02    0.8401489257812500E-03
   40   -0.3027343750000000E-02    0.1277732849121094E-02
   41   -0.6054687500000000E-03    0.8317947387695313E-03
   42   -0.3906250000000000E-04    0.9662628173828125E-03
   43    0.1835937500000000E-02    0.1113052368164062E-02
   44   -0.5117187500000000E-02    0.1091384887695313E-02
   45   -0.1660156250000000E-02    0.8909225463867188E-03
   46    0.7753906250000000E-02    0.8501815795898438E-03
   47    0.5664062500000000E-03    0.9341812133789062E-03
   48   -0.5078125000000000E-03    0.1045455932617188E-02
   49    0.4902343750000000E-02    0.1096992492675781E-02
   50    0.9570312500000000E-03    0.1069145202636719E-02
   51    0.1191406250000000E-02    0.1259727478027344E-02
   52   -0.4453125000000000E-02    0.1122970581054687E-02
   53   -0.1933593750000000E-02    0.8787918090820313E-03
   54    0.3984375000000000E-02    0.1058883666992187E-02
   55    0.2011718750000000E-02    0.1037254333496094E-02
   56    0.3125000000000000E-03    0.8961486816406250E-03
   57   -0.8593750000000000E-03    0.8122253417968750E-03
   58    0.5996093750000000E-02    0.1107749938964844E-02
   59   -0.5273437500000000E-03    0.9040451049804688E-03
   60   -0.2656250000000000E-02    0.7875823974609375E-03
   61   -0.1953125000000000E-04    0.1021614074707031E-02
   62    0.2539062500000000E-03    0.9448623657226562E-03
   63   -0.2617187500000000E-02    0.9812164306640626E-03
   64    0.2851562500000000E-02    0.1000671386718750E-02
   65   -0.1015625000000000E-02    0.9346008300781250E-03
   66    0.2324218750000000E-02    0.8288955688476562E-03
   67    0.5859375000000000E-03    0.1059799194335937E-02
   68   -0.1132812500000000E-02    0.9654998779296875E-03
   69   -0.4394531250000000E-02    0.8902359008789063E-03
   70   -0.6621093750000000E-02    0.1031150817871094E-02
   71   -0.4863281250000000E-02    0.8484268188476562E-03
   72   -0.9765625000000000E-03    0.9821319580078124E-03
   73   -0.5859375000000000E-03    0.1128311157226562E-02
   74    0.1152343750000000E-02    0.9577560424804687E-03
   75    0.1132812500000000E-02    0.8314514160156250E-03
   76    0.4296875000000000E-03    0.1114120483398438E-02
   77   -0.1933593750000000E-02    0.1273612976074219E-02
   78   -0.3222656250000000E-02    0.8844375610351562E-03
   79   -0.1386718750000000E-02    0.8967971801757813E-03
   80    0.2324218750000000E-02    0.9294509887695313E-03
   81    0.2324218750000000E-02    0.9646224975585938E-03
   82    0.4550781250000000E-02    0.1012458801269531E-02
   83    0.3320312500000000E-03    0.9463882446289063E-03
   84   -0.4003906250000000E-02    0.9160995483398438E-03
   85    0.1914062500000000E-02    0.1025009155273437E-02
   86   -0.9375000000000000E-03    0.1026763916015625E-02
   87   -0.3144531250000000E-02    0.9195327758789063E-03
   88   -0.1953125000000000E-03    0.8461761474609375E-03
   89   -0.8398437500000000E-03    0.7714462280273437E-03
   90   -0.2597656250000000E-02    0.1096458435058594E-02
   91    0.3906250000000000E-04    0.8773803710937500E-03
   92    0.4296875000000000E-02    0.1038360595703125E-02
   93    0.4160156250000000E-02    0.8882522583007812E-03
   94   -0.1230468750000000E-02    0.8293533325195312E-03
   95   -0.2343750000000000E-02    0.1308898925781250E-02
   96    0.3359375000000000E-02    0.1056900024414063E-02
   97    0.1953125000000000E-03    0.1035079956054687E-02
   98   -0.1914062500000000E-02    0.8547973632812500E-03
   99    0.3085937500000000E-02    0.8239746093750000E-03
  100   -0.2695312500000000E-02    0.9709930419921875E-03
