# time =    0.4705
    0    0.1000000000000000E+01    0.1000000000000000E+01
    1    0.2217773437500000E+00    0.4996524810791016E-01
    2    0.6271484375000000E-01    0.4731025695800781E-02
    3    0.1935546875000000E-01    0.1587486267089844E-02
    4    0.8554687500000000E-02    0.9766387939453124E-03
    5    0.3457031250000000E-02    0.1158180236816406E-02
    6   -0.1601562500000000E-02    0.8489227294921875E-03
    7    0.2031250000000000E-02    0.1000366210937500E-02
    8   -0.2695312500000000E-02    0.9018707275390625E-03
    9   -0.1855468750000000E-02    0.7359695434570313E-03
   10   -0.6269531250000000E-02    0.9981155395507812E-03
   11   -0.4179687500000000E-02    0.7604217529296875E-03
   12   -0.4687500000000000E-02    0.1029129028320312E-02
   13   -0.3242187500000000E-02    0.1141281127929688E-02
   14   -0.4902343750000000E-02    0.1250114440917969E-02
   15   -0.2050781250000000E-02    0.1021232604980469E-02
   16    0.7265625000000000E-02    0.1066741943359375E-02
   17    0.2382812500000000E-02    0.1011657714843750E-02
   18    0.3730468750000000E-02    0.1117439270019531E-02
   19    0.1523437500000000E-02    0.9088897705078125E-03
   20   -0.1542968750000000E-02    0.1142616271972656E-02
   21    0.1757812500000000E-03    0.7481002807617188E-03
   22   -0.2636718750000000E-02    0.1286277770996094E-02
   23    0.1972656250000000E-02    0.7650375366210938E-03
   24    0.2949218750000000E-02    0.6834030151367188E-03
   25    0.2304687500000000E-02    0.9614562988281250E-03
   26   -0.2441406250000000E-02    0.9376907348632813E-03
   27    0.5078125000000000E-03    0.1164016723632812E-02
   28    0.8398437500000000E-03    0.9316635131835937E-03
   29    0.2148437500000000E-02    0.9671020507812500E-03
   30   -0.2421875000000000E-02    0.1269531250000000E-02
   31    0.1738281250000000E-02    0.1179237365722656E-02
   32    0.1757812500000000E-02    0.1161193847656250E-02
   33    0.6503906250000000E-02    0.7756423950195313E-03
   34   -0.2871093750000000E-02    0.9106063842773438E-03
   35   -0.1718750000000000E-02    0.9957885742187501E-03
   36   -0.1152343750000000E-02    0.9846878051757812E-03
   37    0.9179687499999999E-03    0.7780838012695312E-03
   38   -0.4882812500000000E-03    0.1309394836425781E-02
   39    0.4414062500000000E-02    0.1121597290039062E-02
   40    0.3066406250000000E-02    0.8372116088867187E-03
   41    0.4511718750000000E-02    0.1090126037597656E-02
   42    0.4296875000000000E-03    0.1116485595703125E-02
   43   -0.5488281250000000E-02    0.9192276000976562E-03
   44   -0.2500000000000000E-02    0.8626556396484374E-03
   45   -0.1406250000000000E-02    0.7749176025390624E-03
   46    0.7421875000000000E-03    0.1036605834960938E-02
   47   -0.2031250000000000E-02    0.8335113525390625E-03
   48    0.7226562500000000E-03    0.8700180053710937E-03
   49   -0.1171875000000000E-03    0.9612274169921875E-03
   50    0.4414062500000000E-02    0.9693145751953125E-03
   51    0.1992187500000000E-02    0.8510589599609375E-03
   52    0.3867187500000000E-02    0.9461975097656250E-03
   53   -0.1093750000000000E-02    0.8896636962890625E-03
   54    0.2363281250000000E-02    0.7277297973632813E-03
   55    0.2871093750000000E-02    0.1033210754394531E-02
   56    0.6406250000000000E-02    0.1023254394531250E-02
   57    0.9375000000000000E-03    0.8752441406250000E-03
   58    0.2148437500000000E-02    0.9850311279296876E-03
   59   -0.3906250000000000E-04    0.1231384277343750E-02
   60    0.2851562500000000E-02    0.1335067749023438E-02
   61    0.1328125000000000E-02    0.8072662353515625E-03
   62    0.1230468750000000E-02    0.1207237243652344E-02
   63   -0.2148437500000000E-02    0.1131210327148438E-02
   64    0.1835937500000000E-02    0.1056671142578125E-02
   65   -0.5468750000000001E-03    0.8691406250000000E-03
   66   -0.7812500000000000E-04    0.7849121093750000E-03
   67    0.4414062500000000E-02    0.1105957031250000E-02
   68    0.8984375000000000E-03    0.1059951782226563E-02
   69    0.3359375000000000E-02    0.9670257568359375E-03
   70    0.2285156250000000E-02    0.1142997741699219E-02
   71   -0.9765625000000000E-03    0.1102218627929687E-02
   72    0.2578125000000000E-02    0.1006011962890625E-02
   73    0.2304687500000000E-02    0.1136779785156250E-02
   74    0.6640625000000000E-03    0.1020660400390625E-02
   75    0.1484375000000000E-02    0.1016845703125000E-02
   76    0.2929687500000000E-03    0.1072349548339844E-02
   77    0.5273437500000000E-03    0.9016036987304687E-03
   78   -0.3613281250000000E-02    0.8880996704101563E-03
   79   -0.2871093750000000E-02    0.8950424194335937E-03
   80   -0.1035156250000000E-02    0.1164131164550781E-02
   81    0.8203125000000000E-03    0.9248352050781250E-03
   82    0.4199218750000000E-02    0.9492111206054688E-03
   83    0.5039062500000000E-02    0.9110260009765625E-03
   84   -0.8593750000000000E-03    0.8885192871093750E-03
   85    0.5292968750000000E-02    0.1011772155761719E-02
   86   -0.1503906250000000E-02    0.9481430053710938E-03
   87   -0.6386718750000000E-02    0.9082412719726563E-03
   88    0.7812500000000000E-03    0.1048736572265625E-02
   89    0.7226562500000000E-03    0.9129714965820313E-03
   90   -0.3906250000000000E-04    0.7278442382812500E-03
   91   -0.1601562500000000E-02    0.8878326416015625E-03
   92    0.2480468750000000E-02    0.1034355163574219E-02
   93    0.2167968750000000E-02    0.8185195922851562E-03
   94   -0.6250000000000000E-03    0.1034851074218750E-02
   95    0.1777343750000000E-02    0.8478164672851562E-03
   96   -0.1875000000000000E-02    0.7572937011718750E-03
   97   -0.4726562500000000E-02    0.1150512695312500E-02
   98    0.3906250000000000E-03    0.9244537353515625E-03
   99   -0.1855468750000000E-02    0.7778549194335937E-03
  100    0.3613281250000000E-02    0.9454727172851562E-03
