# time =    0.4699
    0    0.1000000000000000E+01    0.1000000000000000E+01
    1    0.2215820312500000E+00    0.4992534637451172E-01
    2    0.5400390625000000E-01    0.3922615051269531E-02
    3    0.1447265625000000E-01    0.1218147277832031E-02
    4    0.3183593750000000E-02    0.9059524536132813E-03
    5    0.2519531250000000E-02    0.1106300354003906E-02
    6    0.1953125000000000E-04    0.9049606323242187E-03
    7    0.8398437500000000E-03    0.7725143432617187E-03
    8   -0.4101562500000000E-03    0.1228752136230469E-02
    9    0.3906250000000000E-03    0.9969329833984374E-03
   10    0.4707031250000000E-02    0.1271247863769531E-02
   11    0.4082031250000000E-02    0.8195114135742188E-03
   12    0.5019531250000000E-02    0.8804702758789063E-03
   13   -0.1074218750000000E-02    0.8332443237304688E-03
   14    0.0000000000000000E+00    0.9519958496093750E-03
   15   -0.5859375000000000E-03    0.1104583740234375E-02
   16    0.3730468750000000E-02    0.9519577026367188E-03
   17    0.6816406250000000E-02    0.1112327575683594E-02
   18    0.4882812500000000E-03    0.9000015258789063E-03
   19    0.0000000000000000E+00    0.8634185791015625E-03
   20   -0.1640625000000000E-02    0.8584594726562500E-03
   21   -0.4941406250000000E-02    0.1363182067871094E-02
   22   -0.5019531250000000E-02    0.7635879516601562E-03
   23    0.2734375000000000E-03    0.1224899291992188E-02
   24   -0.3417968750000000E-02    0.8447647094726562E-03
   25    0.2519531250000000E-02    0.1062812805175781E-02
   26    0.5722656250000000E-02    0.1282691955566406E-02
   27   -0.7617187500000000E-03    0.1201057434082031E-02
   28    0.2187500000000000E-02    0.1091079711914062E-02
   29    0.2539062500000000E-02    0.9545898437500000E-03
   30   -0.4375000000000000E-02    0.8956146240234375E-03
   31   -0.8046875000000000E-02    0.9228515625000000E-03
   32    0.2539062500000000E-03    0.9545516967773437E-03
   33    0.2207031250000000E-02    0.8945083618164063E-03
   34    0.2128906250000000E-02    0.8842086791992187E-03
   35    0.2910156250000000E-02    0.8106613159179687E-03
   36    0.3613281250000000E-02    0.9223556518554687E-03
   37   -0.1035156250000000E-02    0.9589767456054687E-03
   38    0.4277343750000000E-02    0.9047317504882812E-03
   39    0.2792968750000000E-02    0.9996414184570313E-03
   40    0.9570312500000000E-03    0.1237220764160156E-02
   41   -0.1132812500000000E-02    0.1043014526367188E-02
   42    0.8984375000000000E-03    0.7314300537109375E-03
   43   -0.5078125000000000E-03    0.9067535400390625E-03
   44    0.1367187500000000E-03    0.1017417907714844E-02
   45    0.1113281250000000E-02    0.1201515197753906E-02
   46   -0.4296875000000000E-03    0.9180450439453125E-03
   47    0.4101562500000000E-03    0.1077003479003906E-02
   48    0.8398437500000000E-03    0.7948684692382813E-03
   49    0.2968750000000000E-02    0.9639739990234375E-03
   50    0.1777343750000000E-02    0.1137046813964844E-02
   51    0.3515625000000000E-02    0.1014709472656250E-02
   52    0.7812500000000000E-04    0.9687805175781250E-03
   53    0.3242187500000000E-02    0.1080017089843750E-02
   54    0.1001953125000000E-01    0.1164207458496094E-02
   55    0.1621093750000000E-02    0.9889602661132812E-03
   56    0.1015625000000000E-02    0.9501647949218750E-03
   57    0.5078125000000000E-03    0.9294128417968749E-03
   58   -0.2226562500000000E-02    0.9741210937500001E-03
   59   -0.8007812500000000E-03    0.9593582153320313E-03
   60    0.3320312500000000E-03    0.9929275512695313E-03
   61   -0.5078125000000000E-03    0.9930419921875000E-03
   62    0.4882812500000000E-03    0.8499526977539063E-03
   63   -0.8398437500000000E-03    0.8568191528320313E-03
   64   -0.1796875000000000E-02    0.7991027832031250E-03
   65    0.3515625000000000E-03    0.8271026611328125E-03
   66    0.4980468750000000E-02    0.8482742309570313E-03
   67   -0.3125000000000000E-03    0.7313537597656250E-03
   68   -0.2578125000000000E-02    0.1066436767578125E-02
   69   -0.8593750000000000E-03    0.1330337524414063E-02
   70    0.6054687500000000E-03    0.9976577758789061E-03
   71   -0.1875000000000000E-02    0.1179962158203125E-02
   72    0.4492187500000000E-03    0.8433151245117187E-03
   73    0.2363281250000000E-02    0.9754562377929688E-03
   74   -0.2988281250000000E-02    0.1225852966308594E-02
   75   -0.1386718750000000E-02    0.8672714233398437E-03
   76    0.3105468750000000E-02    0.1126518249511719E-02
   77   -0.3339843750000000E-02    0.1092491149902344E-02
   78   -0.3027343750000000E-02    0.9302139282226562E-03
   79   -0.4257812500000000E-02    0.1061477661132812E-02
   80    0.5468750000000001E-03    0.9432220458984375E-03
   81    0.4140625000000000E-02    0.1077117919921875E-02
   82   -0.3808593750000000E-02    0.9572982788085937E-03
   83   -0.5273437500000000E-03    0.1087455749511719E-02
   84    0.7812500000000000E-04    0.1066131591796875E-02
   85   -0.4375000000000000E-02    0.8605957031250000E-03
   86   -0.2343750000000000E-03    0.1228713989257813E-02
   87    0.1542968750000000E-02    0.9894180297851563E-03
   88    0.2187500000000000E-02    0.1029891967773438E-02
   89    0.7031250000000000E-03    0.1042327880859375E-02
   90    0.5351562500000000E-02    0.1123504638671875E-02
   91   -0.4765625000000000E-02    0.1014022827148437E-02
   92    0.1660156250000000E-02    0.8744430541992187E-03
   93   -0.4101562500000000E-02    0.9645080566406250E-03
   94   -0.2949218750000000E-02    0.1091117858886719E-02
   95   -0.2421875000000000E-02    0.1062469482421875E-02
   96   -0.3320312500000000E-02    0.8810424804687500E-03
   97    0.5214843750000000E-02    0.1116371154785156E-02
   98    0.2578125000000000E-02    0.9604644775390625E-03
   99    0.4492187500000000E-02    0.1106414794921875E-02
  100   -0.1484375000000000E-02    0.9054565429687501E-03
