# time =    0.4078
    0    0.1000000000000000E+01    0.1000000000000000E+01
    1    0.4299414062500000E+00    0.1854415512084961E+00
    2    0.2675195312500000E+00    0.7237140655517578E-01
    3    0.2014453125000000E+00    0.4133956909179688E-01
    4    0.1680273437500000E+00    0.2898494720458984E-01
    5    0.1443164062500000E+00    0.2164798736572266E-01
    6    0.1310156250000000E+00    0.1811660766601562E-01
    7    0.1208007812500000E+00    0.1537494659423828E-01
    8    0.1124023437500000E+00    0.1354358673095703E-01
    9    0.1041796875000000E+00    0.1167320251464844E-01
   10    0.1007226562500000E+00    0.1107715606689453E-01
   11    0.9332031250000000E-01    0.9625701904296876E-02
   12    0.9166015625000000E-01    0.9235877990722657E-02
   13    0.8738281250000000E-01    0.8545837402343749E-02
   14    0.8478515624999999E-01    0.8085746765136719E-02
   15    0.8337890625000000E-01    0.7778511047363281E-02
   16    0.8078125000000000E-01    0.7433319091796875E-02
   17    0.7835937500000000E-01    0.6966400146484375E-02
   18    0.7503906250000000E-01    0.6459960937500000E-02
   19    0.7417968749999999E-01    0.6321563720703125E-02
   20    0.7205078125000000E-01    0.5960273742675781E-02
   21    0.7042968750000000E-01    0.5758056640625000E-02
   22    0.6718750000000000E-01    0.5297851562500000E-02
   23    0.6787109375000000E-01    0.5394172668457031E-02
   24    0.6457031250000000E-01    0.5075683593750000E-02
   25    0.6375000000000000E-01    0.5021362304687500E-02
   26    0.6248046875000000E-01    0.4872322082519531E-02
   27    0.6212890625000000E-01    0.4781684875488281E-02
   28    0.6130859375000000E-01    0.4639472961425781E-02
   29    0.5996093750000000E-01    0.4453811645507812E-02
   30    0.5888671875000000E-01    0.4254722595214843E-02
   31    0.5617187500000000E-01    0.4102859497070312E-02
   32    0.5513671875000000E-01    0.3931694030761719E-02
   33    0.5478515625000000E-01    0.3965492248535156E-02
   34    0.5501953125000000E-01    0.4103355407714844E-02
   35    0.5380859375000000E-01    0.3935813903808594E-02
   36    0.5335937500000000E-01    0.3832626342773438E-02
   37    0.5111328125000000E-01    0.3646430969238281E-02
   38    0.5371093750000000E-01    0.3921279907226563E-02
   39    0.5302734375000000E-01    0.3839607238769531E-02
   40    0.5236328125000000E-01    0.3779487609863281E-02
   41    0.5306640625000000E-01    0.3828086853027344E-02
   42    0.5218750000000000E-01    0.3671569824218750E-02
   43    0.4968750000000000E-01    0.3511199951171875E-02
   44    0.5011718750000000E-01    0.3531036376953125E-02
   45    0.4916015625000000E-01    0.3381996154785156E-02
   46    0.4865234375000000E-01    0.3270759582519531E-02
   47    0.4865234375000000E-01    0.3328590393066406E-02
   48    0.4880859375000000E-01    0.3387718200683594E-02
   49    0.4802734375000000E-01    0.3219642639160156E-02
   50    0.4750000000000000E-01    0.3166351318359375E-02
   51    0.4566406250000000E-01    0.3043212890625000E-02
   52    0.4587890625000000E-01    0.3003807067871094E-02
   53    0.4626953125000000E-01    0.2995185852050781E-02
   54    0.4650390625000000E-01    0.3002586364746094E-02
   55    0.4591796875000000E-01    0.2893867492675781E-02
   56    0.4531250000000000E-01    0.2848129272460938E-02
   57    0.4523437500000000E-01    0.2907638549804688E-02
   58    0.4474609375000000E-01    0.2782783508300781E-02
   59    0.4355468750000000E-01    0.2712478637695312E-02
   60    0.4322265625000000E-01    0.2682533264160156E-02
   61    0.4343750000000000E-01    0.2692871093750000E-02
   62    0.4458984375000000E-01    0.2800865173339844E-02
   63    0.4359375000000000E-01    0.2798690795898437E-02
   64    0.4250000000000000E-01    0.2704086303710938E-02
   65    0.4177734375000000E-01    0.2642326354980469E-02
   66    0.4113281250000000E-01    0.2630157470703125E-02
   67    0.4119140625000000E-01    0.2533531188964844E-02
   68    0.4056640625000000E-01    0.2480506896972656E-02
   69    0.4015625000000000E-01    0.2475662231445313E-02
   70    0.3958984375000000E-01    0.2425041198730469E-02
   71    0.3931640625000000E-01    0.2370796203613281E-02
   72    0.3980468750000000E-01    0.2511291503906250E-02
   73    0.4119140625000000E-01    0.2596321105957031E-02
   74    0.4039062500000000E-01    0.2597579956054688E-02
   75    0.3998046875000000E-01    0.2514152526855469E-02
   76    0.3970703125000000E-01    0.2535209655761719E-02
   77    0.4039062500000000E-01    0.2654342651367188E-02
   78    0.4123046875000000E-01    0.2663230895996094E-02
   79    0.4056640625000000E-01    0.2634391784667969E-02
   80    0.3863281250000000E-01    0.2417449951171875E-02
   81    0.3720703125000000E-01    0.2316932678222656E-02
   82    0.3697265625000000E-01    0.2279472351074219E-02
   83    0.3828125000000000E-01    0.2384719848632812E-02
   84    0.3742187500000000E-01    0.2294921875000000E-02
   85    0.3796875000000000E-01    0.2408676147460937E-02
   86    0.3900390625000000E-01    0.2491188049316406E-02
   87    0.3648437500000000E-01    0.2327117919921875E-02
   88    0.3562500000000000E-01    0.2345352172851563E-02
   89    0.3597656250000000E-01    0.2309951782226562E-02
   90    0.3615234375000000E-01    0.2425575256347656E-02
   91    0.3480468750000000E-01    0.2325439453125000E-02
   92    0.3529296875000000E-01    0.2238807678222656E-02
   93    0.3394531250000000E-01    0.2192535400390625E-02
   94    0.3359375000000000E-01    0.2194061279296875E-02
   95    0.3386718750000000E-01    0.2180480957031250E-02
   96    0.3369140625000000E-01    0.2214241027832031E-02
   97    0.3580078125000000E-01    0.2405281066894531E-02
   98    0.3625000000000000E-01    0.2472839355468750E-02
   99    0.3587890625000000E-01    0.2369499206542969E-02
  100    0.3421875000000000E-01    0.2269363403320312E-02
