# time =    0.4626
    0    0.1000000000000000E+01    0.1000000000000000E+01
    1    0.2581445312500000E+00    0.6733860015869141E-01
    2    0.7462890625000000E-01    0.6652793884277344E-02
    3    0.2316406250000000E-01    0.1524276733398437E-02
    4    0.2441406250000000E-02    0.9775924682617187E-03
    5    0.2773437500000000E-02    0.1000747680664062E-02
    6    0.5351562500000000E-02    0.9986877441406250E-03
    7    0.2050781250000000E-02    0.9087753295898437E-03
    8    0.5742187500000000E-02    0.1122894287109375E-02
    9    0.2968750000000000E-02    0.1048583984375000E-02
   10    0.2011718750000000E-02    0.1210670471191406E-02
   11    0.3125000000000000E-02    0.1097717285156250E-02
   12    0.6679687500000000E-02    0.1112594604492188E-02
   13    0.6054687500000000E-03    0.7931137084960937E-03
   14   -0.3945312500000000E-02    0.9132385253906250E-03
   15   -0.1230468750000000E-02    0.8024215698242187E-03
   16   -0.1503906250000000E-02    0.9215164184570312E-03
   17   -0.1562500000000000E-02    0.6050872802734375E-03
   18   -0.8007812500000000E-03    0.9612655639648438E-03
   19   -0.3789062500000000E-02    0.9894561767578125E-03
   20   -0.1660156250000000E-02    0.7712173461914062E-03
   21    0.2207031250000000E-02    0.1079216003417969E-02
   22   -0.7519531250000000E-02    0.8147811889648438E-03
   23    0.3300781250000000E-02    0.1095008850097656E-02
   24   -0.1269531250000000E-02    0.9057998657226562E-03
   25   -0.4550781250000000E-02    0.9824752807617188E-03
   26   -0.4863281250000000E-02    0.1030845642089844E-02
   27    0.3125000000000000E-03    0.9723663330078125E-03
   28    0.2851562500000000E-02    0.1059265136718750E-02
   29   -0.2597656250000000E-02    0.9576797485351563E-03
   30    0.5722656250000000E-02    0.1146507263183594E-02
   31    0.1562500000000000E-03    0.8926391601562500E-03
   32    0.8007812500000000E-03    0.9965896606445312E-03
   33    0.9375000000000000E-03    0.1110839843750000E-02
   34    0.1054687500000000E-02    0.1049270629882813E-02
   35    0.3964843750000000E-02    0.9195327758789063E-03
   36   -0.1054687500000000E-02    0.1052932739257812E-02
   37   -0.1601562500000000E-02    0.8502960205078125E-03
   38    0.4003906250000000E-02    0.1094779968261719E-02
   39    0.1621093750000000E-02    0.8472061157226563E-03
   40    0.4921875000000000E-02    0.1015472412109375E-02
   41    0.4687500000000000E-02    0.1122436523437500E-02
   42    0.1562500000000000E-02    0.1000747680664062E-02
   43    0.8593750000000000E-03    0.1173629760742188E-02
   44   -0.1328125000000000E-02    0.9452819824218750E-03
   45    0.2539062500000000E-03    0.9755325317382812E-03
   46    0.1660156250000000E-02    0.1032447814941406E-02
   47   -0.1699218750000000E-02    0.9841537475585938E-03
   48   -0.3183593750000000E-02    0.9477615356445312E-03
   49    0.2890625000000000E-02    0.9146881103515625E-03
   50   -0.2910156250000000E-02    0.9715652465820312E-03
   51    0.6289062500000000E-02    0.9230041503906250E-03
   52    0.3320312500000000E-03    0.1004905700683594E-02
   53   -0.1855468750000000E-02    0.1215858459472656E-02
   54   -0.3906250000000000E-03    0.9897613525390624E-03
   55   -0.1367187500000000E-02    0.8108520507812500E-03
   56   -0.2011718750000000E-02    0.1008567810058594E-02
   57   -0.4707031250000000E-02    0.8646011352539063E-03
   58   -0.4492187500000000E-02    0.9523773193359375E-03
   59   -0.3906250000000000E-03    0.9749603271484375E-03
   60    0.1210937500000000E-02    0.9317779541015625E-03
   61    0.9375000000000000E-03    0.8535766601562500E-03
   62   -0.5800781250000000E-02    0.8473587036132812E-03
   63   -0.2519531250000000E-02    0.1080131530761719E-02
   64    0.1542968750000000E-02    0.1008720397949219E-02
   65    0.2421875000000000E-02    0.9419250488281250E-03
   66    0.1171875000000000E-03    0.1129913330078125E-02
   67   -0.1582031250000000E-02    0.1049842834472656E-02
   68    0.4218750000000000E-02    0.1051788330078125E-02
   69   -0.3085937500000000E-02    0.7582092285156250E-03
   70    0.5078125000000000E-03    0.1107864379882813E-02
   71   -0.3203125000000000E-02    0.1071777343750000E-02
   72   -0.2304687500000000E-02    0.8609008789062500E-03
   73    0.9765625000000001E-04    0.9341049194335938E-03
   74    0.2597656250000000E-02    0.9627151489257813E-03
   75   -0.2519531250000000E-02    0.8195114135742188E-03
   76   -0.3730468750000000E-02    0.8314132690429687E-03
   77   -0.6445312500000000E-03    0.9783554077148439E-03
   78   -0.2539062500000000E-03    0.1104927062988281E-02
   79    0.2812500000000000E-02    0.1050262451171875E-02
   80    0.9082031250000001E-02    0.1069068908691406E-02
   81    0.5175781250000000E-02    0.8987045288085938E-03
   82    0.5253906250000000E-02    0.9263992309570312E-03
   83   -0.1308593750000000E-02    0.1113624572753906E-02
   84    0.5292968750000000E-02    0.8212661743164062E-03
   85    0.6347656250000000E-02    0.9643936157226563E-03
   86    0.5527343750000000E-02    0.9665298461914063E-03
   87    0.4941406250000000E-02    0.8797073364257813E-03
   88   -0.4296875000000000E-03    0.1021499633789062E-02
   89    0.1992187500000000E-02    0.9819793701171876E-03
   90   -0.1425781250000000E-02    0.1065635681152344E-02
   91    0.1640625000000000E-02    0.9528350830078125E-03
   92    0.2558593750000000E-02    0.8276748657226562E-03
   93    0.3964843750000000E-02    0.8046340942382813E-03
   94    0.2832031250000000E-02    0.8626937866210938E-03
   95   -0.6250000000000000E-03    0.8087158203125000E-03
   96    0.4882812500000000E-03    0.1037254333496094E-02
   97    0.5468750000000001E-03    0.1044387817382812E-02
   98   -0.5273437500000000E-03    0.9659957885742187E-03
   99    0.2109375000000000E-02    0.1021652221679687E-02
  100   -0.4394531250000000E-02    0.9724807739257813E-03
