# time =    0.4717
    0    0.1000000000000000E+01    0.1000000000000000E+01
    1    0.2183007812500000E+00    0.4853374481201172E-01
    2    0.5167968750000000E-01    0.3485794067382812E-02
    3    0.1740234375000000E-01    0.1123466491699219E-02
    4    0.4570312500000000E-02    0.9822845458984375E-03
    5    0.3945312500000000E-02    0.9967041015624999E-03
    6    0.2148437500000000E-03    0.1024436950683594E-02
    7    0.2929687500000000E-03    0.9665298461914063E-03
    8    0.4609375000000000E-02    0.9621429443359375E-03
    9   -0.8007812500000000E-03    0.1186790466308594E-02
   10   -0.4824218750000000E-02    0.1157341003417969E-02
   11   -0.9570312500000000E-03    0.1178932189941406E-02
   12    0.1152343750000000E-02    0.1023216247558594E-02
   13   -0.4492187500000000E-03    0.9193038940429688E-03
   14    0.6328125000000000E-02    0.9719085693359375E-03
   15    0.3964843750000000E-02    0.9005355834960937E-03
   16    0.2558593750000000E-02    0.1084556579589844E-02
   17    0.6230468750000000E-02    0.9911727905273437E-03
   18    0.7968750000000000E-02    0.1095962524414063E-02
   19    0.9765625000000001E-04    0.6940841674804687E-03
   20   -0.2050781250000000E-02    0.9895706176757813E-03
   21    0.3515625000000000E-03    0.6796264648437500E-03
   22   -0.2695312500000000E-02    0.8855438232421874E-03
   23   -0.4296875000000000E-03    0.9021759033203125E-03
   24   -0.2910156250000000E-02    0.9427261352539062E-03
   25   -0.8398437500000000E-03    0.1045112609863281E-02
   26    0.4746093750000000E-02    0.1024436950683594E-02
   27    0.2285156250000000E-02    0.1316337585449219E-02
   28   -0.4531250000000000E-02    0.8692169189453126E-03
   29   -0.2011718750000000E-02    0.1067924499511719E-02
   30   -0.4785156250000000E-02    0.1046867370605469E-02
   31   -0.2656250000000000E-02    0.1166534423828125E-02
   32    0.1230468750000000E-02    0.8505630493164062E-03
   33    0.2500000000000000E-02    0.7587432861328125E-03
   34   -0.4804687500000000E-02    0.1233215332031250E-02
   35   -0.5937500000000000E-02    0.9022521972656250E-03
   36    0.2539062500000000E-03    0.9625625610351563E-03
   37    0.1171875000000000E-02    0.1053466796875000E-02
   38   -0.4687500000000000E-03    0.9029388427734375E-03
   39    0.1992187500000000E-02    0.1182174682617187E-02
   40   -0.6250000000000000E-03    0.1112518310546875E-02
   41   -0.4648437500000000E-02    0.8174133300781250E-03
   42   -0.3027343750000000E-02    0.1011848449707031E-02
   43   -0.4160156250000000E-02    0.8029556274414063E-03
   44    0.3613281250000000E-02    0.8949661254882813E-03
   45    0.3906250000000000E-03    0.7919311523437500E-03
   46    0.2167968750000000E-02    0.9015274047851563E-03
   47   -0.1875000000000000E-02    0.1014175415039063E-02
   48   -0.5214843750000000E-02    0.1004447937011719E-02
   49   -0.5859375000000000E-04    0.9488296508789062E-03
   50   -0.5859375000000000E-04    0.9994125366210938E-03
   51    0.2851562500000000E-02    0.9274291992187500E-03
   52    0.3339843750000000E-02    0.8517074584960938E-03
   53    0.5097656250000000E-02    0.9640884399414062E-03
   54    0.1699218750000000E-02    0.8649826049804688E-03
   55   -0.8789062500000000E-03    0.8347702026367188E-03
   56   -0.9960937500000000E-03    0.8996963500976562E-03
   57   -0.1230468750000000E-02    0.9873580932617187E-03
   58   -0.2812500000000000E-02    0.8554077148437500E-03
   59    0.8593750000000000E-03    0.8381652832031250E-03
   60   -0.9375000000000000E-03    0.1096191406250000E-02
   61   -0.2812500000000000E-02    0.9754180908203125E-03
   62   -0.2285156250000000E-02    0.1034965515136719E-02
   63    0.1171875000000000E-03    0.8856201171875000E-03
   64   -0.5058593750000000E-02    0.1050758361816406E-02
   65    0.9765625000000001E-04    0.1111106872558594E-02
   66   -0.3242187500000000E-02    0.1069641113281250E-02
   67   -0.4042968750000000E-02    0.8725357055664062E-03
   68   -0.3417968750000000E-02    0.1055335998535156E-02
   69    0.8984375000000000E-03    0.1179809570312500E-02
   70   -0.2031250000000000E-02    0.6938171386718750E-03
   71   -0.1132812500000000E-02    0.8030700683593750E-03
   72   -0.3750000000000000E-02    0.1143798828125000E-02
   73   -0.5000000000000000E-02    0.1117172241210938E-02
   74    0.1679687500000000E-02    0.1074142456054687E-02
   75    0.6445312500000000E-03    0.9810256958007813E-03
   76   -0.5371093750000000E-02    0.1164283752441406E-02
   77   -0.3339843750000000E-02    0.9562301635742187E-03
   78    0.6640625000000000E-03    0.1154785156250000E-02
   79    0.2636718750000000E-02    0.9696578979492187E-03
   80   -0.6054687500000000E-03    0.9370803833007813E-03
   81    0.4687500000000000E-03    0.7947540283203125E-03
   82    0.3652343750000000E-02    0.1180076599121094E-02
   83   -0.6054687500000000E-03    0.9375381469726563E-03
   84   -0.2734375000000000E-03    0.8533477783203125E-03
   85   -0.1738281250000000E-02    0.9611892700195312E-03
   86    0.3632812500000000E-02    0.9046173095703124E-03
   87    0.1660156250000000E-02    0.9667587280273438E-03
   88   -0.1972656250000000E-02    0.7986831665039063E-03
   89   -0.3203125000000000E-02    0.1111907958984375E-02
   90   -0.5507812500000000E-02    0.6006622314453125E-03
   91   -0.2832031250000000E-02    0.8087539672851562E-03
   92    0.3378906250000000E-02    0.8976364135742188E-03
   93    0.1425781250000000E-02    0.9479141235351563E-03
   94   -0.3437500000000000E-02    0.9530639648437500E-03
   95    0.2382812500000000E-02    0.1222229003906250E-02
   96   -0.1054687500000000E-02    0.1281661987304688E-02
   97    0.1367187500000000E-02    0.1016006469726562E-02
   98   -0.1562500000000000E-03    0.8819580078125000E-03
   99    0.3476562500000000E-02    0.1063308715820313E-02
  100   -0.8007812500000000E-03    0.1048011779785156E-02
