# time =    0.4633
    0    0.1000000000000000E+01    0.1000000000000000E+01
    1    0.1967187500000000E+00    0.3959205627441406E-01
    2    0.4298828125000000E-01    0.2521781921386719E-02
    3    0.1072265625000000E-01    0.1041603088378906E-02
    4    0.1640625000000000E-02    0.1040802001953125E-02
    5    0.8398437500000000E-03    0.7105636596679688E-03
    6   -0.4121093750000000E-02    0.9145736694335938E-03
    7    0.1562500000000000E-02    0.1070938110351563E-02
    8    0.7441406250000000E-02    0.1140403747558594E-02
    9   -0.2011718750000000E-02    0.1068840026855469E-02
   10    0.3515625000000000E-03    0.9416961669921876E-03
   11    0.2402343750000000E-02    0.8509445190429687E-03
   12   -0.3300781250000000E-02    0.1337013244628906E-02
   13    0.9179687499999999E-03    0.9143447875976562E-03
   14    0.4355468750000000E-02    0.1081352233886719E-02
   15    0.1171875000000000E-03    0.1051788330078125E-02
   16   -0.1914062500000000E-02    0.8947753906250000E-03
   17    0.2480468750000000E-02    0.8629226684570313E-03
   18    0.1972656250000000E-02    0.1028480529785156E-02
   19    0.3496093750000000E-02    0.8006668090820312E-03
   20    0.2597656250000000E-02    0.7378768920898438E-03
   21    0.2148437500000000E-02    0.1099777221679688E-02
   22   -0.3769531250000000E-02    0.8614730834960938E-03
   23   -0.6640625000000000E-03    0.9960937500000000E-03
   24   -0.7539062500000000E-02    0.1207962036132813E-02
   25   -0.3437500000000000E-02    0.8699798583984375E-03
   26   -0.9375000000000000E-03    0.1058273315429688E-02
   27   -0.4101562500000000E-03    0.9059524536132813E-03
   28    0.3320312500000000E-03    0.1266365051269531E-02
   29    0.2480468750000000E-02    0.8893203735351562E-03
   30   -0.1386718750000000E-02    0.8839035034179688E-03
   31    0.2324218750000000E-02    0.1059379577636719E-02
   32    0.1933593750000000E-02    0.8043289184570312E-03
   33    0.1835937500000000E-02    0.7582855224609375E-03
   34   -0.1464843750000000E-02    0.1332054138183594E-02
   35   -0.2539062500000000E-02    0.9214782714843750E-03
   36    0.3261718750000000E-02    0.1269569396972656E-02
   37   -0.2500000000000000E-02    0.7963562011718750E-03
   38    0.1718750000000000E-02    0.1013031005859375E-02
   39   -0.2539062500000000E-03    0.9186935424804688E-03
   40   -0.6835937500000000E-03    0.1036567687988281E-02
   41    0.3515625000000000E-03    0.6910705566406250E-03
   42    0.5937500000000000E-02    0.1071701049804687E-02
   43   -0.2812500000000000E-02    0.9395599365234375E-03
   44    0.2558593750000000E-02    0.1002769470214844E-02
   45   -0.9570312500000000E-03    0.1259727478027344E-02
   46   -0.3476562500000000E-02    0.9757995605468750E-03
   47   -0.1367187500000000E-02    0.9075164794921875E-03
   48    0.3457031250000000E-02    0.9216690063476563E-03
   49   -0.6445312500000000E-02    0.9767150878906251E-03
   50   -0.1855468750000000E-02    0.1041145324707031E-02
   51   -0.3125000000000000E-03    0.1214904785156250E-02
   52   -0.1464843750000000E-02    0.9123611450195312E-03
   53    0.8789062500000000E-03    0.8337783813476562E-03
   54   -0.2910156250000000E-02    0.1022758483886719E-02
   55    0.2265625000000000E-02    0.8982086181640625E-03
   56   -0.3320312500000000E-03    0.9797286987304687E-03
   57    0.5839843750000000E-02    0.9096908569335937E-03
   58    0.3085937500000000E-02    0.9719085693359375E-03
   59    0.5175781250000000E-02    0.1016883850097656E-02
   60   -0.6445312500000000E-03    0.8359146118164062E-03
   61    0.2500000000000000E-02    0.1141662597656250E-02
   62   -0.2226562500000000E-02    0.9758758544921875E-03
   63   -0.3847656250000000E-02    0.8710098266601563E-03
   64   -0.1835937500000000E-02    0.1206283569335938E-02
   65    0.5312500000000000E-02    0.9418487548828125E-03
   66    0.3632812500000000E-02    0.9784698486328125E-03
   67    0.4531250000000000E-02    0.1043319702148438E-02
   68    0.3886718750000000E-02    0.8022689819335938E-03
   69   -0.2890625000000000E-02    0.9413909912109375E-03
   70   -0.2187500000000000E-02    0.1117095947265625E-02
   71   -0.6640625000000000E-03    0.1198272705078125E-02
   72   -0.1093750000000000E-02    0.9237670898437500E-03
   73   -0.7226562500000000E-03    0.1012763977050781E-02
   74    0.1875000000000000E-02    0.1081390380859375E-02
   75   -0.4433593750000000E-02    0.9350204467773438E-03
   76    0.3359375000000000E-02    0.8705902099609375E-03
   77   -0.1171875000000000E-02    0.1367034912109375E-02
   78   -0.1972656250000000E-02    0.8117294311523437E-03
   79   -0.9570312500000000E-03    0.1090126037597656E-02
   80    0.1933593750000000E-02    0.9023666381835938E-03
   81   -0.2871093750000000E-02    0.1086692810058594E-02
   82   -0.1250000000000000E-02    0.9693145751953125E-03
   83   -0.1308593750000000E-02    0.9600448608398437E-03
   84    0.2792968750000000E-02    0.9686660766601563E-03
   85   -0.2519531250000000E-02    0.9046554565429688E-03
   86   -0.1953125000000000E-04    0.1051292419433594E-02
   87   -0.9179687499999999E-03    0.1076850891113281E-02
   88   -0.2968750000000000E-02    0.8672332763671875E-03
   89    0.1015625000000000E-02    0.9820556640625000E-03
   90   -0.1230468750000000E-02    0.1287193298339844E-02
   91   -0.1269531250000000E-02    0.8987045288085938E-03
   92    0.5097656250000000E-02    0.1122627258300781E-02
   93   -0.2812500000000000E-02    0.9197998046875000E-03
   94    0.2304687500000000E-02    0.1153488159179687E-02
   95    0.2324218750000000E-02    0.9563064575195312E-03
   96    0.9570312500000000E-03    0.9326553344726563E-03
   97    0.6250000000000000E-03    0.8528900146484375E-03
   98    0.1582031250000000E-02    0.1210746765136719E-02
   99   -0.2167968750000000E-02    0.1136741638183594E-02
  100    0.1289062500000000E-02    0.1182250976562500E-02
