# time =    0.4734
    0    0.1000000000000000E+01    0.1000000000000000E+01
    1    0.2132226562500000E+00    0.4618831634521484E-01
    2    0.4685546875000000E-01    0.3122215270996094E-02
    3    0.1308593750000000E-01    0.1151962280273438E-02
    4    0.3554687500000000E-02    0.9503936767578124E-03
    5    0.2714843750000000E-02    0.8865737915039062E-03
    6   -0.5078125000000000E-03    0.1176681518554687E-02
    7   -0.3789062500000000E-02    0.1205673217773438E-02
    8   -0.3320312500000000E-02    0.8283996582031250E-03
    9   -0.1250000000000000E-02    0.8479309082031250E-03
   10   -0.4707031250000000E-02    0.9298324584960938E-03
   11    0.3203125000000000E-02    0.1049652099609375E-02
   12   -0.2519531250000000E-02    0.1059532165527344E-02
   13   -0.6835937500000000E-03    0.8304214477539062E-03
   14   -0.5468750000000001E-03    0.9905242919921876E-03
   15   -0.1230468750000000E-02    0.1083030700683594E-02
   16    0.8789062500000000E-03    0.7666397094726562E-03
   17    0.5742187500000000E-02    0.8612060546875000E-03
   18   -0.8203125000000000E-03    0.7819366455078125E-03
   19    0.7031250000000000E-03    0.8226776123046875E-03
   20    0.1484375000000000E-02    0.8762359619140625E-03
   21    0.1796875000000000E-02    0.1350021362304687E-02
   22   -0.1953125000000000E-03    0.8783721923828125E-03
   23   -0.3437500000000000E-02    0.9375000000000000E-03
   24    0.2929687500000000E-03    0.8785629272460938E-03
   25    0.1132812500000000E-02    0.9125518798828125E-03
   26   -0.1562500000000000E-03    0.1076202392578125E-02
   27   -0.2109375000000000E-02    0.1167526245117188E-02
   28   -0.1484375000000000E-02    0.9533691406250000E-03
   29   -0.5273437500000000E-03    0.8720779418945313E-03
   30    0.3847656250000000E-02    0.1177482604980469E-02
   31    0.1250000000000000E-02    0.9878540039062499E-03
   32    0.3378906250000000E-02    0.8661270141601563E-03
   33   -0.4140625000000000E-02    0.8040618896484375E-03
   34   -0.4121093750000000E-02    0.1182594299316406E-02
   35    0.4667968750000000E-02    0.8273696899414062E-03
   36    0.1367187500000000E-02    0.1135940551757812E-02
   37   -0.3320312500000000E-02    0.1128997802734375E-02
   38   -0.1523437500000000E-02    0.1218795776367188E-02
   39   -0.1562500000000000E-03    0.1003112792968750E-02
   40    0.2714843750000000E-02    0.9288406372070313E-03
   41   -0.8203125000000000E-03    0.9310150146484375E-03
   42   -0.5078125000000000E-02    0.1071395874023438E-02
   43   -0.1640625000000000E-02    0.9162902832031250E-03
   44   -0.4726562500000000E-02    0.1114730834960938E-02
   45   -0.1464843750000000E-02    0.1149559020996094E-02
   46    0.1386718750000000E-02    0.8794784545898438E-03
   47   -0.3203125000000000E-02    0.9529113769531250E-03
   48    0.9960937500000000E-03    0.1102180480957031E-02
   49    0.2402343750000000E-02    0.8846664428710937E-03
   50    0.2246093750000000E-02    0.9785079956054687E-03
   51   -0.1777343750000000E-02    0.1067008972167969E-02
   52   -0.2031250000000000E-02    0.9977722167968750E-03
   53   -0.1230468750000000E-02    0.6287002563476563E-03
   54   -0.1660156250000000E-02    0.1089973449707031E-02
   55    0.3203125000000000E-02    0.9117126464843750E-03
   56    0.3183593750000000E-02    0.1166648864746094E-02
   57   -0.1011718750000000E-01    0.1264495849609375E-02
   58    0.9179687499999999E-03    0.1161231994628906E-02
   59    0.1953125000000000E-02    0.1090240478515625E-02
   60   -0.4882812500000000E-03    0.1048622131347656E-02
   61    0.5527343750000000E-02    0.9447097778320313E-03
   62    0.3554687500000000E-02    0.9414672851562500E-03
   63    0.3867187500000000E-02    0.1144180297851562E-02
   64   -0.2695312500000000E-02    0.1229629516601562E-02
   65   -0.1796875000000000E-02    0.1295547485351563E-02
   66    0.3105468750000000E-02    0.8105850219726563E-03
   67    0.5664062500000000E-02    0.1001129150390625E-02
   68    0.3476562500000000E-02    0.1129455566406250E-02
   69    0.1074218750000000E-02    0.9462356567382813E-03
   70    0.5585937500000000E-02    0.1168518066406250E-02
   71    0.1250000000000000E-02    0.9944915771484375E-03
   72   -0.2578125000000000E-02    0.1061630249023438E-02
   73   -0.1777343750000000E-02    0.9877395629882813E-03
   74   -0.2636718750000000E-02    0.9849929809570312E-03
   75   -0.1171875000000000E-02    0.1001052856445313E-02
   76   -0.5976562500000000E-02    0.8455657958984375E-03
   77   -0.1835937500000000E-02    0.8391571044921875E-03
   78   -0.2343750000000000E-03    0.1124420166015625E-02
   79   -0.1542968750000000E-02    0.8410263061523437E-03
   80   -0.1015625000000000E-02    0.9804534912109374E-03
   81    0.2226562500000000E-02    0.8635711669921875E-03
   82    0.2128906250000000E-02    0.1134452819824219E-02
   83    0.8007812500000000E-03    0.9450149536132812E-03
   84   -0.2304687500000000E-02    0.1032791137695313E-02
   85    0.3144531250000000E-02    0.9553909301757812E-03
   86    0.3125000000000000E-02    0.1055526733398437E-02
   87   -0.1074218750000000E-02    0.9328079223632813E-03
   88   -0.4882812500000000E-03    0.7873153686523437E-03
   89   -0.5546875000000000E-02    0.9153747558593750E-03
   90   -0.3398437500000000E-02    0.1094818115234375E-02
   91   -0.3964843750000000E-02    0.1138114929199219E-02
   92   -0.1328125000000000E-02    0.8940887451171875E-03
   93   -0.5410156250000000E-02    0.9756851196289063E-03
   94   -0.1054687500000000E-02    0.1217803955078125E-02
   95    0.7031250000000000E-03    0.1091384887695313E-02
   96   -0.3613281250000000E-02    0.8440017700195312E-03
   97   -0.1269531250000000E-02    0.1070213317871094E-02
   98   -0.3769531250000000E-02    0.1054267883300781E-02
   99   -0.4453125000000000E-02    0.1177902221679687E-02
  100    0.2402343750000000E-02    0.1086158752441406E-02
