# time =    0.4576
    0    0.1000000000000000E+01    0.1000000000000000E+01
    1    0.1874218750000000E+00    0.3616783142089844E-01
    2    0.4085937500000000E-01    0.2636413574218750E-02
    3    0.8281250000000000E-02    0.1000366210937500E-02
    4    0.3027343750000000E-02    0.8271408081054688E-03
    5    0.6640625000000000E-03    0.1152191162109375E-02
    6    0.2617187500000000E-02    0.1075820922851562E-02
    7    0.1250000000000000E-02    0.9384155273437500E-03
    8   -0.3574218750000000E-02    0.9653854370117187E-03
    9   -0.6230468750000000E-02    0.1137809753417969E-02
   10   -0.5859375000000000E-04    0.9672927856445312E-03
   11    0.2871093750000000E-02    0.8642196655273438E-03
   12    0.3535156250000000E-02    0.9408950805664063E-03
   13    0.4238281250000000E-02    0.8212661743164062E-03
   14    0.1992187500000000E-02    0.1006469726562500E-02
   15    0.5468750000000001E-03    0.9983062744140625E-03
   16    0.1328125000000000E-02    0.9429168701171875E-03
   17   -0.2460937500000000E-02    0.1013870239257812E-02
   18   -0.5859375000000000E-04    0.7793045043945312E-03
   19   -0.4140625000000000E-02    0.8286285400390625E-03
   20    0.1777343750000000E-02    0.9414291381835937E-03
   21   -0.1050781250000000E-01    0.1099014282226563E-02
   22   -0.4746093750000000E-02    0.1165428161621094E-02
   23   -0.4550781250000000E-02    0.1090278625488281E-02
   24    0.2949218750000000E-02    0.8199691772460937E-03
   25    0.4101562500000000E-02    0.1210098266601563E-02
   26    0.3925781250000000E-02    0.1346015930175781E-02
   27    0.5742187500000000E-02    0.9734344482421875E-03
   28    0.7617187500000000E-03    0.1117210388183594E-02
   29    0.9765625000000000E-03    0.9693908691406250E-03
   30   -0.1113281250000000E-02    0.9717178344726562E-03
   31   -0.1503906250000000E-02    0.9558486938476562E-03
   32   -0.8007812500000000E-03    0.9867477416992188E-03
   33   -0.7031250000000000E-03    0.1136703491210938E-02
   34   -0.2753906250000000E-02    0.9653091430664063E-03
   35   -0.1191406250000000E-02    0.1143836975097656E-02
   36    0.1386718750000000E-02    0.6327438354492188E-03
   37   -0.2441406250000000E-02    0.1018791198730469E-02
   38   -0.5273437500000000E-02    0.8142852783203125E-03
   39    0.1523437500000000E-02    0.7734680175781250E-03
   40   -0.4648437500000000E-02    0.9300231933593750E-03
   41   -0.2343750000000000E-03    0.9935760498046874E-03
   42   -0.3515625000000000E-03    0.1199188232421875E-02
   43    0.2187500000000000E-02    0.1086959838867187E-02
   44    0.4355468750000000E-02    0.1168708801269531E-02
   45   -0.3281250000000000E-02    0.9715270996093750E-03
   46   -0.5859375000000000E-03    0.9572601318359375E-03
   47   -0.2402343750000000E-02    0.1090507507324219E-02
   48   -0.1367187500000000E-02    0.9698486328125000E-03
   49    0.1035156250000000E-02    0.1106910705566406E-02
   50    0.2128906250000000E-02    0.9106826782226562E-03
   51   -0.8593750000000000E-03    0.1042251586914063E-02
   52    0.6777343750000000E-02    0.1105155944824219E-02
   53   -0.3671875000000000E-02    0.9248352050781250E-03
   54   -0.4316406250000000E-02    0.9585952758789062E-03
   55   -0.9570312500000000E-03    0.1042518615722656E-02
   56   -0.1152343750000000E-02    0.1114234924316406E-02
   57    0.2617187500000000E-02    0.8949279785156250E-03
   58    0.3066406250000000E-02    0.9199142456054688E-03
   59   -0.4511718750000000E-02    0.9905624389648438E-03
   60   -0.1289062500000000E-02    0.9060668945312500E-03
   61   -0.5859375000000000E-04    0.1025886535644531E-02
   62    0.3671875000000000E-02    0.9526824951171875E-03
   63   -0.5117187500000000E-02    0.8049011230468750E-03
   64   -0.3964843750000000E-02    0.8953475952148438E-03
   65   -0.4179687500000000E-02    0.9619140625000000E-03
   66    0.4296875000000000E-02    0.1202316284179688E-02
   67    0.3261718750000000E-02    0.1237297058105469E-02
   68   -0.1210937500000000E-02    0.8193969726562500E-03
   69   -0.1250000000000000E-02    0.1027755737304688E-02
   70    0.1132812500000000E-02    0.1023788452148437E-02
   71   -0.5273437500000000E-03    0.1229286193847656E-02
   72   -0.3105468750000000E-02    0.9666824340820312E-03
   73    0.9570312500000000E-03    0.8541488647460937E-03
   74   -0.7617187500000000E-03    0.9025955200195313E-03
   75    0.1035156250000000E-02    0.9891891479492188E-03
   76   -0.1757812500000000E-02    0.9748077392578125E-03
   77    0.4472656250000000E-02    0.1235237121582031E-02
   78   -0.2460937500000000E-02    0.9837341308593750E-03
   79    0.1621093750000000E-02    0.8359146118164062E-03
   80    0.8593750000000000E-03    0.1093521118164063E-02
   81    0.4960937500000000E-02    0.1011962890625000E-02
   82   -0.8281250000000000E-02    0.1041717529296875E-02
   83   -0.4707031250000000E-02    0.7472610473632812E-03
   84    0.8203125000000000E-03    0.8372497558593750E-03
   85   -0.3339843750000000E-02    0.6659317016601562E-03
   86    0.0000000000000000E+00    0.6692504882812500E-03
   87   -0.3027343750000000E-02    0.1140937805175781E-02
   88   -0.3125000000000000E-03    0.9952545166015624E-03
   89    0.5332031250000000E-02    0.1096229553222656E-02
   90   -0.2363281250000000E-02    0.8452224731445312E-03
   91    0.5468750000000001E-03    0.9909057617187500E-03
   92   -0.3046875000000000E-02    0.1058959960937500E-02
   93    0.8203125000000000E-03    0.7777404785156250E-03
   94    0.5644531250000000E-02    0.1040229797363281E-02
   95   -0.9765625000000000E-03    0.9140777587890625E-03
   96    0.4121093750000000E-02    0.8335494995117187E-03
   97    0.1445312500000000E-02    0.9857940673828126E-03
   98    0.3027343750000000E-02    0.9371566772460937E-03
   99    0.7031250000000000E-03    0.1018524169921875E-02
  100    0.5371093750000000E-02    0.8131790161132812E-03
