# time =    0.4190
    0    0.1000000000000000E+01    0.1000000000000000E+01
    1    0.4138281250000000E+00    0.1718421173095703E+00
    2    0.2324804687500000E+00    0.5477352142333984E-01
    3    0.1629882812500000E+00    0.2748889923095703E-01
    4    0.1253710937500000E+00    0.1663272857666016E-01
    5    0.1065429687500000E+00    0.1217777252197266E-01
    6    0.9351562500000000E-01    0.9464721679687500E-02
    7    0.8558593750000000E-01    0.8166351318359376E-02
    8    0.7906249999999999E-01    0.7090911865234375E-02
    9    0.7240234375000000E-01    0.6073341369628906E-02
   10    0.6992187499999999E-01    0.5827407836914062E-02
   11    0.6625000000000000E-01    0.5255203247070312E-02
   12    0.6396484375000000E-01    0.4919395446777343E-02
   13    0.6164062500000000E-01    0.4624328613281250E-02
   14    0.5828125000000000E-01    0.4311218261718750E-02
   15    0.5558593750000000E-01    0.3977127075195312E-02
   16    0.5185546875000000E-01    0.3497047424316406E-02
   17    0.5210937500000000E-01    0.3435058593750000E-02
   18    0.4937500000000000E-01    0.3207550048828125E-02
   19    0.4576171875000000E-01    0.2848625183105469E-02
   20    0.4644531250000000E-01    0.2825469970703125E-02
   21    0.4494140625000000E-01    0.2683677673339844E-02
   22    0.4142578125000000E-01    0.2344856262207031E-02
   23    0.4201171875000000E-01    0.2461738586425781E-02
   24    0.4042968750000000E-01    0.2458114624023437E-02
   25    0.4021484375000000E-01    0.2435646057128906E-02
   26    0.3876953125000000E-01    0.2451820373535156E-02
   27    0.3996093750000000E-01    0.2492141723632812E-02
   28    0.3816406250000000E-01    0.2325668334960937E-02
   29    0.3537109375000000E-01    0.2078437805175781E-02
   30    0.3500000000000000E-01    0.2046585083007812E-02
   31    0.3583984375000000E-01    0.2167320251464844E-02
   32    0.3308593750000000E-01    0.1951980590820312E-02
   33    0.3281250000000000E-01    0.2014617919921875E-02
   34    0.3470703125000000E-01    0.1970252990722656E-02
   35    0.3609375000000000E-01    0.2182312011718750E-02
   36    0.3580078125000000E-01    0.2272758483886719E-02
   37    0.3294921875000000E-01    0.1930122375488281E-02
   38    0.3160156250000000E-01    0.1849594116210938E-02
   39    0.3216796875000000E-01    0.1910285949707031E-02
   40    0.2955078125000000E-01    0.1751594543457031E-02
   41    0.2902343750000000E-01    0.1749572753906250E-02
   42    0.3083984375000000E-01    0.1883277893066406E-02
   43    0.3201171875000000E-01    0.1980323791503906E-02
   44    0.3273437500000000E-01    0.1817474365234375E-02
   45    0.3416015625000000E-01    0.1956062316894531E-02
   46    0.3359375000000000E-01    0.1975402832031250E-02
   47    0.3109375000000000E-01    0.1842880249023438E-02
   48    0.3000000000000000E-01    0.1825332641601562E-02
   49    0.2839843750000000E-01    0.1726074218750000E-02
   50    0.2730468750000000E-01    0.1611404418945313E-02
   51    0.2994140625000000E-01    0.1812782287597656E-02
   52    0.3158203125000000E-01    0.1760520935058594E-02
   53    0.2777343750000000E-01    0.1686248779296875E-02
   54    0.2910156250000000E-01    0.1843795776367187E-02
   55    0.2785156250000000E-01    0.1582565307617188E-02
   56    0.2761718750000000E-01    0.1602325439453125E-02
   57    0.2812500000000000E-01    0.1683883666992188E-02
   58    0.2773437500000000E-01    0.1574630737304687E-02
   59    0.2673828125000000E-01    0.1427268981933594E-02
   60    0.2462890625000000E-01    0.1348686218261719E-02
   61    0.2519531250000000E-01    0.1507720947265625E-02
   62    0.2822265625000000E-01    0.1574974060058594E-02
   63    0.2662109375000000E-01    0.1459007263183594E-02
   64    0.2808593750000000E-01    0.1559829711914062E-02
   65    0.2523437500000000E-01    0.1455688476562500E-02
   66    0.2962890625000000E-01    0.1670570373535156E-02
   67    0.2603515625000000E-01    0.1396293640136719E-02
   68    0.2505859375000000E-01    0.1421165466308594E-02
   69    0.2666015625000000E-01    0.1497688293457031E-02
   70    0.2537109375000000E-01    0.1459541320800781E-02
   71    0.2263671875000000E-01    0.1386222839355469E-02
   72    0.2449218750000000E-01    0.1570053100585937E-02
   73    0.2445312500000000E-01    0.1478347778320313E-02
   74    0.2357421875000000E-01    0.1366386413574219E-02
   75    0.2126953125000000E-01    0.1264915466308594E-02
   76    0.1884765625000000E-01    0.1266746520996094E-02
   77    0.2029296875000000E-01    0.1121864318847656E-02
   78    0.2128906250000000E-01    0.1408004760742188E-02
   79    0.2330078125000000E-01    0.1547966003417969E-02
   80    0.2162109375000000E-01    0.1427803039550781E-02
   81    0.2144531250000000E-01    0.1423873901367187E-02
   82    0.2292968750000000E-01    0.1354675292968750E-02
   83    0.2371093750000000E-01    0.1289215087890625E-02
   84    0.2332031250000000E-01    0.1462173461914063E-02
   85    0.2154296875000000E-01    0.1413612365722656E-02
   86    0.2078125000000000E-01    0.1308212280273437E-02
   87    0.1947265625000000E-01    0.1349143981933594E-02
   88    0.1876953125000000E-01    0.1248512268066406E-02
   89    0.2019531250000000E-01    0.1400222778320313E-02
   90    0.1833984375000000E-01    0.1371726989746094E-02
   91    0.2187500000000000E-01    0.1368789672851562E-02
   92    0.2230468750000000E-01    0.1432952880859375E-02
   93    0.2023437500000000E-01    0.1374053955078125E-02
   94    0.2154296875000000E-01    0.1348228454589844E-02
   95    0.1925781250000000E-01    0.1306228637695313E-02
   96    0.1904296875000000E-01    0.1293678283691406E-02
   97    0.1996093750000000E-01    0.1277542114257812E-02
   98    0.2097656250000000E-01    0.1458511352539062E-02
   99    0.1746093750000000E-01    0.1286773681640625E-02
  100    0.1773437500000000E-01    0.1298828125000000E-02
