# time =    0.4602
    0    0.1000000000000000E+01    0.1000000000000000E+01
    1    0.2575195312500000E+00    0.6707630157470704E-01
    2    0.7408203125000000E-01    0.6401939392089844E-02
    3    0.2060546875000000E-01    0.1205177307128906E-02
    4    0.5253906250000000E-02    0.1023979187011719E-02
    5    0.0000000000000000E+00    0.9964752197265626E-03
    6    0.1269531250000000E-02    0.8752822875976562E-03
    7    0.1015625000000000E-02    0.1023254394531250E-02
    8    0.1582031250000000E-02    0.6203842163085937E-03
    9   -0.1074218750000000E-02    0.1344261169433594E-02
   10   -0.3964843750000000E-02    0.1021003723144531E-02
   11   -0.2792968750000000E-02    0.1258888244628906E-02
   12   -0.1074218750000000E-02    0.9322738647460937E-03
   13    0.1738281250000000E-02    0.9042739868164063E-03
   14    0.3710937500000000E-02    0.1030731201171875E-02
   15    0.1718750000000000E-02    0.1214370727539062E-02
   16    0.7031250000000000E-03    0.8506774902343750E-03
   17   -0.1953125000000000E-03    0.1100463867187500E-02
   18   -0.9765625000000001E-04    0.1263923645019531E-02
   19    0.6503906250000000E-02    0.1033973693847656E-02
   20   -0.1972656250000000E-02    0.9142684936523437E-03
   21    0.5917968750000000E-02    0.1027412414550781E-02
   22    0.5078125000000000E-02    0.1044082641601562E-02
   23    0.6933593750000000E-02    0.1003684997558594E-02
   24    0.5859375000000000E-03    0.1023025512695313E-02
   25   -0.3125000000000000E-03    0.8438873291015625E-03
   26   -0.1289062500000000E-02    0.9556579589843750E-03
   27    0.7617187500000000E-03    0.1108894348144531E-02
   28   -0.1914062500000000E-02    0.8763885498046875E-03
   29   -0.9375000000000000E-03    0.1154022216796875E-02
   30    0.3789062500000000E-02    0.8404541015625000E-03
   31    0.4921875000000000E-02    0.9149932861328126E-03
   32   -0.5859375000000000E-04    0.1022834777832031E-02
   33    0.1269531250000000E-02    0.7796859741210937E-03
   34    0.1484375000000000E-02    0.8491516113281250E-03
   35    0.1484375000000000E-02    0.9785461425781249E-03
   36    0.1464843750000000E-02    0.7520675659179688E-03
   37    0.5703125000000000E-02    0.1062622070312500E-02
   38    0.2812500000000000E-02    0.8996582031250000E-03
   39   -0.4199218750000000E-02    0.1311683654785156E-02
   40   -0.5546875000000000E-02    0.1055603027343750E-02
   41   -0.1347656250000000E-02    0.7875442504882812E-03
   42   -0.5371093750000000E-02    0.9597396850585938E-03
   43    0.3632812500000000E-02    0.1004180908203125E-02
   44    0.2539062500000000E-03    0.9215164184570312E-03
   45    0.2226562500000000E-02    0.7995605468750000E-03
   46    0.2382812500000000E-02    0.9347534179687500E-03
   47   -0.5332031250000000E-02    0.1045112609863281E-02
   48   -0.1953125000000000E-04    0.1078605651855469E-02
   49   -0.5605468750000000E-02    0.1157417297363281E-02
   50   -0.3261718750000000E-02    0.1099815368652344E-02
   51    0.1367187500000000E-02    0.7244110107421875E-03
   52   -0.1796875000000000E-02    0.6424713134765625E-03
   53    0.1777343750000000E-02    0.1026725769042969E-02
   54    0.3378906250000000E-02    0.7857131958007812E-03
   55    0.2167968750000000E-02    0.8630752563476562E-03
   56   -0.1367187500000000E-02    0.7788848876953125E-03
   57   -0.1250000000000000E-02    0.1117324829101562E-02
   58   -0.8203125000000000E-03    0.7761383056640625E-03
   59    0.1796875000000000E-02    0.9468841552734375E-03
   60    0.2578125000000000E-02    0.1086502075195312E-02
   61    0.5078125000000000E-02    0.1215057373046875E-02
   62   -0.1503906250000000E-02    0.1154212951660156E-02
   63   -0.6250000000000000E-03    0.1277618408203125E-02
   64   -0.2636718750000000E-02    0.9885787963867187E-03
   65    0.2519531250000000E-02    0.8513259887695312E-03
   66    0.1210937500000000E-02    0.1051940917968750E-02
   67    0.3320312500000000E-03    0.7950973510742188E-03
   68    0.2207031250000000E-02    0.7506942749023437E-03
   69    0.5625000000000000E-02    0.1242065429687500E-02
   70   -0.7812500000000000E-03    0.8740997314453124E-03
   71   -0.3515625000000000E-03    0.9476470947265625E-03
   72    0.1992187500000000E-02    0.9069061279296875E-03
   73   -0.5742187500000000E-02    0.1105117797851562E-02
   74   -0.1152343750000000E-02    0.1045188903808594E-02
   75   -0.1191406250000000E-02    0.9387588500976563E-03
   76   -0.5078125000000000E-02    0.9987640380859375E-03
   77    0.2382812500000000E-02    0.1076431274414063E-02
   78    0.5097656250000000E-02    0.1022377014160156E-02
   79    0.2929687500000000E-02    0.1129531860351563E-02
   80    0.2949218750000000E-02    0.1123313903808594E-02
   81   -0.3281250000000000E-02    0.6297302246093750E-03
   82   -0.2714843750000000E-02    0.1002388000488281E-02
   83    0.5683593750000000E-02    0.1042442321777344E-02
   84    0.2246093750000000E-02    0.1036720275878906E-02
   85   -0.1445312500000000E-02    0.8448028564453125E-03
   86    0.4687500000000000E-03    0.8662414550781250E-03
   87    0.1660156250000000E-02    0.8847427368164063E-03
   88   -0.2773437500000000E-02    0.9584045410156250E-03
   89   -0.1582031250000000E-02    0.1019630432128906E-02
   90   -0.7753906250000000E-02    0.1140327453613281E-02
   91   -0.4335937500000000E-02    0.6331634521484375E-03
   92   -0.3125000000000000E-02    0.9389495849609374E-03
   93   -0.1640625000000000E-02    0.8073425292968749E-03
   94    0.3261718750000000E-02    0.1030616760253906E-02
   95   -0.1777343750000000E-02    0.1057929992675781E-02
   96    0.2324218750000000E-02    0.1040229797363281E-02
   97   -0.2089843750000000E-02    0.1016960144042969E-02
   98   -0.3613281250000000E-02    0.8848953247070312E-03
   99   -0.4765625000000000E-02    0.9300994873046875E-03
  100   -0.5859375000000000E-04    0.7622909545898438E-03
