# time =    0.4497
    0    0.1000000000000000E+01    0.1000000000000000E+01
    1    0.2949218750000000E+00    0.8759651184082032E-01
    2    0.9757812500000000E-01    0.1048027038574219E-01
    3    0.3873046875000000E-01    0.2632942199707031E-02
    4    0.1779296875000000E-01    0.1192283630371094E-02
    5    0.6718750000000000E-02    0.9642791748046875E-03
    6    0.1562500000000000E-03    0.7688903808593750E-03
    7    0.4257812500000000E-02    0.8260345458984375E-03
    8    0.8007812500000000E-03    0.9141921997070313E-03
    9    0.3046875000000000E-02    0.9736633300781250E-03
   10   -0.1660156250000000E-02    0.1026496887207031E-02
   11    0.2714843750000000E-02    0.9242630004882812E-03
   12   -0.5859375000000000E-03    0.7656860351562500E-03
   13    0.1152343750000000E-02    0.1082572937011719E-02
   14    0.3691406250000000E-02    0.9904098510742187E-03
   15    0.3242187500000000E-02    0.1207656860351562E-02
   16    0.2656250000000000E-02    0.9796905517578125E-03
   17    0.2812500000000000E-02    0.8695983886718750E-03
   18   -0.1386718750000000E-02    0.1256904602050781E-02
   19    0.3281250000000000E-02    0.9909057617187500E-03
   20    0.1816406250000000E-02    0.1054725646972656E-02
   21    0.3242187500000000E-02    0.1006622314453125E-02
   22    0.1171875000000000E-02    0.1003723144531250E-02
   23    0.6640625000000000E-03    0.1035995483398437E-02
   24   -0.3125000000000000E-03    0.9509277343750000E-03
   25    0.5859375000000000E-03    0.9835815429687499E-03
   26    0.6093750000000000E-02    0.1003036499023437E-02
   27    0.2656250000000000E-02    0.9875488281250000E-03
   28   -0.8789062500000000E-03    0.1075553894042969E-02
   29   -0.3164062500000000E-02    0.9609222412109375E-03
   30   -0.3046875000000000E-02    0.8158874511718750E-03
   31   -0.4687500000000000E-03    0.8608245849609375E-03
   32    0.8789062500000000E-03    0.9463119506835937E-03
   33   -0.4101562500000000E-03    0.9323501586914062E-03
   34   -0.2656250000000000E-02    0.7768249511718749E-03
   35    0.2246093750000000E-02    0.1004524230957031E-02
   36   -0.4492187500000000E-03    0.1018028259277344E-02
   37   -0.4648437500000000E-02    0.1450042724609375E-02
   38   -0.1523437500000000E-02    0.1121978759765625E-02
   39    0.3847656250000000E-02    0.1070365905761719E-02
   40   -0.2363281250000000E-02    0.1212882995605469E-02
   41   -0.1757812500000000E-02    0.1051177978515625E-02
   42    0.4140625000000000E-02    0.8135986328125000E-03
   43   -0.5273437500000000E-03    0.8845901489257812E-03
   44    0.3320312500000000E-03    0.6447219848632812E-03
   45    0.7812500000000000E-03    0.8776092529296875E-03
   46   -0.1250000000000000E-02    0.7852935791015626E-03
   47   -0.3574218750000000E-02    0.9818649291992187E-03
   48   -0.3750000000000000E-02    0.1166534423828125E-02
   49    0.5781250000000000E-02    0.1071395874023438E-02
   50    0.2832031250000000E-02    0.8907699584960937E-03
   51    0.2343750000000000E-03    0.7630920410156250E-03
   52    0.1269531250000000E-02    0.1142921447753906E-02
   53    0.2871093750000000E-02    0.8701705932617188E-03
   54    0.3847656250000000E-02    0.9559249877929688E-03
   55    0.2832031250000000E-02    0.9747695922851563E-03
   56   -0.1953125000000000E-04    0.1126365661621094E-02
   57    0.2871093750000000E-02    0.8158493041992188E-03
   58   -0.1777343750000000E-02    0.1199073791503906E-02
   59    0.2285156250000000E-02    0.9831619262695313E-03
   60   -0.6835937500000000E-02    0.9886932373046875E-03
   61   -0.7675781250000000E-02    0.1144371032714844E-02
   62   -0.5605468750000000E-02    0.7886886596679688E-03
   63   -0.2812500000000000E-02    0.1027450561523437E-02
   64   -0.1464843750000000E-02    0.9856033325195313E-03
   65   -0.2832031250000000E-02    0.1029777526855469E-02
   66   -0.3515625000000000E-03    0.9149169921875000E-03
   67    0.1992187500000000E-02    0.1201019287109375E-02
   68    0.1328125000000000E-02    0.1017150878906250E-02
   69   -0.1269531250000000E-02    0.9547042846679688E-03
   70    0.3300781250000000E-02    0.1109657287597656E-02
   71    0.3457031250000000E-02    0.1034431457519531E-02
   72    0.1953125000000000E-02    0.1213760375976563E-02
   73    0.1953125000000000E-02    0.1038055419921875E-02
   74    0.1328125000000000E-02    0.9331512451171875E-03
   75    0.4492187500000000E-02    0.8675384521484375E-03
   76    0.1035156250000000E-02    0.8338546752929688E-03
   77    0.6347656250000000E-02    0.7269668579101562E-03
   78    0.8398437500000000E-03    0.1113624572753906E-02
   79    0.9960937500000000E-03    0.8758926391601563E-03
   80   -0.2851562500000000E-02    0.9455871582031250E-03
   81    0.2265625000000000E-02    0.1052551269531250E-02
   82   -0.4101562500000000E-03    0.1036033630371094E-02
   83    0.2734375000000000E-02    0.1012344360351562E-02
   84    0.1953125000000000E-04    0.8158493041992188E-03
   85    0.2734375000000000E-03    0.7238006591796875E-03
   86   -0.2187500000000000E-02    0.9429931640625000E-03
   87    0.6250000000000000E-03    0.9252166748046875E-03
   88   -0.1015625000000000E-02    0.9645080566406250E-03
   89   -0.1972656250000000E-02    0.1104240417480469E-02
   90   -0.5625000000000000E-02    0.8599090576171875E-03
   91   -0.7226562500000000E-03    0.9080123901367188E-03
   92   -0.1933593750000000E-02    0.1213493347167969E-02
   93   -0.1523437500000000E-02    0.7704162597656250E-03
   94    0.2343750000000000E-03    0.1093368530273438E-02
   95    0.1367187500000000E-03    0.8895492553710937E-03
   96    0.2773437500000000E-02    0.9634399414062500E-03
   97    0.3710937500000000E-02    0.1016159057617187E-02
   98    0.7812500000000000E-03    0.8588409423828124E-03
   99    0.1171875000000000E-02    0.8861541748046875E-03
  100    0.1308593750000000E-02    0.8531570434570313E-03
