# time =    0.4533
    0    0.1000000000000000E+01    0.1000000000000000E+01
    1    0.2920507812500000E+00    0.8590396881103515E-01
    2    0.9900390625000000E-01    0.1076351165771484E-01
    3    0.3449218750000000E-01    0.1947555541992188E-02
    4    0.1707031250000000E-01    0.1384887695312500E-02
    5    0.9179687499999999E-03    0.9305191040039063E-03
    6    0.3398437500000000E-02    0.1082611083984375E-02
    7    0.2949218750000000E-02    0.1003227233886719E-02
    8    0.1718750000000000E-02    0.9530639648437500E-03
    9    0.1992187500000000E-02    0.7809448242187500E-03
   10   -0.6386718750000000E-02    0.9325790405273437E-03
   11    0.5468750000000001E-03    0.8478546142578125E-03
   12    0.8242187500000000E-02    0.8852386474609375E-03
   13    0.7460937500000000E-02    0.8557891845703125E-03
   14    0.3183593750000000E-02    0.1036109924316406E-02
   15    0.1757812500000000E-02    0.9201812744140625E-03
   16   -0.7031250000000000E-03    0.1091156005859375E-02
   17    0.6093750000000000E-02    0.8821105957031250E-03
   18    0.2871093750000000E-02    0.9196090698242187E-03
   19   -0.6835937500000000E-03    0.9980392456054687E-03
   20   -0.1679687500000000E-02    0.1151885986328125E-02
   21    0.1191406250000000E-02    0.9634780883789062E-03
   22   -0.3398437500000000E-02    0.1072006225585937E-02
   23   -0.4492187500000000E-03    0.7904434204101563E-03
   24   -0.1015625000000000E-02    0.9815979003906250E-03
   25    0.1328125000000000E-02    0.1298370361328125E-02
   26    0.5664062500000000E-03    0.1014976501464844E-02
   27    0.1210937500000000E-02    0.1030960083007812E-02
   28    0.6914062500000000E-02    0.1100158691406250E-02
   29    0.2070312500000000E-02    0.1188354492187500E-02
   30   -0.1347656250000000E-02    0.9230422973632812E-03
   31   -0.7617187500000000E-03    0.8618545532226563E-03
   32    0.3769531250000000E-02    0.1096305847167969E-02
   33    0.1289062500000000E-02    0.1116104125976562E-02
   34    0.1699218750000000E-02    0.8381271362304688E-03
   35    0.4277343750000000E-02    0.9391403198242187E-03
   36    0.8593750000000000E-03    0.8971405029296875E-03
   37   -0.5410156250000000E-02    0.1100120544433594E-02
   38    0.2207031250000000E-02    0.9415817260742188E-03
   39   -0.2070312500000000E-02    0.7902526855468750E-03
   40    0.1425781250000000E-02    0.8707046508789062E-03
   41    0.2851562500000000E-02    0.9394073486328125E-03
   42   -0.1757812500000000E-03    0.1052284240722656E-02
   43   -0.7031250000000000E-03    0.1132965087890625E-02
   44    0.3691406250000000E-02    0.9748458862304688E-03
   45    0.2304687500000000E-02    0.1111450195312500E-02
   46    0.5078125000000000E-02    0.1117172241210938E-02
   47   -0.1875000000000000E-02    0.8548736572265625E-03
   48    0.4179687500000000E-02    0.8191680908203125E-03
   49   -0.3105468750000000E-02    0.8368301391601563E-03
   50   -0.7421875000000000E-03    0.1130828857421875E-02
   51   -0.2382812500000000E-02    0.7872009277343751E-03
   52    0.4160156250000000E-02    0.9127426147460938E-03
   53    0.1171875000000000E-03    0.1135177612304687E-02
   54   -0.7792968750000000E-02    0.1195106506347656E-02
   55    0.1054687500000000E-02    0.7781982421875000E-03
   56    0.2695312500000000E-02    0.1247024536132812E-02
   57   -0.3457031250000000E-02    0.1110343933105469E-02
   58    0.2167968750000000E-02    0.1038246154785156E-02
   59    0.2890625000000000E-02    0.9707641601562500E-03
   60   -0.1171875000000000E-02    0.7666015625000000E-03
   61   -0.9960937500000000E-03    0.8198928833007813E-03
   62    0.4375000000000000E-02    0.9619903564453125E-03
   63    0.4492187500000000E-03    0.1092338562011719E-02
   64    0.7226562500000000E-03    0.1240882873535156E-02
   65   -0.3261718750000000E-02    0.8881759643554688E-03
   66    0.9765625000000000E-03    0.1059265136718750E-02
   67    0.3339843750000000E-02    0.9915542602539063E-03
   68   -0.1171875000000000E-02    0.1036224365234375E-02
   69    0.5058593750000000E-02    0.1129798889160156E-02
   70    0.4550781250000000E-02    0.1345176696777344E-02
   71    0.4550781250000000E-02    0.1193656921386719E-02
   72    0.3046875000000000E-02    0.1180725097656250E-02
   73   -0.1406250000000000E-02    0.9405517578125000E-03
   74    0.5273437500000000E-03    0.9364700317382813E-03
   75    0.3066406250000000E-02    0.8874130249023437E-03
   76    0.1171875000000000E-03    0.9628295898437500E-03
   77    0.1269531250000000E-02    0.1057472229003906E-02
   78   -0.1914062500000000E-02    0.1136627197265625E-02
   79   -0.1796875000000000E-02    0.9067535400390625E-03
   80   -0.2578125000000000E-02    0.8488464355468750E-03
   81   -0.5703125000000000E-02    0.1179885864257813E-02
   82   -0.5175781250000000E-02    0.9918594360351562E-03
   83   -0.6718750000000000E-02    0.8110046386718750E-03
   84   -0.3261718750000000E-02    0.1003074645996094E-02
   85   -0.3261718750000000E-02    0.1009025573730469E-02
   86   -0.2109375000000000E-02    0.9220886230468750E-03
   87   -0.1601562500000000E-02    0.8289337158203125E-03
   88   -0.2324218750000000E-02    0.9538650512695313E-03
   89   -0.5839843750000000E-02    0.9594345092773437E-03
   90   -0.1992187500000000E-02    0.8436584472656250E-03
   91   -0.1621093750000000E-02    0.7265090942382812E-03
   92    0.3007812500000000E-02    0.9952545166015624E-03
   93    0.3066406250000000E-02    0.1070671081542969E-02
   94    0.2070312500000000E-02    0.6074523925781250E-03
   95   -0.1210937500000000E-02    0.1117019653320312E-02
   96   -0.3417968750000000E-02    0.8104324340820312E-03
   97    0.1171875000000000E-02    0.8916473388671875E-03
   98    0.1289062500000000E-02    0.9729766845703125E-03
   99   -0.7226562500000000E-03    0.9608078002929688E-03
  100   -0.2402343750000000E-02    0.1070671081542969E-02
