# time =    0.4653
    0    0.1000000000000000E+01    0.1000000000000000E+01
    1    0.2020898437500000E+00    0.4176395416259766E-01
    2    0.4673828125000000E-01    0.3268928527832031E-02
    3    0.1191406250000000E-01    0.1080017089843750E-02
    4   -0.3007812500000000E-02    0.6433868408203125E-03
    5   -0.4472656250000000E-02    0.8853530883789063E-03
    6   -0.1757812500000000E-02    0.7122039794921875E-03
    7    0.1328125000000000E-02    0.8977508544921875E-03
    8   -0.9023437500000000E-02    0.1163406372070313E-02
    9    0.1113281250000000E-02    0.9088516235351562E-03
   10    0.2382812500000000E-02    0.9427642822265624E-03
   11    0.9296875000000000E-02    0.1037445068359375E-02
   12    0.9003906250000001E-02    0.1080589294433594E-02
   13    0.4628906250000000E-02    0.1185035705566406E-02
   14    0.2324218750000000E-02    0.8624649047851563E-03
   15    0.3710937500000000E-02    0.7862091064453125E-03
   16    0.1757812500000000E-02    0.9786224365234376E-03
   17    0.3496093750000000E-02    0.1029777526855469E-02
   18    0.1464843750000000E-02    0.7788467407226562E-03
   19    0.4335937500000000E-02    0.1187057495117188E-02
   20    0.1171875000000000E-03    0.8216857910156250E-03
   21    0.4882812500000000E-03    0.1087608337402344E-02
   22    0.1757812500000000E-03    0.9885787963867187E-03
   23   -0.5488281250000000E-02    0.8290481567382813E-03
   24   -0.1660156250000000E-02    0.8607101440429687E-03
   25    0.8398437500000000E-03    0.1192512512207031E-02
   26    0.2519531250000000E-02    0.9560775756835937E-03
   27    0.1718750000000000E-02    0.9506225585937500E-03
   28   -0.1640625000000000E-02    0.1089859008789062E-02
   29    0.1289062500000000E-02    0.9944152832031250E-03
   30    0.2890625000000000E-02    0.1048049926757813E-02
   31    0.1250000000000000E-02    0.1152114868164062E-02
   32   -0.3339843750000000E-02    0.9897994995117189E-03
   33    0.3457031250000000E-02    0.8443069458007813E-03
   34    0.6445312500000000E-03    0.1184501647949219E-02
   35    0.3125000000000000E-03    0.1098098754882813E-02
   36    0.6425781250000000E-02    0.1016044616699219E-02
   37    0.7656250000000000E-02    0.9024810791015625E-03
   38    0.6660156250000000E-02    0.8742904663085937E-03
   39   -0.1328125000000000E-02    0.1010208129882812E-02
   40    0.5664062500000000E-03    0.9704971313476562E-03
   41    0.5214843750000000E-02    0.1012382507324219E-02
   42    0.7558593750000000E-02    0.1218910217285156E-02
   43    0.3515625000000000E-03    0.1042404174804687E-02
   44    0.3769531250000000E-02    0.8184432983398438E-03
   45   -0.3085937500000000E-02    0.6992340087890625E-03
   46   -0.3925781250000000E-02    0.7587051391601562E-03
   47   -0.2128906250000000E-02    0.7898330688476563E-03
   48   -0.4296875000000000E-03    0.9412384033203125E-03
   49   -0.1113281250000000E-02    0.8840560913085938E-03
   50    0.9960937500000000E-03    0.7844161987304687E-03
   51   -0.4687500000000000E-03    0.8640289306640625E-03
   52    0.2636718750000000E-02    0.1134452819824219E-02
   53   -0.3125000000000000E-03    0.9186553955078125E-03
   54    0.1562500000000000E-03    0.1003189086914063E-02
   55    0.2187500000000000E-02    0.9329223632812500E-03
   56    0.1835937500000000E-02    0.9434509277343750E-03
   57   -0.7812500000000000E-03    0.8542633056640625E-03
   58    0.1347656250000000E-02    0.1080741882324219E-02
   59   -0.1171875000000000E-03    0.8533477783203125E-03
   60   -0.3378906250000000E-02    0.8632278442382812E-03
   61   -0.4042968750000000E-02    0.1083488464355469E-02
   62    0.1640625000000000E-02    0.9038543701171875E-03
   63   -0.1230468750000000E-02    0.9111404418945312E-03
   64   -0.6718750000000000E-02    0.8780670166015625E-03
   65    0.4785156250000000E-02    0.9879684448242188E-03
   66    0.3378906250000000E-02    0.7488632202148438E-03
   67   -0.8203125000000000E-03    0.8173370361328125E-03
   68   -0.1464843750000000E-02    0.1040306091308594E-02
   69    0.7031250000000000E-03    0.6623840332031249E-03
   70    0.5273437500000000E-02    0.9954071044921875E-03
   71    0.4257812500000000E-02    0.9780883789062499E-03
   72    0.3320312500000000E-03    0.1161460876464844E-02
   73    0.1953125000000000E-04    0.7146835327148437E-03
   74    0.1972656250000000E-02    0.8604812622070312E-03
   75    0.2343750000000000E-03    0.1058883666992187E-02
   76    0.4687500000000000E-02    0.1277236938476562E-02
   77    0.4199218750000000E-02    0.8789443969726562E-03
   78    0.2089843750000000E-02    0.8440017700195312E-03
   79    0.3125000000000000E-02    0.8704376220703125E-03
   80    0.1777343750000000E-02    0.8082962036132812E-03
   81    0.1406250000000000E-02    0.8644866943359375E-03
   82   -0.3105468750000000E-02    0.1008033752441406E-02
   83    0.1230468750000000E-02    0.1086006164550781E-02
   84   -0.1035156250000000E-02    0.9319686889648438E-03
   85   -0.6894531250000000E-02    0.1007728576660156E-02
   86    0.1894531250000000E-02    0.9789657592773437E-03
   87    0.4101562500000000E-02    0.9571075439453125E-03
   88    0.2695312500000000E-02    0.7849884033203125E-03
   89    0.5058593750000000E-02    0.1299095153808594E-02
   90    0.4316406250000000E-02    0.8579635620117187E-03
   91   -0.2988281250000000E-02    0.8434677124023438E-03
   92   -0.9570312500000000E-03    0.8975601196289062E-03
   93    0.1953125000000000E-03    0.9777832031250000E-03
   94    0.8398437500000000E-03    0.9823226928710937E-03
   95    0.3906250000000000E-04    0.7674407958984375E-03
   96    0.7265625000000000E-02    0.9494781494140625E-03
   97    0.9375000000000000E-03    0.8188629150390625E-03
   98    0.9765625000000001E-04    0.1131248474121094E-02
   99   -0.3359375000000000E-02    0.9564208984375000E-03
  100   -0.2050781250000000E-02    0.1387901306152344E-02
