# time =    0.4683
    0    0.1000000000000000E+01    0.1000000000000000E+01
    1    0.2101171875000000E+00    0.4503814697265625E-01
    2    0.5496093750000000E-01    0.4164505004882813E-02
    3    0.1601562500000000E-01    0.1305236816406250E-02
    4   -0.2539062500000000E-03    0.1016349792480469E-02
    5    0.9375000000000000E-03    0.9447479248046875E-03
    6    0.5468750000000000E-02    0.9896087646484376E-03
    7   -0.9765625000000001E-04    0.1041526794433594E-02
    8    0.5664062500000000E-03    0.7287979125976563E-03
    9    0.2890625000000000E-02    0.9622192382812500E-03
   10    0.1425781250000000E-02    0.9142684936523437E-03
   11   -0.3710937500000000E-02    0.1061477661132812E-02
   12    0.4765625000000000E-02    0.7678222656250000E-03
   13    0.3828125000000000E-02    0.9184265136718750E-03
   14   -0.2148437500000000E-02    0.8296203613281250E-03
   15   -0.3710937500000000E-03    0.1189460754394531E-02
   16   -0.2226562500000000E-02    0.8879852294921875E-03
   17   -0.2539062500000000E-02    0.8764648437500000E-03
   18   -0.4882812500000000E-03    0.9663009643554688E-03
   19   -0.2089843750000000E-02    0.1183280944824219E-02
   20   -0.3535156250000000E-02    0.1032752990722656E-02
   21   -0.3359375000000000E-02    0.7562255859375000E-03
   22    0.6035156250000000E-02    0.8214950561523437E-03
   23    0.1816406250000000E-02    0.1164283752441406E-02
   24   -0.2050781250000000E-02    0.8472061157226563E-03
   25   -0.3535156250000000E-02    0.9443283081054688E-03
   26   -0.3906250000000000E-03    0.7630157470703125E-03
   27   -0.3476562500000000E-02    0.9877014160156251E-03
   28   -0.3964843750000000E-02    0.1110191345214844E-02
   29   -0.7539062500000000E-02    0.8277893066406250E-03
   30   -0.6992187500000000E-02    0.6198883056640625E-03
   31   -0.6289062500000000E-02    0.1330795288085938E-02
   32   -0.3906250000000000E-02    0.7519531250000000E-03
   33   -0.8027343750000001E-02    0.9306716918945312E-03
   34    0.7226562500000000E-03    0.1232261657714844E-02
   35   -0.2109375000000000E-02    0.1008224487304688E-02
   36   -0.3906250000000000E-04    0.1027450561523437E-02
   37   -0.2089843750000000E-02    0.9389114379882812E-03
   38   -0.2988281250000000E-02    0.9516525268554687E-03
   39   -0.4804687500000000E-02    0.8235931396484375E-03
   40   -0.9765625000000000E-03    0.9693145751953125E-03
   41   -0.3164062500000000E-02    0.9172058105468750E-03
   42   -0.2773437500000000E-02    0.8950805664062499E-03
   43   -0.2265625000000000E-02    0.1012725830078125E-02
   44   -0.7070312500000000E-02    0.9296417236328125E-03
   45    0.4960937500000000E-02    0.1104812622070313E-02
   46    0.2617187500000000E-02    0.7135772705078125E-03
   47    0.3281250000000000E-02    0.1098098754882813E-02
   48    0.2695312500000000E-02    0.1004943847656250E-02
   49   -0.3085937500000000E-02    0.9149932861328126E-03
   50   -0.3398437500000000E-02    0.8813476562500000E-03
   51   -0.2246093750000000E-02    0.8526229858398437E-03
   52   -0.2910156250000000E-02    0.8411026000976563E-03
   53   -0.2753906250000000E-02    0.9355545043945312E-03
   54   -0.2539062500000000E-03    0.8230972290039063E-03
   55   -0.1171875000000000E-03    0.7839965820312500E-03
   56   -0.2089843750000000E-02    0.1021919250488281E-02
   57   -0.1425781250000000E-02    0.1105079650878906E-02
   58    0.3300781250000000E-02    0.8580398559570313E-03
   59   -0.1347656250000000E-02    0.1077690124511719E-02
   60    0.2792968750000000E-02    0.1079902648925781E-02
   61    0.1015625000000000E-02    0.1112747192382812E-02
   62   -0.2832031250000000E-02    0.8338546752929688E-03
   63   -0.3398437500000000E-02    0.9977722167968750E-03
   64   -0.2949218750000000E-02    0.9368515014648438E-03
   65   -0.3183593750000000E-02    0.9244918823242187E-03
   66    0.5976562500000000E-02    0.1127548217773437E-02
   67    0.5117187500000000E-02    0.1005172729492188E-02
   68   -0.6035156250000000E-02    0.7272720336914063E-03
   69   -0.3906250000000000E-04    0.1167526245117188E-02
   70   -0.2441406250000000E-02    0.9487533569335938E-03
   71   -0.3789062500000000E-02    0.8772277832031250E-03
   72   -0.7558593750000000E-02    0.7174301147460937E-03
   73   -0.5488281250000000E-02    0.8254623413085937E-03
   74    0.7812500000000000E-04    0.1031417846679687E-02
   75   -0.4707031250000000E-02    0.1009178161621094E-02
   76   -0.2343750000000000E-03    0.9275817871093750E-03
   77    0.5859375000000000E-04    0.1165199279785156E-02
   78   -0.6425781250000000E-02    0.1056098937988281E-02
   79   -0.2617187500000000E-02    0.8991241455078125E-03
   80   -0.2656250000000000E-02    0.1158218383789063E-02
   81   -0.4238281250000000E-02    0.1046333312988281E-02
   82    0.1132812500000000E-02    0.9526824951171875E-03
   83   -0.4667968750000000E-02    0.9742355346679687E-03
   84   -0.2324218750000000E-02    0.9248733520507812E-03
   85   -0.2890625000000000E-02    0.1046676635742187E-02
   86   -0.1992187500000000E-02    0.7895660400390625E-03
   87   -0.3593750000000000E-02    0.1063919067382812E-02
   88   -0.2246093750000000E-02    0.8299636840820312E-03
   89   -0.5546875000000000E-02    0.9143829345703125E-03
   90   -0.1328125000000000E-02    0.1102828979492188E-02
   91   -0.1347656250000000E-02    0.1071128845214844E-02
   92    0.3515625000000000E-03    0.1103591918945313E-02
   93   -0.2343750000000000E-02    0.1134338378906250E-02
   94   -0.2578125000000000E-02    0.8596038818359375E-03
   95    0.1250000000000000E-02    0.9251403808593750E-03
   96   -0.3632812500000000E-02    0.1004333496093750E-02
   97   -0.1464843750000000E-02    0.9184646606445313E-03
   98    0.4316406250000000E-02    0.9495925903320313E-03
   99    0.6835937500000000E-02    0.1411743164062500E-02
  100    0.5664062500000000E-03    0.9109878540039063E-03
