# seed =   10
# samp = 10000
    0.1493750000000000E+02   -0.3400898437500000E+00    0.1165144958496094E+00    0.1666992187500000E-03    0.1929443359375000E-01    0.5880420684814453E-03    0.1054250176548521E-05    0.3144046931993216E-03
    0.1487500000000000E+02   -0.3414849609375000E+00    0.1174687919616699E+00    0.4755371093750000E-03    0.1909038085937500E-01    0.5720860719680786E-03    0.9727079435208451E-06    0.3155237063765526E-03
    0.1481250000000000E+02   -0.3444718750000000E+00    0.1195070463180542E+00    0.1030322265625000E-02    0.1986284179687500E-01    0.6202825784683227E-03    0.1136752156554621E-05    0.3134921134915203E-03
    0.1475000000000000E+02   -0.3457677734375000E+00    0.1203973640441895E+00   -0.7602050781250000E-03    0.1955092773437500E-01    0.6014953851699829E-03    0.1091348853157115E-05    0.3117773158010095E-03
    0.1468750000000000E+02   -0.3476122070312500E+00    0.1216909707069397E+00   -0.3974121093750000E-03    0.1923598632812500E-01    0.5874155282974243E-03    0.1061036321635811E-05    0.3110583347734064E-03
    0.1462500000000000E+02   -0.3483728515625000E+00    0.1222169883728027E+00   -0.3469726562500000E-03    0.1958076171875000E-01    0.6024142742156982E-03    0.1099172387114322E-05    0.3108440432697535E-03
    0.1456250000000000E+02   -0.3506098632812500E+00    0.1237983029365540E+00   -0.3515625000000000E-03    0.2005048828125000E-01    0.6300577640533447E-03    0.1182954415401127E-05    0.3103710187133402E-03
    0.1450000000000000E+02   -0.3522534179687500E+00    0.1249382069587708E+00    0.1388183593750000E-03    0.1952700195312500E-01    0.6034486532211303E-03    0.1113730290279591E-05    0.3105537325609475E-03
    0.1443750000000000E+02   -0.3550195312500000E+00    0.1268915727615356E+00    0.8150878906250000E-03    0.1992260742187500E-01    0.6228814840316772E-03    0.1171152673572351E-05    0.3102682239841670E-03
    0.1437500000000000E+02   -0.3554513671875000E+00    0.1271948204040527E+00    0.8852050781250000E-03    0.1958803710937500E-01    0.6030611753463745E-03    0.1107573642406123E-05    0.3104558854829520E-03
    0.1431250000000000E+02   -0.3572219726562500E+00    0.1284722786903381E+00    0.5028808593750000E-03    0.2008139648437500E-01    0.6303812265396118E-03    0.1173478941433359E-05    0.3105318173766136E-03
    0.1425000000000000E+02   -0.3587990234375000E+00    0.1296206977844238E+00    0.3794433593750000E-03    0.1989125976562500E-01    0.6263866186141968E-03    0.1184056159780766E-05    0.3102626942563802E-03
    0.1418750000000000E+02   -0.3612238281250000E+00    0.1313554689407349E+00   -0.6704589843750000E-03    0.1978383789062500E-01    0.6177428960800171E-03    0.1155444424642837E-05    0.3101940092165023E-03
    0.1412500000000000E+02   -0.3632506835937500E+00    0.1328158682823181E+00   -0.4199218750000000E-05    0.2062402343750000E-01    0.6602894783020019E-03    0.1287236485586618E-05    0.3101467154920101E-03
    0.1406250000000000E+02   -0.3649948242187500E+00    0.1340920294761658E+00    0.3427246093750000E-03    0.1999243164062500E-01    0.6246162652969360E-03    0.1176998372494609E-05    0.3104343486484140E-03
    0.1400000000000000E+02   -0.3670725585937500E+00    0.1356265170097351E+00    0.1395117187500000E-02    0.1996542968750000E-01    0.6299081802368165E-03    0.1202795403332857E-05    0.3101798938587308E-03
    0.1393750000000000E+02   -0.3685227539062500E+00    0.1366618481636047E+00    0.2225585937500000E-03    0.1994326171875000E-01    0.6218569278717041E-03    0.1147576462255984E-05    0.3105239884462208E-03
    0.1387500000000000E+02   -0.3699004882812500E+00    0.1377138699531555E+00   -0.1575683593750000E-03    0.2034829101562500E-01    0.6492698431015014E-03    0.1284776436267521E-05    0.3104133647866547E-03
    0.1381250000000000E+02   -0.3725329101562500E+00    0.1396535391807556E+00   -0.6208007812500000E-03    0.2026562500000000E-01    0.6374496936798096E-03    0.1177210722846667E-05    0.3100288449786603E-03
    0.1375000000000000E+02   -0.3736166015625000E+00    0.1404435480117798E+00    0.3968750000000000E-03    0.2043173828125000E-01    0.6592919349670410E-03    0.1316182285768264E-05    0.3122562484350055E-03
    0.1368750000000000E+02   -0.3769586914062500E+00    0.1429744006156921E+00   -0.2586914062500000E-03    0.2061621093750000E-01    0.6643285751342774E-03    0.1293497025358192E-05    0.3104812640231103E-03
    0.1362500000000000E+02   -0.3777475585937500E+00    0.1435872227668762E+00    0.5443847656250000E-03    0.2003247070312500E-01    0.6335721254348755E-03    0.1220946611675799E-05    0.3102798364125192E-03
    0.1356250000000000E+02   -0.3807745117187500E+00    0.1458995638847351E+00    0.1379687500000000E-02    0.2039560546875000E-01    0.6594734668731690E-03    0.1316926452284406E-05    0.3100524772889912E-03
    0.1350000000000000E+02   -0.3828083007812500E+00    0.1474106678962707E+00    0.1255566406250000E-02    0.2102138671875000E-01    0.6931863307952881E-03    0.1427039541943031E-05    0.3101264883298427E-03
    0.1343750000000000E+02   -0.3845922851562500E+00    0.1487994185447693E+00    0.3686523437500000E-03    0.2071113281250000E-01    0.6786374568939209E-03    0.1413751562688503E-05    0.3099922323599458E-03
    0.1337500000000000E+02   -0.3872419921875000E+00    0.1508657558441162E+00    0.1004394531250000E-02    0.2102246093750000E-01    0.6971866130828857E-03    0.1441081022710478E-05    0.3100273024756461E-03
    0.1331250000000000E+02   -0.3888366210937500E+00    0.1520860268592834E+00   -0.3138183593750000E-03    0.2061918945312500E-01    0.6753229379653931E-03    0.1414840305329790E-05    0.3101013135164976E-03
    0.1325000000000000E+02   -0.3913982421875000E+00    0.1540582353591919E+00    0.8925781250000000E-04    0.2108173828125000E-01    0.7025303840637208E-03    0.1495353473569594E-05    0.3099426394328475E-03
    0.1318750000000000E+02   -0.3936930664062500E+00    0.1558940672874451E+00    0.4157714843750000E-03    0.2141079101562500E-01    0.7135874509811401E-03    0.1491675964592787E-05    0.3098785527981818E-03
    0.1312500000000000E+02   -0.3955107421875000E+00    0.1573351205825806E+00    0.3386718750000000E-03    0.2094775390625000E-01    0.6968996047973633E-03    0.1499442720160005E-05    0.3098587039858103E-03
    0.1306250000000000E+02   -0.3978126953125000E+00    0.1591674560546875E+00    0.4299804687500000E-03    0.2123388671875000E-01    0.7121727943420410E-03    0.1510993652686920E-05    0.3098579472862184E-03
    0.1300000000000000E+02   -0.4002570312500000E+00    0.1611215673446655E+00   -0.1715332031250000E-03    0.2140805664062500E-01    0.7169108629226685E-03    0.1519255947147258E-05    0.3097976732533425E-03
    0.1293750000000000E+02   -0.4023115234375000E+00    0.1627547857284546E+00   -0.7929687499999999E-04    0.2071767578125000E-01    0.6783741474151612E-03    0.1384778047861346E-05    0.3121902409475297E-03
    0.1287500000000000E+02   -0.4038851562500000E+00    0.1640167713165283E+00   -0.3734375000000000E-03    0.2127607421875000E-01    0.7113914489746094E-03    0.1502413092271126E-05    0.3132896381430328E-03
    0.1281250000000000E+02   -0.4069458007812500E+00    0.1664970396995545E+00    0.4213867187500000E-03    0.2122705078125000E-01    0.7007116794586182E-03    0.1445434759068576E-05    0.3119636676274240E-03
    0.1275000000000000E+02   -0.4096690429687500E+00    0.1687227869987488E+00    0.6689941406250000E-03    0.2119116210937500E-01    0.7062794923782348E-03    0.1519307746303866E-05    0.3123901260551065E-03
    0.1268750000000000E+02   -0.4117008789062500E+00    0.1704028264045715E+00   -0.5195312500000000E-03    0.2160869140625000E-01    0.7361261367797851E-03    0.1656062003098668E-05    0.3105361829511821E-03
    0.1262500000000000E+02   -0.4143621093750000E+00    0.1726179552078247E+00    0.2117187500000000E-03    0.2207724609375000E-01    0.7641362667083740E-03    0.1745231217830678E-05    0.3096786385867745E-03
    0.1256250000000000E+02   -0.4162050781250000E+00    0.1741311525344849E+00   -0.3947753906250000E-03    0.2174370117187500E-01    0.7446365118026734E-03    0.1673696448864348E-05    0.3093429550062865E-03
    0.1250000000000000E+02   -0.4192485351562500E+00    0.1767105029106140E+00    0.3221679687500000E-03    0.2163378906250000E-01    0.7418675422668457E-03    0.1697114659168619E-05    0.3099555906374007E-03
    0.1243750000000000E+02   -0.4217312500000000E+00    0.1787888357162476E+00   -0.7029785156250000E-03    0.2230737304687500E-01    0.7782184362411499E-03    0.1773550358706188E-05    0.3093704290222377E-03
    0.1237500000000000E+02   -0.4242104492187500E+00    0.1808792101860046E+00    0.7636718750000001E-04    0.2205478515625000E-01    0.7717317581176757E-03    0.1804753153032834E-05    0.3095931897405535E-03
    0.1231250000000000E+02   -0.4271744140625000E+00    0.1834125232696533E+00    0.2112304687500000E-03    0.2242167968750000E-01    0.7824238777160644E-03    0.1793272836903270E-05    0.3094055282417685E-03
    0.1225000000000000E+02   -0.4300107421875000E+00    0.1858308151245117E+00   -0.1923828125000000E-03    0.2198183593750000E-01    0.7633429050445557E-03    0.1787378785195415E-05    0.3095931897405535E-03
    0.1218750000000000E+02   -0.4315980468750000E+00    0.1872163366317749E+00    0.3275390625000000E-03    0.2262988281250000E-01    0.7982614994049073E-03    0.1912613233173488E-05    0.3099456662312150E-03
    0.1212500000000000E+02   -0.4351648437500000E+00    0.1902782604217529E+00   -0.1044580078125000E-02    0.2289379882812500E-01    0.8210044145584107E-03    0.1970409334450096E-05    0.3093673731200397E-03
    0.1206250000000000E+02   -0.4377656250000000E+00    0.1925982080459595E+00    0.3876953125000000E-04    0.2281435546875000E-01    0.8135144710540771E-03    0.1995318795422918E-05    0.3093597479164600E-03
    0.1200000000000000E+02   -0.4413242187500000E+00    0.1957292634963989E+00   -0.2909667968750000E-03    0.2268598632812500E-01    0.8101775407791138E-03    0.1993878661306781E-05    0.3089355595875531E-03
    0.1193750000000000E+02   -0.4435766601562500E+00    0.1977093136787414E+00   -0.7520507812500000E-03    0.2351220703125000E-01    0.8730409622192383E-03    0.2331567957094194E-05    0.3088836674578488E-03
    0.1187500000000000E+02   -0.4460551757812500E+00    0.1999229975700378E+00   -0.1613281250000000E-03    0.2265156250000000E-01    0.8056504726409912E-03    0.1933118968725011E-05    0.3088439989369363E-03
    0.1181250000000000E+02   -0.4496347656250000E+00    0.2031455434799194E+00   -0.4787597656250000E-03    0.2285502929687500E-01    0.8234660863876343E-03    0.2017804596124506E-05    0.3086837823502719E-03
    0.1175000000000000E+02   -0.4531760742187500E+00    0.2063089108467102E+00   -0.3047851562500000E-03    0.2360361328125000E-01    0.8748317241668701E-03    0.2292987117846224E-05    0.3088104131165892E-03
    0.1168750000000000E+02   -0.4551275390625000E+00    0.2081323152542114E+00    0.1687744140625000E-02    0.2361020507812500E-01    0.8576521158218384E-03    0.2055214739635858E-05    0.3086273209191859E-03
    0.1162500000000000E+02   -0.4581594726562500E+00    0.2108765500068664E+00   -0.9344238281250000E-03    0.2459331054687500E-01    0.9414991617202759E-03    0.2596400793851217E-05    0.3087585500907153E-03
    0.1156250000000000E+02   -0.4617935546875000E+00    0.2142233667373657E+00    0.3400390625000000E-03    0.2373662109375000E-01    0.8977698802947998E-03    0.2588899377485632E-05    0.3086731012444943E-03
    0.1150000000000000E+02   -0.4644128906250000E+00    0.2166408500671387E+00   -0.6545898437500000E-03    0.2393886718750000E-01    0.8959193706512452E-03    0.2397464417833817E-05    0.3084320051129907E-03
    0.1143750000000000E+02   -0.4685561523437500E+00    0.2205068230628967E+00    0.2853515625000000E-03    0.2406884765625000E-01    0.9235525608062744E-03    0.2678986508192338E-05    0.3084121563006192E-03
    0.1137500000000000E+02   -0.4722146484375000E+00    0.2239684686660767E+00    0.1520312500000000E-02    0.2511914062500000E-01    0.9961433410644531E-03    0.3015916565664156E-05    0.3095260763075203E-03
    0.1131250000000000E+02   -0.4744574218750000E+00    0.2260557325363159E+00   -0.1140771484375000E-02    0.2475532226562500E-01    0.9627144575119019E-03    0.2813105230865176E-05    0.3082794137299061E-03
    0.1125000000000000E+02   -0.4774229492187500E+00    0.2289495644569397E+00    0.4465820312500000E-03    0.2565341796875000E-01    0.1022459793090820E-02    0.3023548192231829E-05    0.3081329341512173E-03
    0.1118750000000000E+02   -0.4817538085937500E+00    0.2330789248466492E+00   -0.2331542968750000E-03    0.2521020507812500E-01    0.1004847693443298E-02    0.3100085445993273E-05    0.3083801129832864E-03
    0.1112500000000000E+02   -0.4860398437500000E+00    0.2372275403976440E+00    0.9644531250000000E-03    0.2574550781250000E-01    0.1039131879806519E-02    0.3309062870800972E-05    0.3083313058596104E-03
    0.1106250000000000E+02   -0.4882675781250000E+00    0.2393850402832031E+00   -0.8720703125000000E-04    0.2507763671875000E-01    0.9810549736022950E-03    0.2825565532634755E-05    0.3079620364587754E-03
    0.1100000000000000E+02   -0.4921105468750000E+00    0.2431941272735596E+00    0.3238281250000000E-03    0.2517089843750000E-01    0.9882577896118165E-03    0.2840217677248802E-05    0.3078887821175158E-03
    0.1093750000000000E+02   -0.4958082031250000E+00    0.2468157026290894E+00    0.7462890625000000E-03    0.2592666015625000E-01    0.1053832817077637E-02    0.3355213248391919E-05    0.3075302229262888E-03
    0.1087500000000000E+02   -0.5003578125000000E+00    0.2514091960906982E+00    0.5329101562500000E-03    0.2579511718750000E-01    0.1055697441101074E-02    0.3406760783491336E-05    0.3077743458561599E-03
    0.1081250000000000E+02   -0.5035976562500000E+00    0.2546288125991821E+00   -0.8133789062500000E-03    0.2561708984375000E-01    0.1038963985443115E-02    0.3313432554546125E-05    0.3073226835113019E-03
    0.1075000000000000E+02   -0.5074491210937500E+00    0.2585285077095032E+00    0.1177929687500000E-02    0.2635400390625000E-01    0.1084820938110352E-02    0.3534277973267308E-05    0.3077102592214942E-03
    0.1068750000000000E+02   -0.5116528320312500E+00    0.2628229416847229E+00    0.2224853515625000E-02    0.2636674804687500E-01    0.1081856083869934E-02    0.3437399654768569E-05    0.3072189283557236E-03
    0.1062500000000000E+02   -0.5149987304687500E+00    0.2662789362907410E+00    0.1408398437500000E-02    0.2678427734375000E-01    0.1134938573837280E-02    0.3870370024026215E-05    0.3070495731662959E-03
    0.1056250000000000E+02   -0.5192647460937500E+00    0.2706993996620178E+00    0.7470703125000000E-05    0.2761274414062500E-01    0.1200350880622864E-02    0.4331717375094968E-05    0.3070617676712573E-03
    0.1050000000000000E+02   -0.5235902343750000E+00    0.2752323795318604E+00    0.4894042968750000E-03    0.2656909179687500E-01    0.1108580231666565E-02    0.3624554824187953E-05    0.3085006610490382E-03
    0.1043750000000000E+02   -0.5273357421875000E+00    0.2791751844406128E+00   -0.1276025390625000E-02    0.2702524414062500E-01    0.1137192130088806E-02    0.3768022027605866E-05    0.3067642101086676E-03
    0.1037500000000000E+02   -0.5317641601562501E+00    0.2838676520347595E+00   -0.2296875000000000E-03    0.2763701171875000E-01    0.1212797164916992E-02    0.4599248086265106E-05    0.3066711360588670E-03
    0.1031250000000000E+02   -0.5366763671875000E+00    0.2891015579223633E+00   -0.2690625000000000E-02    0.2846904296875000E-01    0.1272959089279175E-02    0.4735045956419981E-05    0.3066650533583015E-03
    0.1025000000000000E+02   -0.5410537109375000E+00    0.2938324247360229E+00    0.9910644531250000E-03    0.2806303710937500E-01    0.1227909111976624E-02    0.4390471082871272E-05    0.3072006220463663E-03
    0.1018750000000000E+02   -0.5452017578125000E+00    0.2983523599624634E+00    0.1698046875000000E-02    0.2810761718750000E-01    0.1233955430984497E-02    0.4422338838378437E-05    0.3067077777814120E-03
    0.1012500000000000E+02   -0.5497287109375000E+00    0.3033316228866577E+00    0.1021386718750000E-02    0.2925742187500000E-01    0.1328619480133057E-02    0.5093624305686717E-05    0.3063629264943302E-03
    0.1006250000000000E+02   -0.5563655273437500E+00    0.3106572676658630E+00    0.1189257812500000E-02    0.2974736328125000E-01    0.1397831392288208E-02    0.6001532147081434E-05    0.3060424933210015E-03
    0.1000000000000000E+02   -0.5612629882812500E+00    0.3161723881721497E+00   -0.1683935546875000E-02    0.3041518554687500E-01    0.1433305811882019E-02    0.5781329892823805E-05    0.3063537587877363E-03
    0.9937500000000000E+01   -0.5647114257812500E+00    0.3200154236793518E+00   -0.2312011718750000E-03    0.3057377929687500E-01    0.1458477187156677E-02    0.6375754666663625E-05    0.3061263996642083E-03
    0.9875000000000000E+01   -0.5699239257812500E+00    0.3259374123573303E+00    0.3636181640625000E-02    0.3111831054687500E-01    0.1492843937873840E-02    0.6268671343156029E-05    0.3059753507841378E-03
    0.9812500000000000E+01   -0.5757021484375000E+00    0.3325498577117920E+00   -0.4851074218750000E-03    0.3050356445312500E-01    0.1475761151313782E-02    0.6734296935456996E-05    0.3057128924410790E-03
    0.9750000000000000E+01   -0.5815364257812500E+00    0.3393616112709045E+00    0.6236816406250000E-03    0.3048334960937500E-01    0.1483844161033630E-02    0.6912520927943433E-05    0.3067535290028900E-03
    0.9687500000000000E+01   -0.5854315429687500E+00    0.3438767941474914E+00   -0.7098632812500000E-03    0.3044062500000000E-01    0.1472737693786621E-02    0.6556851844720768E-05    0.3056030254811049E-03
    0.9625000000000000E+01   -0.5917465820312500E+00    0.3513550662040710E+00    0.1331445312500000E-02    0.3208271484375000E-01    0.1619510173797607E-02    0.7879617573257746E-05    0.3053497348446399E-03
    0.9562500000000000E+01   -0.5975328125000000E+00    0.3582335906982422E+00   -0.2418554687500000E-02    0.3306171875000000E-01    0.1713563060760498E-02    0.8796422104228440E-05    0.3052703978028148E-03
    0.9500000000000000E+01   -0.6040880859375000E+00    0.3661186126708985E+00    0.2263623046875000E-02    0.3322026367187500E-01    0.1715059208869934E-02    0.8355770071472079E-05    0.3051116946153343E-03
    0.9437500000000000E+01   -0.6107132812500000E+00    0.3742169162750244E+00   -0.7452148437500000E-03    0.3539023437500000E-01    0.1964700937271118E-02    0.1182085005929139E-04    0.3048431535717100E-03
    0.9375000000000000E+01   -0.6152178710937500E+00    0.3797070563316345E+00   -0.1263183593750000E-02    0.3371093750000000E-01    0.1781717824935913E-02    0.9099569501574934E-05    0.3046661440748721E-03
    0.9312500000000000E+01   -0.6236916015625000E+00    0.3902696901321411E+00    0.4183935546875000E-02    0.3528305664062500E-01    0.1957711386680603E-02    0.1160324530039247E-04    0.3045593330170959E-03
    0.9250000000000000E+01   -0.6291853515625000E+00    0.3971134021759033E+00    0.1766992187500000E-02    0.3577294921875000E-01    0.1998087930679321E-02    0.1160243166413011E-04    0.3042877069674432E-03
    0.9187500000000000E+01   -0.6370883789062500E+00    0.4072085457801819E+00    0.3174169921875000E-02    0.3549487304687500E-01    0.1961423802375793E-02    0.1141823785263227E-04    0.3041198651771992E-03
    0.9125000000000000E+01   -0.6436283203124999E+00    0.4155795043945312E+00   -0.3434082031250000E-03    0.3760356445312500E-01    0.2203035044670105E-02    0.1400449962904418E-04    0.3039672737941146E-03
    0.9062500000000000E+01   -0.6500196289062500E+00    0.4238524001121521E+00   -0.3569970703125000E-02    0.3744584960937500E-01    0.2183767342567444E-02    0.1384467032726775E-04    0.3040252777282149E-03
    0.9000000000000000E+01   -0.6589136718750001E+00    0.4355859743118286E+00    0.2094091796875000E-02    0.3774477539062500E-01    0.2231833767890930E-02    0.1468794085292870E-04    0.3037109272554517E-03
    0.8937500000000000E+01   -0.6667587890625000E+00    0.4459747516632080E+00    0.3515869140625000E-02    0.3962661132812500E-01    0.2420655798912048E-02    0.1678967441407053E-04    0.3033996617887169E-03
    0.8875000000000000E+01   -0.6722598632812500E+00    0.4532958933830261E+00   -0.5211718750000000E-02    0.3836250000000000E-01    0.2310673666000366E-02    0.1635461530553357E-04    0.3032318199984729E-03
    0.8812500000000000E+01   -0.6824609375000000E+00    0.4671469655990600E+00    0.2343261718750000E-03    0.4113950195312500E-01    0.2628926014900208E-02    0.2023516787956510E-04    0.3028808569069952E-03
    0.8750000000000000E+01   -0.6908840820312500E+00    0.4787981970787049E+00   -0.1286132812500000E-02    0.4179277343750000E-01    0.2723464441299438E-02    0.2140978558601319E-04    0.3028564387932420E-03
    0.8687500000000000E+01   -0.6982172851562500E+00    0.4890465380668640E+00   -0.1619726562500000E-02    0.4358466796875000E-01    0.2985320377349854E-02    0.2635524574047849E-04    0.3026550402864814E-03
    0.8625000000000000E+01   -0.7079136718750000E+00    0.5026877441406250E+00    0.2305810546875000E-02    0.4642368164062500E-01    0.3413783383369446E-02    0.3628222759035112E-04    0.3022277960553765E-03
    0.8562500000000000E+01   -0.7187082031249999E+00    0.5180890241622925E+00    0.7205078125000000E-03    0.4812216796875000E-01    0.3543527126312256E-02    0.3354235073336440E-04    0.3025024489033967E-03
    0.8500000000000000E+01   -0.7287413085937500E+00    0.5327067746162415E+00   -0.1577539062500000E-02    0.5023613281250000E-01    0.3934496545791626E-02    0.4499659730751091E-04    0.3020416188519448E-03
    0.8437500000000000E+01   -0.7362198242187500E+00    0.5436051413536072E+00   -0.5227783203125000E-02    0.4840815429687500E-01    0.3693330025672912E-02    0.4218444234359708E-04    0.3014007525052875E-03
    0.8375000000000000E+01   -0.7490478515625000E+00    0.5627929677963257E+00    0.6577636718750000E-03    0.5338432617187500E-01    0.4508135914802551E-02    0.6115168183253559E-04    0.3010772634297609E-03
    0.8312500000000000E+01   -0.7600967773437500E+00    0.5795993014335632E+00    0.3716796875000000E-02    0.5666572265625000E-01    0.5076045083999634E-02    0.7803564579324984E-04    0.3008575295098126E-03
    0.8250000000000000E+01   -0.7714700195312501E+00    0.5970055497169494E+00   -0.1621875000000000E-02    0.5510937500000000E-01    0.4825017023086547E-02    0.7211863708552073E-04    0.3008178609889001E-03
    0.8187500000000000E+01   -0.7839889648437500E+00    0.6165286902427674E+00   -0.1457226562500000E-02    0.6134912109375000E-01    0.5719776391983032E-02    0.8862471310065984E-04    0.3001739387400448E-03
    0.8125000000000000E+01   -0.7967208007812500E+00    0.6366981591224671E+00    0.8553710937500000E-02    0.6308222656250000E-01    0.6166913223266602E-02    0.1111553675838877E-03    0.2998535055667162E-03
    0.8062500000000000E+01   -0.8119508789062500E+00    0.6612613930702209E+00    0.9167724609375000E-02    0.6681313476562500E-01    0.6870202183723449E-02    0.1330686610935402E-03    0.2994872920680791E-03
    0.8000000000000000E+01   -0.8303090820312500E+00    0.6918055060386658E+00   -0.4498095703125000E-02    0.7654711914062499E-01    0.9460960268974304E-02    0.3032632408332063E-03    0.2990814100485295E-03
    0.7937500000000000E+01   -0.8441291015625000E+00    0.7150224369049072E+00   -0.8133300781250000E-03    0.7745092773437499E-01    0.9426837658882142E-02    0.2617957613530564E-03    0.2988525375258178E-03
    0.7875000000000000E+01   -0.8655545898437500E+00    0.7519241665840148E+00   -0.1840805664062500E-01    0.1044337402343750E+00    0.1546274092197418E-01    0.5332204861796811E-03    0.2982727019116282E-03
    0.7812500000000000E+01   -0.8850508789062500E+00    0.7862536780357361E+00   -0.2997656250000000E-02    0.1034814453125000E+00    0.1616571974754333E-01    0.6704141723126782E-03    0.2978485135827214E-03
    0.7750000000000000E+01   -0.9052256835937500E+00    0.8226362042427063E+00    0.4500434570312500E-01    0.1180653808593750E+00    0.2039784867763519E-01    0.9640521669959014E-03    0.2971252542920411E-03
    0.7687500000000000E+01   -0.9452516601562500E+00    0.8981388030052185E+00   -0.1308862304687500E-01    0.1608852050781250E+00    0.3589445083141327E-01    0.2629331526400819E-02    0.2966095053125173E-03
    0.7625000000000000E+01   -0.9872152343750000E+00    0.9822977310180664E+00    0.7903295898437500E-01    0.1915024902343750E+00    0.5229368493556976E-01    0.5864089582763353E-02    0.2957489050459117E-03
    0.7562500000000000E+01   -0.1061731054687500E+01    0.1138419557189941E+01    0.1117997558593750E+00    0.2769621582031250E+00    0.9495032584667205E-01    0.1429748026133827E-01    0.2942749124485999E-03
    0.7500000000000000E+01   -0.1163730957031250E+01    0.1367512854290009E+01   -0.2124346679687500E+00    0.3805536132812500E+00    0.1591163556098938E+00    0.3132215171435262E-01    0.2926147426478565E-03
    0.7437500000000000E+01   -0.1274138085937500E+01    0.1635302849578858E+01   -0.4716278808593750E+00    0.4716278808593750E+00    0.2283353891611099E+00    0.5693224566514762E-01    0.2908080932684243E-03
    0.7375000000000000E+01   -0.1379382714843750E+01    0.1911774293804169E+01   -0.5352714355468750E+00    0.5352714355468750E+00    0.2893260909318924E+00    0.8681010870133486E-01    0.2892211778089404E-03
    0.7312500000000000E+01   -0.1461923046875000E+01    0.2147516004371643E+01   -0.5756342773437499E+00    0.5756342773437499E+00    0.3340823553085327E+00    0.1150655135349647E+00    0.2875671489164233E-03
    0.7250000000000000E+01   -0.1538381933593750E+01    0.2375552585315704E+01   -0.6098303710937500E+00    0.6098303710937500E+00    0.3738982793807983E+00    0.1426808025060468E+00    0.2866638242267072E-03
    0.7187500000000000E+01   -0.1614092382812500E+01    0.2613185800743103E+01   -0.6409489746093751E+00    0.6409489746093751E+00    0.4122049443006516E+00    0.1721671995039671E+00    0.2857360814232379E-03
    0.7125000000000000E+01   -0.1684136328125000E+01    0.2844162983703613E+01   -0.6682107421875000E+00    0.6682107421875000E+00    0.4478289445877075E+00    0.2028210248299295E+00    0.2841949462890625E-03
    0.7062500000000000E+01   -0.1756628417968750E+01    0.3092498016643524E+01   -0.6950498046875000E+00    0.6950498046875000E+00    0.4840523188591003E+00    0.2361298959822188E+00    0.2828399592544883E-03
    0.7000000000000000E+01   -0.1816182128906250E+01    0.3304588790607452E+01   -0.7152766601562500E+00    0.7152766601562500E+00    0.5123910736083984E+00    0.2641088376337703E+00    0.2819702203851193E-03
    0.6937500000000000E+01   -0.1879977734375000E+01    0.3540179032325744E+01   -0.7363312988281250E+00    0.7363312988281250E+00    0.5428811525583267E+00    0.2962099814587211E+00    0.2807586570270360E-03
    0.6875000000000000E+01   -0.1937373828125000E+01    0.3759292903327942E+01   -0.7542669433593751E+00    0.7542669433593751E+00    0.5695378514051438E+00    0.3257646767995641E+00    0.2797851630020887E-03
    0.6812500000000000E+01   -0.1994466601562500E+01    0.3983223659896851E+01   -0.7715584960937500E+00    0.7715584960937500E+00    0.5958193015575409E+00    0.3562139325400887E+00    0.2788787824101746E-03
    0.6750000000000000E+01   -0.2049737207031250E+01    0.4205907248020172E+01   -0.7874563476562501E+00    0.7874563476562501E+00    0.6204927242279052E+00    0.3860104822957343E+00    0.2778595080599189E-03
    0.6687500000000000E+01   -0.2098598730468750E+01    0.4408322002887726E+01   -0.8014404785156251E+00    0.8014404785156251E+00    0.6426537391901016E+00    0.4138906490513827E+00    0.2770324645098299E-03
    0.6625000000000000E+01   -0.2146632421875000E+01    0.4612201962852478E+01   -0.8143922363281250E+00    0.8143922363281250E+00    0.6635651607751847E+00    0.4411882878608840E+00    0.2761627256404608E-03
    0.6562500000000000E+01   -0.2195010546875000E+01    0.4821933270263671E+01   -0.8272628906250000E+00    0.8272628906250000E+00    0.6846572024822235E+00    0.4695530590330581E+00    0.2753784065134823E-03
    0.6500000000000000E+01   -0.2236510449218750E+01    0.5005648750782013E+01   -0.8378532226562500E+00    0.8378532226562500E+00    0.7022629842758179E+00    0.4939139456411942E+00    0.2745788660831749E-03
    0.6437500000000000E+01   -0.2285232812500000E+01    0.5225406129455567E+01   -0.8504515136718750E+00    0.8504515136718750E+00    0.7234770001173020E+00    0.5240221062292870E+00    0.2737182658165693E-03
    0.6375000000000000E+01   -0.2322268652343750E+01    0.5396072764301300E+01   -0.8593979980468750E+00    0.8593979980468750E+00    0.7387674315214157E+00    0.5463736456160819E+00    0.2732666034717113E-03
    0.6312500000000000E+01   -0.2362766015625000E+01    0.5585419135284424E+01   -0.8691638671875000E+00    0.8691638671875000E+00    0.7556162965774537E+00    0.5714697779754132E+00    0.2754669112619013E-03
    0.6250000000000000E+01   -0.2398929003906250E+01    0.5757575431346893E+01   -0.8777426757812500E+00    0.8777426757812500E+00    0.7705947032451630E+00    0.5943149599084105E+00    0.2715911832638085E-03
    0.6187500000000000E+01   -0.2436299902343750E+01    0.5937959756183624E+01   -0.8865643554687500E+00    0.8865643554687500E+00    0.7861327761650085E+00    0.6184327332206323E+00    0.2710449334699661E-03
    0.6125000000000000E+01   -0.2467375976562500E+01    0.6090274452400208E+01   -0.8935873535156250E+00    0.8935873535156250E+00    0.7986293449163437E+00    0.6382260330677897E+00    0.2708099491428584E-03
    0.6062500000000000E+01   -0.2501398242187500E+01    0.6259117395973205E+01   -0.9011584960937500E+00    0.9011584960937500E+00    0.8122022283077240E+00    0.6600469328660271E+00    0.2700134355109185E-03
    0.6000000000000000E+01   -0.2534339453125000E+01    0.6424868446350097E+01   -0.9085536621093750E+00    0.9085536621093750E+00    0.8255729755640030E+00    0.6819106544034488E+00    0.2691955596674234E-03
    0.5937500000000000E+01   -0.2565758496093750E+01    0.6584991231441498E+01   -0.9154834472656250E+00    0.9154834472656250E+00    0.8382038474798202E+00    0.7028998984975026E+00    0.2688903769012541E-03
    0.5875000000000000E+01   -0.2591737011718750E+01    0.6718775883579254E+01   -0.9210694824218750E+00    0.9210694824218750E+00    0.8484498006582261E+00    0.7201407098980978E+00    0.2683685161173344E-03
    0.5812500000000000E+01   -0.2619473046875000E+01    0.6863160374069214E+01   -0.9269402343749999E+00    0.9269402343749999E+00    0.8592892868041992E+00    0.7386220183800792E+00    0.2677734300959855E-03
    0.5750000000000000E+01   -0.2645449804687500E+01    0.6999840339088440E+01   -0.9323288085937500E+00    0.9323288085937500E+00    0.8693028677940369E+00    0.7559160329191459E+00    0.2674346906132996E-03
    0.5687500000000000E+01   -0.2668216113281250E+01    0.7120652880382538E+01   -0.9370947753906250E+00    0.9370947753906250E+00    0.8782044455766678E+00    0.7714458106278160E+00    0.2672973496373743E-03
    0.5625000000000000E+01   -0.2694185253906250E+01    0.7259828794384003E+01   -0.9424259765625000E+00    0.9424259765625000E+00    0.8882190645217896E+00    0.7891188704738096E+00    0.2665954525582492E-03
    0.5562500000000000E+01   -0.2715864843750000E+01    0.7377033684539795E+01   -0.9467964843750000E+00    0.9467964843750000E+00    0.8964712024211884E+00    0.8038310612626356E+00    0.2661865146365017E-03
    0.5500000000000000E+01   -0.2736392675781250E+01    0.7488859167766571E+01   -0.9509243652343750E+00    0.9509243652343750E+00    0.9042994401216506E+00    0.8179102678179568E+00    0.2657196018844843E-03
    0.5437500000000000E+01   -0.2755848144531250E+01    0.7595628131961822E+01   -0.9547675781250000E+00    0.9547675781250000E+00    0.9116192831039429E+00    0.8311886897708096E+00    0.2653625560924411E-03
    0.5375000000000000E+01   -0.2775360449218750E+01    0.7703480694293976E+01   -0.9586077148437500E+00    0.9586077148437500E+00    0.9189631406784058E+00    0.8446195041967572E+00    0.2652038529049605E-03
    0.5312500000000000E+01   -0.2792378027343750E+01    0.7798136512660980E+01   -0.9619354980468749E+00    0.9619354980468749E+00    0.9253498793363572E+00    0.8563832361465978E+00    0.2649810921866447E-03
    0.5250000000000000E+01   -0.2810022949218750E+01    0.7896918795108795E+01   -0.9653643066406250E+00    0.9653643066406250E+00    0.9319549341917038E+00    0.8686393465155734E+00    0.2645538188517094E-03
    0.5187500000000000E+01   -0.2825702148437500E+01    0.7985231068611145E+01   -0.9683741210937500E+00    0.9683741210937500E+00    0.9377726192474365E+00    0.8795080718734811E+00    0.2642333856783807E-03
    0.5125000000000000E+01   -0.2840456933593750E+01    0.8068787544918059E+01   -0.9711772460937500E+00    0.9711772460937500E+00    0.9432074275970459E+00    0.8897238637853565E+00    0.2640533493831754E-03
    0.5062500000000000E+01   -0.2854030371093750E+01    0.8146019725131989E+01   -0.9737372558593750E+00    0.9737372558593750E+00    0.9481838384389877E+00    0.8991268198041192E+00    0.2637268044054508E-03
    0.5000000000000000E+01   -0.2867282128906250E+01    0.8221771284580230E+01   -0.9762122558593750E+00    0.9762122558593750E+00    0.9530071971178055E+00    0.9082867936876527E+00    0.2636108256410807E-03
    0.4937500000000000E+01   -0.2879330273437500E+01    0.8290972743225097E+01   -0.9784531738281250E+00    0.9784531738281250E+00    0.9573858616590500E+00    0.9166460329429339E+00    0.2633483964018524E-03
    0.4875000000000000E+01   -0.2890646875000000E+01    0.8356221812820435E+01   -0.9805514160156250E+00    0.9805514160156250E+00    0.9614944775819778E+00    0.9245231066704684E+00    0.2631622191984206E-03
    0.4812500000000000E+01   -0.2901278320312500E+01    0.8417763160896301E+01   -0.9825079101562501E+00    0.9825079101562501E+00    0.9653338856220245E+00    0.9319161547380349E+00    0.2629821829032153E-03
    0.4750000000000000E+01   -0.2911785449218750E+01    0.8478796573925019E+01   -0.9844306152343750E+00    0.9844306152343750E+00    0.9691139715433120E+00    0.9392219200137683E+00    0.2627105568535626E-03
    0.4687500000000000E+01   -0.2920593066406250E+01    0.8530139310550689E+01   -0.9860351074218749E+00    0.9860351074218749E+00    0.9722745180368424E+00    0.9453538171016309E+00    0.2626098576001823E-03
    0.4625000000000000E+01   -0.2929274707031250E+01    0.8580897600841523E+01   -0.9876016113281250E+00    0.9876016113281250E+00    0.9753652562379838E+00    0.9513697890268844E+00    0.2625579945743084E-03
    0.4562500000000000E+01   -0.2936942675781250E+01    0.8625844973278046E+01   -0.9889768066406250E+00    0.9889768066406250E+00    0.9780821493387223E+00    0.9566721557136125E+00    0.2622924803290516E-03
    0.4500000000000000E+01   -0.2943991210937500E+01    0.8667275038337708E+01   -0.9902397460937500E+00    0.9902397460937500E+00    0.9805809894084930E+00    0.9615635138584199E+00    0.2624542103148997E-03
    0.4437500000000000E+01   -0.2950689257812500E+01    0.8706732027244568E+01   -0.9914319335937500E+00    0.9914319335937500E+00    0.9829426056385040E+00    0.9661970922671704E+00    0.2621917810756713E-03
    0.4375000000000000E+01   -0.2956496875000000E+01    0.8741013970947266E+01   -0.9924601562499999E+00    0.9924601562499999E+00    0.9849816468238830E+00    0.9702065029771023E+00    0.2618163998704404E-03
    0.4312500000000000E+01   -0.2961736914062500E+01    0.8772010592079162E+01   -0.9933867675781251E+00    0.9933867675781251E+00    0.9868212229490280E+00    0.9738317186931843E+00    0.2616699202917516E-03
    0.4250000000000000E+01   -0.2966745507812500E+01    0.8801684971046448E+01   -0.9942635253906250E+00    0.9942635253906250E+00    0.9885633049726487E+00    0.9772706342247109E+00    0.2620391896925867E-03
    0.4187500000000000E+01   -0.2971081445312500E+01    0.8827417057609559E+01   -0.9950289062500000E+00    0.9950289062500000E+00    0.9900853827953339E+00    0.9802803789653223E+00    0.2615722769405693E-03
    0.4125000000000000E+01   -0.2975065429687500E+01    0.8851096815109253E+01   -0.9957220214843751E+00    0.9957220214843751E+00    0.9914648944139480E+00    0.9830127439524419E+00    0.2614898548927158E-03
    0.4062500000000000E+01   -0.2978742871093750E+01    0.8872977069950103E+01   -0.9963630859375000E+00    0.9963630859375000E+00    0.9927414721965789E+00    0.9855438580929500E+00    0.2615234407130629E-03
    0.4000000000000000E+01   -0.2981633203125000E+01    0.8890196060180664E+01   -0.9968626464843749E+00    0.9968626464843749E+00    0.9937369423151017E+00    0.9875202860528786E+00    0.2613952674437314E-03
    0.3937500000000000E+01   -0.2984554980468750E+01    0.8907616653919220E+01   -0.9973648925781250E+00    0.9973648925781250E+00    0.9947381898641586E+00    0.9895098759844634E+00    0.2641357423271984E-03
    0.3875000000000000E+01   -0.2987146191406250E+01    0.8923082745456696E+01   -0.9978131835937500E+00    0.9978131835937500E+00    0.9956323572158814E+00    0.9912885982674150E+00    0.2612975949887186E-03
    0.3812500000000000E+01   -0.2989301367187500E+01    0.8935955867004395E+01   -0.9981840332031250E+00    0.9981840332031250E+00    0.9963723480939866E+00    0.9927617751902280E+00    0.2613220131024718E-03
    0.3750000000000000E+01   -0.2990925781250000E+01    0.8945665460968018E+01   -0.9984604492187500E+00    0.9984604492187500E+00    0.9969241110324860E+00    0.9938610403169980E+00    0.2612732059787959E-03
    0.3687500000000000E+01   -0.2992669335937500E+01    0.8956092710876465E+01   -0.9987583496093750E+00    0.9987583496093750E+00    0.9975189179182052E+00    0.9950466912340504E+00    0.2619323786348104E-03
    0.3625000000000000E+01   -0.2994062011718750E+01    0.8964425461101532E+01   -0.9989963378906250E+00    0.9989963378906250E+00    0.9979942126035690E+00    0.9959945609354982E+00    0.2613220131024718E-03
    0.3562500000000000E+01   -0.2995283300781250E+01    0.8971736593532562E+01   -0.9992035644531250E+00    0.9992035644531250E+00    0.9984081862211227E+00    0.9968205947242397E+00    0.2612243697512895E-03
    0.3500000000000000E+01   -0.2996135839843750E+01    0.8976842099475860E+01   -0.9993479980468750E+00    0.9993479980468750E+00    0.9986967738866807E+00    0.9973966542537368E+00    0.2610961964819580E-03
    0.3437500000000000E+01   -0.2997020410156250E+01    0.8982140164089202E+01   -0.9994982910156250E+00    0.9994982910156250E+00    0.9989970882177353E+00    0.9979961986304771E+00    0.2611389209050685E-03
    0.3375000000000000E+01   -0.2997620800781250E+01    0.8985737522411346E+01   -0.9995994628906250E+00    0.9995994628906250E+00    0.9991992894887924E+00    0.9984000321282616E+00    0.2612609823700041E-03
    0.3312500000000000E+01   -0.2998186621093750E+01    0.8989128349781037E+01   -0.9996956054687500E+00    0.9996956054687500E+00    0.9993914558410645E+00    0.9987838903070453E+00    0.2615783596411347E-03
    0.3250000000000000E+01   -0.2998655566406250E+01    0.8991939305782319E+01   -0.9997742675781250E+00    0.9997742675781250E+00    0.9995487029790878E+00    0.9990980766379361E+00    0.2610351657494903E-03
    0.3187500000000000E+01   -0.2998968457031250E+01    0.8993814886569977E+01   -0.9998271484375000E+00    0.9998271484375000E+00    0.9996544140338898E+00    0.9993092963239923E+00    0.2610717783682048E-03
    0.3125000000000000E+01   -0.2999243457031250E+01    0.8995463664340972E+01   -0.9998731445312500E+00    0.9998731445312500E+00    0.9997463718414307E+00    0.9994930745415866E+00    0.2609985240269452E-03
    0.3062500000000000E+01   -0.2999443847656250E+01    0.8996665014553070E+01   -0.9999068359375000E+00    0.9999068359375000E+00    0.9998137264728546E+00    0.9996276711899054E+00    0.2612304815556854E-03
    0.3000000000000000E+01   -0.2999610058593750E+01    0.8997661639881134E+01   -0.9999348144531250E+00    0.9999348144531250E+00    0.9998696650743485E+00    0.9997394747326697E+00    0.2620361337903887E-03
    0.2937500000000000E+01   -0.2999712402343750E+01    0.8998275336551666E+01   -0.9999519042968750E+00    0.9999519042968750E+00    0.9999038345098495E+00    0.9998077726237053E+00    0.2662719634827226E-03
    0.2875000000000000E+01   -0.2999833691406250E+01    0.8999002700138092E+01   -0.9999722167968750E+00    0.9999722167968750E+00    0.9999444490671158E+00    0.9998889599886305E+00    0.2608032082207501E-03
    0.2812500000000000E+01   -0.2999877636718750E+01    0.8999266202068329E+01   -0.9999795898437500E+00    0.9999795898437500E+00    0.9999591903209686E+00    0.9999184231521576E+00    0.2607482892926782E-03
    0.2750000000000000E+01   -0.2999917578125000E+01    0.8999505713844300E+01   -0.9999862304687500E+00    0.9999862304687500E+00    0.9999724678039551E+00    0.9999449630597610E+00    0.2608276263345033E-03
    0.2687500000000000E+01   -0.2999951367187500E+01    0.8999708347320556E+01   -0.9999918945312500E+00    0.9999918945312500E+00    0.9999837930679322E+00    0.9999676021495836E+00    0.2609314105939120E-03
    0.2625000000000000E+01   -0.2999971289062500E+01    0.8999827821922302E+01   -0.9999952148437500E+00    0.9999952148437500E+00    0.9999904321193696E+00    0.9999808739610951E+00    0.2619323786348104E-03
    0.2562500000000000E+01   -0.2999975683593750E+01    0.8999854176235200E+01   -0.9999959472656250E+00    0.9999959472656250E+00    0.9999918966054916E+00    0.9999838015035261E+00    0.2611023082863539E-03
    0.2500000000000000E+01   -0.2999994433593750E+01    0.8999966617870331E+01   -0.9999990722656250E+00    0.9999990722656250E+00    0.9999981449842453E+00    0.9999962917795870E+00    0.2633056719787419E-03
    0.2437500000000000E+01   -0.2999997070312500E+01    0.8999982430458068E+01   -0.9999995117187500E+00    0.9999995117187500E+00    0.9999990236759185E+00    0.9999980483050458E+00    0.2668029919732362E-03
    0.2375000000000000E+01   -0.2999996777343750E+01    0.8999980673503876E+01   -0.9999994628906250E+00    0.9999994628906250E+00    0.9999989260435105E+00    0.9999978531355503E+00    0.2608032082207501E-03
    0.2312500000000000E+01   -0.2999997363281250E+01    0.8999984187412261E+01   -0.9999995605468750E+00    0.9999995605468750E+00    0.9999991213083267E+00    0.9999982434745412E+00    0.2610229421406984E-03
    0.2250000000000000E+01   -0.3000000000000000E+01    0.9000000000000000E+01   -0.1000000000000000E+01    0.1000000000000000E+01    0.1000000000000000E+01    0.1000000000000000E+01    0.2878479135688394E-03
    0.2187500000000000E+01   -0.3000000000000000E+01    0.9000000000000000E+01   -0.1000000000000000E+01    0.1000000000000000E+01    0.1000000000000000E+01    0.1000000000000000E+01    0.4913757438771427E-03
    0.2125000000000000E+01   -0.3000000000000000E+01    0.9000000000000000E+01   -0.1000000000000000E+01    0.1000000000000000E+01    0.1000000000000000E+01    0.1000000000000000E+01    0.3246765118092299E-03
    0.2062500000000000E+01   -0.3000000000000000E+01    0.9000000000000000E+01   -0.1000000000000000E+01    0.1000000000000000E+01    0.1000000000000000E+01    0.1000000000000000E+01    0.3212829469703138E-03
    0.2000000000000000E+01   -0.3000000000000000E+01    0.9000000000000000E+01   -0.1000000000000000E+01    0.1000000000000000E+01    0.1000000000000000E+01    0.1000000000000000E+01    0.3213195886928588E-03
    0.1937500000000000E+01   -0.3000000000000000E+01    0.9000000000000000E+01   -0.1000000000000000E+01    0.1000000000000000E+01    0.1000000000000000E+01    0.1000000000000000E+01    0.3217529156245291E-03
    0.1875000000000000E+01   -0.3000000000000000E+01    0.9000000000000000E+01   -0.1000000000000000E+01    0.1000000000000000E+01    0.1000000000000000E+01    0.1000000000000000E+01    0.3213500895071775E-03
    0.1812500000000000E+01   -0.3000000000000000E+01    0.9000000000000000E+01   -0.1000000000000000E+01    0.1000000000000000E+01    0.1000000000000000E+01    0.1000000000000000E+01    0.3224548418074846E-03
    0.1750000000000000E+01   -0.3000000000000000E+01    0.9000000000000000E+01   -0.1000000000000000E+01    0.1000000000000000E+01    0.1000000000000000E+01    0.1000000000000000E+01    0.3289367596153170E-03
    0.1687500000000000E+01   -0.3000000000000000E+01    0.9000000000000000E+01   -0.1000000000000000E+01    0.1000000000000000E+01    0.1000000000000000E+01    0.1000000000000000E+01    0.3255554183851928E-03
    0.1625000000000000E+01   -0.3000000000000000E+01    0.9000000000000000E+01   -0.1000000000000000E+01    0.1000000000000000E+01    0.1000000000000000E+01    0.1000000000000000E+01    0.3218200581613928E-03
    0.1562500000000000E+01   -0.3000000000000000E+01    0.9000000000000000E+01   -0.1000000000000000E+01    0.1000000000000000E+01    0.1000000000000000E+01    0.1000000000000000E+01    0.2732421853579581E-03
    0.1500000000000000E+01   -0.3000000000000000E+01    0.9000000000000000E+01   -0.1000000000000000E+01    0.1000000000000000E+01    0.1000000000000000E+01    0.1000000000000000E+01    0.2612365642562509E-03
    0.1437500000000000E+01   -0.3000000000000000E+01    0.9000000000000000E+01   -0.1000000000000000E+01    0.1000000000000000E+01    0.1000000000000000E+01    0.1000000000000000E+01    0.2609924413263798E-03
    0.1375000000000000E+01   -0.3000000000000000E+01    0.9000000000000000E+01   -0.1000000000000000E+01    0.1000000000000000E+01    0.1000000000000000E+01    0.1000000000000000E+01    0.2608276263345033E-03
    0.1312500000000000E+01   -0.3000000000000000E+01    0.9000000000000000E+01   -0.1000000000000000E+01    0.1000000000000000E+01    0.1000000000000000E+01    0.1000000000000000E+01    0.2615173289086670E-03
    0.1250000000000000E+01   -0.3000000000000000E+01    0.9000000000000000E+01   -0.1000000000000000E+01    0.1000000000000000E+01    0.1000000000000000E+01    0.1000000000000000E+01    0.4546386771835387E-03
    0.1187500000000000E+01   -0.3000000000000000E+01    0.9000000000000000E+01   -0.1000000000000000E+01    0.1000000000000000E+01    0.1000000000000000E+01    0.1000000000000000E+01    0.3578491159714758E-03
    0.1125000000000000E+01   -0.3000000000000000E+01    0.9000000000000000E+01   -0.1000000000000000E+01    0.1000000000000000E+01    0.1000000000000000E+01    0.1000000000000000E+01    0.3213623131159693E-03
    0.1062500000000000E+01   -0.3000000000000000E+01    0.9000000000000000E+01   -0.1000000000000000E+01    0.1000000000000000E+01    0.1000000000000000E+01    0.1000000000000000E+01    0.3214721800759435E-03
    0.1000000000000000E+01   -0.3000000000000000E+01    0.9000000000000000E+01   -0.1000000000000000E+01    0.1000000000000000E+01    0.1000000000000000E+01    0.1000000000000000E+01    0.3214843745809048E-03
    0.9375000000000000E+00   -0.3000000000000000E+01    0.9000000000000000E+01   -0.1000000000000000E+01    0.1000000000000000E+01    0.1000000000000000E+01    0.1000000000000000E+01    0.3213378950022161E-03
