# seed =   10
# samp = 10000
    0.1493750000000000E+02   -0.2214000000000000E+00    0.8237656250000000E-01    0.3406250000000000E-03    0.1263406250000000E+00    0.2527314453125000E-01    0.1889056110382080E-02    0.4438199994183378E-05
    0.1487500000000000E+02   -0.2190187500000000E+00    0.8071210937499999E-01   -0.2196875000000000E-02    0.1271093750000000E+00    0.2530458984375000E-01    0.1856735515594482E-02    0.4472399723454146E-05
    0.1481250000000000E+02   -0.2185125000000000E+00    0.7999296875000000E-01   -0.7518750000000000E-02    0.1258062500000000E+00    0.2485429687500000E-01    0.1806349182128906E-02    0.4346799869381357E-05
    0.1475000000000000E+02   -0.2198687500000000E+00    0.8173007812499999E-01    0.2825000000000000E-02    0.1278437500000000E+00    0.2565312500000000E-01    0.1902505493164062E-02    0.4329301191319246E-05
    0.1468750000000000E+02   -0.2250000000000000E+00    0.8369453125000000E-01   -0.1978125000000000E-02    0.1278218750000000E+00    0.2552666015625000E-01    0.1873721408843994E-02    0.4436100880411686E-05
    0.1462500000000000E+02   -0.2260375000000000E+00    0.8446328124999999E-01    0.1825000000000000E-02    0.1280875000000000E+00    0.2551523437500000E-01    0.1879435729980469E-02    0.4366099801700329E-05
    0.1456250000000000E+02   -0.2267187500000000E+00    0.8525195312500000E-01    0.2731250000000000E-02    0.1272812500000000E+00    0.2557187500000000E-01    0.1938834381103516E-02    0.4348099082562840E-05
    0.1450000000000000E+02   -0.2291562500000000E+00    0.8616523437500000E-01   -0.1562500000000000E-03    0.1285875000000000E+00    0.2608300781250000E-01    0.2023711967468262E-02    0.4352599262347212E-05
    0.1443750000000000E+02   -0.2286937500000000E+00    0.8462695312500000E-01    0.4937500000000000E-02    0.1285187500000000E+00    0.2588828125000000E-01    0.1936161041259766E-02    0.4363199877843726E-05
    0.1437500000000000E+02   -0.2297812500000000E+00    0.8636992187500001E-01   -0.3850000000000000E-02    0.1291625000000000E+00    0.2629804687500000E-01    0.2028761672973633E-02    0.4358798378234496E-05
    0.1431250000000000E+02   -0.2299875000000000E+00    0.8533046875000000E-01    0.1271875000000000E-02    0.1298593750000000E+00    0.2642021484375000E-01    0.2026521205902100E-02    0.4355496002972359E-05
    0.1425000000000000E+02   -0.2316000000000000E+00    0.8748281250000001E-01    0.1040625000000000E-02    0.1286781250000000E+00    0.2627861328125000E-01    0.2025199604034424E-02    0.4330903266236419E-05
    0.1418750000000000E+02   -0.2326937500000000E+00    0.8743164062500000E-01    0.1193750000000000E-02    0.1276937500000000E+00    0.2581738281250000E-01    0.1976051139831543E-02    0.4339098722994095E-05
    0.1412500000000000E+02   -0.2326625000000000E+00    0.8679765624999999E-01   -0.2487500000000000E-02    0.1292062500000000E+00    0.2616523437500000E-01    0.1980618286132812E-02    0.4352897576609394E-05
    0.1406250000000000E+02   -0.2293375000000000E+00    0.8582968750000000E-01    0.1696875000000000E-02    0.1269906250000000E+00    0.2529833984375000E-01    0.1872473049163818E-02    0.4344099579611793E-05
    0.1400000000000000E+02   -0.2334062500000000E+00    0.8702773437500000E-01   -0.7156250000000000E-03    0.1281468750000000E+00    0.2592509765625000E-01    0.1994498920440674E-02    0.4347801223048009E-05
    0.1393750000000000E+02   -0.2368312500000000E+00    0.8996132812500000E-01   -0.1950000000000000E-02    0.1294312500000000E+00    0.2643144531250000E-01    0.2065324211120605E-02    0.4327499937062385E-05
    0.1387500000000000E+02   -0.2372687500000000E+00    0.8970195312500000E-01   -0.4462500000000000E-02    0.1322625000000000E+00    0.2748691406250000E-01    0.2201744270324707E-02    0.4329502644395689E-05
    0.1381250000000000E+02   -0.2411687500000000E+00    0.9069570312500000E-01   -0.1275000000000000E-02    0.1304437500000000E+00    0.2668144531250000E-01    0.2075163078308105E-02    0.4383999112178572E-05
    0.1375000000000000E+02   -0.2419187500000000E+00    0.9275273437500001E-01   -0.3734375000000000E-02    0.1309718750000000E+00    0.2703544921875000E-01    0.2139137935638428E-02    0.4455596354091540E-05
    0.1368750000000000E+02   -0.2393562500000000E+00    0.9118632812499999E-01   -0.5359375000000000E-02    0.1303343750000000E+00    0.2663388671875000E-01    0.2061498165130615E-02    0.4346502009866526E-05
    0.1362500000000000E+02   -0.2399875000000000E+00    0.9128906250000000E-01   -0.2365625000000000E-02    0.1320968750000000E+00    0.2723916015625000E-01    0.2125007724761963E-02    0.4333597644290421E-05
    0.1356250000000000E+02   -0.2440562500000000E+00    0.9339414062500000E-01    0.4231250000000000E-02    0.1305562500000000E+00    0.2671796875000000E-01    0.2071653366088867E-02    0.4348993115854682E-05
    0.1350000000000000E+02   -0.2443750000000000E+00    0.9302343750000000E-01   -0.1690625000000000E-02    0.1332031250000000E+00    0.2766552734375000E-01    0.2206551265716553E-02    0.4362797881185543E-05
    0.1343750000000000E+02   -0.2484125000000000E+00    0.9527421875000000E-01   -0.5375000000000000E-03    0.1310937500000000E+00    0.2701621093750000E-01    0.2133841133117676E-02    0.4544997409539064E-05
    0.1337500000000000E+02   -0.2463312500000000E+00    0.9404414062499999E-01   -0.1175000000000000E-02    0.1308937500000000E+00    0.2730429687500000E-01    0.2200079345703125E-02    0.4556500698527088E-05
    0.1331250000000000E+02   -0.2486437500000000E+00    0.9563945312500000E-01   -0.5468750000000001E-03    0.1321406250000000E+00    0.2737685546875000E-01    0.2196884059906006E-02    0.5077195055491757E-05
    0.1325000000000000E+02   -0.2453312500000000E+00    0.9350742187500000E-01    0.7968749999999999E-03    0.1321718750000000E+00    0.2716494140625000E-01    0.2102089405059814E-02    0.4444599198905053E-05
    0.1318750000000000E+02   -0.2520500000000000E+00    0.9765312499999999E-01   -0.2921875000000000E-02    0.1315218750000000E+00    0.2715244140625000E-01    0.2202321720123291E-02    0.4380202426546020E-05
    0.1312500000000000E+02   -0.2519375000000000E+00    0.9610078125000000E-01   -0.5000000000000000E-03    0.1324750000000000E+00    0.2743125000000000E-01    0.2164770126342773E-02    0.4373800948087592E-05
    0.1306250000000000E+02   -0.2532812500000000E+00    0.9815039062500000E-01    0.4140625000000000E-02    0.1332343750000000E+00    0.2773212890625000E-01    0.2196465396881103E-02    0.4352796167950146E-05
    0.1300000000000000E+02   -0.2517187500000000E+00    0.9666289062500000E-01    0.4000000000000000E-02    0.1334687500000000E+00    0.2800507812500000E-01    0.2291033554077148E-02    0.4364490450825542E-05
    0.1293750000000000E+02   -0.2544562500000000E+00    0.9872070312500000E-01    0.1628125000000000E-02    0.1321906250000000E+00    0.2753466796875000E-01    0.2266714382171631E-02    0.4331100171839353E-05
    0.1287500000000000E+02   -0.2596375000000000E+00    0.1010390625000000E+00    0.3287500000000000E-02    0.1340687500000000E+00    0.2804296875000000E-01    0.2232233047485352E-02    0.4362499566923361E-05
    0.1281250000000000E+02   -0.2557312500000000E+00    0.9975898437500000E-01   -0.6403125000000000E-02    0.1344593750000000E+00    0.2853798828125000E-01    0.2415709781646729E-02    0.4342806278145872E-05
    0.1275000000000000E+02   -0.2591312500000000E+00    0.1021855468750000E+00    0.2671875000000000E-02    0.1339218750000000E+00    0.2828876953125000E-01    0.2375983142852783E-02    0.4326105226937216E-05
    0.1268750000000000E+02   -0.2561937500000000E+00    0.9949726562500000E-01   -0.3440625000000000E-02    0.1315531250000000E+00    0.2715537109375000E-01    0.2150337505340576E-02    0.4362702384241857E-05
    0.1262500000000000E+02   -0.2600250000000000E+00    0.1024375000000000E+00   -0.3190625000000000E-02    0.1332281250000000E+00    0.2808056640625000E-01    0.2320528888702393E-02    0.4337811333243735E-05
    0.1256250000000000E+02   -0.2599500000000000E+00    0.1013289062500000E+00    0.1440625000000000E-02    0.1357093750000000E+00    0.2865869140625000E-01    0.2380593585968017E-02    0.4329109287937172E-05
    0.1250000000000000E+02   -0.2647937500000000E+00    0.1037714843750000E+00   -0.1828125000000000E-02    0.1321906250000000E+00    0.2753134765625000E-01    0.2253415393829346E-02    0.4363799234852195E-05
    0.1243750000000000E+02   -0.2695125000000000E+00    0.1065625000000000E+00   -0.2615625000000000E-02    0.1342343750000000E+00    0.2844033203125000E-01    0.2429219150543213E-02    0.4340994564699940E-05
    0.1237500000000000E+02   -0.2675062500000000E+00    0.1054074218750000E+00    0.3584375000000000E-02    0.1363843750000000E+00    0.2892919921875000E-01    0.2407438945770264E-02    0.4346299192548031E-05
    0.1231250000000000E+02   -0.2709000000000000E+00    0.1082609375000000E+00    0.3612500000000000E-02    0.1364437500000000E+00    0.2913554687500000E-01    0.2492549896240235E-02    0.4513502062764019E-05
    0.1225000000000000E+02   -0.2714500000000000E+00    0.1084539062500000E+00   -0.4028125000000000E-02    0.1366468750000000E+00    0.2925380859375000E-01    0.2500858211517334E-02    0.4772507963934913E-05
    0.1218750000000000E+02   -0.2719437500000000E+00    0.1069878906250000E+00   -0.5203125000000000E-02    0.1370593750000000E+00    0.2917197265625000E-01    0.2402373981475830E-02    0.4414391696627717E-05
    0.1212500000000000E+02   -0.2714500000000000E+00    0.1071109375000000E+00    0.5996875000000000E-02    0.1366093750000000E+00    0.2949794921875000E-01    0.2594891262054443E-02    0.4373001956992084E-05
    0.1206250000000000E+02   -0.2794125000000000E+00    0.1120984375000000E+00    0.8412500000000000E-02    0.1370125000000000E+00    0.2952402343750000E-01    0.2548113822937012E-02    0.4323196208133595E-05
    0.1200000000000000E+02   -0.2765562500000000E+00    0.1105613281250000E+00   -0.4218750000000000E-03    0.1372281250000000E+00    0.2953369140625000E-01    0.2522718524932861E-02    0.4426908617460867E-05
    0.1193750000000000E+02   -0.2835937500000000E+00    0.1144988281250000E+00    0.2828125000000000E-02    0.1394656250000000E+00    0.3060244140625000E-01    0.2721963596343994E-02    0.4482412350625964E-05
    0.1187500000000000E+02   -0.2797500000000000E+00    0.1126921875000000E+00    0.7659375000000000E-02    0.1378031250000000E+00    0.2978115234375000E-01    0.2627731990814209E-02    0.4337382506491849E-05
    0.1181250000000000E+02   -0.2822125000000000E+00    0.1141882812500000E+00   -0.2681250000000000E-02    0.1375625000000000E+00    0.2967851562500000E-01    0.2593783569335937E-02    0.4341101430327399E-05
    0.1175000000000000E+02   -0.2838125000000000E+00    0.1150250000000000E+00   -0.4500000000000000E-03    0.1391937500000000E+00    0.3025410156250000E-01    0.2656223869323730E-02    0.4348087259131717E-05
    0.1168750000000000E+02   -0.2901187500000000E+00    0.1188238281250000E+00    0.3000000000000000E-02    0.1419250000000000E+00    0.3135156250000000E-01    0.2805180740356445E-02    0.4339790393714793E-05
    0.1162500000000000E+02   -0.2906437500000000E+00    0.1185996093750000E+00    0.3062500000000000E-03    0.1378937500000000E+00    0.2975742187500000E-01    0.2577994537353516E-02    0.4359483682492282E-05
    0.1156250000000000E+02   -0.2899187500000000E+00    0.1186722656250000E+00    0.4068750000000000E-02    0.1387812500000000E+00    0.3015175781250000E-01    0.2649321556091308E-02    0.4339194219937781E-05
    0.1150000000000000E+02   -0.2910000000000000E+00    0.1194437500000000E+00   -0.7687500000000000E-03    0.1385312500000000E+00    0.3015195312500000E-01    0.2615911865234375E-02    0.4333090600994183E-05
    0.1143750000000000E+02   -0.2935812500000000E+00    0.1201667968750000E+00    0.4218750000000000E-02    0.1397250000000000E+00    0.3059687500000000E-01    0.2743027877807617E-02    0.4322600489103934E-05
    0.1137500000000000E+02   -0.2912125000000000E+00    0.1198125000000000E+00    0.2031250000000000E-02    0.1430062500000000E+00    0.3158046875000000E-01    0.2787374114990234E-02    0.4322194854466943E-05
    0.1131250000000000E+02   -0.2957750000000000E+00    0.1225351562500000E+00   -0.4771875000000000E-02    0.1398593750000000E+00    0.3056240234375000E-01    0.2698912715911865E-02    0.4327392616687575E-05
    0.1125000000000000E+02   -0.2925000000000000E+00    0.1199796875000000E+00   -0.1000000000000000E-02    0.1393750000000000E+00    0.3014589843750000E-01    0.2554319572448731E-02    0.4378986432129750E-05
    0.1118750000000000E+02   -0.2986687500000000E+00    0.1229394531250000E+00   -0.1033437500000000E-01    0.1409093750000000E+00    0.3106396484375000E-01    0.2763975811004639E-02    0.4309320502215996E-05
    0.1112500000000000E+02   -0.3016750000000000E+00    0.1249093750000000E+00   -0.3250000000000000E-03    0.1390875000000000E+00    0.3039394531250000E-01    0.2698032951354980E-02    0.4324984729464632E-05
    0.1106250000000000E+02   -0.3044250000000000E+00    0.1281070312500000E+00   -0.2053125000000000E-02    0.1438468750000000E+00    0.3217314453125000E-01    0.2957946872711181E-02    0.4336094661994139E-05
    0.1100000000000000E+02   -0.3057062500000000E+00    0.1274519531250000E+00   -0.1843750000000000E-02    0.1435062500000000E+00    0.3206464843750000E-01    0.2888633918762207E-02    0.4331398031354183E-05
    0.1093750000000000E+02   -0.3080062500000000E+00    0.1292910156250000E+00   -0.4284375000000000E-02    0.1437906250000000E+00    0.3209716796875000E-01    0.2924556636810303E-02    0.4339408860687399E-05
    0.1087500000000000E+02   -0.3069375000000000E+00    0.1294750000000000E+00    0.2181250000000000E-02    0.1441500000000000E+00    0.3235312500000000E-01    0.3025812149047851E-02    0.4344701665104367E-05
    0.1081250000000000E+02   -0.3090937500000000E+00    0.1307332031250000E+00    0.3559375000000000E-02    0.1408593750000000E+00    0.3081591796875000E-01    0.2736027431488037E-02    0.4303216883272398E-05
    0.1075000000000000E+02   -0.3133625000000000E+00    0.1328250000000000E+00    0.5187500000000000E-03    0.1460437500000000E+00    0.3293242187500000E-01    0.3026884841918945E-02    0.4343295131548075E-05
    0.1068750000000000E+02   -0.3174125000000000E+00    0.1366859375000000E+00    0.6750000000000000E-03    0.1429250000000000E+00    0.3206464843750000E-01    0.2973506736755371E-02    0.4347991762188030E-05
    0.1062500000000000E+02   -0.3213562500000000E+00    0.1386667968750000E+00    0.1187500000000000E-02    0.1447875000000000E+00    0.3257246093750000E-01    0.3103754615783691E-02    0.4311585598770762E-05
    0.1056250000000000E+02   -0.3219187500000000E+00    0.1391863281250000E+00   -0.1762500000000000E-02    0.1462562500000000E+00    0.3312539062500000E-01    0.3095542144775391E-02    0.4327488113631262E-05
    0.1050000000000000E+02   -0.3219812500000000E+00    0.1391816406250000E+00    0.6084375000000000E-02    0.1441843750000000E+00    0.3299794921875000E-01    0.3236705303192139E-02    0.4347991762188030E-05
    0.1043750000000000E+02   -0.3223812500000000E+00    0.1385261718750000E+00   -0.1471875000000000E-02    0.1453406250000000E+00    0.3296806640625000E-01    0.3172196674346924E-02    0.4301786248106509E-05
    0.1037500000000000E+02   -0.3265937500000000E+00    0.1419136718750000E+00    0.3559375000000000E-02    0.1449531250000000E+00    0.3287236328125000E-01    0.3180671405792236E-02    0.4357003945187898E-05
    0.1031250000000000E+02   -0.3282500000000000E+00    0.1443414062500000E+00   -0.3165625000000000E-02    0.1464781250000000E+00    0.3345673828125000E-01    0.3199989795684814E-02    0.4329180683271261E-05
    0.1025000000000000E+02   -0.3324750000000000E+00    0.1462632812500000E+00    0.6003125000000000E-02    0.1484156250000000E+00    0.3440966796875000E-01    0.3426839351654053E-02    0.4348301899881335E-05
    0.1018750000000000E+02   -0.3332187500000000E+00    0.1461066406250000E+00    0.6375000000000000E-03    0.1499875000000000E+00    0.3502246093750000E-01    0.3522360801696778E-02    0.4340910891187377E-05
    0.1012500000000000E+02   -0.3370062500000000E+00    0.1494214843750000E+00    0.2843750000000000E-02    0.1477187500000000E+00    0.3422968750000000E-01    0.3374218750000000E-02    0.4344010449131019E-05
    0.1006250000000000E+02   -0.3374812500000000E+00    0.1494496093750000E+00   -0.9271875000000001E-02    0.1485468750000000E+00    0.3463564453125000E-01    0.3453014087677002E-02    0.4403209459269419E-05
    0.1000000000000000E+02   -0.3406250000000000E+00    0.1518695312500000E+00    0.8278125000000001E-02    0.1487468750000000E+00    0.3482294921875000E-01    0.3532766628265381E-02    0.4341101430327399E-05
    0.9937500000000000E+01   -0.3438250000000000E+00    0.1539328125000000E+00    0.1315625000000000E-02    0.1511718750000000E+00    0.3586533203125000E-01    0.3706742572784424E-02    0.4318022547522560E-05
    0.9875000000000000E+01   -0.3490312500000000E+00    0.1574621093750000E+00    0.9437500000000000E-03    0.1509687500000000E+00    0.3557871093750000E-01    0.3595761680603027E-02    0.4305100446799770E-05
    0.9812500000000000E+01   -0.3477187500000000E+00    0.1566902343750000E+00    0.2628125000000000E-02    0.1518406250000000E+00    0.3578466796875000E-01    0.3613479137420654E-02    0.4547095159068704E-05
    0.9750000000000000E+01   -0.3460875000000000E+00    0.1552984375000000E+00   -0.4312500000000000E-03    0.1469000000000000E+00    0.3381347656250000E-01    0.3331902885437012E-02    0.4721808636531932E-05
    0.9687500000000000E+01   -0.3532125000000000E+00    0.1602500000000000E+00   -0.4081250000000000E-02    0.1503750000000000E+00    0.3532480468750000E-01    0.3588165473937988E-02    0.4373001956992084E-05
    0.9625000000000000E+01   -0.3526812500000000E+00    0.1613261718750000E+00   -0.6437500000000000E-03    0.1498187500000000E+00    0.3499335937500000E-01    0.3552988815307617E-02    0.4361200353741879E-05
    0.9562500000000000E+01   -0.3590937500000000E+00    0.1662449218750000E+00   -0.3500000000000000E-03    0.1556250000000000E+00    0.3796777343750000E-01    0.4178548240661622E-02    0.4343700311437715E-05
    0.9500000000000000E+01   -0.3525937500000000E+00    0.1597277343750000E+00    0.2821875000000000E-02    0.1486843750000000E+00    0.3492958984375000E-01    0.3582017421722412E-02    0.4563999027595855E-05
    0.9437500000000000E+01   -0.3611250000000000E+00    0.1660007812500000E+00   -0.9000000000000000E-03    0.1539250000000000E+00    0.3663242187500000E-01    0.3711149215698242E-02    0.4375386197352782E-05
    0.9375000000000000E+01   -0.3676125000000000E+00    0.1703078125000000E+00   -0.3768750000000000E-02    0.1565000000000000E+00    0.3810878906250000E-01    0.4120041847229004E-02    0.4341411568020703E-05
    0.9312500000000000E+01   -0.3662562500000000E+00    0.1697269531250000E+00    0.6812500000000000E-03    0.1535000000000000E+00    0.3681523437500000E-01    0.3843854904174805E-02    0.4303622063162038E-05
    0.9250000000000000E+01   -0.3744625000000000E+00    0.1767929687500000E+00   -0.1784375000000000E-02    0.1563718750000000E+00    0.3806748046875000E-01    0.4094610500335693E-02    0.4337215614214074E-05
    0.9187500000000000E+01   -0.3802875000000000E+00    0.1825406250000000E+00    0.4406250000000000E-03    0.1610281250000000E+00    0.4030732421875000E-01    0.4711149883270264E-02    0.4334402092354139E-05
    0.9125000000000000E+01   -0.3775250000000000E+00    0.1801007812500000E+00    0.2575000000000000E-02    0.1564687500000000E+00    0.3841113281250000E-01    0.4262274742126465E-02    0.4326295766077237E-05
    0.9062500000000000E+01   -0.3839750000000000E+00    0.1855359375000000E+00   -0.2834375000000000E-02    0.1574343750000000E+00    0.3893193359375000E-01    0.4366830730438233E-02    0.4354810698714573E-05
    0.9000000000000000E+01   -0.3859937500000000E+00    0.1859222656250000E+00    0.5446875000000000E-02    0.1605406250000000E+00    0.4028759765625000E-01    0.4697944736480713E-02    0.4331684067437891E-05
    0.8937500000000000E+01   -0.3878125000000000E+00    0.1883093750000000E+00    0.7737500000000000E-02    0.1568937500000000E+00    0.3889843750000000E-01    0.4554039382934571E-02    0.4345083198131761E-05
    0.8875000000000000E+01   -0.3891625000000000E+00    0.1890546875000000E+00    0.5500000000000000E-02    0.1596812500000000E+00    0.3978613281250000E-01    0.4476720237731934E-02    0.4329204784880858E-05
    0.8812500000000000E+01   -0.3975687500000000E+00    0.1950371093750000E+00    0.8015625000000000E-02    0.1622781250000000E+00    0.4094931640625000E-01    0.4747036075592041E-02    0.4325961981521687E-05
    0.8750000000000000E+01   -0.3942500000000000E+00    0.1926484375000000E+00    0.5656250000000000E-03    0.1617781250000000E+00    0.4064951171875000E-01    0.4739971828460693E-02    0.4320192147133639E-05
    0.8687500000000000E+01   -0.3988750000000000E+00    0.1961539062500000E+00    0.1231250000000000E-02    0.1614062500000000E+00    0.4028730468750000E-01    0.4515240669250489E-02    0.4297685791243566E-05
    0.8625000000000000E+01   -0.4026375000000000E+00    0.1992882812500000E+00   -0.7353125000000000E-02    0.1619531250000000E+00    0.4100263671875000E-01    0.4791143321990967E-02    0.4334926416049711E-05
    0.8562500000000000E+01   -0.4015750000000000E+00    0.1984617187500000E+00   -0.7096875000000000E-02    0.1633531250000000E+00    0.4115830078125000E-01    0.4766771793365479E-02    0.4334116056270432E-05
    0.8500000000000000E+01   -0.4081062500000000E+00    0.2046347656250000E+00   -0.6750000000000000E-02    0.1651312500000000E+00    0.4238554687500000E-01    0.4975190734863281E-02    0.4298829935578397E-05
    0.8437500000000000E+01   -0.4183250000000000E+00    0.2128742187500000E+00    0.1237500000000000E-02    0.1684937500000000E+00    0.4392617187500000E-01    0.5425657272338867E-02    0.4296684437576914E-05
    0.8375000000000000E+01   -0.4152875000000000E+00    0.2119882812500000E+00   -0.4200000000000000E-02    0.1691750000000000E+00    0.4428945312500000E-01    0.5529298400878907E-02    0.4301023636799073E-05
    0.8312500000000000E+01   -0.4188812500000000E+00    0.2129402343750000E+00    0.1437500000000000E-02    0.1692437500000000E+00    0.4461933593750000E-01    0.5683615684509278E-02    0.4308986717660446E-05
    0.8250000000000000E+01   -0.4238875000000000E+00    0.2182992187500000E+00   -0.3325000000000000E-02    0.1651125000000000E+00    0.4258125000000000E-01    0.5311484527587891E-02    0.4523563347902382E-05
    0.8187500000000000E+01   -0.4266062500000000E+00    0.2193988281250000E+00   -0.1250000000000000E-03    0.1714187500000000E+00    0.4506699218750000E-01    0.5564226341247558E-02    0.4466104655875824E-05
    0.8125000000000000E+01   -0.4353312500000000E+00    0.2271816406250000E+00   -0.6806250000000000E-02    0.1701500000000000E+00    0.4479550781250000E-01    0.5645486640930176E-02    0.4287290721549653E-05
    0.8062500000000000E+01   -0.4407062500000000E+00    0.2337699218750000E+00   -0.4475000000000000E-02    0.1745750000000000E+00    0.4750312500000000E-01    0.6422714996337891E-02    0.4304838057578309E-05
    0.8000000000000000E+01   -0.4409562500000000E+00    0.2327144531250000E+00   -0.3837500000000000E-02    0.1727250000000000E+00    0.4622792968750000E-01    0.5886221504211426E-02    0.4317093043937348E-05
    0.7937500000000000E+01   -0.4466125000000000E+00    0.2383070312500000E+00    0.3062500000000000E-03    0.1768750000000000E+00    0.4825019531250000E-01    0.6426545906066895E-02    0.4289674961910350E-05
    0.7875000000000000E+01   -0.4428375000000000E+00    0.2345179687500000E+00    0.4315625000000000E-02    0.1722281250000000E+00    0.4613505859375000E-01    0.5982760143280029E-02    0.4295396593079204E-05
    0.7812500000000000E+01   -0.4523687500000000E+00    0.2436355468750000E+00    0.6884375000000000E-02    0.1742156250000000E+00    0.4675693359375000E-01    0.6122770214080811E-02    0.4522132712736493E-05
    0.7750000000000000E+01   -0.4544062500000000E+00    0.2444871093750000E+00    0.2218750000000000E-02    0.1722062500000000E+00    0.4566015625000000E-01    0.5772416305541993E-02    0.4343986347521422E-05
    0.7687500000000000E+01   -0.4602187500000000E+00    0.2503371093750000E+00    0.4684375000000000E-02    0.1750906250000000E+00    0.4802119140625000E-01    0.6595225620269775E-02    0.4285812337911921E-05
    0.7625000000000000E+01   -0.4652375000000000E+00    0.2562156250000000E+00   -0.1534375000000000E-02    0.1784781250000000E+00    0.4960947265625000E-01    0.6985882663726807E-02    0.4299402462493163E-05
    0.7562500000000000E+01   -0.4736875000000000E+00    0.2640742187500000E+00    0.1281250000000000E-03    0.1806281250000000E+00    0.5057197265625000E-01    0.7272622776031495E-02    0.4306793016439769E-05
    0.7500000000000000E+01   -0.4780562500000000E+00    0.2694457031250000E+00   -0.4621875000000000E-02    0.1800093750000000E+00    0.5044697265625000E-01    0.7309188175201416E-02    0.4395103587739868E-05
    0.7437500000000000E+01   -0.4825250000000000E+00    0.2743828125000000E+00    0.2759375000000000E-02    0.1861281250000000E+00    0.5352138671875000E-01    0.7928766155242919E-02    0.4511737643042579E-05
    0.7375000000000000E+01   -0.4908000000000000E+00    0.2809296875000000E+00    0.7668750000000000E-02    0.1835062500000000E+00    0.5216894531250000E-01    0.7556917762756347E-02    0.4356717909104191E-05
    0.7312500000000000E+01   -0.4925375000000000E+00    0.2835593750000000E+00    0.1343750000000000E-02    0.1858562500000000E+00    0.5315175781250000E-01    0.7928532218933106E-02    0.4366636403574375E-05
    0.7250000000000000E+01   -0.4941562500000000E+00    0.2836691406250000E+00   -0.2731250000000000E-02    0.1863562500000000E+00    0.5341835937500000E-01    0.7727615737915039E-02    0.4281282599549741E-05
    0.7187500000000000E+01   -0.4994250000000000E+00    0.2897656250000000E+00    0.3609375000000000E-02    0.1881718750000000E+00    0.5434580078125000E-01    0.8145584201812744E-02    0.4296397946745856E-05
    0.7125000000000000E+01   -0.5182687499999999E+00    0.3108714843750000E+00    0.2612500000000000E-02    0.1985875000000000E+00    0.6048906250000000E-01    0.1004125137329102E-01    0.4264020844857441E-05
    0.7062500000000000E+01   -0.5167625000000000E+00    0.3085710937500000E+00   -0.1146875000000000E-02    0.1922093750000000E+00    0.5755126953125000E-01    0.9294955921173095E-02    0.4264926701580407E-05
    0.7000000000000000E+01   -0.5185312500000000E+00    0.3100144531250000E+00    0.1181250000000000E-02    0.1906125000000000E+00    0.5614882812500000E-01    0.8889100646972656E-02    0.4287147476134123E-05
    0.6937500000000000E+01   -0.5254312500000000E+00    0.3187996093750000E+00    0.4106250000000000E-02    0.1987250000000000E+00    0.6065097656250000E-01    0.1012816600799561E-01    0.4307174549467163E-05
    0.6875000000000000E+01   -0.5332625000000000E+00    0.3274007812500000E+00   -0.1003125000000000E-02    0.2010593750000000E+00    0.6198798828125000E-01    0.1051987886428833E-01    0.4258680291968631E-05
    0.6812500000000000E+01   -0.5462750000000000E+00    0.3397898437500000E+00    0.1210312500000000E-01    0.2080343750000000E+00    0.6582822265625000E-01    0.1145576868057251E-01    0.4244041519996244E-05
    0.6750000000000000E+01   -0.5490250000000000E+00    0.3444257812500000E+00   -0.1512500000000000E-02    0.1999937500000000E+00    0.6201855468750000E-01    0.1056443881988525E-01    0.4267692474968499E-05
    0.6687500000000000E+01   -0.5533812500000000E+00    0.3500550781250000E+00   -0.3750000000000000E-03    0.2054000000000000E+00    0.6480664062499999E-01    0.1151465225219727E-01    0.4222392817609943E-05
    0.6625000000000000E+01   -0.5629125000000000E+00    0.3625375000000000E+00    0.1739062500000000E-01    0.2121593750000000E+00    0.6975166015625001E-01    0.1337876977920532E-01    0.4229688784107566E-05
    0.6562500000000000E+01   -0.5621187500000000E+00    0.3606261718750000E+00    0.1427500000000000E-01    0.2098125000000000E+00    0.6753007812500000E-01    0.1227620849609375E-01    0.4242801878717728E-05
    0.6500000000000000E+01   -0.5790937500000000E+00    0.3804050781250000E+00    0.5625000000000000E-04    0.2166062500000000E+00    0.7185917968750000E-01    0.1363000469207764E-01    0.4248380719218403E-05
    0.6437500000000000E+01   -0.5855187500000000E+00    0.3897097656250000E+00   -0.8328125000000000E-02    0.2210843750000000E+00    0.7392333984375000E-01    0.1451181592941284E-01    0.4231691491440870E-05
    0.6375000000000000E+01   -0.5931000000000000E+00    0.3957640625000000E+00   -0.1677500000000000E-01    0.2262625000000000E+00    0.7783144531250000E-01    0.1580426692962646E-01    0.4212713065498974E-05
    0.6312500000000000E+01   -0.5966062500000000E+00    0.4020457031250000E+00    0.1468750000000000E-02    0.2208500000000000E+00    0.7478476562500000E-01    0.1510297775268555E-01    0.4223299129080260E-05
    0.6250000000000000E+01   -0.6026062500000000E+00    0.4090425781250000E+00    0.1065625000000000E-02    0.2255031250000000E+00    0.7727236328125001E-01    0.1571918458938599E-01    0.4201793672109488E-05
    0.6187500000000000E+01   -0.6150375000000000E+00    0.4263414062500000E+00   -0.2500000000000000E-02    0.2356000000000000E+00    0.8401308593750000E-01    0.1827379779815674E-01    0.4226923010719474E-05
    0.6125000000000000E+01   -0.6286937500000001E+00    0.4433582031250000E+00    0.1289375000000000E-01    0.2364937500000000E+00    0.8474453125000000E-01    0.1878234596252441E-01    0.4200887815386523E-05
    0.6062500000000000E+01   -0.6364937500000000E+00    0.4512660156250000E+00   -0.1787500000000000E-02    0.2406562500000000E+00    0.8669433593750001E-01    0.1863895130157471E-01    0.4221296421746956E-05
    0.6000000000000000E+01   -0.6378500000000000E+00    0.4560046875000000E+00   -0.1306250000000000E-01    0.2427562500000000E+00    0.8839648437500000E-01    0.1979356689453125E-01    0.4182672455499414E-05
    0.5937500000000000E+01   -0.6542500000000000E+00    0.4775742187500000E+00    0.1071562500000000E-01    0.2456281250000000E+00    0.9097626953125000E-01    0.2136297807693481E-01    0.4181623353360919E-05
    0.5875000000000000E+01   -0.6607125000000000E+00    0.4849453125000000E+00    0.1520937500000000E-01    0.2417781250000000E+00    0.8816357421875000E-01    0.2009653921127319E-01    0.4178190010861726E-05
    0.5812500000000000E+01   -0.6768312500000000E+00    0.5084066406250000E+00   -0.1721875000000000E-02    0.2563906250000000E+00    0.9799404296875000E-01    0.2406504087448120E-01    0.4146718765696278E-05
    0.5750000000000000E+01   -0.6896687500000001E+00    0.5272152343750000E+00   -0.8937500000000000E-03    0.2603312500000000E+00    0.1016847656250000E+00    0.2580707015991211E-01    0.4155016085860552E-05
    0.5687500000000000E+01   -0.6954375000000000E+00    0.5379796875000000E+00    0.6521875000000000E-02    0.2675031250000000E+00    0.1076149414062500E+00    0.2925108880996704E-01    0.4151821030973224E-05
    0.5625000000000000E+01   -0.7076249999999999E+00    0.5545164062500000E+00    0.5568750000000000E-02    0.2662812500000000E+00    0.1067052734375000E+00    0.2864059658050537E-01    0.4130983143113554E-05
    0.5562500000000000E+01   -0.7282687500000000E+00    0.5885542968750000E+00   -0.2366562500000000E-01    0.2847218750000000E+00    0.1194893554687500E+00    0.3438685255050659E-01    0.4132079993723892E-05
    0.5500000000000000E+01   -0.7380000000000000E+00    0.6021757812500000E+00   -0.3430937500000000E-01    0.2817718750000000E+00    0.1184124023437500E+00    0.3414067525863648E-01    0.4138803433306748E-05
    0.5437500000000000E+01   -0.7610562500000000E+00    0.6401292968750000E+00   -0.2450000000000000E-01    0.2985125000000000E+00    0.1315681640625000E+00    0.4173566608428955E-01    0.4139518750889692E-05
    0.5375000000000000E+01   -0.7744500000000000E+00    0.6632578125000000E+00    0.1865625000000000E-02    0.3053968750000000E+00    0.1372754882812500E+00    0.4517789926528930E-01    0.4110097961529391E-05
    0.5312500000000000E+01   -0.7912562500000000E+00    0.6944566406250000E+00   -0.4731875000000000E-01    0.3209750000000000E+00    0.1502109375000000E+00    0.5237850952148437E-01    0.4091692062502261E-05
    0.5250000000000000E+01   -0.8033187500000000E+00    0.7105597656250000E+00    0.5375000000000000E-02    0.3228875000000000E+00    0.1502542968750000E+00    0.5132889289855957E-01    0.4083871772309067E-05
    0.5187500000000000E+01   -0.8288125000000000E+00    0.7608843749999999E+00    0.1363125000000000E-01    0.3444750000000000E+00    0.1702181640625000E+00    0.6422297382354736E-01    0.4079389782418730E-05
    0.5125000000000000E+01   -0.8318187500000001E+00    0.7579613281249999E+00   -0.3375000000000000E-03    0.3318062500000000E+00    0.1587546875000000E+00    0.5682018432617188E-01    0.4077291578141740E-05
    0.5062500000000000E+01   -0.8617500000000000E+00    0.8187007812500000E+00    0.9093750000000000E-03    0.3612406250000000E+00    0.1847678710937500E+00    0.7245136709213257E-01    0.4062509560753824E-05
    0.5000000000000000E+01   -0.8846562500000000E+00    0.8571714843750000E+00   -0.4025000000000000E-02    0.3721875000000000E+00    0.1929267578125000E+00    0.7658643131256103E-01    0.4041576175950468E-05
    0.4937500000000000E+01   -0.8992750000000000E+00    0.8876593750000000E+00    0.8040624999999999E-02    0.3814218750000000E+00    0.2020536132812500E+00    0.8329834451675415E-01    0.4059219463670161E-05
    0.4875000000000000E+01   -0.9321812500000000E+00    0.9515558593750000E+00   -0.9718750000000000E-03    0.4025281250000000E+00    0.2223165039062500E+00    0.9682604379653931E-01    0.4056882971781306E-05
    0.4812500000000000E+01   -0.9639812500000000E+00    0.1018083203125000E+01   -0.8062500000000000E-03    0.4214625000000000E+00    0.2407029296875000E+00    0.1106905710220337E+00    0.3982591806561686E-05
    0.4750000000000000E+01   -0.9927125000000000E+00    0.1078580468750000E+01   -0.4406250000000000E-03    0.4416531250000000E+00    0.2607024414062500E+00    0.1257768116950989E+00    0.4009103577118367E-05
    0.4687500000000000E+01   -0.1031862500000000E+01    0.1158200000000000E+01   -0.5810312500000000E-01    0.4751968750000000E+00    0.2914756835937500E+00    0.1453637705802917E+00    0.3996419764007442E-05
    0.4625000000000000E+01   -0.1056693750000000E+01    0.1216472265625000E+01    0.1798750000000000E-01    0.4885312500000000E+00    0.3056455078125000E+00    0.1585893682479858E+00    0.3959131390729453E-05
    0.4562500000000000E+01   -0.1096556250000000E+01    0.1306365234375000E+01   -0.1388218750000000E+00    0.5108093750000000E+00    0.3326680664062500E+00    0.1832440026283264E+00    0.3984165232395753E-05
    0.4500000000000000E+01   -0.1121131250000000E+01    0.1362866015625000E+01    0.3816250000000000E-01    0.5274125000000000E+00    0.3483187500000000E+00    0.1943205757141113E+00    0.3926992576452903E-05
    0.4437500000000000E+01   -0.1160168750000000E+01    0.1453256640625000E+01    0.4593437500000000E-01    0.5574906250000000E+00    0.3805745117187500E+00    0.2207087000846863E+00    0.3932666913897265E-05
    0.4375000000000000E+01   -0.1203962500000000E+01    0.1558633593750000E+01   -0.6334375000000000E-01    0.5775125000000000E+00    0.4067951171875000E+00    0.2478785131454468E+00    0.3922366886399686E-05
    0.4312500000000000E+01   -0.1270156250000000E+01    0.1735952734375000E+01   -0.1027937500000000E+00    0.6241062500000000E+00    0.4633781250000000E+00    0.3043515678405762E+00    0.3886985723511316E-05
    0.4250000000000000E+01   -0.1309706250000000E+01    0.1831391015625000E+01    0.1312250000000000E+00    0.6525875000000000E+00    0.4931343750000000E+00    0.3281351257324219E+00    0.3832817128568422E-05
    0.4187500000000000E+01   -0.1353893750000000E+01    0.1948828515625000E+01   -0.1428781250000000E+00    0.6786218750000000E+00    0.5251874023437501E+00    0.3626692164421081E+00    0.3840923454845324E-05
    0.4125000000000000E+01   -0.1426168750000000E+01    0.2139573046875000E+01   -0.2543750000000000E-02    0.7292625000000000E+00    0.5851316406250000E+00    0.4211526058197022E+00    0.3811407168541336E-05
    0.4062500000000000E+01   -0.1461743750000000E+01    0.2243058203125000E+01    0.2242500000000000E-01    0.7480375000000000E+00    0.6124621093750000E+00    0.4539735561370850E+00    0.3779888174904045E-05
    0.4000000000000000E+01   -0.1508587500000000E+01    0.2374650781250000E+01    0.2234281250000000E+00    0.7745593750000000E+00    0.6482268554687500E+00    0.4951544157981873E+00    0.3753423698071856E-05
    0.3937500000000000E+01   -0.1576725000000000E+01    0.2576419531250000E+01   -0.2813625000000000E+00    0.8161437499999999E+00    0.7048617187500000E+00    0.5612718223571778E+00    0.3764915391002432E-05
    0.3875000000000000E+01   -0.1613100000000000E+01    0.2678269531250000E+01   -0.3940625000000000E+00    0.8402875000000000E+00    0.7347636718750000E+00    0.5932295074462891E+00    0.3731298420461826E-05
    0.3812500000000000E+01   -0.1684443750000000E+01    0.2901595703125000E+01    0.4807437500000000E+00    0.8778187500000000E+00    0.7903439453125000E+00    0.6657010606765748E+00    0.3690624225782813E-05
    0.3750000000000000E+01   -0.1701262500000000E+01    0.2955825781250000E+01    0.2666312500000000E+00    0.8851125000000000E+00    0.8023779296875000E+00    0.6832902292251587E+00    0.3708887106768088E-05
    0.3687500000000000E+01   -0.1752500000000000E+01    0.3121936718750000E+01    0.1472437500000000E+00    0.9075687500000000E+00    0.8383859375000000E+00    0.7351266090393066E+00    0.3673171931950492E-05
    0.3625000000000000E+01   -0.1765850000000000E+01    0.3170727343750000E+01   -0.3595718750000000E+00    0.9101843750000000E+00    0.8458161132812499E+00    0.7501403035163879E+00    0.3643417358034640E-05
    0.3562500000000000E+01   -0.1801850000000000E+01    0.3285139843750000E+01   -0.1001250000000000E-01    0.9310437499999999E+00    0.8756568359375000E+00    0.7884981927871704E+00    0.3649091695479001E-05
    0.3500000000000000E+01   -0.1835643750000000E+01    0.3401658984375000E+01    0.9433156250000000E+00    0.9435468750000000E+00    0.8982225585937500E+00    0.8250996577262878E+00    0.3649234713520855E-05
    0.3437500000000000E+01   -0.1854943750000000E+01    0.3467163671875000E+01    0.9509250000000000E+00    0.9510687500000000E+00    0.9106458984375000E+00    0.8440594682693482E+00    0.3619098606577609E-05
    0.3375000000000000E+01   -0.1879981250000000E+01    0.3556527734375000E+01    0.9608125000000000E+00    0.9608125000000000E+00    0.9273302734375000E+00    0.8715279485702515E+00    0.3619670906118699E-05
    0.3312500000000000E+01   -0.1894481250000000E+01    0.3607118359375000E+01    0.9666156250000000E+00    0.9666156250000000E+00    0.9371916992187500E+00    0.8870754477500915E+00    0.3628254034993006E-05
    0.3250000000000000E+01   -0.1909093750000000E+01    0.3658785546875000E+01    0.9727000000000000E+00    0.9727000000000000E+00    0.9478359374999999E+00    0.9041436275482178E+00    0.3629970478868927E-05
    0.3187500000000000E+01   -0.1923300000000000E+01    0.3711782812500000E+01    0.9770062500000000E+00    0.9770062500000000E+00    0.9561003906250000E+00    0.9193970825195312E+00    0.3591632776078768E-05
    0.3125000000000000E+01   -0.1929612500000000E+01    0.3736599218750000E+01    0.9778000000000000E+00    0.9778000000000000E+00    0.9584812500000000E+00    0.9253175548553467E+00    0.3592395842133556E-05
    0.3062500000000000E+01   -0.1944337500000000E+01    0.3789395312500000E+01    0.9836437500000000E+00    0.9836437500000000E+00    0.9685531250000000E+00    0.9415754261016845E+00    0.3614425622799899E-05
    0.3000000000000000E+01   -0.1954200000000000E+01    0.3826601562500000E+01    0.9862187500000000E+00    0.9862187500000000E+00    0.9736753906250000E+00    0.9514771038055420E+00    0.3566741952454322E-05
    0.2937500000000000E+01   -0.1961618750000000E+01    0.3853995703125000E+01    0.9888312500000001E+00    0.9888312500000001E+00    0.9784423828125000E+00    0.9596796483993530E+00    0.3583621946745552E-05
    0.2875000000000000E+01   -0.1967150000000000E+01    0.3875002343750000E+01    0.9904906250000000E+00    0.9904906250000000E+00    0.9816618164062501E+00    0.9657203953742981E+00    0.3581619239412248E-05
    0.2812500000000000E+01   -0.1976300000000000E+01    0.3909342968750000E+01    0.9932656250000000E+00    0.9932656250000000E+00    0.9869401367187500E+00    0.9753649165153503E+00    0.3578376663426752E-05
    0.2750000000000000E+01   -0.1980412500000000E+01    0.3924952343750000E+01    0.9945531250000000E+00    0.9945531250000000E+00    0.9893977539062500E+00    0.9798756695747376E+00    0.3581810005925945E-05
    0.2687500000000000E+01   -0.1985437500000000E+01    0.3944023437500000E+01    0.9960156250000000E+00    0.9960156250000000E+00    0.9922305664062500E+00    0.9851996903419494E+00    0.3598880766730872E-05
    0.2625000000000000E+01   -0.1988437500000000E+01    0.3955585937500000E+01    0.9967937500000000E+00    0.9967937500000000E+00    0.9937593750000000E+00    0.9881461051940919E+00    0.3600120635383064E-05
    0.2562500000000000E+01   -0.1991062500000000E+01    0.3965694531250000E+01    0.9975187500000000E+00    0.9975187500000000E+00    0.9951681640625000E+00    0.9908209020614624E+00    0.3569793761926121E-05
    0.2500000000000000E+01   -0.1992750000000000E+01    0.3972080468750000E+01    0.9980625000000000E+00    0.9980625000000000E+00    0.9962085937500000E+00    0.9927343139648438E+00    0.3570175067579839E-05
    0.2437500000000000E+01   -0.1994893750000000E+01    0.3980353515625000E+01    0.9986031250000000E+00    0.9986031250000000E+00    0.9972721679687500E+00    0.9947917037010193E+00    0.3592205075619859E-05
    0.2375000000000000E+01   -0.1996962500000000E+01    0.3988257031250000E+01    0.9992124999999999E+00    0.9992124999999999E+00    0.9984541015625000E+00    0.9970195566177368E+00    0.3565597580745816E-05
    0.2312500000000000E+01   -0.1997468750000000E+01    0.3990233984375000E+01    0.9993375000000000E+00    0.9993375000000000E+00    0.9987019531250000E+00    0.9975060867309571E+00    0.3548336053427192E-05
    0.2250000000000000E+01   -0.1998175000000000E+01    0.3992964843750000E+01    0.9995062500000000E+00    0.9995062500000000E+00    0.9990339843750000E+00    0.9981493446350098E+00    0.3597259592424962E-05
    0.2187500000000000E+01   -0.1998856250000000E+01    0.3995574609375000E+01    0.9997062500000000E+00    0.9997062500000000E+00    0.9994228515625000E+00    0.9988854696273803E+00    0.3592205075619859E-05
    0.2125000000000000E+01   -0.1999218750000000E+01    0.3996973828125000E+01    0.9998031250000000E+00    0.9998031250000000E+00    0.9996125976562500E+00    0.9992497509956360E+00    0.3558731123121106E-05
    0.2062500000000000E+01   -0.1999468750000000E+01    0.3997944921875000E+01    0.9998625000000000E+00    0.9998625000000000E+00    0.9997298828125000E+00    0.9994785482406616E+00    0.3565692850315827E-05
    0.2000000000000000E+01   -0.1999606250000000E+01    0.3998475390625000E+01    0.9999000000000000E+00    0.9999000000000000E+00    0.9998033203125000E+00    0.9996194623947143E+00    0.3583145144148148E-05
    0.1937500000000000E+01   -0.1999962500000000E+01    0.3999854687500000E+01    0.9999906250000000E+00    0.9999906250000000E+00    0.9999815429687500E+00    0.9999642214775085E+00    0.3601837079258985E-05
    0.1875000000000000E+01   -0.1999987500000000E+01    0.3999951562500000E+01    0.9999968750000000E+00    0.9999968750000000E+00    0.9999938476562500E+00    0.9999880738258362E+00    0.3545761046552798E-05
    0.1812500000000000E+01   -0.1999975000000000E+01    0.3999903125000000E+01    0.9999937500000000E+00    0.9999937500000000E+00    0.9999876953125000E+00    0.9999761476516723E+00    0.3588294930523261E-05
    0.1750000000000000E+01   -0.2000000000000000E+01    0.4000000000000000E+01    0.1000000000000000E+01    0.1000000000000000E+01    0.1000000000000000E+01    0.1000000000000000E+01    0.3592491111703566E-05
    0.1687500000000000E+01   -0.2000000000000000E+01    0.4000000000000000E+01    0.1000000000000000E+01    0.1000000000000000E+01    0.1000000000000000E+01    0.1000000000000000E+01    0.3601551043175277E-05
    0.1625000000000000E+01   -0.2000000000000000E+01    0.4000000000000000E+01    0.1000000000000000E+01    0.1000000000000000E+01    0.1000000000000000E+01    0.1000000000000000E+01    0.3578853693397832E-05
    0.1562500000000000E+01   -0.2000000000000000E+01    0.4000000000000000E+01    0.1000000000000000E+01    0.1000000000000000E+01    0.1000000000000000E+01    0.1000000000000000E+01    0.3592014309106162E-05
    0.1500000000000000E+01   -0.2000000000000000E+01    0.4000000000000000E+01    0.1000000000000000E+01    0.1000000000000000E+01    0.1000000000000000E+01    0.1000000000000000E+01    0.3565597580745816E-05
    0.1437500000000000E+01   -0.2000000000000000E+01    0.4000000000000000E+01    0.1000000000000000E+01    0.1000000000000000E+01    0.1000000000000000E+01    0.1000000000000000E+01    0.3547382448232383E-05
    0.1375000000000000E+01   -0.2000000000000000E+01    0.4000000000000000E+01    0.1000000000000000E+01    0.1000000000000000E+01    0.1000000000000000E+01    0.1000000000000000E+01    0.3582477575037046E-05
    0.1312500000000000E+01   -0.2000000000000000E+01    0.4000000000000000E+01    0.1000000000000000E+01    0.1000000000000000E+01    0.1000000000000000E+01    0.1000000000000000E+01    0.3597927161536063E-05
    0.1250000000000000E+01   -0.2000000000000000E+01    0.4000000000000000E+01    0.1000000000000000E+01    0.1000000000000000E+01    0.1000000000000000E+01    0.1000000000000000E+01    0.3562831807357725E-05
    0.1187500000000000E+01   -0.2000000000000000E+01    0.4000000000000000E+01    0.1000000000000000E+01    0.1000000000000000E+01    0.1000000000000000E+01    0.1000000000000000E+01    0.3569221462385030E-05
    0.1125000000000000E+01   -0.2000000000000000E+01    0.4000000000000000E+01    0.1000000000000000E+01    0.1000000000000000E+01    0.1000000000000000E+01    0.1000000000000000E+01    0.3582668341550743E-05
    0.1062500000000000E+01   -0.2000000000000000E+01    0.4000000000000000E+01    0.1000000000000000E+01    0.1000000000000000E+01    0.1000000000000000E+01    0.1000000000000000E+01    0.3573322373995325E-05
    0.1000000000000000E+01   -0.2000000000000000E+01    0.4000000000000000E+01    0.1000000000000000E+01    0.1000000000000000E+01    0.1000000000000000E+01    0.1000000000000000E+01    0.3587722858355846E-05
    0.9375000000000000E+00   -0.2000000000000000E+01    0.4000000000000000E+01    0.1000000000000000E+01    0.1000000000000000E+01    0.1000000000000000E+01    0.1000000000000000E+01    0.3579807298592641E-05
