# seed =   10
# samp = 10000
    0.1493750000000000E+02   -0.2248250000000000E+00    0.1872437500000000E+00    0.2600000000000000E-02    0.2533500000000000E+00    0.1013281250000000E+00    0.2788686523437500E-01    0.1176200044028519E-05
    0.1487500000000000E+02   -0.2264750000000000E+00    0.1882187500000000E+00   -0.4537500000000000E-02    0.2566875000000000E+00    0.1032140625000000E+00    0.2832561035156250E-01    0.1216599684994435E-05
    0.1481250000000000E+02   -0.2238500000000000E+00    0.1893500000000000E+00   -0.1250000000000000E-04    0.2572875000000000E+00    0.1031953125000000E+00    0.2858225097656250E-01    0.1141099687629321E-05
    0.1475000000000000E+02   -0.2325000000000000E+00    0.1877875000000000E+00    0.1491250000000000E-01    0.2574875000000000E+00    0.1027109375000000E+00    0.2815485839843750E-01    0.1132100123868440E-05
    0.1468750000000000E+02   -0.2263500000000000E+00    0.1886125000000000E+00   -0.1762500000000000E-02    0.2575625000000000E+00    0.1035328125000000E+00    0.2851867675781250E-01    0.1124599521062919E-05
    0.1462500000000000E+02   -0.2244000000000000E+00    0.1899000000000000E+00    0.4375000000000000E-03    0.2553125000000000E+00    0.1018984375000000E+00    0.2791892089843750E-01    0.1121500190492952E-05
    0.1456250000000000E+02   -0.2333750000000000E+00    0.1965312500000000E+00    0.8312500000000000E-02    0.2613875000000000E+00    0.1072328125000000E+00    0.3086047363281250E-01    0.1123400011238118E-05
    0.1450000000000000E+02   -0.2307750000000000E+00    0.1985062500000000E+00   -0.9987500000000000E-02    0.2571875000000000E+00    0.1043921875000000E+00    0.2985515136718750E-01    0.1135599632107187E-05
    0.1443750000000000E+02   -0.2281500000000000E+00    0.1885125000000000E+00    0.2800000000000000E-02    0.2591750000000000E+00    0.1039093750000000E+00    0.2843110351562500E-01    0.1120400384024833E-05
    0.1437500000000000E+02   -0.2411250000000000E+00    0.2058062500000000E+00    0.1200000000000000E-02    0.2606250000000000E+00    0.1072531250000000E+00    0.3181967773437500E-01    0.1124599521062919E-05
    0.1431250000000000E+02   -0.2418750000000000E+00    0.2048437500000000E+00   -0.8812499999999999E-02    0.2610625000000000E+00    0.1070953125000000E+00    0.3146770019531250E-01    0.1121600007536472E-05
    0.1425000000000000E+02   -0.2271250000000000E+00    0.1927937500000000E+00   -0.8925000000000001E-02    0.2561500000000000E+00    0.1029937500000000E+00    0.2903027343750000E-01    0.1124599521062919E-05
    0.1418750000000000E+02   -0.2340500000000000E+00    0.1914375000000000E+00   -0.5800000000000000E-02    0.2569000000000000E+00    0.1031968750000000E+00    0.2859663085937500E-01    0.1125799144574557E-05
    0.1412500000000000E+02   -0.2285000000000000E+00    0.1864750000000000E+00    0.2212500000000000E-02    0.2527125000000000E+00    0.1000703125000000E+00    0.2699621582031250E-01    0.1145400119639817E-05
    0.1406250000000000E+02   -0.2402250000000000E+00    0.2015062500000000E+00   -0.4062500000000000E-02    0.2585375000000000E+00    0.1054078125000000E+00    0.3051320800781250E-01    0.1204399723064853E-05
    0.1400000000000000E+02   -0.2371500000000000E+00    0.1920625000000000E+00    0.1712500000000000E-02    0.2559375000000000E+00    0.1037671875000000E+00    0.2950817871093750E-01    0.1127399514189165E-05
    0.1393750000000000E+02   -0.2387000000000000E+00    0.1992875000000000E+00    0.1225000000000000E-02    0.2609750000000000E+00    0.1065250000000000E+00    0.3062880859375000E-01    0.1131100930251705E-05
    0.1387500000000000E+02   -0.2404500000000000E+00    0.1956125000000000E+00   -0.5025000000000000E-02    0.2575500000000000E+00    0.1037968750000000E+00    0.2918168945312500E-01    0.1147100306297943E-05
    0.1381250000000000E+02   -0.2338250000000000E+00    0.1930312500000000E+00   -0.3125000000000000E-02    0.2599250000000000E+00    0.1051718750000000E+00    0.2929165039062500E-01    0.1125098719967355E-05
    0.1375000000000000E+02   -0.2388750000000000E+00    0.1974687500000000E+00    0.8050000000000000E-02    0.2608000000000000E+00    0.1058031250000000E+00    0.2986108398437500E-01    0.1175299303213251E-05
    0.1368750000000000E+02   -0.2397000000000000E+00    0.1965000000000000E+00    0.3862500000000000E-02    0.2595375000000000E+00    0.1054390625000000E+00    0.2952199707031250E-01    0.1148000364992185E-05
    0.1362500000000000E+02   -0.2448750000000000E+00    0.1984687500000000E+00   -0.6637500000000000E-02    0.2636375000000000E+00    0.1079140625000000E+00    0.3083625488281250E-01    0.1143699932981690E-05
    0.1356250000000000E+02   -0.2438750000000000E+00    0.1942187500000000E+00   -0.8937499999999999E-02    0.2613875000000000E+00    0.1064765625000000E+00    0.2990207519531250E-01    0.1126500933423813E-05
    0.1350000000000000E+02   -0.2459750000000000E+00    0.1988812500000000E+00   -0.5200000000000000E-02    0.2603250000000000E+00    0.1054312500000000E+00    0.2973134765625000E-01    0.1133400246544625E-05
    0.1343750000000000E+02   -0.2502000000000000E+00    0.2061750000000000E+00   -0.4600000000000000E-02    0.2629750000000000E+00    0.1086125000000000E+00    0.3189423828125000E-01    0.1135900561166636E-05
    0.1337500000000000E+02   -0.2419250000000000E+00    0.1944187500000000E+00    0.6137500000000000E-02    0.2590875000000000E+00    0.1042734375000000E+00    0.2902800292968750E-01    0.1129901420426904E-05
    0.1331250000000000E+02   -0.2507750000000000E+00    0.2086812500000000E+00    0.7500000000000000E-02    0.2614000000000000E+00    0.1076593750000000E+00    0.3194907226562500E-01    0.1124200252888841E-05
    0.1325000000000000E+02   -0.2528750000000000E+00    0.2064437500000000E+00    0.4887500000000000E-02    0.2693125000000000E+00    0.1120890625000000E+00    0.3280344238281250E-01    0.1158300051429251E-05
    0.1318750000000000E+02   -0.2532250000000000E+00    0.2046937500000000E+00   -0.3400000000000000E-02    0.2640000000000000E+00    0.1079187500000000E+00    0.3085449218750000E-01    0.1125699327531038E-05
    0.1312500000000000E+02   -0.2608000000000000E+00    0.2135125000000000E+00    0.5662500000000000E-02    0.2714375000000000E+00    0.1140109375000000E+00    0.3460651855468750E-01    0.1145401597568707E-05
    0.1306250000000000E+02   -0.2553500000000000E+00    0.2054125000000000E+00   -0.9950000000000001E-02    0.2625750000000000E+00    0.1079593750000000E+00    0.3169946289062500E-01    0.1146599629464617E-05
    0.1300000000000000E+02   -0.2638500000000000E+00    0.2192500000000000E+00    0.1862500000000000E-02    0.2698125000000000E+00    0.1135140625000000E+00    0.3451379394531250E-01    0.1123100560107559E-05
    0.1293750000000000E+02   -0.2560250000000000E+00    0.2113937500000000E+00   -0.7562500000000000E-02    0.2655125000000000E+00    0.1104078125000000E+00    0.3248391113281250E-01    0.1132199145104096E-05
    0.1287500000000000E+02   -0.2664500000000000E+00    0.2160375000000000E+00    0.5750000000000000E-02    0.2681500000000000E+00    0.1121593750000000E+00    0.3385483398437500E-01    0.1147997409134405E-05
    0.1281250000000000E+02   -0.2611500000000000E+00    0.2070625000000000E+00   -0.6712500000000000E-02    0.2674875000000000E+00    0.1104390625000000E+00    0.3193332519531250E-01    0.1126000256590487E-05
    0.1275000000000000E+02   -0.2657250000000000E+00    0.2144187500000000E+00    0.5500000000000000E-03    0.2683500000000000E+00    0.1121312500000000E+00    0.3323447265625000E-01    0.1154601591224491E-05
    0.1268750000000000E+02   -0.2640000000000000E+00    0.2158500000000000E+00    0.5075000000000000E-02    0.2682750000000000E+00    0.1125968750000000E+00    0.3389506835937500E-01    0.1120498723139463E-05
    0.1262500000000000E+02   -0.2743500000000000E+00    0.2247250000000000E+00   -0.6187500000000000E-02    0.2703125000000000E+00    0.1143859375000000E+00    0.3519333496093750E-01    0.1145198893937049E-05
    0.1256250000000000E+02   -0.2696000000000000E+00    0.2197375000000000E+00   -0.1196250000000000E-01    0.2724625000000000E+00    0.1153296875000000E+00    0.3511081542968750E-01    0.1138702032221772E-05
    0.1250000000000000E+02   -0.2693750000000000E+00    0.2165187500000000E+00    0.5050000000000000E-02    0.2698250000000000E+00    0.1137750000000000E+00    0.3405937500000000E-01    0.1150301045527158E-05
    0.1243750000000000E+02   -0.2699750000000000E+00    0.2167062500000000E+00   -0.2087500000000000E-02    0.2719125000000000E+00    0.1140109375000000E+00    0.3403317871093750E-01    0.1125398284784751E-05
    0.1237500000000000E+02   -0.2751500000000000E+00    0.2236000000000000E+00   -0.1150000000000000E-02    0.2748000000000000E+00    0.1171375000000000E+00    0.3607919921875000E-01    0.1133298837885377E-05
    0.1231250000000000E+02   -0.2761250000000000E+00    0.2211937500000000E+00   -0.4712500000000000E-02    0.2744125000000000E+00    0.1166046875000000E+00    0.3517556152343750E-01    0.1135802222052007E-05
    0.1225000000000000E+02   -0.2738250000000000E+00    0.2196437500000000E+00   -0.1102500000000000E-01    0.2735250000000000E+00    0.1154375000000000E+00    0.3466572265625000E-01    0.1139199753197317E-05
    0.1218750000000000E+02   -0.2771250000000000E+00    0.2202062500000000E+00    0.4075000000000000E-02    0.2736500000000000E+00    0.1157718750000000E+00    0.3469116210937500E-01    0.1123499828281638E-05
    0.1212500000000000E+02   -0.2842750000000000E+00    0.2237937500000000E+00    0.8800000000000001E-02    0.2732750000000000E+00    0.1155937500000000E+00    0.3506894531250000E-01    0.1138699076363991E-05
    0.1206250000000000E+02   -0.2760000000000000E+00    0.2208375000000000E+00   -0.8162500000000000E-02    0.2703125000000000E+00    0.1139390625000000E+00    0.3459572753906250E-01    0.1128900066760252E-05
    0.1200000000000000E+02   -0.2866750000000000E+00    0.2289812500000000E+00    0.7737500000000000E-02    0.2759875000000000E+00    0.1177390625000000E+00    0.3648615722656250E-01    0.1124298592003470E-05
    0.1193750000000000E+02   -0.2821750000000000E+00    0.2259562500000000E+00    0.7875000000000000E-03    0.2746875000000000E+00    0.1172109375000000E+00    0.3620895996093750E-01    0.1125800622503448E-05
    0.1187500000000000E+02   -0.2888250000000000E+00    0.2290562500000000E+00   -0.1090000000000000E-01    0.2789750000000000E+00    0.1198687500000000E+00    0.3724453125000000E-01    0.1144301904787426E-05
    0.1181250000000000E+02   -0.2808250000000000E+00    0.2273062500000000E+00    0.5350000000000000E-02    0.2724250000000000E+00    0.1167187500000000E+00    0.3650361328125000E-01    0.1121699824579991E-05
    0.1175000000000000E+02   -0.2967250000000000E+00    0.2413312500000000E+00    0.1392500000000000E-01    0.2808500000000000E+00    0.1223875000000000E+00    0.3967509765625000E-01    0.1149499439634383E-05
    0.1168750000000000E+02   -0.3005250000000000E+00    0.2369062500000000E+00    0.6287500000000000E-02    0.2791375000000000E+00    0.1196390625000000E+00    0.3744514160156250E-01    0.1154994947683008E-05
    0.1162500000000000E+02   -0.2911250000000000E+00    0.2334937500000000E+00   -0.2625000000000000E-02    0.2805000000000000E+00    0.1209812500000000E+00    0.3771835937500000E-01    0.1131796807385399E-05
    0.1156250000000000E+02   -0.3020500000000000E+00    0.2410500000000000E+00    0.1495000000000000E-01    0.2797000000000000E+00    0.1216406250000000E+00    0.3902709960937500E-01    0.1128596068156185E-05
    0.1150000000000000E+02   -0.2956750000000000E+00    0.2363312500000000E+00    0.2050000000000000E-02    0.2779250000000000E+00    0.1199562500000000E+00    0.3804394531250000E-01    0.1141500433732290E-05
    0.1143750000000000E+02   -0.3041250000000000E+00    0.2432562500000000E+00    0.1511250000000000E-01    0.2806875000000000E+00    0.1223390625000000E+00    0.3965500488281250E-01    0.1141899815593206E-05
    0.1137500000000000E+02   -0.2969750000000000E+00    0.2339062500000000E+00    0.5862500000000000E-02    0.2800625000000000E+00    0.1201046875000000E+00    0.3733083496093750E-01    0.1138800371336401E-05
    0.1131250000000000E+02   -0.3032250000000000E+00    0.2411062500000000E+00    0.4350000000000000E-02    0.2802500000000000E+00    0.1217468750000000E+00    0.3922446289062500E-01    0.1119399030358181E-05
    0.1125000000000000E+02   -0.3040750000000000E+00    0.2399687500000000E+00    0.1725000000000000E-02    0.2780750000000000E+00    0.1204406250000000E+00    0.3854340820312500E-01    0.1142197902481712E-05
    0.1118750000000000E+02   -0.3074750000000000E+00    0.2511062500000000E+00    0.1450000000000000E-02    0.2837750000000000E+00    0.1252937500000000E+00    0.4205107421875000E-01    0.1134496983468125E-05
    0.1112500000000000E+02   -0.3192500000000000E+00    0.2535875000000000E+00   -0.4612500000000000E-02    0.2867625000000000E+00    0.1264015625000000E+00    0.4118713378906250E-01    0.1149201352745877E-05
    0.1106250000000000E+02   -0.3103750000000000E+00    0.2442437500000000E+00   -0.1012500000000000E-02    0.2843375000000000E+00    0.1242515625000000E+00    0.4015070800781250E-01    0.1121103764489817E-05
    0.1100000000000000E+02   -0.3133750000000000E+00    0.2501187500000000E+00   -0.3712500000000000E-02    0.2867625000000000E+00    0.1258234375000000E+00    0.4069470214843750E-01    0.1138400989475485E-05
    0.1093750000000000E+02   -0.3088750000000000E+00    0.2435687500000000E+00   -0.2625000000000000E-02    0.2831000000000000E+00    0.1233937500000000E+00    0.3956777343750000E-01    0.1139098458224908E-05
    0.1087500000000000E+02   -0.3187750000000000E+00    0.2540937500000000E+00    0.1141250000000000E-01    0.2886375000000000E+00    0.1277796875000000E+00    0.4206296386718750E-01    0.1136797664003097E-05
    0.1081250000000000E+02   -0.3181750000000000E+00    0.2541937500000000E+00   -0.8625000000000000E-03    0.2872375000000000E+00    0.1269453125000000E+00    0.4213283691406250E-01    0.1139801725003053E-05
    0.1075000000000000E+02   -0.3226750000000000E+00    0.2564812500000000E+00    0.1512500000000000E-01    0.2904500000000000E+00    0.1287437500000000E+00    0.4203876953125000E-01    0.1130998157350405E-05
    0.1068750000000000E+02   -0.3206000000000000E+00    0.2617500000000000E+00   -0.1497500000000000E-01    0.2911000000000000E+00    0.1298781250000000E+00    0.4318208007812500E-01    0.1140803078669705E-05
    0.1062500000000000E+02   -0.3276000000000000E+00    0.2645875000000000E+00    0.4775000000000000E-02    0.2891750000000000E+00    0.1299718750000000E+00    0.4426928710937500E-01    0.1134401600211277E-05
    0.1056250000000000E+02   -0.3264000000000000E+00    0.2631000000000000E+00   -0.1167500000000000E-01    0.2902250000000000E+00    0.1296343750000000E+00    0.4357729492187500E-01    0.1117599026656535E-05
    0.1050000000000000E+02   -0.3207500000000000E+00    0.2577750000000000E+00    0.2587500000000000E-02    0.2870375000000000E+00    0.1272953125000000E+00    0.4230998535156250E-01    0.1147502644016640E-05
    0.1043750000000000E+02   -0.3424250000000000E+00    0.2765687500000000E+00   -0.4000000000000000E-02    0.2964750000000000E+00    0.1346343750000000E+00    0.4599594726562500E-01    0.1141899815593206E-05
    0.1037500000000000E+02   -0.3412500000000000E+00    0.2720375000000000E+00   -0.2012500000000000E-02    0.2944125000000000E+00    0.1327015625000000E+00    0.4532854003906250E-01    0.1126998654399358E-05
    0.1031250000000000E+02   -0.3383250000000000E+00    0.2723687500000000E+00   -0.5525000000000000E-02    0.2959000000000000E+00    0.1339375000000000E+00    0.4565634765625000E-01    0.1151299443336029E-05
    0.1025000000000000E+02   -0.3427000000000000E+00    0.2752750000000000E+00    0.1437500000000000E-02    0.2933875000000000E+00    0.1332953125000000E+00    0.4601223144531250E-01    0.1120203705795575E-05
    0.1018750000000000E+02   -0.3401250000000000E+00    0.2709437500000000E+00    0.3112500000000000E-02    0.2944875000000000E+00    0.1327578125000000E+00    0.4508801269531250E-01    0.1125597918871790E-05
    0.1012500000000000E+02   -0.3452250000000000E+00    0.2812187500000000E+00   -0.2612500000000000E-02    0.2994875000000000E+00    0.1377796875000000E+00    0.4850222167968750E-01    0.1136100308940513E-05
    0.1006250000000000E+02   -0.3470750000000000E+00    0.2891312500000000E+00   -0.7375000000000000E-02    0.3030000000000000E+00    0.1401062500000000E+00    0.4973007812500000E-01    0.1120400384024833E-05
    0.1000000000000000E+02   -0.3507000000000000E+00    0.2815000000000000E+00   -0.6925000000000000E-02    0.2975500000000000E+00    0.1357875000000000E+00    0.4717001953125000E-01    0.1137799017669749E-05
    0.9937500000000000E+01   -0.3510750000000000E+00    0.2846062500000000E+00    0.3012500000000000E-02    0.3021375000000000E+00    0.1396171875000000E+00    0.4922497558593750E-01    0.1116502289733035E-05
    0.9875000000000000E+01   -0.3658000000000000E+00    0.2961000000000000E+00    0.1000000000000000E-03    0.3027250000000000E+00    0.1404281250000000E+00    0.5028559570312500E-01    0.1140600488724886E-05
    0.9812500000000000E+01   -0.3575750000000000E+00    0.2879437500000000E+00   -0.1077500000000000E-01    0.3023000000000000E+00    0.1398875000000000E+00    0.4947236328125000E-01    0.1136296987169771E-05
    0.9750000000000000E+01   -0.3650250000000000E+00    0.2957062500000000E+00   -0.9312500000000000E-02    0.3019625000000000E+00    0.1404640625000000E+00    0.5007844238281250E-01    0.1132404804593534E-05
    0.9687500000000000E+01   -0.3576000000000000E+00    0.2894750000000000E+00    0.1182500000000000E-01    0.3023500000000000E+00    0.1396187500000000E+00    0.4949130859375000E-01    0.1118594354920788E-05
    0.9625000000000000E+01   -0.3717500000000000E+00    0.3029000000000000E+00    0.6862500000000000E-02    0.3095625000000000E+00    0.1455484375000000E+00    0.5286813964843750E-01    0.1134800868385355E-05
    0.9562500000000000E+01   -0.3785750000000000E+00    0.3104437500000000E+00    0.5550000000000000E-02    0.3110250000000000E+00    0.1473625000000000E+00    0.5404521484375000E-01    0.1148593469224579E-05
    0.9500000000000000E+01   -0.3760500000000000E+00    0.2993875000000000E+00   -0.7250000000000000E-03    0.3076250000000000E+00    0.1433906250000000E+00    0.5129809570312500E-01    0.1128494773183775E-05
    0.9437500000000000E+01   -0.3766750000000000E+00    0.3098187500000000E+00   -0.4537500000000000E-02    0.3088625000000000E+00    0.1454640625000000E+00    0.5358811035156250E-01    0.1132106831391866E-05
    0.9375000000000000E+01   -0.3797000000000000E+00    0.3126250000000000E+00    0.1437500000000000E-02    0.3109125000000000E+00    0.1467515625000000E+00    0.5434445800781250E-01    0.1126098595705116E-05
    0.9312500000000000E+01   -0.3847000000000000E+00    0.3214875000000000E+00   -0.7937500000000000E-02    0.3122875000000000E+00    0.1497015625000000E+00    0.5712395019531250E-01    0.1122093181038508E-05
    0.9250000000000000E+01   -0.3886000000000000E+00    0.3177625000000000E+00    0.5837500000000000E-02    0.3151875000000000E+00    0.1505265625000000E+00    0.5615656738281250E-01    0.1115405552809534E-05
    0.9187500000000000E+01   -0.3876000000000000E+00    0.3175250000000000E+00    0.8050000000000000E-02    0.3153500000000000E+00    0.1502312500000000E+00    0.5569521484375000E-01    0.1137602339440491E-05
    0.9125000000000000E+01   -0.3886750000000000E+00    0.3229937500000000E+00   -0.4000000000000000E-03    0.3125000000000000E+00    0.1504406250000000E+00    0.5714487304687500E-01    0.1160502392849594E-05
    0.9062500000000000E+01   -0.3958000000000000E+00    0.3272375000000000E+00   -0.2450000000000000E-02    0.3170000000000000E+00    0.1524406250000000E+00    0.5791030273437500E-01    0.1337409003099310E-05
    0.9000000000000000E+01   -0.4020500000000000E+00    0.3346125000000000E+00   -0.3775000000000000E-02    0.3198000000000000E+00    0.1551812500000000E+00    0.5945019531250000E-01    0.1210093500958465E-05
    0.8937500000000000E+01   -0.4075500000000000E+00    0.3353625000000000E+00    0.2625000000000000E-02    0.3226750000000000E+00    0.1567625000000000E+00    0.5933808593750000E-01    0.1265597347810399E-05
    0.8875000000000000E+01   -0.4084000000000000E+00    0.3440000000000000E+00   -0.1212500000000000E-01    0.3249750000000000E+00    0.1593687500000000E+00    0.6194697265625000E-01    0.1130807390836708E-05
    0.8812500000000000E+01   -0.4042250000000000E+00    0.3338562500000000E+00    0.1056250000000000E-01    0.3197125000000000E+00    0.1542671875000000E+00    0.5895163574218750E-01    0.1151204060079181E-05
    0.8750000000000000E+01   -0.4245000000000000E+00    0.3566250000000000E+00    0.1036250000000000E-01    0.3283625000000000E+00    0.1629203125000000E+00    0.6483693847656249E-01    0.1111102051254420E-05
    0.8687500000000000E+01   -0.4227500000000000E+00    0.3527000000000000E+00   -0.1420000000000000E-01    0.3287250000000000E+00    0.1626468750000000E+00    0.6370825195312500E-01    0.1130902774093556E-05
    0.8625000000000000E+01   -0.4243500000000000E+00    0.3576625000000000E+00   -0.1912500000000000E-02    0.3300375000000000E+00    0.1635359375000000E+00    0.6478122558593750E-01    0.1114690348913427E-05
    0.8562500000000000E+01   -0.4290500000000000E+00    0.3609125000000000E+00    0.3987500000000000E-02    0.3316375000000000E+00    0.1644640625000000E+00    0.6473215332031250E-01    0.1130998157350405E-05
    0.8500000000000000E+01   -0.4211750000000000E+00    0.3571187500000000E+00   -0.1125000000000000E-03    0.3236375000000000E+00    0.1596328125000000E+00    0.6356799316406250E-01    0.1122605794989795E-05
    0.8437500000000000E+01   -0.4406000000000000E+00    0.3784750000000000E+00    0.6812500000000000E-02    0.3360625000000000E+00    0.1697640625000000E+00    0.6994367675781250E-01    0.1135194338530710E-05
    0.8375000000000000E+01   -0.4401000000000000E+00    0.3753750000000000E+00   -0.3287500000000000E-02    0.3373375000000000E+00    0.1700078125000000E+00    0.6904924316406250E-01    0.1162409830612887E-05
    0.8312500000000000E+01   -0.4499750000000000E+00    0.3856437500000000E+00    0.1900000000000000E-02    0.3406000000000000E+00    0.1724718750000000E+00    0.7045385742187500E-01    0.1133608861891844E-05
    0.8250000000000000E+01   -0.4588750000000000E+00    0.4009812500000000E+00    0.6025000000000000E-02    0.3444750000000000E+00    0.1767718750000000E+00    0.7438208007812500E-01    0.1138699076363991E-05
    0.8187500000000000E+01   -0.4575250000000000E+00    0.3962312500000000E+00   -0.9299999999999999E-02    0.3441250000000000E+00    0.1768968750000000E+00    0.7426948242187500E-01    0.1112890231524943E-05
    0.8125000000000000E+01   -0.4451750000000000E+00    0.3768312500000000E+00   -0.1328750000000000E-01    0.3358875000000000E+00    0.1685328125000000E+00    0.6792785644531250E-01    0.1116907583309512E-05
    0.8062500000000000E+01   -0.4607500000000000E+00    0.3955125000000000E+00    0.6750000000000000E-03    0.3438750000000000E+00    0.1757312500000000E+00    0.7273837890625000E-01    0.1135396928475529E-05
    0.8000000000000000E+01   -0.4679250000000000E+00    0.4104812500000000E+00   -0.2487500000000000E-02    0.3475375000000000E+00    0.1805015625000000E+00    0.7736564941406250E-01    0.1106798663386144E-05
    0.7937500000000000E+01   -0.4877500000000000E+00    0.4363875000000000E+00   -0.3237500000000000E-01    0.3594750000000000E+00    0.1902156250000000E+00    0.8307680664062500E-01    0.1115202849177876E-05
    0.7875000000000000E+01   -0.4842500000000000E+00    0.4328250000000000E+00    0.4300000000000000E-02    0.3535500000000000E+00    0.1870156250000000E+00    0.8242094726562500E-01    0.1111495521399775E-05
    0.7812500000000000E+01   -0.4916250000000000E+00    0.4391062500000000E+00    0.3625000000000000E-02    0.3594500000000000E+00    0.1905218750000000E+00    0.8384155273437500E-01    0.1120102410823165E-05
    0.7750000000000000E+01   -0.5037500000000000E+00    0.4562750000000000E+00   -0.1028750000000000E-01    0.3642875000000000E+00    0.1947859375000000E+00    0.8657653808593750E-01    0.1125693302128639E-05
    0.7687500000000000E+01   -0.4952500000000000E+00    0.4415125000000000E+00   -0.5000000000000000E-02    0.3596000000000000E+00    0.1898437500000000E+00    0.8312988281250000E-01    0.1111388201024965E-05
    0.7625000000000000E+01   -0.5041750000000000E+00    0.4543187500000000E+00    0.3175000000000000E-02    0.3624500000000000E+00    0.1938125000000000E+00    0.8655751953125000E-01    0.1111900814976252E-05
    0.7562500000000000E+01   -0.5229000000000000E+00    0.4871750000000000E+00   -0.1538750000000000E-01    0.3745125000000000E+00    0.2043421875000000E+00    0.9430026855468750E-01    0.1118802970268007E-05
    0.7500000000000000E+01   -0.5184500000000000E+00    0.4736875000000000E+00   -0.2250000000000000E-03    0.3717000000000000E+00    0.2009625000000000E+00    0.9110273437499999E-01    0.1108694050344639E-05
    0.7437500000000000E+01   -0.5148500000000000E+00    0.4657125000000000E+00    0.4487500000000000E-02    0.3651375000000000E+00    0.1965578125000000E+00    0.8831076660156249E-01    0.1121294531003514E-05
    0.7375000000000000E+01   -0.5243000000000000E+00    0.4811625000000000E+00    0.4875000000000000E-02    0.3745000000000000E+00    0.2043125000000000E+00    0.9299990234375000E-01    0.1118695763580035E-05
    0.7312500000000000E+01   -0.5329750000000000E+00    0.4917937500000000E+00    0.4450000000000000E-02    0.3716250000000000E+00    0.2029687500000000E+00    0.9385693359375000E-01    0.1131808744503360E-05
    0.7250000000000000E+01   -0.5371000000000000E+00    0.5045500000000001E+00   -0.1492500000000000E-01    0.3763750000000000E+00    0.2076968750000000E+00    0.9789760742187500E-01    0.1109492814066471E-05
    0.7187500000000000E+01   -0.5513749999999999E+00    0.5213312500000000E+00   -0.1136250000000000E-01    0.3833125000000000E+00    0.2142765625000000E+00    0.1024218994140625E+00    0.1124298592003470E-05
    0.7125000000000000E+01   -0.5571750000000000E+00    0.5328437499999999E+00    0.4225000000000000E-02    0.3874500000000000E+00    0.2176906250000000E+00    0.1054679199218750E+00    0.1105606543205795E-05
    0.7062500000000000E+01   -0.5726000000000000E+00    0.5537125000000001E+00   -0.2791250000000000E-01    0.3961875000000000E+00    0.2257203125000000E+00    0.1106476806640625E+00    0.1100003714782360E-05
    0.7000000000000000E+01   -0.5901500000000000E+00    0.5755375000000000E+00    0.2917500000000000E-01    0.4039250000000000E+00    0.2326343750000000E+00    0.1158917480468750E+00    0.1108097990254464E-05
    0.6937500000000000E+01   -0.5784500000000000E+00    0.5632250000000000E+00   -0.7575000000000000E-02    0.3950250000000000E+00    0.2258218750000000E+00    0.1121103027343750E+00    0.1108002606997616E-05
    0.6875000000000000E+01   -0.5973750000000000E+00    0.5928687500000001E+00   -0.1062500000000000E-02    0.4059375000000000E+00    0.2358078125000000E+00    0.1192114501953125E+00    0.1102304509004171E-05
    0.6812500000000000E+01   -0.6021250000000000E+00    0.6002062500000001E+00   -0.3335000000000000E-01    0.4062000000000000E+00    0.2373781250000000E+00    0.1210605957031250E+00    0.1126289362218813E-05
    0.6750000000000000E+01   -0.6008250000000001E+00    0.5955687500000000E+00   -0.9487499999999999E-02    0.4035125000000000E+00    0.2350578125000000E+00    0.1199705322265625E+00    0.1133799514718703E-05
    0.6687500000000000E+01   -0.6353000000000000E+00    0.6570625000000000E+00   -0.2012500000000000E-02    0.4241875000000000E+00    0.2554265625000000E+00    0.1357935791015625E+00    0.1092195475393964E-05
    0.6625000000000000E+01   -0.6370250000000000E+00    0.6508062500000000E+00    0.2942500000000000E-01    0.4237250000000000E+00    0.2543750000000000E+00    0.1338561523437500E+00    0.1116514226850995E-05
    0.6562500000000000E+01   -0.6332750000000000E+00    0.6468562500000000E+00   -0.1621250000000000E-01    0.4189125000000000E+00    0.2502984375000000E+00    0.1318981201171875E+00    0.1094293565984117E-05
    0.6500000000000000E+01   -0.6551750000000000E+00    0.6846062500000000E+00   -0.2583750000000000E-01    0.4325125000000000E+00    0.2637296875000000E+00    0.1426068115234375E+00    0.1089906731976953E-05
    0.6437500000000000E+01   -0.6389750000000000E+00    0.6501562500000000E+00    0.3615000000000000E-01    0.4235500000000000E+00    0.2524468750000000E+00    0.1318385253906250E+00    0.1092004822567105E-05
    0.6375000000000000E+01   -0.6794000000000000E+00    0.7196375000000000E+00    0.8500000000000000E-03    0.4388250000000000E+00    0.2709093750000000E+00    0.1492683105468750E+00    0.1104199895962665E-05
    0.6312500000000000E+01   -0.6750000000000000E+00    0.7184625000000000E+00    0.2858750000000000E-01    0.4409625000000000E+00    0.2727890625000000E+00    0.1506236572265625E+00    0.1087510554498294E-05
    0.6250000000000000E+01   -0.6882250000000000E+00    0.7408937500000000E+00   -0.1096250000000000E-01    0.4483875000000000E+00    0.2801296875000000E+00    0.1565570068359375E+00    0.1083898496290203E-05
    0.6187500000000000E+01   -0.7302500000000000E+00    0.8115625000000000E+00   -0.2258750000000000E-01    0.4644125000000000E+00    0.2977203125000000E+00    0.1727227783203125E+00    0.1124882714975683E-05
    0.6125000000000000E+01   -0.7109000000000000E+00    0.7739000000000000E+00   -0.3762500000000000E-02    0.4573125000000000E+00    0.2893328125000000E+00    0.1637765869140625E+00    0.1073992279998492E-05
    0.6062500000000000E+01   -0.7405500000000000E+00    0.8365750000000000E+00    0.2041250000000000E-01    0.4715375000000000E+00    0.3059796875000000E+00    0.1801807373046875E+00    0.1086795350602188E-05
    0.6000000000000000E+01   -0.7598500000000000E+00    0.8748000000000000E+00    0.1085000000000000E-01    0.4802250000000000E+00    0.3156125000000000E+00    0.1896400390625000E+00    0.1111698111344595E-05
    0.5937500000000000E+01   -0.7721500000000000E+00    0.8917250000000000E+00   -0.1051250000000000E-01    0.4873375000000000E+00    0.3219421875000000E+00    0.1940880615234375E+00    0.1077210868061229E-05
    0.5875000000000000E+01   -0.7703500000000000E+00    0.8796625000000000E+00   -0.1261250000000000E-01    0.4838125000000000E+00    0.3183515625000000E+00    0.1899049072265625E+00    0.1076006924449757E-05
    0.5812500000000000E+01   -0.7955500000000000E+00    0.9393500000000000E+00   -0.2467500000000000E-01    0.4946250000000000E+00    0.3325375000000000E+00    0.2057028320312500E+00    0.1069402742359671E-05
    0.5750000000000000E+01   -0.8209750000000000E+00    0.9834437499999999E+00    0.3062500000000000E-02    0.5100875000000000E+00    0.3465828125000000E+00    0.2167507080078125E+00    0.1062405090124230E-05
    0.5687500000000000E+01   -0.8399750000000000E+00    0.1016443750000000E+01   -0.6700000000000000E-02    0.5178000000000000E+00    0.3558031250000000E+00    0.2251225097656250E+00    0.1073908833859605E-05
    0.5625000000000000E+01   -0.8394250000000000E+00    0.1014406250000000E+01    0.8950000000000000E-02    0.5121250000000001E+00    0.3511187500000000E+00    0.2223258789062500E+00    0.1072907480192953E-05
    0.5562500000000000E+01   -0.8548000000000000E+00    0.1037087500000000E+01    0.1907500000000000E-01    0.5211500000000000E+00    0.3587093750000000E+00    0.2281289550781250E+00    0.1063096533471253E-05
    0.5500000000000000E+01   -0.8880000000000000E+00    0.1117775000000000E+01   -0.1018750000000000E-01    0.5378125000000000E+00    0.3797734375000000E+00    0.2498568115234375E+00    0.1084005816665012E-05
    0.5437500000000000E+01   -0.8934250000000000E+00    0.1124131250000000E+01   -0.2158750000000000E-01    0.5416125000000001E+00    0.3830859375000000E+00    0.2523780029296875E+00    0.1055502934832475E-05
    0.5375000000000000E+01   -0.9065500000000000E+00    0.1149437500000000E+01   -0.7802500000000000E-01    0.5474250000000001E+00    0.3892125000000000E+00    0.2577322265625000E+00    0.1069700715561339E-05
    0.5312500000000000E+01   -0.9563750000000000E+00    0.1252668750000000E+01    0.5000000000000000E-03    0.5720750000000000E+00    0.4178187500000000E+00    0.2852099609375000E+00    0.1072096779353160E-05
    0.5250000000000000E+01   -0.9815500000000000E+00    0.1307725000000000E+01   -0.2413750000000000E-01    0.5813874999999999E+00    0.4296015625000000E+00    0.2987874267578125E+00    0.1046609895638539E-05
    0.5187500000000000E+01   -0.9617500000000000E+00    0.1273075000000000E+01    0.1537500000000000E-02    0.5679125000000000E+00    0.4167046875000000E+00    0.2891022216796875E+00    0.1056003611665801E-05
    0.5125000000000000E+01   -0.1061150000000000E+01    0.1471312500000000E+01    0.1756250000000000E-01    0.6206375000000000E+00    0.4742546875000000E+00    0.3413052490234375E+00    0.1063799913936236E-05
    0.5062500000000000E+01   -0.1051350000000000E+01    0.1455950000000000E+01    0.2955000000000000E-01    0.6124000000000001E+00    0.4674093750000000E+00    0.3373987792968750E+00    0.1033794887916883E-05
    0.5000000000000000E+01   -0.1054375000000000E+01    0.1468293750000000E+01   -0.4621250000000000E-01    0.6154625000000000E+00    0.4703328125000000E+00    0.3406357666015625E+00    0.1052999550665845E-05
    0.4937500000000000E+01   -0.1084625000000000E+01    0.1531531250000000E+01   -0.2658750000000000E-01    0.6288875000000000E+00    0.4860046875000000E+00    0.3563385498046875E+00    0.1048099989020557E-05
    0.4875000000000000E+01   -0.1118925000000000E+01    0.1610906250000000E+01   -0.2063750000000000E-01    0.6428125000000000E+00    0.5043953125000000E+00    0.3769385986328125E+00    0.1038193659042008E-05
    0.4812500000000000E+01   -0.1173125000000000E+01    0.1734581250000000E+01   -0.7661250000000000E-01    0.6709125000000000E+00    0.5374796875000000E+00    0.4100538818359375E+00    0.1037812239701452E-05
    0.4750000000000000E+01   -0.1210450000000000E+01    0.1826975000000000E+01   -0.2457500000000000E-01    0.6886000000000000E+00    0.5594687500000000E+00    0.4349163085937500E+00    0.1047098635353905E-05
    0.4687500000000000E+01   -0.1222375000000000E+01    0.1855931250000000E+01   -0.2037500000000000E-02    0.6916375000000000E+00    0.5641078125000000E+00    0.4412120361328125E+00    0.1029109967021213E-05
    0.4625000000000000E+01   -0.1267125000000000E+01    0.1956018750000000E+01    0.5551250000000000E-01    0.7137125000000000E+00    0.5906984375000000E+00    0.4687537841796875E+00    0.1025092615236645E-05
    0.4562500000000000E+01   -0.1308625000000000E+01    0.2057106250000000E+01    0.1184375000000000E+00    0.7321125000000001E+00    0.6140171875000000E+00    0.4949245849609375E+00    0.1015293605632905E-05
    0.4500000000000000E+01   -0.1323625000000000E+01    0.2098681250000000E+01   -0.7078750000000000E-01    0.7377875000000000E+00    0.6228859375000000E+00    0.5061241943359375E+00    0.1011705421660736E-05
    0.4437500000000000E+01   -0.1346600000000000E+01    0.2156762500000000E+01   -0.1648750000000000E-01    0.7459375000000000E+00    0.6341359375000000E+00    0.5202036865234375E+00    0.1003110355668468E-05
    0.4375000000000000E+01   -0.1413350000000000E+01    0.2322000000000000E+01   -0.5271250000000000E-01    0.7762375000000000E+00    0.6732609375000000E+00    0.5646322998046875E+00    0.1005387275654357E-05
    0.4312500000000000E+01   -0.1414925000000000E+01    0.2327093750000000E+01    0.2417500000000000E-01    0.7723750000000000E+00    0.6709968750000000E+00    0.5646303222656250E+00    0.9920954653352965E-06
    0.4250000000000000E+01   -0.1448875000000000E+01    0.2417718750000000E+01    0.1146125000000000E+00    0.7885375000000000E+00    0.6915515625000000E+00    0.5887010009765625E+00    0.9850979267866933E-06
    0.4187500000000000E+01   -0.1511300000000000E+01    0.2574412500000000E+01    0.1357875000000000E+00    0.8193875000000000E+00    0.7297453125000000E+00    0.6308386962890625E+00    0.9935974958352745E-06
    0.4125000000000000E+01   -0.1525425000000000E+01    0.2610506250000000E+01    0.4208750000000000E-01    0.8211625000000000E+00    0.7344703125000001E+00    0.6389304931640625E+00    0.9802103022593656E-06
    0.4062500000000000E+01   -0.1580325000000000E+01    0.2757293750000000E+01   -0.1365625000000000E+00    0.8465125000000000E+00    0.7671421875000000E+00    0.6773616943359375E+00    0.1002395151772362E-05
    0.4000000000000000E+01   -0.1621400000000000E+01    0.2865100000000000E+01   -0.6936249999999999E-01    0.8622375000000000E+00    0.7901484375000000E+00    0.7061646240234375E+00    0.9824037761063664E-06
    0.3937500000000000E+01   -0.1645150000000000E+01    0.2935662500000000E+01    0.9483750000000001E-01    0.8733875000000000E+00    0.8049796875000000E+00    0.7252043701171875E+00    0.9705066759124747E-06
    0.3875000000000000E+01   -0.1667650000000000E+01    0.2997587500000000E+01   -0.1942500000000000E-01    0.8806250000000000E+00    0.8166187499999999E+00    0.7413093750000000E+00    0.9802103022593656E-06
    0.3812500000000000E+01   -0.1720250000000000E+01    0.3144487500000000E+01    0.2503750000000000E+00    0.9025500000000000E+00    0.8471312500000000E+00    0.7797100585937500E+00    0.9624958465792588E-06
    0.3750000000000000E+01   -0.1741475000000000E+01    0.3208131250000000E+01   -0.2881000000000000E+00    0.9090750000000000E+00    0.8581718750000000E+00    0.7961262207031250E+00    0.9731054433359532E-06
    0.3687500000000000E+01   -0.1764100000000000E+01    0.3277975000000000E+01   -0.1413750000000000E-01    0.9176625000000000E+00    0.8712078125000000E+00    0.8143293212890625E+00    0.9718894489196828E-06
    0.3625000000000000E+01   -0.1777775000000000E+01    0.3307943750000000E+01    0.9891250000000000E-01    0.9242625000000000E+00    0.8791765625000000E+00    0.8224055908203125E+00    0.9609938160792808E-06
    0.3562500000000000E+01   -0.1823450000000000E+01    0.3440400000000000E+01    0.1705250000000000E+00    0.9426000000000000E+00    0.9058000000000000E+00    0.8574337890625000E+00    0.9582042821421055E-06
    0.3500000000000000E+01   -0.1845300000000000E+01    0.3509175000000000E+01    0.3482000000000000E+00    0.9490750000000000E+00    0.9168218750000000E+00    0.8746022949218750E+00    0.9542942507323460E-06
    0.3437500000000000E+01   -0.1850650000000000E+01    0.3523800000000000E+01    0.1628125000000000E+00    0.9520875000000000E+00    0.9207546875000000E+00    0.8790931396484375E+00    0.9470939517086663E-06
    0.3375000000000000E+01   -0.1874925000000000E+01    0.3600143750000000E+01    0.1079000000000000E+00    0.9589500000000000E+00    0.9329000000000000E+00    0.8981041015625000E+00    0.9601116062185611E-06
    0.3312500000000000E+01   -0.1891325000000000E+01    0.3649468750000000E+01    0.8943750000000000E-01    0.9659375000000000E+00    0.9430171875000000E+00    0.9116716552734375E+00    0.9530067472951487E-06
    0.3250000000000000E+01   -0.1906850000000000E+01    0.3699250000000000E+01   -0.2938250000000000E+00    0.9710750000000000E+00    0.9511656250000000E+00    0.9240682128906250E+00    0.9657144346419955E-06
    0.3187500000000000E+01   -0.1920350000000000E+01    0.3740237500000000E+01   -0.6482875000000000E+00    0.9751625000000000E+00    0.9581265624999999E+00    0.9345041259765625E+00    0.9567022516421275E-06
    0.3125000000000000E+01   -0.1924350000000000E+01    0.3752412500000000E+01   -0.3352750000000000E+00    0.9762250000000000E+00    0.9598937500000000E+00    0.9372062500000000E+00    0.9692906814962043E-06
    0.3062500000000000E+01   -0.1939975000000000E+01    0.3802381250000000E+01    0.7794250000000000E+00    0.9818249999999999E+00    0.9686125000000000E+00    0.9500218750000000E+00    0.9411811561221839E-06
    0.3000000000000000E+01   -0.1960275000000000E+01    0.3866806250000000E+01   -0.9886625000000000E+00    0.9886625000000000E+00    0.9799421875000000E+00    0.9670305419921875E+00    0.9605884088159655E-06
    0.2937500000000000E+01   -0.1958050000000000E+01    0.3860762500000000E+01   -0.9873750000000000E+00    0.9874000000000001E+00    0.9782437500000000E+00    0.9650988281250000E+00    0.9447097681913874E-06
    0.2875000000000000E+01   -0.1970100000000000E+01    0.3899987500000000E+01    0.9910500000000000E+00    0.9910500000000000E+00    0.9845656250000000E+00    0.9750741699218750E+00    0.9651898835727479E-06
    0.2812500000000000E+01   -0.1975400000000000E+01    0.3917475000000000E+01    0.9927500000000000E+00    0.9927500000000000E+00    0.9873406250000000E+00    0.9793849121093749E+00    0.9418010904482799E-06
    0.2750000000000000E+01   -0.1978850000000000E+01    0.3928800000000000E+01   -0.9940250000000000E+00    0.9940250000000000E+00    0.9892656250000000E+00    0.9822415527343750E+00    0.9390115565111046E-06
    0.2687500000000000E+01   -0.1986625000000000E+01    0.3953818750000000E+01    0.9965000000000001E+00    0.9965000000000001E+00    0.9935281250000000E+00    0.9888270019531250E+00    0.9324073744210182E-06
    0.2625000000000000E+01   -0.1986275000000000E+01    0.3953493750000000E+01    0.9961000000000000E+00    0.9961000000000000E+00    0.9930718750000000E+00    0.9885286621093750E+00    0.9349107585876482E-06
    0.2562500000000000E+01   -0.1989875000000000E+01    0.3965106250000000E+01    0.9973125000000000E+00    0.9973125000000000E+00    0.9950640625000000E+00    0.9915413330078126E+00    0.9438991810384323E-06
    0.2500000000000000E+01   -0.1993325000000000E+01    0.3976956250000000E+01    0.9982250000000000E+00    0.9982250000000000E+00    0.9967375000000001E+00    0.9944040039062499E+00    0.9319066975876922E-06
    0.2437500000000000E+01   -0.1996450000000000E+01    0.3987650000000000E+01    0.9990875000000000E+00    0.9990875000000000E+00    0.9983015625000000E+00    0.9970367431640625E+00    0.9731054433359532E-06
    0.2375000000000000E+01   -0.1995850000000000E+01    0.3985762500000000E+01    0.9988750000000000E+00    0.9988750000000000E+00    0.9979406250000000E+00    0.9964984863281250E+00    0.9374141427542781E-06
    0.2312500000000000E+01   -0.1997800000000000E+01    0.3992612500000000E+01    0.9993625000000000E+00    0.9993625000000000E+00    0.9988765625000000E+00    0.9981672119140625E+00    0.9525060704618227E-06
    0.2250000000000000E+01   -0.1997800000000000E+01    0.3992337500000000E+01    0.9994375000000000E+00    0.9994375000000000E+00    0.9989515624999999E+00    0.9981666259765625E+00    0.9476900117988407E-06
    0.2187500000000000E+01   -0.1998625000000000E+01    0.3995256250000000E+01   -0.9996375000000000E+00    0.9996375000000000E+00    0.9993328124999999E+00    0.9988537353515625E+00    0.9306907600148406E-06
    0.2125000000000000E+01   -0.1999150000000000E+01    0.3997025000000000E+01   -0.9997875000000001E+00    0.9997875000000001E+00    0.9996015625000000E+00    0.9992965087890625E+00    0.9504079798716702E-06
    0.2062500000000000E+01   -0.1999750000000000E+01    0.3999125000000000E+01   -0.9999375000000000E+00    0.9999375000000000E+00    0.9998828125000000E+00    0.9997930908203125E+00    0.9306192509939137E-06
    0.2000000000000000E+01   -0.1999600000000000E+01    0.3998600000000000E+01   -0.9999000000000000E+00    0.9999000000000000E+00    0.9998125000000000E+00    0.9996689453124999E+00    0.9589909950591391E-06
    0.1937500000000000E+01   -0.1999850000000000E+01    0.3999475000000000E+01   -0.9999625000000000E+00    0.9999625000000000E+00    0.9999296875000000E+00    0.9998758544921875E+00    0.9392976494382310E-06
    0.1875000000000000E+01   -0.2000000000000000E+01    0.4000000000000000E+01   -0.1000000000000000E+01    0.1000000000000000E+01    0.1000000000000000E+01    0.1000000000000000E+01    0.9335994946013670E-06
    0.1812500000000000E+01   -0.2000000000000000E+01    0.4000000000000000E+01   -0.1000000000000000E+01    0.1000000000000000E+01    0.1000000000000000E+01    0.1000000000000000E+01    0.9291887295148626E-06
    0.1750000000000000E+01   -0.2000000000000000E+01    0.4000000000000000E+01   -0.1000000000000000E+01    0.1000000000000000E+01    0.1000000000000000E+01    0.1000000000000000E+01    0.9320974072579702E-06
    0.1687500000000000E+01   -0.2000000000000000E+01    0.4000000000000000E+01   -0.1000000000000000E+01    0.1000000000000000E+01    0.1000000000000000E+01    0.1000000000000000E+01    0.9497165933680662E-06
    0.1625000000000000E+01   -0.2000000000000000E+01    0.4000000000000000E+01   -0.1000000000000000E+01    0.1000000000000000E+01    0.1000000000000000E+01    0.1000000000000000E+01    0.9329080512543442E-06
    0.1562500000000000E+01   -0.2000000000000000E+01    0.4000000000000000E+01   -0.1000000000000000E+01    0.1000000000000000E+01    0.1000000000000000E+01    0.1000000000000000E+01    0.9538888434690307E-06
    0.1500000000000000E+01   -0.2000000000000000E+01    0.4000000000000000E+01   -0.1000000000000000E+01    0.1000000000000000E+01    0.1000000000000000E+01    0.1000000000000000E+01    0.9507894560556451E-06
    0.1437500000000000E+01   -0.2000000000000000E+01    0.4000000000000000E+01   -0.1000000000000000E+01    0.1000000000000000E+01    0.1000000000000000E+01    0.1000000000000000E+01    0.9439945074518619E-06
    0.1375000000000000E+01   -0.2000000000000000E+01    0.4000000000000000E+01   -0.1000000000000000E+01    0.1000000000000000E+01    0.1000000000000000E+01    0.1000000000000000E+01    0.9362935884382750E-06
    0.1312500000000000E+01   -0.2000000000000000E+01    0.4000000000000000E+01   -0.1000000000000000E+01    0.1000000000000000E+01    0.1000000000000000E+01    0.1000000000000000E+01    0.9446859507988847E-06
    0.1250000000000000E+01   -0.2000000000000000E+01    0.4000000000000000E+01   -0.1000000000000000E+01    0.1000000000000000E+01    0.1000000000000000E+01    0.1000000000000000E+01    0.9454965379518399E-06
    0.1187500000000000E+01   -0.2000000000000000E+01    0.4000000000000000E+01   -0.1000000000000000E+01    0.1000000000000000E+01    0.1000000000000000E+01    0.1000000000000000E+01    0.9328842338618415E-06
    0.1125000000000000E+01   -0.2000000000000000E+01    0.4000000000000000E+01   -0.1000000000000000E+01    0.1000000000000000E+01    0.1000000000000000E+01    0.1000000000000000E+01    0.9639024938223884E-06
    0.1062500000000000E+01   -0.2000000000000000E+01    0.4000000000000000E+01   -0.1000000000000000E+01    0.1000000000000000E+01    0.1000000000000000E+01    0.1000000000000000E+01    0.9376049092679750E-06
    0.1000000000000000E+01   -0.2000000000000000E+01    0.4000000000000000E+01   -0.1000000000000000E+01    0.1000000000000000E+01    0.1000000000000000E+01    0.1000000000000000E+01    0.9307146342507622E-06
    0.9375000000000000E+00   -0.2000000000000000E+01    0.4000000000000000E+01   -0.1000000000000000E+01    0.1000000000000000E+01    0.1000000000000000E+01    0.1000000000000000E+01    0.9299993735112366E-06
