# seed =   10
# samp = 10000
    0.1493750000000000E+02   -0.3492812500000000E+00    0.1792207031250000E+00    0.4890625000000000E-02    0.1572031250000000E+00    0.3829755859375000E-01    0.4129902172088623E-02    0.4536100277618971E-05
    0.1487500000000000E+02   -0.3518437500000000E+00    0.1823292968750000E+00   -0.1359375000000000E-02    0.1588968750000000E+00    0.3918701171875000E-01    0.4278534603118896E-02    0.4415001058077905E-05
    0.1481250000000000E+02   -0.3506625000000000E+00    0.1809812500000000E+00   -0.7849999999999999E-02    0.1556062500000000E+00    0.3766464843750000E-01    0.4036648750305176E-02    0.4402200829645153E-05
    0.1475000000000000E+02   -0.3547562500000000E+00    0.1850558593750000E+00    0.5003125000000000E-02    0.1556093750000000E+00    0.3814111328125000E-01    0.4276654911041260E-02    0.4422500751388725E-05
    0.1468750000000000E+02   -0.3579125000000000E+00    0.1890101562500000E+00   -0.5362500000000000E-02    0.1593687500000000E+00    0.3961621093750000E-01    0.4508046150207520E-02    0.4514201009442331E-05
    0.1462500000000000E+02   -0.3579437500000000E+00    0.1867839843750000E+00   -0.8399999999999999E-02    0.1594062500000000E+00    0.3931425781250000E-01    0.4373212242126465E-02    0.4427599833434215E-05
    0.1456250000000000E+02   -0.3523125000000000E+00    0.1817500000000000E+00   -0.1721875000000000E-02    0.1556718750000000E+00    0.3740322265625000E-01    0.3921889591217041E-02    0.4423197879077634E-05
    0.1450000000000000E+02   -0.3596250000000000E+00    0.1883523437500000E+00   -0.7125000000000000E-03    0.1596562500000000E+00    0.3989765625000000E-01    0.4607102966308594E-02    0.4413300757732941E-05
    0.1443750000000000E+02   -0.3656500000000000E+00    0.1923226562500000E+00    0.4259375000000000E-02    0.1569968750000000E+00    0.3843525390625000E-01    0.4196592044830322E-02    0.4425701717991615E-05
    0.1437500000000000E+02   -0.3588125000000000E+00    0.1883648437500000E+00   -0.6900000000000000E-02    0.1597562500000000E+00    0.3973496093750000E-01    0.4460324668884278E-02    0.4446098046173574E-05
    0.1431250000000000E+02   -0.3649000000000000E+00    0.1914437500000000E+00    0.2071875000000000E-02    0.1572406250000000E+00    0.3852158203125000E-01    0.4218164920806885E-02    0.4423701739142416E-05
    0.1425000000000000E+02   -0.3647375000000000E+00    0.1913437500000000E+00    0.7156250000000000E-03    0.1594468750000000E+00    0.3930439453125000E-01    0.4239271259307861E-02    0.4423201062309090E-05
    0.1418750000000000E+02   -0.3735500000000000E+00    0.2005523437500000E+00   -0.2990625000000000E-02    0.1610968750000000E+00    0.4067646484375000E-01    0.4823544597625733E-02    0.4411697318573715E-05
    0.1412500000000000E+02   -0.3641625000000000E+00    0.1923414062500000E+00    0.4090625000000000E-02    0.1574093750000000E+00    0.3839931640625000E-01    0.4119310474395752E-02    0.4420304321683943E-05
    0.1406250000000000E+02   -0.3730625000000000E+00    0.1988226562500000E+00    0.5728125000000000E-02    0.1615468750000000E+00    0.4067392578125000E-01    0.4680208301544190E-02    0.4427796739037149E-05
    0.1400000000000000E+02   -0.3723125000000000E+00    0.2010742187500000E+00    0.4796875000000000E-02    0.1630093750000000E+00    0.4100947265625000E-01    0.4706306934356690E-02    0.4419005108502461E-05
    0.1393750000000000E+02   -0.3755687500000000E+00    0.2008300781250000E+00   -0.1034375000000000E-02    0.1594031250000000E+00    0.3961962890625000E-01    0.4431835269927979E-02    0.4430496574059362E-05
    0.1387500000000000E+02   -0.3774875000000000E+00    0.2027414062500000E+00    0.7493750000000000E-02    0.1618187500000000E+00    0.4055117187500000E-01    0.4647488784790039E-02    0.4417902346176561E-05
    0.1381250000000000E+02   -0.3736500000000000E+00    0.1991742187500000E+00   -0.6593750000000000E-02    0.1601812500000000E+00    0.3978007812500000E-01    0.4509373474121094E-02    0.4403197635838296E-05
    0.1375000000000000E+02   -0.3755812500000000E+00    0.1991574218750000E+00   -0.8121875000000001E-02    0.1611468750000000E+00    0.4044345703125000E-01    0.4615634250640870E-02    0.4418295702635078E-05
    0.1368750000000000E+02   -0.3867375000000000E+00    0.2130656250000000E+00   -0.2728125000000000E-02    0.1674031250000000E+00    0.4374208984375000E-01    0.5588371562957764E-02    0.4421401172294281E-05
    0.1362500000000000E+02   -0.3878875000000000E+00    0.2132843750000000E+00    0.6062500000000000E-03    0.1650875000000000E+00    0.4252324218750000E-01    0.5222104454040527E-02    0.4399901627039071E-05
    0.1356250000000000E+02   -0.3862250000000000E+00    0.2123539062500000E+00    0.8906250000000000E-03    0.1653031250000000E+00    0.4245634765625000E-01    0.5231192111968994E-02    0.4419398464960977E-05
    0.1350000000000000E+02   -0.3907187500000000E+00    0.2148417968750000E+00    0.8253125000000000E-02    0.1650156250000000E+00    0.4204169921875000E-01    0.4915145397186280E-02    0.4410004748933716E-05
    0.1343750000000000E+02   -0.3901375000000000E+00    0.2144257812500000E+00    0.1500000000000000E-03    0.1645062500000000E+00    0.4193085937500000E-01    0.5020143127441406E-02    0.4414200702740345E-05
    0.1337500000000000E+02   -0.3989000000000000E+00    0.2225515625000000E+00   -0.3550000000000000E-02    0.1671000000000000E+00    0.4369492187500000E-01    0.5446313476562500E-02    0.4431509751157137E-05
    0.1331250000000000E+02   -0.4010937500000000E+00    0.2231191406250000E+00    0.1534375000000000E-02    0.1710281250000000E+00    0.4531162109375000E-01    0.5684280300140381E-02    0.4473805347515736E-05
    0.1325000000000000E+02   -0.3976062500000000E+00    0.2190574218750000E+00    0.4625000000000000E-02    0.1664187500000000E+00    0.4278535156250000E-01    0.5154724693298340E-02    0.4483091743168188E-05
    0.1318750000000000E+02   -0.4080937500000000E+00    0.2297152343750000E+00    0.1476875000000000E-01    0.1695812500000000E+00    0.4465019531250000E-01    0.5700335884094238E-02    0.4415094736032188E-05
    0.1312500000000000E+02   -0.4082625000000000E+00    0.2275218750000000E+00   -0.1800000000000000E-02    0.1681312500000000E+00    0.4372890625000000E-01    0.5257891082763672E-02    0.4401695605338318E-05
    0.1306250000000000E+02   -0.4073187500000000E+00    0.2312902343750000E+00   -0.1615625000000000E-02    0.1699593750000000E+00    0.4499716796875000E-01    0.5891241741180420E-02    0.4413998340169201E-05
    0.1300000000000000E+02   -0.4148187500000000E+00    0.2360753906250000E+00   -0.4462500000000000E-02    0.1736375000000000E+00    0.4628398437500000E-01    0.5848174285888671E-02    0.4414594059198862E-05
    0.1293750000000000E+02   -0.4149562500000000E+00    0.2363769531250000E+00   -0.4971875000000000E-02    0.1713531250000000E+00    0.4537001953125000E-01    0.5737039661407471E-02    0.4408299901115242E-05
    0.1287500000000000E+02   -0.4259562500000000E+00    0.2495105468750000E+00   -0.9075000000000000E-02    0.1775750000000000E+00    0.4851191406250000E-01    0.6536871910095215E-02    0.4462397100724047E-05
    0.1281250000000000E+02   -0.4192437500000000E+00    0.2421449218750000E+00   -0.4987500000000000E-02    0.1725375000000000E+00    0.4635605468750000E-01    0.6090042304992676E-02    0.4413306669448502E-05
    0.1275000000000000E+02   -0.4222250000000000E+00    0.2446101562500000E+00   -0.2312500000000000E-02    0.1730500000000000E+00    0.4637695312500000E-01    0.6099998474121094E-02    0.4688298758992460E-05
    0.1268750000000000E+02   -0.4247625000000000E+00    0.2452328125000000E+00    0.3875000000000000E-03    0.1745875000000000E+00    0.4730527343750000E-01    0.6255407142639160E-02    0.5102801424072823E-05
    0.1262500000000000E+02   -0.4286187500000000E+00    0.2495207031250000E+00    0.1028125000000000E-01    0.1773687500000000E+00    0.4870839843750000E-01    0.6593962669372558E-02    0.4592204277287237E-05
    0.1256250000000000E+02   -0.4308250000000000E+00    0.2543179687500000E+00    0.1212187500000000E-01    0.1786968750000000E+00    0.4952412109375000E-01    0.6865345668792724E-02    0.4416799583850661E-05
    0.1250000000000000E+02   -0.4302312500000000E+00    0.2512488281250000E+00    0.2921875000000000E-02    0.1777218750000000E+00    0.4871259765625000E-01    0.6617288684844970E-02    0.4417109266796615E-05
    0.1243750000000000E+02   -0.4407062500000000E+00    0.2616113281250000E+00   -0.1487500000000000E-02    0.1812000000000000E+00    0.5040878906250000E-01    0.7027358436584473E-02    0.4405403160490096E-05
    0.1237500000000000E+02   -0.4396125000000000E+00    0.2621078125000000E+00    0.2093750000000000E-03    0.1804281250000000E+00    0.4998642578125000E-01    0.6958122348785400E-02    0.4458284365682630E-05
    0.1231250000000000E+02   -0.4400437500000000E+00    0.2614378906250000E+00    0.1168750000000000E-02    0.1782125000000000E+00    0.4921425781250000E-01    0.6877544593811035E-02    0.4454791451280471E-05
    0.1225000000000000E+02   -0.4523000000000000E+00    0.2735492187500000E+00   -0.3703125000000000E-02    0.1828031250000000E+00    0.5169560546875000E-01    0.7336472606658936E-02    0.4410803285281872E-05
    0.1218750000000000E+02   -0.4476375000000000E+00    0.2690460937500000E+00    0.2315625000000000E-02    0.1838031250000000E+00    0.5205146484375000E-01    0.7468252086639405E-02    0.4410600467963377E-05
    0.1212500000000000E+02   -0.4489812500000000E+00    0.2723675781250000E+00    0.2715625000000000E-02    0.1809343750000000E+00    0.5098662109375000E-01    0.7460996913909912E-02    0.4408812401379691E-05
    0.1206250000000000E+02   -0.4508312500000000E+00    0.2719292968750000E+00   -0.1762500000000000E-02    0.1827437500000000E+00    0.5096230468750000E-01    0.7002712821960449E-02    0.4397893007990206E-05
    0.1200000000000000E+02   -0.4559562500000000E+00    0.2750714843750000E+00    0.3400000000000000E-02    0.1856062500000000E+00    0.5235175781250000E-01    0.7276670265197754E-02    0.4406094376463443E-05
    0.1193750000000000E+02   -0.4591500000000000E+00    0.2798781250000000E+00    0.1208437500000000E-01    0.1855531250000000E+00    0.5272509765625000E-01    0.7578889942169189E-02    0.4414701379573671E-05
    0.1187500000000000E+02   -0.4618437500000000E+00    0.2830222656250000E+00   -0.6468750000000000E-03    0.1859968750000000E+00    0.5332041015625000E-01    0.7748978900909424E-02    0.4411101144796703E-05
    0.1181250000000000E+02   -0.4619375000000000E+00    0.2842421875000000E+00    0.5543750000000000E-02    0.1842875000000000E+00    0.5215527343750000E-01    0.7503775215148925E-02    0.4399109002406476E-05
    0.1175000000000000E+02   -0.4763187500000000E+00    0.3008300781250000E+00    0.1535625000000000E-01    0.1924500000000000E+00    0.5685253906250000E-01    0.8715690040588378E-02    0.4401922069519060E-05
    0.1168750000000000E+02   -0.4743875000000000E+00    0.2989851562500000E+00   -0.7425000000000000E-02    0.1911437500000000E+00    0.5569570312500000E-01    0.8401836776733399E-02    0.4390001322462922E-05
    0.1162500000000000E+02   -0.4792625000000000E+00    0.3017601562500000E+00   -0.1459375000000000E-01    0.1906687500000000E+00    0.5596894531250000E-01    0.8563598060607910E-02    0.4412102498463355E-05
    0.1156250000000000E+02   -0.4898250000000000E+00    0.3190546875000000E+00    0.6731250000000000E-02    0.1968750000000000E+00    0.6009921875000000E-01    0.1014779281616211E-01    0.4394817551656161E-05
    0.1150000000000000E+02   -0.4802375000000000E+00    0.3016593750000000E+00    0.6250000000000000E-02    0.1892812500000000E+00    0.5529843750000000E-01    0.8404609680175781E-02    0.4389095465739956E-05
    0.1143750000000000E+02   -0.4811625000000000E+00    0.3059992187500000E+00    0.5999999999999999E-03    0.1915187500000000E+00    0.5631933593750000E-01    0.8817575645446777E-02    0.4389905825519236E-05
    0.1137500000000000E+02   -0.4960875000000000E+00    0.3215851562500000E+00   -0.4868750000000000E-02    0.1970687500000000E+00    0.5931406250000000E-01    0.9517692565917968E-02    0.4390692538436269E-05
    0.1131250000000000E+02   -0.4910437500000000E+00    0.3149464843750000E+00   -0.2143750000000000E-02    0.1974250000000000E+00    0.5904804687500000E-01    0.9244548416137695E-02    0.4390907179185888E-05
    0.1125000000000000E+02   -0.4878875000000000E+00    0.3114218750000000E+00   -0.1114687500000000E-01    0.1906156250000000E+00    0.5630009765625000E-01    0.8730360889434815E-02    0.4397916654852452E-05
    0.1118750000000000E+02   -0.5080500000000000E+00    0.3360554687500000E+00   -0.5984375000000000E-02    0.2014781250000000E+00    0.6181435546875000E-01    0.1027186803817749E-01    0.4392004029796226E-05
    0.1112500000000000E+02   -0.5079187500000000E+00    0.3343644531250000E+00    0.1179687500000000E-01    0.1992531250000000E+00    0.6086767578125000E-01    0.1009590272903442E-01    0.4382205133879324E-05
    0.1106250000000000E+02   -0.5169437500000000E+00    0.3507957031250000E+00   -0.3840625000000000E-02    0.2081906250000000E+00    0.6610634765624999E-01    0.1173311319351196E-01    0.4406595053296769E-05
    0.1100000000000000E+02   -0.5222687499999999E+00    0.3498402343750000E+00    0.2721875000000000E-02    0.2017781250000000E+00    0.6231923828125000E-01    0.1035421266555786E-01    0.4384684416436357E-05
    0.1093750000000000E+02   -0.5284562500000000E+00    0.3609394531250000E+00    0.2075000000000000E-02    0.2076937500000000E+00    0.6604453125000000E-01    0.1183983993530273E-01    0.4382610313768964E-05
    0.1087500000000000E+02   -0.5234124999999999E+00    0.3544101562500000E+00    0.4840625000000000E-02    0.2092906250000000E+00    0.6650126953125000E-01    0.1163365373611450E-01    0.4380607606435660E-05
    0.1081250000000000E+02   -0.5368687500000000E+00    0.3729316406250000E+00   -0.2750000000000000E-03    0.2142687500000000E+00    0.6971816406250000E-01    0.1284921550750732E-01    0.4379201072879368E-05
    0.1075000000000000E+02   -0.5347562500000000E+00    0.3685332031250000E+00   -0.4115625000000000E-02    0.2077406250000000E+00    0.6620576171875001E-01    0.1185136938095093E-01    0.4397106295073172E-05
    0.1068750000000000E+02   -0.5482062500000000E+00    0.3856753906250000E+00   -0.5275000000000000E-02    0.2144437500000000E+00    0.6989101562500000E-01    0.1293874092102051E-01    0.4378414359962335E-05
    0.1062500000000000E+02   -0.5498250000000000E+00    0.3859210937500000E+00    0.2221875000000000E-02    0.2144718750000000E+00    0.7006787109375000E-01    0.1294035673141480E-01    0.4383492523629684E-05
    0.1056250000000000E+02   -0.5463125000000000E+00    0.3806539062500000E+00    0.9437500000000000E-02    0.2115437500000000E+00    0.6781875000000000E-01    0.1210233650207520E-01    0.4374694981379434E-05
    0.1050000000000000E+02   -0.5482125000000000E+00    0.3860210937500000E+00    0.1059062500000000E-01    0.2117156250000000E+00    0.6842431640625000E-01    0.1254380693435669E-01    0.4374718628241681E-05
    0.1043750000000000E+02   -0.5701500000000000E+00    0.4173023437500000E+00   -0.3593750000000000E-03    0.2215343750000000E+00    0.7468740234375000E-01    0.1464462232589722E-01    0.4363489097158890E-05
    0.1037500000000000E+02   -0.5750875000000000E+00    0.4220703125000000E+00    0.4406250000000000E-03    0.2268406250000000E+00    0.7768134765625000E-01    0.1543503694534302E-01    0.4367399014881812E-05
    0.1031250000000000E+02   -0.5886125000000000E+00    0.4447484375000000E+00   -0.4134375000000000E-02    0.2326218750000000E+00    0.8134248046875001E-01    0.1680697546005249E-01    0.4372000603325432E-05
    0.1025000000000000E+02   -0.5704312499999999E+00    0.4156269531250000E+00    0.6346875000000000E-02    0.2246656250000000E+00    0.7585810546875001E-01    0.1465205526351929E-01    0.4366397661215160E-05
    0.1018750000000000E+02   -0.5934625000000000E+00    0.4503226562500000E+00    0.1739375000000000E-01    0.2347625000000000E+00    0.8263730468750000E-01    0.1716831111907959E-01    0.4369592716102488E-05
    0.1012500000000000E+02   -0.5994187500000000E+00    0.4538621093750000E+00    0.6878125000000000E-02    0.2352906250000000E+00    0.8237373046875000E-01    0.1686167936325073E-01    0.4396295480546542E-05
    0.1006250000000000E+02   -0.6029625000000000E+00    0.4662765625000000E+00    0.4375000000000000E-03    0.2356062500000000E+00    0.8463671875000001E-01    0.1879061889648437E-01    0.4369401722215116E-05
    0.1000000000000000E+02   -0.6065312500000000E+00    0.4648566406250000E+00    0.1475937500000000E-01    0.2377843750000000E+00    0.8410712890624999E-01    0.1768610963821411E-01    0.4365110271464800E-05
    0.9937500000000000E+01   -0.6067562500000000E+00    0.4655097656250000E+00    0.6231250000000000E-02    0.2396375000000000E+00    0.8532363281249999E-01    0.1814424419403076E-01    0.4374289346742444E-05
    0.9875000000000000E+01   -0.6278125000000000E+00    0.4989867187500000E+00    0.4612500000000000E-02    0.2451812500000000E+00    0.8974707031250000E-01    0.2004897899627685E-01    0.4359698323241901E-05
    0.9812500000000000E+01   -0.6336500000000000E+00    0.5130414062500001E+00    0.1076875000000000E-01    0.2466500000000000E+00    0.9144003906250001E-01    0.2128476428985596E-01    0.4354787051852327E-05
    0.9750000000000000E+01   -0.6279625000000000E+00    0.4998476562500000E+00    0.1434687500000000E-01    0.2454843750000000E+00    0.8985263671875000E-01    0.2020719938278198E-01    0.4348612037574640E-05
    0.9687500000000000E+01   -0.6514562500000000E+00    0.5374011718750000E+00   -0.3025000000000000E-02    0.2549812500000000E+00    0.9653281250000000E-01    0.2302347297668457E-01    0.4349803930381313E-05
    0.9625000000000000E+01   -0.6413937500000000E+00    0.5205550781250000E+00    0.1885937500000000E-01    0.2469843750000000E+00    0.9192197265625000E-01    0.2160690546035766E-01    0.4345798515714705E-05
    0.9562500000000000E+01   -0.6636437500000000E+00    0.5589699218750001E+00   -0.6290625000000000E-02    0.2582718750000000E+00    0.9953232421875000E-01    0.2467864751815796E-01    0.4339194219937781E-05
    0.9500000000000000E+01   -0.6492562500000000E+00    0.5296964843750001E+00   -0.9709374999999999E-02    0.2485718750000000E+00    0.9267841796875000E-01    0.2155735082626343E-01    0.4367590008769184E-05
    0.9437500000000000E+01   -0.6809937500000000E+00    0.5792011718750000E+00   -0.1875000000000000E-03    0.2652000000000000E+00    0.1033798828125000E+00    0.2560375957489014E-01    0.4341602107160725E-05
    0.9375000000000000E+01   -0.6887812500000000E+00    0.5984472656249999E+00   -0.9687500000000000E-02    0.2665562500000000E+00    0.1059285156250000E+00    0.2751158103942871E-01    0.4325198915466899E-05
    0.9312500000000000E+01   -0.7041125000000000E+00    0.6251250000000000E+00   -0.3593750000000000E-03    0.2759406250000000E+00    0.1116081054687500E+00    0.2967851133346558E-01    0.4326772796048317E-05
    0.9250000000000000E+01   -0.7150437500000000E+00    0.6477988281250000E+00   -0.2440000000000000E-01    0.2770437500000000E+00    0.1143224609375000E+00    0.3170718402862549E-01    0.4337501650297781E-05
    0.9187500000000000E+01   -0.7206312499999999E+00    0.6532761718750000E+00    0.2200000000000000E-01    0.2792687500000000E+00    0.1151572265625000E+00    0.3164423503875732E-01    0.4316711510909954E-05
    0.9125000000000000E+01   -0.7400125000000000E+00    0.6875945312500000E+00    0.2831250000000000E-02    0.2898937500000000E+00    0.1215878906250000E+00    0.3395952529907226E-01    0.4334116056270432E-05
    0.9062500000000000E+01   -0.7440062500000000E+00    0.6908925781250000E+00    0.7528125000000000E-02    0.2937406250000000E+00    0.1236977539062500E+00    0.3435836610794067E-01    0.4312801138439681E-05
    0.9000000000000000E+01   -0.7733625000000000E+00    0.7535343750000000E+00    0.2969062500000000E-01    0.3080468750000000E+00    0.1363022460937500E+00    0.4101919355392456E-01    0.4319477284298046E-05
    0.8937500000000000E+01   -0.7745375000000000E+00    0.7514382812500000E+00    0.3768750000000000E-02    0.3092687500000000E+00    0.1359943359375000E+00    0.4045189304351807E-01    0.4334020559326746E-05
    0.8875000000000000E+01   -0.7998499999999999E+00    0.8056421875000001E+00   -0.1299687500000000E-01    0.3171156250000000E+00    0.1431499023437500E+00    0.4468819265365601E-01    0.4322528639022494E-05
    0.8812500000000000E+01   -0.8215249999999999E+00    0.8481757812500000E+00   -0.5453125000000000E-02    0.3264906250000000E+00    0.1506596679687500E+00    0.4884733877182007E-01    0.4310178610467119E-05
    0.8750000000000000E+01   -0.8226625000000000E+00    0.8574273437500000E+00   -0.1251250000000000E-01    0.3230687500000000E+00    0.1497955078125000E+00    0.4956329212188720E-01    0.4297733084968058E-05
    0.8687500000000000E+01   -0.8212500000000000E+00    0.8461890625000000E+00    0.1412500000000000E-01    0.3237250000000000E+00    0.1482259765625000E+00    0.4752768306732177E-01    0.4286623152438551E-05
    0.8625000000000000E+01   -0.8607125000000000E+00    0.9331703125000000E+00    0.5487500000000000E-02    0.3421250000000000E+00    0.1648271484375000E+00    0.5718823299407959E-01    0.4285288014216349E-05
    0.8562500000000000E+01   -0.8628250000000000E+00    0.9360601562500001E+00   -0.2202187500000000E-01    0.3403406250000000E+00    0.1642094726562500E+00    0.5746623849868775E-01    0.4302311026549432E-05
    0.8500000000000000E+01   -0.8779187500000000E+00    0.9628425781250000E+00   -0.3845937500000000E-01    0.3481468750000000E+00    0.1684534179687500E+00    0.5848652563095093E-01    0.4258394255884923E-05
    0.8437500000000000E+01   -0.8941249999999999E+00    0.9991718750000000E+00   -0.2547812500000000E-01    0.3511593750000000E+00    0.1727600585937500E+00    0.6180242490768433E-01    0.4264211838744814E-05
    0.8375000000000000E+01   -0.9182312500000001E+00    0.1051056640625000E+01    0.3032812500000000E-01    0.3666343750000000E+00    0.1845791992187500E+00    0.6766307668685913E-01    0.4263925347913755E-05
    0.8312500000000000E+01   -0.9500125000000000E+00    0.1122124218750000E+01   -0.5506562500000000E-01    0.3802531250000000E+00    0.1957180664062500E+00    0.7377903985977173E-01    0.4348802576714661E-05
    0.8250000000000000E+01   -0.9984375000000000E+00    0.1235706250000000E+01   -0.3309375000000000E-01    0.3992375000000000E+00    0.2134455078125000E+00    0.8557643413543702E-01    0.4467106009542476E-05
    0.8187500000000000E+01   -0.9805625000000000E+00    0.1198678125000000E+01    0.1959375000000000E-02    0.3898656250000000E+00    0.2058100585937500E+00    0.8164966001510621E-01    0.4365873337519588E-05
    0.8125000000000000E+01   -0.1037868750000000E+01    0.1331124609375000E+01   -0.4117812500000000E-01    0.4168906250000000E+00    0.2291108398437500E+00    0.9551175374984741E-01    0.4258728040440474E-05
    0.8062500000000000E+01   -0.1073881250000000E+01    0.1419152734375000E+01   -0.2590937500000000E-01    0.4321906250000000E+00    0.2435028320312500E+00    0.1049458226203918E+00    0.4216194156470010E-05
    0.8000000000000000E+01   -0.1075800000000000E+01    0.1423842968750000E+01   -0.3121250000000000E-01    0.4302187500000000E+00    0.2428949218750000E+00    0.1046939327239990E+00    0.4208231075608637E-05
    0.7937500000000000E+01   -0.1139143750000000E+01    0.1580962109375000E+01   -0.3690625000000000E-01    0.4551812500000000E+00    0.2669929687500000E+00    0.1214693367004395E+00    0.4184675162832718E-05
    0.7875000000000000E+01   -0.1137031250000000E+01    0.1573798828125000E+01    0.1334062500000000E-01    0.4550218750000000E+00    0.2659293945312500E+00    0.1199706910133362E+00    0.4213714419165626E-05
    0.7812500000000000E+01   -0.1176168750000000E+01    0.1684039453125000E+01   -0.4465937500000000E-01    0.4691156250000000E+00    0.2801479492187500E+00    0.1315659205436707E+00    0.4174184596195119E-05
    0.7750000000000000E+01   -0.1211306250000000E+01    0.1768019140625000E+01    0.6415000000000000E-01    0.4869500000000000E+00    0.2958582031250000E+00    0.1409078952789307E+00    0.4173469733359525E-05
    0.7687500000000000E+01   -0.1268237500000000E+01    0.1920327343750000E+01   -0.1931250000000000E-01    0.5143375000000000E+00    0.3220746093750000E+00    0.1587690193176270E+00    0.4160404387221206E-05
    0.7625000000000000E+01   -0.1310512500000000E+01    0.2047424218750000E+01   -0.1524687500000000E-01    0.5250718750000000E+00    0.3363217773437500E+00    0.1723035914421082E+00    0.4158687715971610E-05
    0.7562500000000000E+01   -0.1347056250000000E+01    0.2161914453125000E+01   -0.8152187499999999E-01    0.5389968750000000E+00    0.3512235351562500E+00    0.1855021656990051E+00    0.4319286290410673E-05
    0.7500000000000000E+01   -0.1404275000000000E+01    0.2319328125000000E+01   -0.1096656250000000E+00    0.5614656250000000E+00    0.3749838867187500E+00    0.2035343642234802E+00    0.4372310741018737E-05
    0.7437500000000000E+01   -0.1450900000000000E+01    0.2468254687500000E+01    0.3307812500000000E-01    0.5794156250000000E+00    0.3948409179687500E+00    0.2207387648582458E+00    0.4139614247833379E-05
    0.7375000000000000E+01   -0.1515406250000000E+01    0.2649563671875000E+01    0.1448000000000000E+00    0.6062125000000000E+00    0.4217687500000000E+00    0.2407921375274658E+00    0.4081058705196483E-05
    0.7312500000000000E+01   -0.1521593750000000E+01    0.2687368359375000E+01    0.3231250000000000E-01    0.6037000000000000E+00    0.4233529296875000E+00    0.2465896661758423E+00    0.4067087047587847E-05
    0.7250000000000000E+01   -0.1556200000000000E+01    0.2777609375000000E+01   -0.2278437500000000E-01    0.6180468750000000E+00    0.4366012695312500E+00    0.2553221653938293E+00    0.4049491963087348E-05
    0.7187500000000000E+01   -0.1678175000000000E+01    0.3184421875000000E+01   -0.5338750000000000E-01    0.6602437500000000E+00    0.4877146484375000E+00    0.3040644231796265E+00    0.4037094186060131E-05
    0.7125000000000000E+01   -0.1699043750000000E+01    0.3258679296875000E+01    0.1097687500000000E+00    0.6673687500000000E+00    0.4954013671875000E+00    0.3116698865890503E+00    0.4025506768812193E-05
    0.7062500000000000E+01   -0.1767037500000000E+01    0.3478557031250000E+01   -0.2575000000000000E-01    0.6894749999999999E+00    0.5223859375000000E+00    0.3372716609954834E+00    0.4013204488728661E-05
    0.7000000000000000E+01   -0.1801631250000000E+01    0.3595869140625000E+01    0.1856156250000000E+00    0.7008406250000000E+00    0.5366727539062500E+00    0.3510801518440246E+00    0.4010915745311650E-05
    0.6937500000000000E+01   -0.1851731250000000E+01    0.3773066015625000E+01   -0.1418031250000000E+00    0.7183406250000000E+00    0.5572036132812500E+00    0.3717069916725159E+00    0.3959131390729453E-05
    0.6875000000000000E+01   -0.1927331250000000E+01    0.4044643359375000E+01    0.1262062500000000E+00    0.7418875000000000E+00    0.5884193359375000E+00    0.4047512807846069E+00    0.3943109732063022E-05
    0.6812500000000000E+01   -0.1976131250000000E+01    0.4207715234375000E+01   -0.3062593750000000E+00    0.7596343750000000E+00    0.6092245117187500E+00    0.4243616427421570E+00    0.3946828655898571E-05
    0.6750000000000000E+01   -0.2021400000000000E+01    0.4401100781250000E+01    0.2927812500000000E-01    0.7700968750000000E+00    0.6273334960937500E+00    0.4490580924034119E+00    0.3927612397092162E-05
    0.6687500000000000E+01   -0.2099600000000000E+01    0.4668432031250000E+01    0.2068687500000000E+00    0.7972562500000000E+00    0.6595119140625000E+00    0.4797096067428589E+00    0.3886795184371294E-05
    0.6625000000000000E+01   -0.2115406250000000E+01    0.4762587109375000E+01   -0.5845000000000000E-01    0.7969500000000000E+00    0.6641972656250000E+00    0.4917452701568604E+00    0.3914928583981236E-05
    0.6562500000000000E+01   -0.2169843750000000E+01    0.4942637890625000E+01    0.5737187500000000E-01    0.8174968750000000E+00    0.6885659179687500E+00    0.5137041586875916E+00    0.3882026703649899E-05
    0.6500000000000000E+01   -0.2212168750000000E+01    0.5147659765625000E+01    0.2138875000000000E+00    0.8255062500000000E+00    0.7046064453125001E+00    0.5398307237625122E+00    0.3873205059790052E-05
    0.6437500000000000E+01   -0.2231962500000000E+01    0.5238882031250000E+01    0.3398250000000000E+00    0.8291062500000000E+00    0.7114767578125000E+00    0.5504180498123169E+00    0.3855514478345867E-05
    0.6375000000000000E+01   -0.2305581250000000E+01    0.5523199609375000E+01   -0.5322687500000000E+00    0.8514812500000000E+00    0.7412427734375000E+00    0.5840821222305298E+00    0.3870487034873804E-05
    0.6312500000000000E+01   -0.2330150000000000E+01    0.5628325781250000E+01   -0.2833406250000000E+00    0.8585843750000000E+00    0.7517018554687500E+00    0.5975931624412537E+00    0.3833722985291388E-05
    0.6250000000000000E+01   -0.2394968750000000E+01    0.5913978515625000E+01   -0.2785468750000000E+00    0.8742031250000000E+00    0.7769665039062500E+00    0.6326051323890686E+00    0.3828477929346263E-05
    0.6187500000000000E+01   -0.2427931250000000E+01    0.6062521484375000E+01   -0.8898750000000000E-01    0.8832312500000000E+00    0.7905205078125001E+00    0.6510824792861939E+00    0.3813457396972808E-05
    0.6125000000000000E+01   -0.2472987500000000E+01    0.6266267187500000E+01   -0.5126843750000000E+00    0.8934656250000000E+00    0.8077206054687500E+00    0.6759174166679383E+00    0.3783559805015102E-05
    0.6062500000000000E+01   -0.2507487500000000E+01    0.6433757812500000E+01    0.1921968750000000E+00    0.9008093750000000E+00    0.8206842773437500E+00    0.6963241564750672E+00    0.3788423555306508E-05
    0.6000000000000000E+01   -0.2525468750000000E+01    0.6509708203125000E+01    0.9053906250000000E+00    0.9053906250000000E+00    0.8270459960937500E+00    0.7044339579582214E+00    0.3786611614486901E-05
    0.5937500000000000E+01   -0.2551168750000000E+01    0.6628112890625000E+01   -0.1900000000000000E-02    0.9113687499999999E+00    0.8375103515625000E+00    0.7198564916610718E+00    0.3783798320000642E-05
    0.5875000000000000E+01   -0.2590481250000000E+01    0.6819044921875000E+01   -0.9202843750000000E+00    0.9202843750000000E+00    0.8523913085937500E+00    0.7428149813652039E+00    0.3746509491975303E-05
    0.5812500000000000E+01   -0.2618906250000000E+01    0.6955319140625000E+01   -0.9263781250000001E+00    0.9263781250000001E+00    0.8628663085937500E+00    0.7588668921470642E+00    0.3767013595279423E-05
    0.5750000000000000E+01   -0.2647343750000000E+01    0.7099438671875000E+01   -0.9324875000000000E+00    0.9324875000000000E+00    0.8737484375000000E+00    0.7765680343627930E+00    0.3753280680030002E-05
    0.5687500000000000E+01   -0.2657456250000000E+01    0.7151093359375000E+01   -0.9344875000000000E+00    0.9344875000000000E+00    0.8774693359375000E+00    0.7829367803573608E+00    0.3732204504558467E-05
    0.5625000000000000E+01   -0.2690331250000000E+01    0.7318104296875000E+01    0.8613437500000000E+00    0.9411812500000000E+00    0.8896117187500000E+00    0.8030517841339111E+00    0.3737306542461738E-05
    0.5562500000000000E+01   -0.2711525000000000E+01    0.7422473437500000E+01    0.9459031250000000E+00    0.9459031250000000E+00    0.8977688476562500E+00    0.8158605504035950E+00    0.3787088417084306E-05
    0.5500000000000000E+01   -0.2732137500000000E+01    0.7529464062500000E+01    0.9498687500000000E+00    0.9498687500000000E+00    0.9050648437500000E+00    0.8283268501281739E+00    0.3731870720002917E-05
    0.5437500000000000E+01   -0.2764718750000000E+01    0.7700859765625000E+01    0.9565000000000000E+00    0.9565000000000000E+00    0.9172150390625000E+00    0.8491112367630005E+00    0.3783273768931394E-05
    0.5375000000000000E+01   -0.2773100000000000E+01    0.7745766406250000E+01    0.9579625000000001E+00    0.9579625000000001E+00    0.9199802734375000E+00    0.8540559926986694E+00    0.3722095470948261E-05
    0.5312500000000000E+01   -0.2794262500000000E+01    0.7858878125000000E+01    0.9621687500000000E+00    0.9621687500000000E+00    0.9278078125000000E+00    0.8677244113922119E+00    0.3701686864587828E-05
    0.5250000000000000E+01   -0.2808612500000000E+01    0.7936023437500000E+01    0.9649468750000000E+00    0.9649468750000000E+00    0.9330051757812500E+00    0.8769405892372132E+00    0.3700733259393019E-05
    0.5187500000000000E+01   -0.2817400000000000E+01    0.7982579687500000E+01    0.9665468750000000E+00    0.9665468750000000E+00    0.9359907226562501E+00    0.8821946640968322E+00    0.3689384357130621E-05
    0.5125000000000000E+01   -0.2839412500000000E+01    0.8099537500000000E+01    0.9709250000000000E+00    0.9709250000000000E+00    0.9440859375000000E+00    0.8961954620361328E+00    0.3691101028380217E-05
    0.5062500000000000E+01   -0.2850543750000000E+01    0.8159767578125001E+01    0.9731343750000000E+00    0.9731343750000000E+00    0.9482311523437500E+00    0.9035534148216248E+00    0.3684473085741047E-05
    0.5000000000000000E+01   -0.2868512500000000E+01    0.8257968750000000E+01    0.9764125000000000E+00    0.9764125000000000E+00    0.9544654296875000E+00    0.9148743795394898E+00    0.3687000344143598E-05
    0.4937500000000000E+01   -0.2881231250000000E+01    0.8328170703125000E+01    0.9788437500000000E+00    0.9788437500000000E+00    0.9590935546875000E+00    0.9232954565048218E+00    0.3682994929476990E-05
    0.4875000000000000E+01   -0.2892768750000000E+01    0.8392412109375000E+01    0.9809218750000001E+00    0.9809218750000001E+00    0.9630676757812500E+00    0.9306045086860657E+00    0.3671979811770143E-05
    0.4812500000000000E+01   -0.2902893750000000E+01    0.8448061328125000E+01    0.9827375000000000E+00    0.9827375000000000E+00    0.9665158203125001E+00    0.9368651185989380E+00    0.3662300059659174E-05
    0.4750000000000000E+01   -0.2909618750000000E+01    0.8486261328125000E+01    0.9839750000000000E+00    0.9839750000000000E+00    0.9689138671875001E+00    0.9413771535873413E+00    0.3706884399434784E-05
    0.4687500000000000E+01   -0.2919681250000000E+01    0.8541858203125001E+01    0.9859062500000000E+00    0.9859062500000000E+00    0.9725886718750000E+00    0.9480597717285156E+00    0.3705310746227042E-05
    0.4625000000000000E+01   -0.2929468750000000E+01    0.8597186328125000E+01    0.9875968750000000E+00    0.9875968750000000E+00    0.9758659179687500E+00    0.9542288210868836E+00    0.3647422772701248E-05
    0.4562500000000000E+01   -0.2936612500000000E+01    0.8637396875000000E+01    0.9889093750000000E+00    0.9889093750000000E+00    0.9784002929687500E+00    0.9589619299888611E+00    0.3665924168672063E-05
    0.4500000000000000E+01   -0.2944387500000000E+01    0.8681064062500001E+01    0.9903218750000000E+00    0.9903218750000000E+00    0.9811157226562500E+00    0.9640026383399963E+00    0.3665208851089119E-05
    0.4437500000000000E+01   -0.2949812500000000E+01    0.8712153906250000E+01    0.9912875000000000E+00    0.9912875000000000E+00    0.9829990234375000E+00    0.9675872369766235E+00    0.3646993718575686E-05
    0.4375000000000000E+01   -0.2955700000000000E+01    0.8745351562500000E+01    0.9923281250000000E+00    0.9923281250000000E+00    0.9850084960937500E+00    0.9713453356742859E+00    0.3809785766861751E-05
    0.4312500000000000E+01   -0.2962812500000000E+01    0.8785883593750000E+01    0.9936031250000000E+00    0.9936031250000000E+00    0.9874833007812500E+00    0.9760173710823059E+00    0.4019117568532238E-05
    0.4250000000000000E+01   -0.2966462500000000E+01    0.8806710937500000E+01    0.9942437500000000E+00    0.9942437500000000E+00    0.9887308593750000E+00    0.9783858718872070E+00    0.3690624225782813E-05
    0.4187500000000000E+01   -0.2971443750000000E+01    0.8835373046875000E+01    0.9950781250000000E+00    0.9950781250000000E+00    0.9903663085937500E+00    0.9815284235954285E+00    0.3688096967380261E-05
    0.4125000000000000E+01   -0.2974281250000000E+01    0.8851512890624999E+01    0.9955687500000000E+00    0.9955687500000000E+00    0.9913171875000000E+00    0.9833196613311768E+00    0.3653907697298564E-05
    0.4062500000000000E+01   -0.2978831250000000E+01    0.8877760546875001E+01    0.9963750000000000E+00    0.9963750000000000E+00    0.9928957031250000E+00    0.9863463523864746E+00    0.3646659934020136E-05
    0.4000000000000000E+01   -0.2980468750000000E+01    0.8887101953125001E+01    0.9966593750000000E+00    0.9966593750000000E+00    0.9934491210937501E+00    0.9873961009025574E+00    0.3670120349852368E-05
    0.3937500000000000E+01   -0.2983468750000000E+01    0.8904483984375000E+01    0.9971812500000000E+00    0.9971812500000000E+00    0.9944728515625000E+00    0.9893671495437623E+00    0.3649282461992698E-05
    0.3875000000000000E+01   -0.2986793750000000E+01    0.8923623828125001E+01    0.9977531250000000E+00    0.9977531250000000E+00    0.9955915039062500E+00    0.9915092896461487E+00    0.3674221034088987E-05
    0.3812500000000000E+01   -0.2988612500000000E+01    0.8934055468750000E+01    0.9980718750000001E+00    0.9980718750000001E+00    0.9962135742187500E+00    0.9926951697349549E+00    0.5047511876909994E-05
    0.3750000000000000E+01   -0.2990868750000000E+01    0.8947094140625000E+01    0.9984499999999999E+00    0.9984499999999999E+00    0.9969556640625000E+00    0.9941251768112183E+00    0.3741693490155740E-05
    0.3687500000000000E+01   -0.2993706250000000E+01    0.8963501171875000E+01    0.9989343750000000E+00    0.9989343750000000E+00    0.9979057617187500E+00    0.9959540740013123E+00    0.3958177785534644E-05
    0.3625000000000000E+01   -0.2993068750000000E+01    0.8959819140624999E+01    0.9988250000000000E+00    0.9988250000000000E+00    0.9976914062500000E+00    0.9955420879364014E+00    0.3827190539595904E-05
    0.3562500000000000E+01   -0.2994343750000000E+01    0.8967176171875000E+01    0.9990468750000000E+00    0.9990468750000000E+00    0.9981258789062500E+00    0.9963757164955139E+00    0.3950309746869607E-05
    0.3500000000000000E+01   -0.2996550000000000E+01    0.8979979687500000E+01    0.9994218750000000E+00    0.9994218750000000E+00    0.9988629882812500E+00    0.9978002575874328E+00    0.3749275265363394E-05
    0.3437500000000000E+01   -0.2996625000000000E+01    0.8980420312500000E+01    0.9994312500000000E+00    0.9994312500000000E+00    0.9988818359375000E+00    0.9978382360458374E+00    0.3649902282631956E-05
    0.3375000000000000E+01   -0.2997700000000000E+01    0.8986649218749999E+01    0.9996156250000000E+00    0.9996156250000000E+00    0.9992438476562500E+00    0.9985363804817200E+00    0.3659772801256622E-05
    0.3312500000000000E+01   -0.2998356250000000E+01    0.8990468359375001E+01    0.9997218750000000E+00    0.9997218750000000E+00    0.9994534179687500E+00    0.9989440703392028E+00    0.3638219823187683E-05
    0.3250000000000000E+01   -0.2998700000000000E+01    0.8992451562499999E+01    0.9997812500000000E+00    0.9997812500000000E+00    0.9995697265625000E+00    0.9991673677444458E+00    0.3646612185548292E-05
    0.3187500000000000E+01   -0.2998975000000000E+01    0.8994046093750001E+01    0.9998281250000000E+00    0.9998281250000000E+00    0.9996618164062500E+00    0.9993451603889465E+00    0.3652906343631912E-05
    0.3125000000000000E+01   -0.2999018750000000E+01    0.8994304296875001E+01    0.9998343750000001E+00    0.9998343750000001E+00    0.9996743164062500E+00    0.9993701127052307E+00    0.3649425480034552E-05
    0.3062500000000000E+01   -0.2999243750000000E+01    0.8995612109374999E+01    0.9998718750000000E+00    0.9998718750000000E+00    0.9997481445312500E+00    0.9995132267951965E+00    0.3637600002548425E-05
    0.3000000000000000E+01   -0.2999531250000000E+01    0.8997275390624999E+01    0.9999218750000000E+00    0.9999218750000000E+00    0.9998461914062500E+00    0.9997018456459046E+00    0.3647041239673854E-05
    0.2937500000000000E+01   -0.2999850000000000E+01    0.8999128125000000E+01    0.9999749999999999E+00    0.9999749999999999E+00    0.9999507812500000E+00    0.9999045906066895E+00    0.3669357283797581E-05
    0.2875000000000000E+01   -0.2999781250000000E+01    0.8998732421874999E+01    0.9999625000000000E+00    0.9999625000000000E+00    0.9999263671875001E+00    0.9998579858779907E+00    0.3648662641353440E-05
    0.2812500000000000E+01   -0.2999981250000000E+01    0.8999891015625000E+01    0.9999968750000000E+00    0.9999968750000000E+00    0.9999938476562500E+00    0.9999880738258362E+00    0.3650856115200440E-05
    0.2750000000000000E+01   -0.2999943750000000E+01    0.8999673046874999E+01    0.9999906250000000E+00    0.9999906250000000E+00    0.9999815429687500E+00    0.9999642214775085E+00    0.3668022145575378E-05
    0.2687500000000000E+01   -0.2999943750000000E+01    0.8999673046874999E+01    0.9999906250000000E+00    0.9999906250000000E+00    0.9999815429687500E+00    0.9999642214775085E+00    0.3652000486908946E-05
    0.2625000000000000E+01   -0.2999981250000000E+01    0.8999891015625000E+01    0.9999968750000000E+00    0.9999968750000000E+00    0.9999938476562500E+00    0.9999880738258362E+00    0.3644657226686832E-05
    0.2562500000000000E+01   -0.2999981250000000E+01    0.8999891015625000E+01    0.9999968750000000E+00    0.9999968750000000E+00    0.9999938476562500E+00    0.9999880738258362E+00    0.3652095756478957E-05
    0.2500000000000000E+01   -0.3000000000000000E+01    0.9000000000000000E+01    0.1000000000000000E+01    0.1000000000000000E+01    0.1000000000000000E+01    0.1000000000000000E+01    0.3640842351160245E-05
    0.2437500000000000E+01   -0.3000000000000000E+01    0.9000000000000000E+01    0.1000000000000000E+01    0.1000000000000000E+01    0.1000000000000000E+01    0.1000000000000000E+01    0.3654289230325958E-05
    0.2375000000000000E+01   -0.3000000000000000E+01    0.9000000000000000E+01    0.1000000000000000E+01    0.1000000000000000E+01    0.1000000000000000E+01    0.1000000000000000E+01    0.3670978458103491E-05
    0.2312500000000000E+01   -0.3000000000000000E+01    0.9000000000000000E+01    0.1000000000000000E+01    0.1000000000000000E+01    0.1000000000000000E+01    0.1000000000000000E+01    0.3646373670562753E-05
    0.2250000000000000E+01   -0.3000000000000000E+01    0.9000000000000000E+01    0.1000000000000000E+01    0.1000000000000000E+01    0.1000000000000000E+01    0.1000000000000000E+01    0.3632545485743321E-05
    0.2187500000000000E+01   -0.3000000000000000E+01    0.9000000000000000E+01    0.1000000000000000E+01    0.1000000000000000E+01    0.1000000000000000E+01    0.1000000000000000E+01    0.3642845058493549E-05
    0.2125000000000000E+01   -0.3000000000000000E+01    0.9000000000000000E+01    0.1000000000000000E+01    0.1000000000000000E+01    0.1000000000000000E+01    0.1000000000000000E+01    0.3646087634479045E-05
    0.2062500000000000E+01   -0.3000000000000000E+01    0.9000000000000000E+01    0.1000000000000000E+01    0.1000000000000000E+01    0.1000000000000000E+01    0.1000000000000000E+01    0.3641128614617628E-05
    0.2000000000000000E+01   -0.3000000000000000E+01    0.9000000000000000E+01    0.1000000000000000E+01    0.1000000000000000E+01    0.1000000000000000E+01    0.1000000000000000E+01    0.3653812427728553E-05
    0.1937500000000000E+01   -0.3000000000000000E+01    0.9000000000000000E+01    0.1000000000000000E+01    0.1000000000000000E+01    0.1000000000000000E+01    0.1000000000000000E+01    0.3639125907284324E-05
    0.1875000000000000E+01   -0.3000000000000000E+01    0.9000000000000000E+01    0.1000000000000000E+01    0.1000000000000000E+01    0.1000000000000000E+01    0.1000000000000000E+01    0.3637981308202143E-05
    0.1812500000000000E+01   -0.3000000000000000E+01    0.9000000000000000E+01    0.1000000000000000E+01    0.1000000000000000E+01    0.1000000000000000E+01    0.1000000000000000E+01    0.3630638047980028E-05
    0.1750000000000000E+01   -0.3000000000000000E+01    0.9000000000000000E+01    0.1000000000000000E+01    0.1000000000000000E+01    0.1000000000000000E+01    0.1000000000000000E+01    0.3645896867965348E-05
    0.1687500000000000E+01   -0.3000000000000000E+01    0.9000000000000000E+01    0.1000000000000000E+01    0.1000000000000000E+01    0.1000000000000000E+01    0.1000000000000000E+01    0.3648090341812349E-05
    0.1625000000000000E+01   -0.3000000000000000E+01    0.9000000000000000E+01    0.1000000000000000E+01    0.1000000000000000E+01    0.1000000000000000E+01    0.1000000000000000E+01    0.3647041239673854E-05
    0.1562500000000000E+01   -0.3000000000000000E+01    0.9000000000000000E+01    0.1000000000000000E+01    0.1000000000000000E+01    0.1000000000000000E+01    0.1000000000000000E+01    0.3641891453298740E-05
    0.1500000000000000E+01   -0.3000000000000000E+01    0.9000000000000000E+01    0.1000000000000000E+01    0.1000000000000000E+01    0.1000000000000000E+01    0.1000000000000000E+01    0.3643989657575730E-05
    0.1437500000000000E+01   -0.3000000000000000E+01    0.9000000000000000E+01    0.1000000000000000E+01    0.1000000000000000E+01    0.1000000000000000E+01    0.1000000000000000E+01    0.3639221176854335E-05
    0.1375000000000000E+01   -0.3000000000000000E+01    0.9000000000000000E+01    0.1000000000000000E+01    0.1000000000000000E+01    0.1000000000000000E+01    0.1000000000000000E+01    0.3636932433437323E-05
    0.1312500000000000E+01   -0.3000000000000000E+01    0.9000000000000000E+01    0.1000000000000000E+01    0.1000000000000000E+01    0.1000000000000000E+01    0.1000000000000000E+01    0.3662300059659174E-05
    0.1250000000000000E+01   -0.3000000000000000E+01    0.9000000000000000E+01    0.1000000000000000E+01    0.1000000000000000E+01    0.1000000000000000E+01    0.1000000000000000E+01    0.3663349161797669E-05
    0.1187500000000000E+01   -0.3000000000000000E+01    0.9000000000000000E+01    0.1000000000000000E+01    0.1000000000000000E+01    0.1000000000000000E+01    0.1000000000000000E+01    0.3649234713520855E-05
    0.1125000000000000E+01   -0.3000000000000000E+01    0.9000000000000000E+01    0.1000000000000000E+01    0.1000000000000000E+01    0.1000000000000000E+01    0.1000000000000000E+01    0.3645610831881640E-05
    0.1062500000000000E+01   -0.3000000000000000E+01    0.9000000000000000E+01    0.1000000000000000E+01    0.1000000000000000E+01    0.1000000000000000E+01    0.1000000000000000E+01    0.3647518269644934E-05
    0.1000000000000000E+01   -0.3000000000000000E+01    0.9000000000000000E+01    0.1000000000000000E+01    0.1000000000000000E+01    0.1000000000000000E+01    0.1000000000000000E+01    0.3652000486908946E-05
    0.9375000000000000E+00   -0.3000000000000000E+01    0.9000000000000000E+01    0.1000000000000000E+01    0.1000000000000000E+01    0.1000000000000000E+01    0.1000000000000000E+01    0.3641223884187639E-05
