# seed =   10
# samp = 10000
    0.1493750000000000E+02   -0.2200512695312500E+00    0.4894335126876831E-01    0.7299316406249999E-03    0.1605131835937500E-01    0.4033133745193481E-03    0.4858239131465325E-06    0.2978041011374444E-03
    0.1487500000000000E+02   -0.2203224609375000E+00    0.4906226787567139E-01   -0.5321289062500000E-03    0.1585566406250000E-01    0.3956582546234131E-03    0.4701740488712858E-06    0.2978573320433497E-03
    0.1481250000000000E+02   -0.2219841796875000E+00    0.4979604549407959E-01    0.7408203125000001E-03    0.1591064453125000E-01    0.3971394538879395E-03    0.4678639632857084E-06    0.2981085272040218E-03
    0.1475000000000000E+02   -0.2227408203125000E+00    0.5013336238861084E-01   -0.9775390624999999E-04    0.1582626953125000E-01    0.3946775913238525E-03    0.4703203667872913E-06    0.2965020248666406E-03
    0.1468750000000000E+02   -0.2236096679687500E+00    0.5051776781082153E-01    0.4353515625000000E-03    0.1596542968750000E-01    0.3986696243286133E-03    0.4774403730152699E-06    0.2980681310873479E-03
    0.1462500000000000E+02   -0.2247382812500000E+00    0.5102641258239746E-01    0.2062500000000000E-03    0.1600644531250000E-01    0.4020834922790527E-03    0.4785542447507396E-06    0.3043741162400693E-03
    0.1456250000000000E+02   -0.2263364257812500E+00    0.5173639020919800E-01   -0.3291503906250000E-03    0.1608803710937500E-01    0.4069705247879028E-03    0.5023864997667715E-06    0.3002170706167817E-03
    0.1450000000000000E+02   -0.2264327148437500E+00    0.5179552640914917E-01   -0.5506347656250000E-03    0.1615161132812500E-01    0.4112760305404663E-03    0.5099872755806700E-06    0.2997873234562576E-03
    0.1443750000000000E+02   -0.2275651367187500E+00    0.5230289411544800E-01   -0.4927734375000000E-03    0.1605888671875000E-01    0.4038470268249512E-03    0.4887132909971114E-06    0.3036682028323412E-03
    0.1437500000000000E+02   -0.2287699218750000E+00    0.5285095863342285E-01   -0.3107910156250000E-03    0.1614116210937500E-01    0.4119668245315552E-03    0.5233635068009335E-06    0.3004068275913596E-03
    0.1431250000000000E+02   -0.2296965820312500E+00    0.5327164564132691E-01   -0.1567382812500000E-03    0.1634013671875000E-01    0.4211723804473877E-03    0.5424147443932270E-06    0.3031316737178713E-03
    0.1425000000000000E+02   -0.2307830078125000E+00    0.5377860946655273E-01    0.3759765625000000E-05    0.1641059570312500E-01    0.4261426210403442E-03    0.5692800815779719E-06    0.3153461439069360E-03
    0.1418750000000000E+02   -0.2318382812500000E+00    0.5428323459625244E-01   -0.4101562500000000E-04    0.1610410156250000E-01    0.4094384670257569E-03    0.5042687796617429E-06    0.3089401288889349E-03
    0.1412500000000000E+02   -0.2333752929687500E+00    0.5499417257308960E-01    0.2613769531250000E-03    0.1616743164062500E-01    0.4111555337905884E-03    0.5040869412425764E-06    0.2982974983751774E-03
    0.1406250000000000E+02   -0.2341785156250000E+00    0.5536977920532227E-01    0.2127929687500000E-03    0.1608310546875000E-01    0.4060975551605224E-03    0.4940058099350608E-06    0.2962062717415392E-03
    0.1400000000000000E+02   -0.2349177734375000E+00    0.5571230525970459E-01   -0.1965332031250000E-03    0.1614467773437500E-01    0.4096915006637573E-03    0.5102806271622740E-06    0.2973720547743142E-03
    0.1393750000000000E+02   -0.2366862304687500E+00    0.5654176969528198E-01   -0.2300292968750000E-03    0.1633696289062500E-01    0.4158571004867554E-03    0.5079509600761866E-06    0.2970401837956160E-03
    0.1387500000000000E+02   -0.2378038085937500E+00    0.5708680181503296E-01    0.3248046875000000E-03    0.1625898437500000E-01    0.4175977230072021E-03    0.5256492873627394E-06    0.2962417493108660E-03
    0.1381250000000000E+02   -0.2383589843750000E+00    0.5733390121459961E-01    0.1953125000000000E-05    0.1622226562500000E-01    0.4165631294250488E-03    0.5248848639212155E-06    0.2956294920295477E-03
    0.1375000000000000E+02   -0.2398746093750000E+00    0.5807339115142823E-01   -0.2389160156250000E-03    0.1637006835937500E-01    0.4185709714889527E-03    0.5174544815133686E-06    0.2961459977086633E-03
    0.1368750000000000E+02   -0.2411016601562500E+00    0.5866540231704712E-01   -0.4880859375000000E-03    0.1652363281250000E-01    0.4290271759033203E-03    0.5508955969617091E-06    0.2952316426672041E-03
    0.1362500000000000E+02   -0.2421881835937500E+00    0.5917049322128296E-01   -0.2273925781250000E-03    0.1648139648437500E-01    0.4293834447860718E-03    0.5607266205686301E-06    0.2952899958472699E-03
    0.1356250000000000E+02   -0.2431987304687500E+00    0.5967857236862183E-01    0.1387695312500000E-03    0.1636689453125000E-01    0.4202008724212646E-03    0.5380800567650112E-06    0.2981910656671971E-03
    0.1350000000000000E+02   -0.2447001953125000E+00    0.6040450725555420E-01    0.3793457031250000E-03    0.1620463867187500E-01    0.4176855802536011E-03    0.5294233874280963E-06    0.2959495468530804E-03
    0.1343750000000000E+02   -0.2458788085937500E+00    0.6098540563583374E-01    0.4775878906250000E-03    0.1658208007812500E-01    0.4272570371627808E-03    0.5427633131091625E-06    0.2956725948024541E-03
    0.1337500000000000E+02   -0.2471927734375000E+00    0.6163745727539063E-01    0.3243164062500000E-03    0.1642431640625000E-01    0.4199581146240234E-03    0.5137390522122587E-06    0.2959342964459211E-03
    0.1331250000000000E+02   -0.2484152343750000E+00    0.6225602149963379E-01   -0.2186523437500000E-03    0.1676523437500000E-01    0.4416037082672119E-03    0.5824401883387509E-06    0.2958625846076757E-03
    0.1325000000000000E+02   -0.2493522460937500E+00    0.6269756917953491E-01   -0.2544433593750000E-03    0.1633559570312500E-01    0.4200505971908569E-03    0.5341455830091491E-06    0.2950996276922524E-03
    0.1318750000000000E+02   -0.2502917968750000E+00    0.6317030925750733E-01   -0.1040039062500000E-04    0.1658500976562500E-01    0.4356035947799683E-03    0.5758125827867389E-06    0.2955161908175796E-03
    0.1312500000000000E+02   -0.2516020507812500E+00    0.6383175630569458E-01    0.4766601562500000E-03    0.1654023437500000E-01    0.4323114395141601E-03    0.5617774093252592E-06    0.2960861311294138E-03
    0.1306250000000000E+02   -0.2534315429687500E+00    0.6476476011276246E-01   -0.3681640625000000E-04    0.1636787109375000E-01    0.4219280719757080E-03    0.5275327022104648E-06    0.2958877594210207E-03
    0.1300000000000000E+02   -0.2548208007812500E+00    0.6545693349838257E-01   -0.5712890625000000E-05    0.1671020507812500E-01    0.4323283910751343E-03    0.5512932794943026E-06    0.2959419216495007E-03
    0.1293750000000000E+02   -0.2561056640625000E+00    0.6611485462188721E-01   -0.2835937500000000E-03    0.1654306640625000E-01    0.4384695053100586E-03    0.6010855328440811E-06    0.3021301236003637E-03
    0.1287500000000000E+02   -0.2568799804687500E+00    0.6652875490188599E-01   -0.2285156250000000E-03    0.1676894531250000E-01    0.4439180850982666E-03    0.6122802699223939E-06    0.2966125612147152E-03
    0.1281250000000000E+02   -0.2589231445312500E+00    0.6757265310287476E-01    0.2739746093750000E-03    0.1681840820312500E-01    0.4433889150619507E-03    0.5925110065788885E-06    0.2968208282254636E-03
    0.1275000000000000E+02   -0.2597202148437500E+00    0.6799055109024048E-01    0.5866210937500000E-03    0.1660820312500000E-01    0.4371690750122070E-03    0.5879791452343852E-06    0.2944465668406337E-03
    0.1268750000000000E+02   -0.2617288085937500E+00    0.6904406042098998E-01   -0.4148437500000000E-03    0.1660917968750000E-01    0.4357646465301514E-03    0.5766472223854180E-06    0.2953124931082129E-03
    0.1262500000000000E+02   -0.2628474609375000E+00    0.6959262046813965E-01   -0.5338378906250000E-03    0.1681420898437500E-01    0.4447750806808472E-03    0.5993996613540276E-06    0.2951675560325384E-03
    0.1256250000000000E+02   -0.2638671875000000E+00    0.7014445514678955E-01    0.6972656250000001E-04    0.1721279296875000E-01    0.4642312526702881E-03    0.6375853438953527E-06    0.2946998574770987E-03
    0.1250000000000000E+02   -0.2659365234375000E+00    0.7125867900848389E-01   -0.2144531250000000E-03    0.1669462890625000E-01    0.4344641208648682E-03    0.5539450657011003E-06    0.3011550870724022E-03
    0.1243750000000000E+02   -0.2676840820312500E+00    0.7219268598556519E-01    0.6798339843750000E-03    0.1720541992187500E-01    0.4624091863632202E-03    0.6329222053125250E-06    0.2950141788460314E-03
    0.1237500000000000E+02   -0.2678865234375000E+00    0.7228692340850830E-01    0.2293457031250000E-03    0.1703393554687500E-01    0.4549145936965942E-03    0.6193342967947047E-06    0.2971580543089658E-03
    0.1231250000000000E+02   -0.2699366210937500E+00    0.7341047983169556E-01    0.1443847656250000E-03    0.1711958007812500E-01    0.4622166395187378E-03    0.6444188327066058E-06    0.3037986753042787E-03
    0.1225000000000000E+02   -0.2715492187500000E+00    0.7426250610351562E-01    0.5602050781250000E-03    0.1699038085937500E-01    0.4512824296951294E-03    0.6150695742746847E-06    0.2997650008182973E-03
    0.1218750000000000E+02   -0.2732465820312500E+00    0.7519290113449097E-01    0.4166992187500000E-03    0.1714375000000000E-01    0.4618488311767578E-03    0.6500181436422281E-06    0.2998840354848653E-03
    0.1212500000000000E+02   -0.2746768554687500E+00    0.7598374071121215E-01   -0.4429687500000000E-03    0.1726748046875000E-01    0.4682945251464844E-03    0.6571468083848230E-06    0.2985427854582667E-03
    0.1206250000000000E+02   -0.2752601562500000E+00    0.7630337448120117E-01    0.2875000000000000E-03    0.1731259765625000E-01    0.4674789905548096E-03    0.6476279030835030E-06    0.3049469087272882E-03
    0.1200000000000000E+02   -0.2777867187500000E+00    0.7769009742736817E-01   -0.1836914062500000E-03    0.1663408203125000E-01    0.4375052928924560E-03    0.5838828649643802E-06    0.2977264521177858E-03
    0.1193750000000000E+02   -0.2792034179687500E+00    0.7849751558303833E-01   -0.1482421875000000E-03    0.1729472656250000E-01    0.4680457592010498E-03    0.6517503689678961E-06    0.2946640015579760E-03
    0.1187500000000000E+02   -0.2808816406250000E+00    0.7943056259155273E-01    0.6523437500000000E-04    0.1705830078125000E-01    0.4610929965972900E-03    0.6418161810756828E-06    0.2999984717462212E-03
    0.1181250000000000E+02   -0.2823553710937500E+00    0.8025579271316528E-01    0.6324707031249999E-03    0.1730522460937500E-01    0.4680253267288208E-03    0.6597465868310337E-06    0.2975204552058131E-03
    0.1175000000000000E+02   -0.2842150390625000E+00    0.8131333866119385E-01   -0.4311523437500000E-03    0.1729160156250000E-01    0.4709068775177002E-03    0.6593580929688869E-06    0.3033844113815576E-03
    0.1168750000000000E+02   -0.2861447265625000E+00    0.8241381092071533E-01   -0.9433593750000001E-04    0.1704189453125000E-01    0.4528625488281250E-03    0.6020101867306949E-06    0.2971206558868289E-03
    0.1162500000000000E+02   -0.2867663085937500E+00    0.8276845960617066E-01   -0.3566406250000000E-03    0.1749765625000000E-01    0.4858580112457275E-03    0.7152339321351064E-06    0.2961608988698572E-03
    0.1156250000000000E+02   -0.2888307617187500E+00    0.8396099519729615E-01    0.6414062500000000E-03    0.1757705078125000E-01    0.4836046695709228E-03    0.7052887405166075E-06    0.2953658986371011E-03
    0.1150000000000000E+02   -0.2906205078125000E+00    0.8499520568847656E-01   -0.4663085937500000E-03    0.1777207031250000E-01    0.4942002773284912E-03    0.7339806917457282E-06    0.2938903926406056E-03
    0.1143750000000000E+02   -0.2924559570312500E+00    0.8606743726730347E-01    0.9653320312499999E-04    0.1755883789062500E-01    0.4822061777114868E-03    0.6837175872590251E-06    0.3003341553267092E-03
    0.1137500000000000E+02   -0.2944363281250000E+00    0.8724442272186279E-01    0.2345214843750000E-03    0.1758168945312500E-01    0.4827749967575073E-03    0.6886365662865046E-06    0.2966155880130827E-03
    0.1131250000000000E+02   -0.2961180664062500E+00    0.8821462640762329E-01   -0.4282226562500000E-04    0.1715883789062500E-01    0.4634362459182739E-03    0.6413387766599499E-06    0.2963699225801975E-03
    0.1125000000000000E+02   -0.2979758789062500E+00    0.8933433523178101E-01    0.1393554687500000E-03    0.1772294921875000E-01    0.4922885417938233E-03    0.7257139374928556E-06    0.2956909302156419E-03
    0.1118750000000000E+02   -0.3001190429687500E+00    0.9060750112533569E-01   -0.4824218750000000E-03    0.1769423828125000E-01    0.4902003288269043E-03    0.7127054672309896E-06    0.2940917911473662E-03
    0.1112500000000000E+02   -0.3018333984375000E+00    0.9163858051300049E-01    0.3770996093750000E-03    0.1793725585937500E-01    0.5091413259506226E-03    0.7904018833130522E-06    0.2939895493909717E-03
    0.1106250000000000E+02   -0.3038775390625000E+00    0.9287892341613770E-01    0.2619140625000000E-03    0.1786279296875000E-01    0.4948881149291993E-03    0.7011096653741334E-06    0.2940155100077391E-03
    0.1100000000000000E+02   -0.3053867187500000E+00    0.9379884357452392E-01    0.7475097656250000E-03    0.1770346679687500E-01    0.4892519712448120E-03    0.7054898490821415E-06    0.2939621044788510E-03
    0.1093750000000000E+02   -0.3074200195312500E+00    0.9507378892898559E-01   -0.4380371093750000E-03    0.1782866210937500E-01    0.5018641233444214E-03    0.7561506673880558E-06    0.2938674879260361E-03
    0.1087500000000000E+02   -0.3091222656250000E+00    0.9610355300903320E-01   -0.6218750000000000E-03    0.1775800781250000E-01    0.4905636310577392E-03    0.6961968435803101E-06    0.2950500347651541E-03
    0.1081250000000000E+02   -0.3116528320312500E+00    0.9767090311050415E-01    0.6619140625000000E-03    0.1811787109375000E-01    0.5140815734863281E-03    0.7914594283647602E-06    0.2938552934210747E-03
    0.1075000000000000E+02   -0.3134271484375000E+00    0.9878431758880615E-01    0.1055664062500000E-03    0.1786826171875000E-01    0.5046141147613526E-03    0.7719319660395740E-06    0.2935943484771997E-03
    0.1068750000000000E+02   -0.3153208984375000E+00    0.9998218231201172E-01    0.8106933593750001E-03    0.1763051757812500E-01    0.4860952615737915E-03    0.7019600330352205E-06    0.2938186516985297E-03
    0.1062500000000000E+02   -0.3167407226562500E+00    0.1008842135429382E+00   -0.4299316406250000E-03    0.1814331054687500E-01    0.5149109601974487E-03    0.8013051483828804E-06    0.2938720572274178E-03
    0.1056250000000000E+02   -0.3193648437500000E+00    0.1025392639160156E+00    0.4295410156250000E-03    0.1838374023437500E-01    0.5284877538681030E-03    0.8207729848834333E-06    0.2954605151899159E-03
    0.1050000000000000E+02   -0.3217846679687500E+00    0.1040893166542053E+00    0.7471191406250000E-03    0.1786079101562500E-01    0.5019729852676391E-03    0.7603498327682701E-06    0.2943115250673145E-03
    0.1043750000000000E+02   -0.3233855468750000E+00    0.1051325365066528E+00   -0.3885742187500000E-03    0.1851933593750000E-01    0.5409279823303223E-03    0.8795250346111061E-06    0.2945571905001998E-03
    0.1037500000000000E+02   -0.3259577148437500E+00    0.1068093232154846E+00    0.3569335937500000E-04    0.1812583007812500E-01    0.5136008977890015E-03    0.7646266953486247E-06    0.2940399281214923E-03
    0.1031250000000000E+02   -0.3285783203125000E+00    0.1085100395202637E+00    0.4840820312500000E-03    0.1819208984375000E-01    0.5227528572082520E-03    0.8490345110431008E-06    0.2941833517979831E-03
    0.1025000000000000E+02   -0.3297894531250000E+00    0.1093187133789063E+00    0.1260058593750000E-02    0.1818671875000000E-01    0.5161213874816894E-03    0.7784300057664950E-06    0.2937561075668782E-03
    0.1018750000000000E+02   -0.3329296875000000E+00    0.1113919965744019E+00    0.5119140625000000E-03    0.1881953125000000E-01    0.5525106430053710E-03    0.8870160378819491E-06    0.2976928662974387E-03
    0.1012500000000000E+02   -0.3350395507812500E+00    0.1128218346595764E+00    0.9628906249999999E-04    0.1891767578125000E-01    0.5536822795867920E-03    0.8875048726281420E-06    0.2953353978227824E-03
    0.1006250000000000E+02   -0.3369967773437500E+00    0.1141358607292175E+00    0.5455078125000000E-03    0.1831435546875000E-01    0.5251549720764160E-03    0.8223321730383760E-06    0.2952590875793248E-03
    0.1000000000000000E+02   -0.3394538085937500E+00    0.1157775147438049E+00    0.5623046875000000E-03    0.1876191406250000E-01    0.5483204364776611E-03    0.8711136407214326E-06    0.2951919450424612E-03
    0.9937500000000000E+01   -0.3419478515625000E+00    0.1174910877227783E+00   -0.9084960937500000E-03    0.1859365234375000E-01    0.5404071331024170E-03    0.8718566043512510E-06    0.2934768563136458E-03
    0.9875000000000000E+01   -0.3443634765625000E+00    0.1191424642562866E+00    0.3874023437500000E-03    0.1905087890625000E-01    0.5724721908569336E-03    0.1001306149851189E-05    0.2933013893198222E-03
    0.9812500000000000E+01   -0.3471607421875000E+00    0.1211001510620117E+00    0.5532714843750000E-03    0.1854028320312500E-01    0.5364411592483520E-03    0.8595479223743041E-06    0.2932113711722195E-03
    0.9750000000000000E+01   -0.3499387695312500E+00    0.1230145134925842E+00   -0.8300781250000001E-04    0.1921445312500000E-01    0.5833011627197265E-03    0.1038565665362512E-05    0.2935379161499441E-03
    0.9687500000000000E+01   -0.3520060546875000E+00    0.1244630474090576E+00    0.7741699218750000E-03    0.1918178710937500E-01    0.5807396173477173E-03    0.1026429152562969E-05    0.2928436151705682E-03
    0.9625000000000000E+01   -0.3544874023437500E+00    0.1262105479240417E+00    0.8232421875000000E-04    0.1917001953125000E-01    0.5814086437225342E-03    0.1029740473165930E-05    0.2928619505837560E-03
    0.9562500000000000E+01   -0.3573649414062500E+00    0.1282682692527771E+00   -0.9268554687500001E-03    0.1891611328125000E-01    0.5648285865783692E-03    0.9633546216491595E-06    0.2926513552665710E-03
    0.9500000000000000E+01   -0.3603277343750000E+00    0.1304074476242065E+00    0.2750488281250000E-03    0.1910620117187500E-01    0.5751691102981567E-03    0.9977545190906767E-06    0.2931793278548867E-03
    0.9437500000000000E+01   -0.3632831054687500E+00    0.1325340359687805E+00    0.3657226562500000E-03    0.1914375000000000E-01    0.5766941070556640E-03    0.9866869812412914E-06    0.2929931506514549E-03
    0.9375000000000000E+01   -0.3657221679687500E+00    0.1343119141578674E+00   -0.2789550781250000E-03    0.1934370117187500E-01    0.5830039739608765E-03    0.1013563559121167E-05    0.2926208544522524E-03
    0.9312500000000000E+01   -0.3685437500000000E+00    0.1363953634262085E+00    0.4432617187500000E-03    0.1939707031250000E-01    0.5938011646270752E-03    0.1079100345020834E-05    0.2925323497038335E-03
    0.9250000000000000E+01   -0.3712769531250000E+00    0.1384075948715210E+00   -0.3000000000000000E-03    0.1914218750000000E-01    0.5776895523071289E-03    0.9836130964458788E-06    0.2923278952948749E-03
    0.9187500000000000E+01   -0.3738238281250000E+00    0.1403225975036621E+00    0.4411132812500000E-03    0.1938125000000000E-01    0.5886573791503906E-03    0.1020091456939554E-05    0.2925201551988721E-03
    0.9125000000000000E+01   -0.3768564453125000E+00    0.1426032024383545E+00   -0.1338378906250000E-03    0.1954038085937500E-01    0.5969748258590698E-03    0.1045096109868382E-05    0.2923431457020342E-03
    0.9062500000000000E+01   -0.3798571289062500E+00    0.1448597741127014E+00   -0.6981445312500000E-03    0.1959990234375000E-01    0.6011663913726807E-03    0.1076327072394179E-05    0.2920745755545795E-03
    0.9000000000000000E+01   -0.3828589843750000E+00    0.1471516376495361E+00    0.2696289062500000E-03    0.1979638671875000E-01    0.6142354488372803E-03    0.1127914507230798E-05    0.2920074330177158E-03
    0.8937500000000000E+01   -0.3862100585937500E+00    0.1497303708076477E+00    0.3643554687500000E-03    0.1961933593750000E-01    0.6098521232604981E-03    0.1132071849974636E-05    0.2919342077802867E-03
    0.8875000000000000E+01   -0.3898425781250000E+00    0.1525576971054077E+00    0.5219726562500000E-04    0.1972749023437500E-01    0.6114298582077026E-03    0.1109597953717412E-05    0.2920471306424588E-03
    0.8812500000000000E+01   -0.3923149414062500E+00    0.1545038331031799E+00   -0.3739257812500000E-03    0.2000214843750000E-01    0.6234363555908204E-03    0.1149377052593081E-05    0.2918365353252739E-03
    0.8750000000000000E+01   -0.3955575195312500E+00    0.1570567250251770E+00    0.2308593750000000E-03    0.2012421875000000E-01    0.6332171916961670E-03    0.1176260482509406E-05    0.2919464022852480E-03
    0.8687500000000000E+01   -0.3990703125000000E+00    0.1598530382156372E+00    0.4736328125000000E-04    0.2050595703125000E-01    0.6573600769042969E-03    0.1278880546260552E-05    0.2915191580541432E-03
    0.8625000000000000E+01   -0.4027149414062500E+00    0.1627608012199402E+00    0.5102050781250000E-03    0.2091782226562500E-01    0.6804360151290894E-03    0.1343975967205324E-05    0.2914764336310327E-03
    0.8562500000000000E+01   -0.4054358398437500E+00    0.1649578717231751E+00   -0.1651367187500000E-03    0.2034550781250000E-01    0.6526449203491211E-03    0.1283688786907078E-05    0.2913879288826138E-03
    0.8500000000000000E+01   -0.4103023437500000E+00    0.1689341606140137E+00    0.1498193359375000E-02    0.2062924804687500E-01    0.6707626581192017E-03    0.1368874312089474E-05    0.2916015509981662E-03
    0.8437500000000000E+01   -0.4128666992187500E+00    0.1710421944618225E+00   -0.1284179687500000E-03    0.1993203125000000E-01    0.6212936878204346E-03    0.1148565559799408E-05    0.2912597556132823E-03
    0.8375000000000000E+01   -0.4172328125000000E+00    0.1746772338867187E+00    0.6014160156250000E-03    0.2065180664062500E-01    0.6633880376815796E-03    0.1292897734532516E-05    0.2914306533057243E-03
    0.8312500000000000E+01   -0.4206982421875000E+00    0.1775726095199585E+00    0.1657714843750000E-03    0.2118920898437500E-01    0.7004594564437866E-03    0.1425332362276777E-05    0.2911193878389895E-03
    0.8250000000000000E+01   -0.4248494140625000E+00    0.1810872781753540E+00    0.4096191406250000E-03    0.2112651367187500E-01    0.7042720079421997E-03    0.1491610927502052E-05    0.2909240720327944E-03
    0.8187500000000000E+01   -0.4283289062500000E+00    0.1840530015945435E+00   -0.4102050781250000E-03    0.2053266601562500E-01    0.6636479139328003E-03    0.1319344819665957E-05    0.2908569294959307E-03
    0.8125000000000000E+01   -0.4324898437500000E+00    0.1876539663314819E+00    0.5650878906250000E-03    0.2087553710937500E-01    0.6929182767868042E-03    0.1458901456766171E-05    0.2907318121287972E-03
    0.8062500000000000E+01   -0.4359584960937500E+00    0.1906600007057190E+00    0.4360351562500000E-04    0.2119125976562500E-01    0.6988855123519897E-03    0.1373802333336016E-05    0.2905181900132447E-03
    0.8000000000000000E+01   -0.4406485351562500E+00    0.1947836636543274E+00    0.6870117187500000E-04    0.2106889648437500E-01    0.7044935941696167E-03    0.1519547157812440E-05    0.2905273577198386E-03
    0.7937500000000000E+01   -0.4444843750000000E+00    0.1981799629211426E+00   -0.6835937500000000E-06    0.2176054687500000E-01    0.7447078704833984E-03    0.1639266052370658E-05    0.2903137065004557E-03
    0.7875000000000000E+01   -0.4491484375000000E+00    0.2023397050857544E+00    0.2690429687500000E-03    0.2160175781250000E-01    0.7358517169952393E-03    0.1653031049329456E-05    0.2901977568399161E-03
    0.7812500000000000E+01   -0.4536061523437500E+00    0.2063767611503601E+00    0.5141113281250000E-03    0.2205698242187500E-01    0.7563483953475953E-03    0.1630173070810770E-05    0.2901458647102118E-03
    0.7750000000000000E+01   -0.4570546875000000E+00    0.2095109642028809E+00    0.3271484375000000E-04    0.2125751953125000E-01    0.7148567199707031E-03    0.1561736326834762E-05    0.2899658284150064E-03
    0.7687500000000000E+01   -0.4628930664062500E+00    0.2148896624565124E+00   -0.1009472656250000E-02    0.2225175781250000E-01    0.7770696640014648E-03    0.1790193540455221E-05    0.2896637015510350E-03
    0.7625000000000000E+01   -0.4672921875000000E+00    0.2189835096359253E+00    0.1163476562500000E-02    0.2183466796875000E-01    0.7554989814758300E-03    0.1776255857566866E-05    0.2896514779422432E-03
    0.7562500000000000E+01   -0.4718330078125000E+00    0.2232353076934814E+00    0.9716308593750000E-03    0.2231547851562500E-01    0.7802605390548706E-03    0.1817546230989819E-05    0.2895172219723463E-03
    0.7500000000000000E+01   -0.4767673828125000E+00    0.2279298585891724E+00   -0.6161621093750000E-03    0.2279497070312500E-01    0.8112842798233032E-03    0.1922924961428407E-05    0.2894134377129376E-03
    0.7437500000000000E+01   -0.4811428710937500E+00    0.2321287789344788E+00   -0.1974609375000000E-03    0.2210195312500000E-01    0.7688054561614990E-03    0.1774249693141883E-05    0.2894561912398785E-03
    0.7375000000000000E+01   -0.4868562500000000E+00    0.2376844745635986E+00   -0.6504882812500000E-03    0.2349130859375000E-01    0.8579489707946777E-03    0.2129978258290066E-05    0.2892303455155343E-03
    0.7312500000000000E+01   -0.4922461914062500E+00    0.2429458851814270E+00    0.1025048828125000E-02    0.2327583007812500E-01    0.8456668138504029E-03    0.2063810675764444E-05    0.2889251627493650E-03
    0.7250000000000000E+01   -0.4977393554687500E+00    0.2483765231132507E+00    0.7675292968750000E-03    0.2356508789062500E-01    0.8753679513931274E-03    0.2327029651434032E-05    0.2884735004045069E-03
    0.7187500000000000E+01   -0.5032954101562500E+00    0.2539516064643860E+00    0.6021972656250000E-03    0.2343129882812500E-01    0.8655097723007202E-03    0.2289480860889625E-05    0.2884460554923862E-03
    0.7125000000000000E+01   -0.5084000000000000E+00    0.2591240501403809E+00   -0.1928710937500000E-03    0.2444443359375000E-01    0.9436595439910888E-03    0.2664706117877813E-05    0.2883514389395714E-03
    0.7062500000000000E+01   -0.5148425781250000E+00    0.2657050001144409E+00   -0.1152587890625000E-02    0.2388374023437500E-01    0.9025487184524536E-03    0.2470978881598285E-05    0.2881957916542888E-03
    0.7000000000000000E+01   -0.5200231445312500E+00    0.2710614941596985E+00   -0.6512695312500000E-03    0.2358427734375000E-01    0.8647860050201416E-03    0.2150941350998892E-05    0.2879943931475282E-03
    0.6937500000000000E+01   -0.5261395507812500E+00    0.2774671000480652E+00   -0.4060058593750000E-03    0.2433686523437500E-01    0.9282635927200317E-03    0.2572541304726883E-05    0.2878112718462944E-03
    0.6875000000000000E+01   -0.5318058593750000E+00    0.2834941974639892E+00    0.7926269531250000E-03    0.2509194335937500E-01    0.9747281312942504E-03    0.2763742137614145E-05    0.2875976497307420E-03
    0.6812500000000000E+01   -0.5389926757812500E+00    0.2911779896736145E+00   -0.1606933593750000E-03    0.2554770507812500E-01    0.1025030398368835E-02    0.3102488727034824E-05    0.2872863842640072E-03
    0.6750000000000000E+01   -0.5453451171875000E+00    0.2980636537551880E+00   -0.1288623046875000E-02    0.2541889648437500E-01    0.1019423174858093E-02    0.3177686617954123E-05    0.2870269818231463E-03
    0.6687500000000000E+01   -0.5514126953125000E+00    0.3047182279586792E+00   -0.2375830078125000E-02    0.2543208007812500E-01    0.1009100842475891E-02    0.2941006857651019E-05    0.2868957526516169E-03
    0.6625000000000000E+01   -0.5584496093750000E+00    0.3125393135070801E+00    0.4510742187500000E-03    0.2559462890625000E-01    0.1020277118682861E-02    0.3029909881433923E-05    0.2864074776880443E-03
    0.6562500000000000E+01   -0.5657471679687500E+00    0.3207483328819275E+00   -0.4606933593750000E-03    0.2628647460937500E-01    0.1084504961967468E-02    0.3572213886508280E-05    0.2861572138499469E-03
    0.6500000000000000E+01   -0.5733461914062500E+00    0.3294139008522033E+00    0.1452050781250000E-02    0.2687998046875000E-01    0.1136346054077148E-02    0.3789569572836626E-05    0.2859649539459497E-03
    0.6437500000000000E+01   -0.5809238281250000E+00    0.3381492446899414E+00    0.1376757812500000E-02    0.2683730468750000E-01    0.1141638040542603E-02    0.4099381272192204E-05    0.2859130909200758E-03
    0.6375000000000000E+01   -0.5892827148437501E+00    0.3479564066886902E+00    0.3368652343750000E-03    0.2759702148437500E-01    0.1176191496849060E-02    0.3975431534598783E-05    0.2853759797289968E-03
    0.6312500000000000E+01   -0.5958955078125000E+00    0.3558039060592652E+00   -0.2791015625000000E-02    0.2694882812500000E-01    0.1146407556533814E-02    0.4010363435611453E-05    0.2852569450624287E-03
    0.6250000000000000E+01   -0.6046907226562500E+00    0.3663498293876648E+00    0.7830078125000000E-03    0.2768037109375000E-01    0.1204302644729614E-02    0.4310613972450028E-05    0.2850707969628274E-03
    0.6187500000000000E+01   -0.6135008789062500E+00    0.3770876996040344E+00   -0.1610742187500000E-02    0.2917080078125000E-01    0.1326798009872437E-02    0.5062698016001832E-05    0.2847320574801415E-03
    0.6125000000000000E+01   -0.6218618164062500E+00    0.3874311072349548E+00    0.8885742187500000E-03    0.2855849609375000E-01    0.1253713750839234E-02    0.4388133054305854E-05    0.2846008283086121E-03
    0.6062500000000000E+01   -0.6308533203125000E+00    0.3986996332168579E+00    0.2600585937500000E-03    0.2909296875000000E-01    0.1312352800369263E-02    0.4973217216831927E-05    0.2840820234268904E-03
    0.6000000000000000E+01   -0.6403160156250000E+00    0.4107403505325317E+00    0.1741162109375000E-02    0.3057153320312500E-01    0.1479380345344544E-02    0.6556299630693729E-05    0.2840118540916592E-03
    0.5937500000000000E+01   -0.6496600585937500E+00    0.4228103018760681E+00   -0.7343750000000000E-04    0.2994160156250000E-01    0.1413206768035889E-02    0.5947364773805930E-05    0.2835388295352459E-03
    0.5875000000000000E+01   -0.6599240234375000E+00    0.4362482280731201E+00    0.6196777343749999E-03    0.3086391601562500E-01    0.1505575203895569E-02    0.7076068005886782E-05    0.2831359743140638E-03
    0.5812500000000000E+01   -0.6705521484375000E+00    0.4503975700378418E+00    0.1678125000000000E-02    0.3033642578125000E-01    0.1444190597534180E-02    0.6245996525126429E-05    0.2845733542926610E-03
    0.5750000000000000E+01   -0.6804840820312500E+00    0.4638346980094910E+00    0.2600000000000000E-02    0.3205078125000000E-01    0.1580308008193970E-02    0.7110648569789646E-05    0.2822723472490907E-03
    0.5687500000000000E+01   -0.6921370117187500E+00    0.4798422163963318E+00    0.4014648437500000E-03    0.3350175781250000E-01    0.1740962934494019E-02    0.8753763092715872E-05    0.2820861700456589E-03
    0.5625000000000000E+01   -0.7029979492187500E+00    0.4949922410011292E+00    0.3632080078125000E-02    0.3319526367187500E-01    0.1713639521598816E-02    0.8425787622462622E-05    0.2815826446749270E-03
    0.5562500000000000E+01   -0.7152356445312500E+00    0.5123580204963684E+00   -0.1115917968750000E-02    0.3499345703125000E-01    0.1937552976608276E-02    0.1107413136440982E-04    0.2812408492900431E-03
    0.5500000000000000E+01   -0.7279710937500000E+00    0.5307690876007080E+00   -0.1779003906250000E-02    0.3399316406250000E-01    0.1817556285858154E-02    0.9582200127351825E-05    0.2806487900670618E-03
    0.5437500000000000E+01   -0.7406689453125000E+00    0.5493861625671387E+00    0.2315576171875000E-02    0.3625727539062500E-01    0.2014763617515564E-02    0.1125624312653031E-04    0.2802856324706227E-03
    0.5375000000000000E+01   -0.7543015625000000E+00    0.5698211467742920E+00    0.1986474609375000E-02    0.3582612304687500E-01    0.1998430657386780E-02    0.1207218433758612E-04    0.2799011126626283E-03
    0.5312500000000000E+01   -0.7677817382812500E+00    0.5903451817512512E+00    0.4056640625000000E-02    0.3820673828125000E-01    0.2275264501571655E-02    0.1516020503403297E-04    0.2790985163301229E-03
    0.5250000000000000E+01   -0.7819854492187500E+00    0.6123916813850403E+00    0.4952490234375000E-02    0.3994916992187500E-01    0.2483258748054505E-02    0.1777335905497353E-04    0.2787384146358818E-03
    0.5187500000000000E+01   -0.7971332031250000E+00    0.6363205593109131E+00    0.1066796875000000E-02    0.3885810546875000E-01    0.2357786607742310E-02    0.1572183093395552E-04    0.2779113710857928E-03
    0.5125000000000000E+01   -0.8138634765625000E+00    0.6632631204605103E+00   -0.4431933593750000E-02    0.4227226562500000E-01    0.2767031812667847E-02    0.2195198146865778E-04    0.2772979787550867E-03
    0.5062500000000000E+01   -0.8300090820312500E+00    0.6898745781898499E+00   -0.5217968750000000E-02    0.4339306640625000E-01    0.2964204263687134E-02    0.2636072095691588E-04    0.2769775455817580E-03
    0.5000000000000000E+01   -0.8489279296875000E+00    0.7216533887863159E+00    0.2952441406250000E-02    0.4327958984375000E-01    0.2950142621994019E-02    0.2657909964451619E-04    0.2760436909738928E-03
    0.4937500000000000E+01   -0.8673372070312499E+00    0.7531938187599182E+00    0.1123681640625000E-02    0.4610151367187500E-01    0.3423138594627380E-02    0.3776230850846218E-04    0.2755493042059243E-03
    0.4875000000000000E+01   -0.8862762695312500E+00    0.7864844639778137E+00    0.1628613281250000E-02    0.4872119140625000E-01    0.3681013631820679E-02    0.3873594384775743E-04    0.2749542181845754E-03
    0.4812500000000000E+01   -0.9070893554687500E+00    0.8238691346168519E+00    0.4346630859375000E-02    0.4741889648437500E-01    0.3495764088630676E-02    0.3516993068329270E-04    0.2741638163570315E-03
    0.4750000000000000E+01   -0.9300795898437501E+00    0.8660883212089538E+00   -0.6260888671875000E-02    0.5947329101562500E-01    0.5620196366310119E-02    0.9902403134468045E-04    0.2735137823037803E-03
    0.4687500000000000E+01   -0.9550710937500000E+00    0.9132410215377808E+00   -0.6599121093750000E-02    0.5466826171875000E-01    0.4735491609573365E-02    0.6916157727104065E-04    0.2728088293224573E-03
    0.4625000000000000E+01   -0.9780849609375000E+00    0.9577472610473633E+00    0.2043574218750000E-01    0.6439121093750000E-01    0.6547615718841553E-02    0.1252610840959278E-03    0.2772888110484928E-03
    0.4562500000000000E+01   -0.1007128125000000E+01    0.1015458258819580E+01    0.1706372070312500E-01    0.6647192382812500E-01    0.6845591378211975E-02    0.1352121478734318E-03    0.2731292624957860E-03
    0.4500000000000000E+01   -0.1034395605468750E+01    0.1071183986949921E+01   -0.3808837890625000E-02    0.7481049804687501E-01    0.8224312186241150E-02    0.1653747830694499E-03    0.2721404889598489E-03
    0.4437500000000000E+01   -0.1067365136718750E+01    0.1140466712474823E+01   -0.7876953125000000E-03    0.7662148437500001E-01    0.8844142866134644E-02    0.2072117099388265E-03    0.2712280256673694E-03
    0.4375000000000000E+01   -0.1099901953125000E+01    0.1211088217735291E+01    0.3404345703125000E-02    0.9147026367187500E-01    0.1296028382778168E-01    0.4628338944627956E-03    0.2682128979358822E-03
    0.4312500000000000E+01   -0.1139212792968750E+01    0.1299257293796539E+01   -0.2742622070312500E-01    0.1261584472656250E+00    0.2422754342556000E-01    0.1578134037062631E-02    0.2671630936674774E-03
    0.4250000000000000E+01   -0.1180101953125000E+01    0.1394242836189270E+01    0.4917978515625000E-01    0.1120020507812500E+00    0.2225583124160766E-01    0.1917418755658264E-02    0.2660675090737641E-03
    0.4187500000000000E+01   -0.1216696093750000E+01    0.1481936580085754E+01    0.7675781250000000E-04    0.1259894531250000E+00    0.2595235219001770E-01    0.1944339237399265E-02    0.2648986701387912E-03
    0.4125000000000000E+01   -0.1290399707031250E+01    0.1667859481906891E+01    0.1976006835937500E+00    0.2449302734375000E+00    0.9843058443069458E-01    0.2660666533804724E-01    0.2631317183841020E-03
    0.4062500000000000E+01   -0.1346408593750000E+01    0.1815514546012878E+01    0.2334387207031250E+00    0.3622535644531250E+00    0.1602954081296921E+00    0.4190912622978087E-01    0.2614990225993097E-03
    0.4000000000000000E+01   -0.1455820898437500E+01    0.2122250717353821E+01   -0.6241317871093750E+00    0.6241317871093750E+00    0.4074622920751572E+00    0.1875246399407249E+00    0.2610382216516882E-03
    0.3937500000000000E+01   -0.1543400292968750E+01    0.2384079120159149E+01   -0.7661821777343750E+00    0.7661821777343750E+00    0.5896844091653823E+00    0.3536884105621961E+00    0.2566864131949842E-03
    0.3875000000000000E+01   -0.1605541503906250E+01    0.2579488873004913E+01   -0.8196120605468750E+00    0.8196120605468750E+00    0.6731910787820816E+00    0.4568864996008193E+00    0.2554443490225822E-03
    0.3812500000000000E+01   -0.1654016113281250E+01    0.2737139767360687E+01   -0.8484380859375000E+00    0.8484380859375000E+00    0.7211312784671784E+00    0.5235396477553456E+00    0.2538940461818129E-03
    0.3750000000000000E+01   -0.1702729296875000E+01    0.2900366735267639E+01   -0.8821201171875001E+00    0.8821201171875001E+00    0.7786040884971619E+00    0.6076467312555723E+00    0.2526550379116088E-03
    0.3687500000000000E+01   -0.1740903808593750E+01    0.3031594825267792E+01   -0.9025350585937501E+00    0.9025350585937501E+00    0.8148449875354767E+00    0.6648618396069431E+00    0.2525756717659533E-03
    0.3625000000000000E+01   -0.1773678808593750E+01    0.3146624643421173E+01   -0.9181486816406250E+00    0.9181486816406250E+00    0.8431808078527451E+00    0.7115699844600496E+00    0.2508666948415339E-03
    0.3562500000000000E+01   -0.1803667382812500E+01    0.3253829451751709E+01   -0.9310904785156250E+00    0.9310904785156250E+00    0.8670723081350327E+00    0.7523071782021413E+00    0.2501037670299411E-03
    0.3500000000000000E+01   -0.1829069140625000E+01    0.3345995323753357E+01   -0.9417474121093750E+00    0.9417474121093750E+00    0.8869942172765731E+00    0.7871328484704835E+00    0.2496521046850830E-03
    0.3437500000000000E+01   -0.1852730371093750E+01    0.3433047400188446E+01   -0.9512865722656250E+00    0.9512865722656250E+00    0.9050297142267227E+00    0.8193798858270753E+00    0.2489196776878089E-03
    0.3375000000000000E+01   -0.1872892968750000E+01    0.3508086659812927E+01   -0.9585339843750000E+00    0.9585339843750000E+00    0.9188523086547852E+00    0.8445271212281805E+00    0.2484741271473467E-03
    0.3312500000000000E+01   -0.1891218554687500E+01    0.3577005605125427E+01   -0.9655767089843750E+00    0.9655767089843750E+00    0.9323854003190994E+00    0.8695173347929158E+00    0.2478881797287613E-03
    0.3250000000000000E+01   -0.1907361132812500E+01    0.3638269848823547E+01   -0.9711880859374999E+00    0.9711880859374999E+00    0.9432414301872254E+00    0.8898366757405048E+00    0.2476684458088130E-03
    0.3187500000000000E+01   -0.1921891015625000E+01    0.3693870527458191E+01   -0.9761853515625000E+00    0.9761853515625000E+00    0.9529657817363739E+00    0.9082499929325241E+00    0.2471191401127726E-03
    0.3125000000000000E+01   -0.1934940332031250E+01    0.3744162267780304E+01   -0.9805500976562500E+00    0.9805500976562500E+00    0.9614989651679993E+00    0.9245588606420879E+00    0.2471374464221299E-03
    0.3062500000000000E+01   -0.1945486328125000E+01    0.3785052620315552E+01   -0.9839578125000000E+00    0.9839578125000000E+00    0.9681886812210083E+00    0.9374500347828185E+00    0.2468078746460378E-03
    0.3000000000000000E+01   -0.1955075585937500E+01    0.3822431359291077E+01   -0.9869448242187500E+00    0.9869448242187500E+00    0.9740724935054779E+00    0.9488654783753678E+00    0.2464416611474007E-03
    0.2937500000000000E+01   -0.1963103515625000E+01    0.3853864535331726E+01   -0.9894293457031250E+00    0.9894293457031250E+00    0.9789796096563339E+00    0.9584369708922086E+00    0.2461975091136992E-03
    0.2875000000000000E+01   -0.1969784375000000E+01    0.3880120986938477E+01   -0.9914137695312500E+00    0.9914137695312500E+00    0.9829084238052368E+00    0.9661370876477006E+00    0.2459777751937509E-03
    0.2812500000000000E+01   -0.1975737695312500E+01    0.3903597308921814E+01   -0.9931781738281250E+00    0.9931781738281250E+00    0.9864084529161453E+00    0.9730235780758721E+00    0.2460083051119000E-03
    0.2750000000000000E+01   -0.1980579687500000E+01    0.3922740138816834E+01   -0.9946093750000000E+00    0.9946093750000000E+00    0.9892518684387207E+00    0.9786353038540440E+00    0.2457214286550879E-03
    0.2687500000000000E+01   -0.1985012597656250E+01    0.3940309393405914E+01   -0.9958874023437500E+00    0.9958874023437500E+00    0.9917947421550751E+00    0.9836687949085150E+00    0.2456787042319775E-03
    0.2625000000000000E+01   -0.1988208984375000E+01    0.3953002028083801E+01   -0.9967877441406250E+00    0.9967877441406250E+00    0.9935881110906601E+00    0.9872264825166470E+00    0.2456420916132629E-03
    0.2562500000000000E+01   -0.1990970898437500E+01    0.3963985974884033E+01   -0.9975468261718750E+00    0.9975468261718750E+00    0.9951014555692673E+00    0.9902340048237313E+00    0.2455871726851910E-03
    0.2500000000000000E+01   -0.1993272656250000E+01    0.3973150650215149E+01   -0.9981935546875000E+00    0.9981935546875000E+00    0.9963915565490723E+00    0.9928008487335910E+00    0.2455261128488928E-03
    0.2437500000000000E+01   -0.1995121679687500E+01    0.3980521258544922E+01   -0.9986984375000000E+00    0.9986984375000000E+00    0.9973994316577911E+00    0.9948090641711186E+00    0.2453796332702041E-03
    0.2375000000000000E+01   -0.1996448046875000E+01    0.3985812489891052E+01   -0.9990619140625000E+00    0.9990619140625000E+00    0.9981252891063690E+00    0.9962564104866330E+00    0.2456359798088670E-03
    0.2312500000000000E+01   -0.1997483300781250E+01    0.3989944999599457E+01   -0.9993366210937500E+00    0.9993366210937500E+00    0.9986740931510926E+00    0.9973515844702859E+00    0.2453124907333404E-03
    0.2250000000000000E+01   -0.1998319921875000E+01    0.3993286063003540E+01   -0.9995626464843750E+00    0.9995626464843750E+00    0.9991257416009903E+00    0.9982532753096229E+00    0.2453124907333404E-03
    0.2187500000000000E+01   -0.1998834863281250E+01    0.3995343184566498E+01   -0.9996973632812500E+00    0.9996973632812500E+00    0.9993949877262116E+00    0.9987910189595954E+00    0.2454101631883532E-03
    0.2125000000000000E+01   -0.1999267675781250E+01    0.3997072702884674E+01   -0.9998106445312500E+00    0.9998106445312500E+00    0.9996214278697968E+00    0.9992434104591974E+00    0.2452636836096644E-03
    0.2062500000000000E+01   -0.1999548437500000E+01    0.3998194887351990E+01   -0.9998840820312500E+00    0.9998840820312500E+00    0.9997682415008545E+00    0.9995367925018600E+00    0.2452270418871194E-03
    0.2000000000000000E+01   -0.1999722851562500E+01    0.3998892041206360E+01   -0.9999290527343750E+00    0.9999290527343750E+00    0.9998581483602523E+00    0.9997164681663431E+00    0.2452331536915153E-03
    0.1937500000000000E+01   -0.1999847070312500E+01    0.3999388610267639E+01   -0.9999610839843750E+00    0.9999610839843750E+00    0.9999221898794174E+00    0.9998444673456781E+00    0.2453186025377363E-03
    0.1875000000000000E+01   -0.1999913378906250E+01    0.3999653689479828E+01   -0.9999780761718750E+00    0.9999780761718750E+00    0.9999561636686325E+00    0.9999123726122557E+00    0.2453857450746000E-03
    0.1812500000000000E+01   -0.1999960351562500E+01    0.3999841485595703E+01   -0.9999899902343750E+00    0.9999899902343750E+00    0.9999799855947494E+00    0.9999599916825540E+00    0.2454528876114637E-03
    0.1750000000000000E+01   -0.1999984375000000E+01    0.3999937531089783E+01   -0.9999960449218750E+00    0.9999960449218750E+00    0.9999920918703079E+00    0.9999841918425171E+00    0.2452880726195872E-03
    0.1687500000000000E+01   -0.1999989257812500E+01    0.3999957052803039E+01   -0.9999972656250000E+00    0.9999972656250000E+00    0.9999945326805115E+00    0.9999890710799023E+00    0.2453186025377363E-03
    0.1625000000000000E+01   -0.1999995703125000E+01    0.3999982821464539E+01   -0.9999988769531249E+00    0.9999988769531249E+00    0.9999977545499802E+00    0.9999955116732514E+00    0.2453186025377363E-03
    0.1562500000000000E+01   -0.1999999609375000E+01    0.3999998438262939E+01   -0.9999999023437500E+00    0.9999999023437500E+00    0.9999998047351837E+00    0.9999996096610092E+00    0.2452453481964767E-03
    0.1500000000000000E+01   -0.2000000000000000E+01    0.4000000000000000E+01   -0.1000000000000000E+01    0.1000000000000000E+01    0.1000000000000000E+01    0.1000000000000000E+01    0.2452453481964767E-03
    0.1437500000000000E+01   -0.2000000000000000E+01    0.4000000000000000E+01   -0.1000000000000000E+01    0.1000000000000000E+01    0.1000000000000000E+01    0.1000000000000000E+01    0.2452941844239831E-03
    0.1375000000000000E+01   -0.2000000000000000E+01    0.4000000000000000E+01   -0.1000000000000000E+01    0.1000000000000000E+01    0.1000000000000000E+01    0.1000000000000000E+01    0.2453735214658082E-03
    0.1312500000000000E+01   -0.2000000000000000E+01    0.4000000000000000E+01   -0.1000000000000000E+01    0.1000000000000000E+01    0.1000000000000000E+01    0.1000000000000000E+01    0.2453186025377363E-03
    0.1250000000000000E+01   -0.2000000000000000E+01    0.4000000000000000E+01   -0.1000000000000000E+01    0.1000000000000000E+01    0.1000000000000000E+01    0.1000000000000000E+01    0.2452209591865540E-03
    0.1187500000000000E+01   -0.2000000000000000E+01    0.4000000000000000E+01   -0.1000000000000000E+01    0.1000000000000000E+01    0.1000000000000000E+01    0.1000000000000000E+01    0.2453735214658082E-03
    0.1125000000000000E+01   -0.2000000000000000E+01    0.4000000000000000E+01   -0.1000000000000000E+01    0.1000000000000000E+01    0.1000000000000000E+01    0.1000000000000000E+01    0.2454345813021064E-03
    0.1062500000000000E+01   -0.2000000000000000E+01    0.4000000000000000E+01   -0.1000000000000000E+01    0.1000000000000000E+01    0.1000000000000000E+01    0.1000000000000000E+01    0.2453186025377363E-03
    0.1000000000000000E+01   -0.2000000000000000E+01    0.4000000000000000E+01   -0.1000000000000000E+01    0.1000000000000000E+01    0.1000000000000000E+01    0.1000000000000000E+01    0.2452270418871194E-03
    0.9375000000000000E+00   -0.2000000000000000E+01    0.4000000000000000E+01   -0.1000000000000000E+01    0.1000000000000000E+01    0.1000000000000000E+01    0.1000000000000000E+01    0.2452575718052685E-03
