# seed =   10
# samp = 10000
    0.1493750000000000E+02   -0.2196156250000000E+00    0.5034294738769531E-01   -0.2974609375000000E-03    0.3238496093750000E-01    0.1636683273315430E-02    0.7791128351527732E-05    0.7293490489246324E-04
    0.1487500000000000E+02   -0.2200031250000000E+00    0.5049872741699218E-01    0.3951171875000000E-03    0.3229160156250000E-01    0.1647504806518555E-02    0.8243857066554484E-05    0.7287620974238962E-04
    0.1481250000000000E+02   -0.2210257812500000E+00    0.5088299865722656E-01   -0.2824218750000000E-03    0.3148125000000000E-01    0.1565408325195312E-02    0.7487012207275256E-05    0.7273958908626810E-04
    0.1475000000000000E+02   -0.2230789062500000E+00    0.5181163940429687E-01   -0.8085937500000000E-03    0.3218359375000000E-01    0.1613482666015625E-02    0.7600798306521028E-05    0.7259421545313671E-04
    0.1468750000000000E+02   -0.2242398437500000E+00    0.5237819824218750E-01   -0.3535156250000000E-03    0.3254609375000000E-01    0.1661985015869141E-02    0.8358639114885591E-05    0.7253639341797680E-04
    0.1462500000000000E+02   -0.2239046875000000E+00    0.5222821655273437E-01   -0.7552734375000000E-03    0.3217910156250000E-01    0.1631941604614258E-02    0.7962780860543717E-05    0.7253029616549611E-04
    0.1456250000000000E+02   -0.2261406250000000E+00    0.5323694458007813E-01   -0.1074218750000000E-04    0.3229199218750000E-01    0.1632478713989258E-02    0.7953464468300809E-05    0.7255053787957877E-04
    0.1450000000000000E+02   -0.2276882812500000E+00    0.5392012634277344E-01    0.2789062500000000E-03    0.3231835937500000E-01    0.1653356933593750E-02    0.8366033335914835E-05    0.7264351734193042E-04
    0.1443750000000000E+02   -0.2271046875000000E+00    0.5371640930175781E-01   -0.9326171875000000E-03    0.3189980468750000E-01    0.1589871597290039E-02    0.7368224523088430E-05    0.7334280235227197E-04
    0.1437500000000000E+02   -0.2283218750000000E+00    0.5426077270507813E-01    0.4531250000000000E-03    0.3255273437500000E-01    0.1658172607421875E-02    0.8048115397104993E-05    0.7419843313982710E-04
    0.1431250000000000E+02   -0.2303789062500000E+00    0.5515628662109375E-01   -0.8376953125000000E-03    0.3245957031250000E-01    0.1677992630004883E-02    0.8652630665164907E-05    0.7327298953896388E-04
    0.1425000000000000E+02   -0.2313144531250000E+00    0.5563331451416016E-01    0.8798828125000000E-03    0.3209980468750000E-01    0.1609579086303711E-02    0.7680544331378770E-05    0.7286243635462597E-04
    0.1418750000000000E+02   -0.2322285156250000E+00    0.5599645843505859E-01    0.6464843750000000E-04    0.3268339843750000E-01    0.1666102981567383E-02    0.8281670605356340E-05    0.7254839147208259E-04
    0.1412500000000000E+02   -0.2328699218750000E+00    0.5628855133056641E-01   -0.2593750000000000E-03    0.3265273437500000E-01    0.1684592437744141E-02    0.8559028935269452E-05    0.7320012809941545E-04
    0.1406250000000000E+02   -0.2334171875000000E+00    0.5652777404785157E-01    0.1087890625000000E-03    0.3242246093750000E-01    0.1660202407836914E-02    0.8399190143973101E-05    0.7186766015365720E-04
    0.1400000000000000E+02   -0.2347144531250000E+00    0.5716816253662110E-01   -0.1299804687500000E-02    0.3258378906250000E-01    0.1684779739379883E-02    0.8748588904563803E-05    0.7173385529313236E-04
    0.1393750000000000E+02   -0.2376527343750000E+00    0.5854161529541015E-01    0.1367187500000000E-04    0.3244375000000000E-01    0.1671781158447266E-02    0.8510762886726298E-05    0.7176046347012743E-04
    0.1387500000000000E+02   -0.2378250000000000E+00    0.5865545654296875E-01   -0.2447265625000000E-03    0.3295488281250000E-01    0.1685504531860352E-02    0.8198666213138494E-05    0.7178296800702810E-04
    0.1381250000000000E+02   -0.2379046875000000E+00    0.5868061828613282E-01    0.2295898437500000E-02    0.3241972656250000E-01    0.1659775161743164E-02    0.8516294982109685E-05    0.7169370655901730E-04
    0.1375000000000000E+02   -0.2400175781250000E+00    0.5964772491455078E-01    0.7371093750000000E-03    0.3236328125000000E-01    0.1635696411132813E-02    0.7998779776971787E-05    0.7175655628088862E-04
    0.1368750000000000E+02   -0.2411882812500000E+00    0.6026383361816406E-01   -0.1602343750000000E-02    0.3246992187500000E-01    0.1647845458984375E-02    0.8037598116789013E-05    0.7177276711445302E-04
    0.1362500000000000E+02   -0.2418199218750000E+00    0.6056494293212891E-01   -0.1802734375000000E-03    0.3261738281250000E-01    0.1675306320190430E-02    0.8500592688506004E-05    0.7185506547102705E-04
    0.1356250000000000E+02   -0.2432457031250000E+00    0.6130075836181641E-01   -0.7269531250000000E-03    0.3265156250000000E-01    0.1675476837158203E-02    0.8505129590048455E-05    0.7188596646301448E-04
    0.1350000000000000E+02   -0.2460562500000000E+00    0.6266522827148438E-01    0.7593750000000000E-03    0.3265781250000000E-01    0.1678540039062500E-02    0.8586118387756869E-05    0.7219142571557313E-04
    0.1343750000000000E+02   -0.2463199218750000E+00    0.6273544769287109E-01    0.2234375000000000E-02    0.3304257812500000E-01    0.1717013549804688E-02    0.8838268852559850E-05    0.7184581772889942E-04
    0.1337500000000000E+02   -0.2470558593750000E+00    0.6314568023681641E-01   -0.1081640625000000E-02    0.3197851562500000E-01    0.1631222534179688E-02    0.8420112635940313E-05    0.7172184268711135E-04
    0.1331250000000000E+02   -0.2483941406250000E+00    0.6384372406005859E-01   -0.6960937500000000E-03    0.3263906250000000E-01    0.1679241180419922E-02    0.8572527885553428E-05    0.7174759230110794E-04
    0.1325000000000000E+02   -0.2490742187500000E+00    0.6414120483398437E-01   -0.7460937500000000E-03    0.3325234375000000E-01    0.1745996093750000E-02    0.9248689847299829E-05    0.7205314614111558E-04
    0.1318750000000000E+02   -0.2503386718750000E+00    0.6481388092041016E-01    0.1443359375000000E-03    0.3307363281250000E-01    0.1719813919067383E-02    0.8799624974199105E-05    0.7168521551648155E-04
    0.1312500000000000E+02   -0.2513902343750000E+00    0.6527809600830078E-01   -0.1704492187500000E-02    0.3292949218750000E-01    0.1712154006958008E-02    0.8811610391421709E-05    0.7173919584602118E-04
    0.1306250000000000E+02   -0.2538296875000000E+00    0.6655019531250000E-01    0.5320312500000000E-03    0.3289062500000000E-01    0.1686583709716797E-02    0.8262489564367571E-05    0.7212066702777520E-04
    0.1300000000000000E+02   -0.2548238281250000E+00    0.6702602386474610E-01    0.8945312500000000E-03    0.3274765625000000E-01    0.1696096038818359E-02    0.8718354752636514E-05    0.7197113154688850E-04
    0.1293750000000000E+02   -0.2551496093750000E+00    0.6720832672119141E-01    0.1928710937500000E-02    0.3332871093750000E-01    0.1759035873413086E-02    0.9541583362442907E-05    0.7164707494666800E-04
    0.1287500000000000E+02   -0.2570285156250000E+00    0.6816071929931640E-01    0.1600000000000000E-02    0.3331992187500000E-01    0.1759523010253906E-02    0.9474376065190881E-05    0.7171554898377508E-04
    0.1281250000000000E+02   -0.2585539062500000E+00    0.6896011962890625E-01    0.4863281250000000E-04    0.3355058593750000E-01    0.1758945846557617E-02    0.9070061535749118E-05    0.7210998592199758E-04
    0.1275000000000000E+02   -0.2607429687500000E+00    0.7013187255859375E-01   -0.1199218750000000E-02    0.3368085937500000E-01    0.1788935852050781E-02    0.9631036390783265E-05    0.7198638923000544E-04
    0.1268750000000000E+02   -0.2610597656250000E+00    0.7026674346923828E-01   -0.1497851562500000E-02    0.3359394531250000E-01    0.1777897262573242E-02    0.9412583486118819E-05    0.7245941378641874E-04
    0.1262500000000000E+02   -0.2639355468750000E+00    0.7181171417236328E-01   -0.8222656250000000E-04    0.3389902343750000E-01    0.1795952224731445E-02    0.9427690472512040E-05    0.7262248982442543E-04
    0.1256250000000000E+02   -0.2637488281250000E+00    0.7165379180908203E-01   -0.4279296875000000E-03    0.3352285156250000E-01    0.1759540176391602E-02    0.9096862528531346E-05    0.7174129132181406E-04
    0.1250000000000000E+02   -0.2653714843750000E+00    0.7263344879150391E-01    0.3503906250000000E-03    0.3326367187500000E-01    0.1738275146484375E-02    0.9055340895429253E-05    0.7196846127044410E-04
    0.1243750000000000E+02   -0.2671101562500000E+00    0.7347317504882812E-01   -0.8082031250000000E-03    0.3335273437500000E-01    0.1763572692871094E-02    0.9444259217707440E-05    0.7193889905465767E-04
    0.1237500000000000E+02   -0.2690320312500000E+00    0.7446932373046874E-01   -0.4193359375000000E-03    0.3392988281250000E-01    0.1806613540649414E-02    0.9657447623612826E-05    0.7233981887111440E-04
    0.1231250000000000E+02   -0.2703703125000000E+00    0.7521871948242187E-01    0.3146484375000000E-03    0.3400449218750000E-01    0.1806433486938477E-02    0.9644179501628969E-05    0.7274436939042062E-04
    0.1225000000000000E+02   -0.2716679687500000E+00    0.7591643371582031E-01    0.5562500000000000E-03    0.3375468750000000E-01    0.1775484466552734E-02    0.9186681135906837E-05    0.7239303522510454E-04
    0.1218750000000000E+02   -0.2727085937500000E+00    0.7653643188476562E-01    0.6138671875000000E-03    0.3376230468750000E-01    0.1807186508178711E-02    0.1001848520099884E-04    0.7226581510622054E-04
    0.1212500000000000E+02   -0.2744332031250000E+00    0.7745864105224609E-01    0.1951171875000000E-03    0.3482089843750000E-01    0.1917531204223633E-02    0.1130424842267530E-04    0.7251853821799159E-04
    0.1206250000000000E+02   -0.2766972656250000E+00    0.7874411773681640E-01   -0.9531250000000001E-04    0.3430585937500000E-01    0.1850610351562500E-02    0.1017802950809710E-04    0.7215690857265145E-04
    0.1200000000000000E+02   -0.2770871093750000E+00    0.7895522613525391E-01    0.2382812500000000E-04    0.3515898437500000E-01    0.1937062072753906E-02    0.1114435826893896E-04    0.7229042239487171E-04
    0.1193750000000000E+02   -0.2789472656250000E+00    0.7992956695556641E-01   -0.9349609375000000E-03    0.3470449218750000E-01    0.1890506362915039E-02    0.1074287793744588E-04    0.7222785643534735E-04
    0.1187500000000000E+02   -0.2808718750000000E+00    0.8105914611816406E-01   -0.1855468750000000E-04    0.3376347656250000E-01    0.1782123184204102E-02    0.9515455372456927E-05    0.7259177800733596E-04
    0.1181250000000000E+02   -0.2823671875000000E+00    0.8191520690917969E-01    0.1786718750000000E-02    0.3481132812500000E-01    0.1899662017822266E-02    0.1069164374785032E-04    0.7258186087710783E-04
    0.1175000000000000E+02   -0.2836718750000000E+00    0.8263952026367187E-01    0.9328125000000000E-03    0.3427890625000000E-01    0.1836613464355469E-02    0.9933674510102719E-05    0.7220573752420023E-04
    0.1168750000000000E+02   -0.2863968750000000E+00    0.8415956726074218E-01    0.7792968750000000E-03    0.3462539062500000E-01    0.1872800445556641E-02    0.1044181234028656E-04    0.7211837510112673E-04
    0.1162500000000000E+02   -0.2874417968750000E+00    0.8475637664794922E-01   -0.6642578125000000E-03    0.3454160156250000E-01    0.1860901260375977E-02    0.1026379172835732E-04    0.7226295565487817E-04
    0.1156250000000000E+02   -0.2879167968750000E+00    0.8505075531005860E-01    0.5509765625000000E-03    0.3437402343750000E-01    0.1846487045288086E-02    0.1004489172919420E-04    0.7195701618911698E-04
    0.1150000000000000E+02   -0.2907980468750000E+00    0.8672398834228516E-01   -0.6818359375000000E-03    0.3508769531250000E-01    0.1933683395385742E-02    0.1128680631954921E-04    0.7172698678914458E-04
    0.1143750000000000E+02   -0.2929632812500000E+00    0.8801566162109375E-01   -0.4345703125000000E-03    0.3520800781250000E-01    0.1950691604614258E-02    0.1147388698445866E-04    0.7184219430200756E-04
    0.1137500000000000E+02   -0.2943828125000000E+00    0.8877942199707031E-01    0.9773437499999999E-03    0.3473085937500000E-01    0.1897154998779297E-02    0.1072188269172329E-04    0.7173919584602118E-04
    0.1131250000000000E+02   -0.2954031250000000E+00    0.8945469360351563E-01    0.9238281250000000E-03    0.3454179687500000E-01    0.1889507293701172E-02    0.1104563349799719E-04    0.7207260205177590E-04
    0.1125000000000000E+02   -0.2977738281250000E+00    0.9085199737548828E-01    0.1171679687500000E-02    0.3553964843750000E-01    0.1960227584838867E-02    0.1128061985800741E-04    0.7201347034424543E-04
    0.1118750000000000E+02   -0.2994351562500000E+00    0.9182277526855469E-01    0.9458984375000000E-03    0.3497714843750000E-01    0.1927889633178711E-02    0.1108190722734434E-04    0.7150688179535791E-04
    0.1112500000000000E+02   -0.3013093750000000E+00    0.9292292480468750E-01   -0.6562500000000000E-04    0.3625625000000000E-01    0.2053022003173828E-02    0.1300903601513710E-04    0.7153244223445654E-04
    0.1106250000000000E+02   -0.3030835937500000E+00    0.9394657592773438E-01    0.1240234375000000E-03    0.3557285156250000E-01    0.2003180313110352E-02    0.1255590591026703E-04    0.7176971121225506E-04
    0.1100000000000000E+02   -0.3061441406250000E+00    0.9590146636962890E-01   -0.9816406250000001E-03    0.3614804687500000E-01    0.2037832641601563E-02    0.1215497337398119E-04    0.7268638728419319E-04
    0.1093750000000000E+02   -0.3064773437500000E+00    0.9615147399902343E-01    0.7162109375000001E-03    0.3543183593750000E-01    0.1951041793823242E-02    0.1108974754897645E-04    0.7194747740868479E-04
    0.1087500000000000E+02   -0.3092433593750000E+00    0.9780252532958984E-01   -0.2849218750000000E-02    0.3552031250000000E-01    0.1986453247070313E-02    0.1198411796940491E-04    0.7213020580820739E-04
    0.1081250000000000E+02   -0.3109996093750000E+00    0.9892509918212891E-01   -0.4531250000000000E-03    0.3542656250000000E-01    0.1961968994140625E-02    0.1133127469220199E-04    0.7166709838202223E-04
    0.1075000000000000E+02   -0.3129890625000000E+00    0.1001002593994141E+00    0.4882812500000000E-03    0.3593046875000000E-01    0.2026496124267578E-02    0.1215354178857524E-04    0.7151794125093147E-04
    0.1068750000000000E+02   -0.3143292968750000E+00    0.1010461807250977E+00   -0.1176562500000000E-02    0.3624882812500000E-01    0.2059693145751953E-02    0.1284727597667370E-04    0.7148055738070980E-04
    0.1062500000000000E+02   -0.3185535156250000E+00    0.1037112625122070E+00    0.5257812500000000E-03    0.3605117187500000E-01    0.2039765930175781E-02    0.1246329318382777E-04    0.7146796997403726E-04
    0.1056250000000000E+02   -0.3207511718750000E+00    0.1051235519409180E+00    0.4408203125000000E-03    0.3612128906250000E-01    0.2048161697387696E-02    0.1279642277659150E-04    0.7162857218645513E-04
    0.1050000000000000E+02   -0.3213183593750000E+00    0.1054464065551758E+00    0.7035156250000000E-03    0.3559843750000000E-01    0.2011873626708985E-02    0.1237728437699843E-04    0.7212104537757114E-04
    0.1043750000000000E+02   -0.3229390625000000E+00    0.1065049621582031E+00   -0.5742187500000000E-04    0.3649257812500000E-01    0.2100688934326172E-02    0.1351805490266997E-04    0.7226219167932868E-04
    0.1037500000000000E+02   -0.3255320312500000E+00    0.1081865692138672E+00   -0.1255859375000000E-03    0.3620644531250000E-01    0.2049933242797852E-02    0.1254837879241677E-04    0.7167968578869477E-04
    0.1031250000000000E+02   -0.3277050781250000E+00    0.1096465805053711E+00    0.1769726562500000E-02    0.3670058593750000E-01    0.2101690292358399E-02    0.1302896765264450E-04    0.7172660843934864E-04
    0.1025000000000000E+02   -0.3312207031250000E+00    0.1119513107299805E+00    0.1365820312500000E-02    0.3795800781250000E-01    0.2246596908569336E-02    0.1481546282157069E-04    0.7256583921844140E-04
    0.1018750000000000E+02   -0.3327984375000000E+00    0.1129673187255859E+00   -0.4238281250000000E-03    0.3691953125000000E-01    0.2121025848388672E-02    0.1320340286183637E-04    0.7179717795224860E-04
    0.1012500000000000E+02   -0.3357542968750000E+00    0.1149781692504883E+00    0.3421875000000000E-03    0.3697968750000000E-01    0.2141122436523438E-02    0.1340629706392065E-04    0.7202377310022712E-04
    0.1006250000000000E+02   -0.3375886718750000E+00    0.1162304122924805E+00   -0.8185546874999999E-03    0.3682011718750000E-01    0.2119781875610351E-02    0.1322328088135691E-04    0.7182464469224215E-04
    0.1000000000000000E+02   -0.3391148437500000E+00    0.1172410156250000E+00   -0.1818359375000000E-02    0.3731328125000000E-01    0.2174308013916016E-02    0.1374729948875029E-04    0.7187881419667974E-04
    0.9937500000000000E+01   -0.3420703125000000E+00    0.1192873931884766E+00    0.2230273437500000E-02    0.3726464843750000E-01    0.2172769546508789E-02    0.1418102726602228E-04    0.7163276313804090E-04
    0.9875000000000000E+01   -0.3441386718750000E+00    0.1206787918090820E+00   -0.1958007812500000E-02    0.3771894531250000E-01    0.2240038681030274E-02    0.1499282779259374E-04    0.7198142702691257E-04
    0.9812500000000000E+01   -0.3468867187500000E+00    0.1226045043945312E+00   -0.5220703125000000E-03    0.3764863281250000E-01    0.2245827102661133E-02    0.1559272284648614E-04    0.7205658039310947E-04
    0.9750000000000000E+01   -0.3496394531250000E+00    0.1245306594848633E+00    0.1236328125000000E-03    0.3747519531250000E-01    0.2185118484497070E-02    0.1420821569190593E-04    0.7269897469086573E-04
    0.9687500000000000E+01   -0.3502929687500000E+00    0.1248954406738281E+00    0.7400390625000000E-03    0.3771386718750000E-01    0.2236462783813477E-02    0.1498682393721538E-04    0.7260170241352171E-04
    0.9625000000000000E+01   -0.3541820312500000E+00    0.1277289886474609E+00   -0.5371093750000000E-03    0.3845937500000000E-01    0.2324897003173828E-02    0.1648085621127393E-04    0.7212028140202165E-04
    0.9562500000000000E+01   -0.3574398437500000E+00    0.1300124633789063E+00   -0.1777734375000000E-02    0.3823750000000000E-01    0.2265887451171875E-02    0.1513549322844483E-04    0.7198257662821561E-04
    0.9500000000000000E+01   -0.3590265625000000E+00    0.1311711364746094E+00   -0.5353515625000000E-03    0.3750605468750000E-01    0.2201465988159180E-02    0.1428925918153254E-04    0.7205391011666507E-04
    0.9437500000000000E+01   -0.3622601562500000E+00    0.1334907623291016E+00   -0.1556640625000000E-02    0.3840429687500000E-01    0.2312326812744141E-02    0.1594054609013256E-04    0.7152404577936977E-04
    0.9375000000000000E+01   -0.3664929687500000E+00    0.1365423797607422E+00   -0.2544921875000000E-03    0.3808222656250000E-01    0.2312985610961914E-02    0.1699059618549654E-04    0.7165832357713953E-04
    0.9312500000000000E+01   -0.3680894531250000E+00    0.1377111526489258E+00    0.2838671875000000E-02    0.3804492187500000E-01    0.2255047607421875E-02    0.1498800580156967E-04    0.7168274169089273E-04
    0.9250000000000000E+01   -0.3706480468750000E+00    0.1397040237426758E+00   -0.1103906250000000E-02    0.3861953125000000E-01    0.2343161773681641E-02    0.1670805964095052E-04    0.7142257527448237E-04
    0.9187500000000000E+01   -0.3747933593750000E+00    0.1427384841918945E+00    0.1107421875000000E-03    0.3909589843750000E-01    0.2388266372680664E-02    0.1702948207530426E-04    0.7151870522648096E-04
    0.9125000000000000E+01   -0.3759929687500000E+00    0.1436584167480469E+00   -0.8468750000000000E-03    0.3921562500000000E-01    0.2412576293945313E-02    0.1712804825510830E-04    0.7185211143223569E-04
    0.9062500000000000E+01   -0.3807636718750000E+00    0.1472893051147461E+00    0.1562500000000000E-03    0.3910234375000000E-01    0.2390048980712891E-02    0.1701257653476205E-04    0.7185974391177297E-04
    0.9000000000000000E+01   -0.3818375000000000E+00    0.1481596496582031E+00   -0.1063671875000000E-02    0.3965664062500000E-01    0.2470268249511719E-02    0.1820060931495391E-04    0.7152328180382028E-04
    0.8937500000000000E+01   -0.3873484375000000E+00    0.1523230407714844E+00   -0.4476562500000000E-03    0.4034570312500000E-01    0.2546813964843750E-02    0.1915823100716807E-04    0.7238922262331471E-04
    0.8875000000000000E+01   -0.3894113281250000E+00    0.1539969894409180E+00   -0.5345703125000000E-03    0.3964941406250000E-01    0.2450532913208008E-02    0.1747604810661869E-04    0.7169570744736120E-04
    0.8812500000000000E+01   -0.3936632812500000E+00    0.1573009674072266E+00   -0.2309179687500000E-02    0.4142324218750000E-01    0.2705121231079102E-02    0.2249520623154240E-04    0.7183074922068045E-04
    0.8750000000000000E+01   -0.3958097656250000E+00    0.1589683944702149E+00   -0.2179492187500000E-02    0.4027949218750000E-01    0.2515359115600586E-02    0.1819021286064526E-04    0.7191848999354988E-04
    0.8687500000000000E+01   -0.3987027343750000E+00    0.1612878707885742E+00   -0.6875000000000000E-04    0.4054140625000000E-01    0.2548274230957031E-02    0.1858999149408191E-04    0.7095337059581652E-04
    0.8625000000000000E+01   -0.4020292968750000E+00    0.1640087997436523E+00    0.6447265625000000E-03    0.4119042968750000E-01    0.2648167037963867E-02    0.2044818503636634E-04    0.7199325773399323E-04
    0.8562500000000000E+01   -0.4041054687500000E+00    0.1656408081054687E+00    0.6386718750000000E-04    0.4103613281250000E-01    0.2649774551391601E-02    0.2129494494438404E-04    0.7185516005847603E-04
    0.8500000000000000E+01   -0.4081425781250000E+00    0.1689911758422852E+00   -0.8654296875000000E-03    0.4018222656250000E-01    0.2570109176635742E-02    0.2076494518987602E-04    0.7120895315892994E-04
    0.8437500000000000E+01   -0.4128500000000000E+00    0.1727769866943359E+00    0.1814648437500000E-02    0.4065917968750000E-01    0.2578413009643555E-02    0.1916682310256874E-04    0.7124480907805264E-04
    0.8375000000000000E+01   -0.4162128906250000E+00    0.1756130508422852E+00    0.1598242187500000E-02    0.4139472656250000E-01    0.2692764663696289E-02    0.2138690970750758E-04    0.7141876267269254E-04
    0.8312500000000000E+01   -0.4215417968750000E+00    0.1801058120727539E+00    0.1356054687500000E-02    0.4166113281250000E-01    0.2718509292602539E-02    0.2209544591751182E-04    0.7128448487492278E-04
    0.8250000000000000E+01   -0.4241519531250000E+00    0.1822962966918945E+00   -0.4755859375000000E-03    0.4178964843750000E-01    0.2741867446899414E-02    0.2227354329806985E-04    0.7116699271136895E-04
    0.8187500000000000E+01   -0.4283437500000000E+00    0.1858731689453125E+00    0.2263476562500000E-02    0.4220410156250000E-01    0.2767251205444336E-02    0.2179327217600075E-04    0.7142029062379152E-04
    0.8125000000000000E+01   -0.4332773437500000E+00    0.1901339691162109E+00   -0.1503906250000000E-04    0.4263027343750000E-01    0.2890771865844727E-02    0.2602230576012516E-04    0.7106475823093206E-04
    0.8062500000000000E+01   -0.4372429687500000E+00    0.1935485382080078E+00   -0.2330078125000000E-02    0.4327343750000000E-01    0.2946208190917969E-02    0.2543519605533220E-04    0.7151184399845079E-04
    0.8000000000000000E+01   -0.4411566406250000E+00    0.1970195266723633E+00   -0.8771484375000000E-03    0.4292753906250000E-01    0.2883765792846680E-02    0.2471272186230635E-04    0.7149276643758640E-04
    0.7937500000000000E+01   -0.4447687500000000E+00    0.2003093261718750E+00   -0.8746093750000000E-03    0.4332656250000000E-01    0.2915261840820312E-02    0.2476100961212069E-04    0.7141037349356338E-04
    0.7875000000000000E+01   -0.4483148437500000E+00    0.2033313690185547E+00    0.2708984375000000E-03    0.4267675781250000E-01    0.2875066757202149E-02    0.2488901519536739E-04    0.7108916906872764E-04
    0.7812500000000000E+01   -0.4531468750000000E+00    0.2077676025390625E+00    0.1153320312500000E-02    0.4337949218750000E-01    0.2951346206665039E-02    0.2564675814501243E-04    0.7201080006780103E-04
    0.7750000000000000E+01   -0.4585828125000000E+00    0.2127759765625000E+00   -0.6226562499999999E-03    0.4352812500000000E-01    0.2980627441406250E-02    0.2686963350861333E-04    0.7121582166291773E-04
    0.7687500000000000E+01   -0.4624156250000000E+00    0.2163092102050781E+00   -0.2453906250000000E-02    0.4406250000000000E-01    0.3042145538330078E-02    0.2761666165024508E-04    0.7098235801095143E-04
    0.7625000000000000E+01   -0.4670035156250000E+00    0.2205437210083008E+00    0.1533789062500000E-02    0.4453261718750000E-01    0.3102033615112305E-02    0.2825836761476239E-04    0.7095794717315584E-04
    0.7562500000000000E+01   -0.4729875000000000E+00    0.2262161407470703E+00    0.2506640625000000E-02    0.4480273437500000E-01    0.3151787567138672E-02    0.3031643018766772E-04    0.7089233258739114E-04
    0.7500000000000000E+01   -0.4775917968750000E+00    0.2305671127319336E+00    0.5386718750000000E-03    0.4565039062500000E-01    0.3275579833984375E-02    0.3323897502850741E-04    0.7119522342691198E-04
    0.7437500000000000E+01   -0.4814882812500000E+00    0.2342538726806641E+00    0.8429687500000000E-03    0.4537187500000000E-01    0.3221511077880860E-02    0.3074245912430342E-04    0.7120437658159062E-04
    0.7375000000000000E+01   -0.4879707031250000E+00    0.2406899337768555E+00   -0.1661914062500000E-02    0.4634238281250000E-01    0.3372982406616211E-02    0.3353435109456769E-04    0.7069930870784447E-04
    0.7312500000000000E+01   -0.4926359375000000E+00    0.2452703613281250E+00    0.1532031250000000E-02    0.4782421875000000E-01    0.3570442199707031E-02    0.3752873782650567E-04    0.7066879334161058E-04
    0.7250000000000000E+01   -0.4973847656250000E+00    0.2498605911254883E+00    0.9787109375000000E-03    0.4611425781250000E-01    0.3294717025756836E-02    0.3171108210663078E-04    0.7026825187494978E-04
    0.7187500000000000E+01   -0.5026890625000000E+00    0.2552356597900390E+00    0.1548632812500000E-02    0.4691347656250000E-01    0.3483104324340820E-02    0.3692823545570718E-04    0.7060241478029639E-04
    0.7125000000000000E+01   -0.5094253906250000E+00    0.2620744216918945E+00    0.5726562500000000E-03    0.4650312500000000E-01    0.3468504333496094E-02    0.3740440827677957E-04    0.7058105256874114E-04
    0.7062500000000000E+01   -0.5146808593750000E+00    0.2674235580444336E+00   -0.2085937500000000E-03    0.4784492187500000E-01    0.3595005035400391E-02    0.3965174235345330E-04    0.7028808613540605E-04
    0.7000000000000000E+01   -0.5188074218750000E+00    0.2717451858520508E+00   -0.4562500000000000E-03    0.4703242187500000E-01    0.3456219482421875E-02    0.3489760133088566E-04    0.7045287929940969E-04
    0.6937500000000000E+01   -0.5251363281250000E+00    0.2782994338989258E+00    0.8650390625000000E-03    0.4794511718750000E-01    0.3653921890258789E-02    0.4157784451526823E-04    0.7049789564916864E-04
    0.6875000000000000E+01   -0.5337703125000000E+00    0.2875915405273438E+00   -0.5066406250000000E-03    0.4927148437500000E-01    0.3863028717041016E-02    0.4528763094276655E-04    0.7055664173094556E-04
    0.6812500000000000E+01   -0.5382125000000000E+00    0.2922655090332031E+00   -0.3741406250000000E-02    0.5100742187500000E-01    0.4072012329101563E-02    0.5078709212248213E-04    0.7051544525893405E-04
    0.6750000000000000E+01   -0.5458746093750000E+00    0.3006696151733398E+00    0.1011523437500000E-02    0.5254199218750000E-01    0.4292632675170899E-02    0.5420043602789520E-04    0.7092132727848366E-04
    0.6687500000000000E+01   -0.5515750000000000E+00    0.3068537567138672E+00   -0.1050390625000000E-02    0.5141054687500000E-01    0.4120356750488281E-02    0.4982637542416342E-04    0.6997070158831775E-04
    0.6625000000000000E+01   -0.5573742187500000E+00    0.3133616088867188E+00   -0.3051757812500000E-02    0.5110761718750000E-01    0.4071727371215820E-02    0.4897991088946582E-04    0.7017593452474102E-04
    0.6562500000000000E+01   -0.5654886718750000E+00    0.3225021102905273E+00   -0.8181640625000000E-03    0.5203300781250000E-01    0.4185434341430664E-02    0.4991050616517896E-04    0.7018355972832069E-04
    0.6500000000000000E+01   -0.5734003906250000E+00    0.3315127700805664E+00   -0.1791992187500000E-02    0.5122167968750000E-01    0.4124135208129882E-02    0.5162149599200348E-04    0.7009811088209972E-04
    0.6437500000000000E+01   -0.5787527343750000E+00    0.3377013137817383E+00    0.3481640625000000E-02    0.5328867187500000E-01    0.4485408020019531E-02    0.6121657451149077E-04    0.7019195618340746E-04
    0.6375000000000000E+01   -0.5880980468750000E+00    0.3486325088500977E+00   -0.2909375000000000E-02    0.5478398437500000E-01    0.4750948333740235E-02    0.6887199391785543E-04    0.6978683813940734E-04
    0.6312500000000000E+01   -0.5980695312500000E+00    0.3605300018310547E+00    0.2822460937500000E-02    0.5427363281250000E-01    0.4602808761596680E-02    0.6228494569513714E-04    0.6981201295275241E-04
    0.6250000000000000E+01   -0.6032503906250000E+00    0.3666720443725586E+00   -0.2565625000000000E-02    0.5567617187500000E-01    0.4883364868164063E-02    0.7141059274435975E-04    0.7039718911983073E-04
    0.6187500000000000E+01   -0.6125828125000000E+00    0.3780972442626953E+00   -0.1605468750000000E-03    0.5666328125000000E-01    0.5024015808105469E-02    0.7463782250415534E-04    0.6967773515498266E-04
    0.6125000000000000E+01   -0.6225582031250000E+00    0.3903253067016602E+00    0.2614648437500000E-02    0.5837324218750000E-01    0.5278400039672852E-02    0.7932743106066482E-04    0.6959609891055152E-04
    0.6062500000000000E+01   -0.6286718750000000E+00    0.3981123016357422E+00    0.1702539062500000E-02    0.5715722656250000E-01    0.5120154953002930E-02    0.7792856067389948E-04    0.7005004590610042E-04
    0.6000000000000000E+01   -0.6412550781250000E+00    0.4141237777709961E+00    0.4058593750000000E-02    0.6071289062500000E-01    0.5790391540527344E-02    0.1012082931469195E-03    0.6929168739588931E-04
    0.5937500000000000E+01   -0.6494113281250000E+00    0.4246803878784179E+00   -0.7121093750000000E-03    0.6096953125000000E-01    0.5814954376220703E-02    0.9821358746557962E-04    0.6897201819811016E-04
    0.5875000000000000E+01   -0.6595230468750000E+00    0.4379118331909180E+00   -0.7662109375000000E-03    0.5921621093750000E-01    0.5585775375366211E-02    0.9729841883381595E-04    0.6896819832036272E-04
    0.5812500000000000E+01   -0.6706863281250000E+00    0.4528516128540039E+00   -0.5562500000000000E-02    0.6094843750000000E-01    0.5844179534912109E-02    0.1046641572931549E-03    0.6902618770254776E-04
    0.5750000000000000E+01   -0.6805066406250000E+00    0.4662019821166992E+00   -0.5607226562500000E-02    0.6617246093750000E-01    0.6929627609252930E-02    0.1485504797354224E-03    0.6958923040656373E-04
    0.5687500000000000E+01   -0.6923179687500000E+00    0.4825086120605468E+00   -0.1751367187500000E-02    0.6363886718750000E-01    0.6393837356567383E-02    0.1252171842512325E-03    0.6907577335368842E-04
    0.5625000000000000E+01   -0.7030039062500000E+00    0.4974331848144531E+00   -0.4256250000000000E-02    0.6323359375000000E-01    0.6295362854003906E-02    0.1189801099535543E-03    0.6911773380124941E-04
    0.5562500000000000E+01   -0.7162070312500000E+00    0.5161654357910156E+00    0.4896093750000000E-02    0.6887851562500000E-01    0.7555907440185547E-02    0.1783490769477794E-03    0.6857452535768971E-04
    0.5500000000000000E+01   -0.7260250000000000E+00    0.5303050537109375E+00   -0.4672851562500000E-02    0.6990996093750000E-01    0.7558900833129883E-02    0.1646220726091997E-03    0.6901015876792371E-04
    0.5437500000000000E+01   -0.7370359375000000E+00    0.5464765350341797E+00    0.5132031250000000E-02    0.7035820312500000E-01    0.7649539947509765E-02    0.1626877279457403E-03    0.6848144403193146E-04
    0.5375000000000000E+01   -0.7536734375000000E+00    0.5713789886474610E+00   -0.1233203125000000E-02    0.7510195312500000E-01    0.8855917358398437E-02    0.2357063465693500E-03    0.6801528797950596E-04
    0.5312500000000000E+01   -0.7695781250000000E+00    0.5956498199462891E+00    0.2285156250000000E-04    0.7529511718750000E-01    0.8952462387084961E-02    0.2406261832788004E-03    0.6788101018173620E-04
    0.5250000000000000E+01   -0.7793738281250000E+00    0.6108970138549805E+00    0.7345898437500000E-02    0.7682675781249999E-01    0.9406050491333008E-02    0.2673553929445916E-03    0.6771621701773256E-04
    0.5187500000000000E+01   -0.7986054687500000E+00    0.6413704101562500E+00    0.1739062500000000E-02    0.8438398437500000E-01    0.1117605514526367E-01    0.3837435450725025E-03    0.6767654122086242E-04
    0.5125000000000000E+01   -0.8147230468750000E+00    0.6674997909545899E+00    0.2199218750000000E-02    0.8143828124999999E-01    0.1032282409667969E-01    0.3070126711332705E-03    0.6780624244129285E-04
    0.5062500000000000E+01   -0.8307523437500000E+00    0.6938869812011719E+00    0.2376562500000000E-02    0.9002656250000000E-01    0.1272472076416016E-01    0.4685528513276949E-03    0.6762313569197431E-04
    0.5000000000000000E+01   -0.8484996093750000E+00    0.7237122634887695E+00    0.8674804687499999E-02    0.8818378906250000E-01    0.1210956916809082E-01    0.4420944706784212E-03    0.6749801832484081E-04
    0.4937500000000000E+01   -0.8680054687500000E+00    0.7571406738281250E+00   -0.6258789062500000E-02    0.9699707031250000E-01    0.1466452751159668E-01    0.6140438016838743E-03    0.6724624836351722E-04
    0.4875000000000000E+01   -0.8865363281250001E+00    0.7898140213012695E+00   -0.6167187500000000E-02    0.1028273437500000E+00    0.1676834945678711E-01    0.8350041979836533E-03    0.6697845674352720E-04
    0.4812500000000000E+01   -0.9080781250000000E+00    0.8287900421142578E+00    0.4336328125000000E-02    0.1019382812500000E+00    0.1644428253173828E-01    0.7804539952892810E-03    0.6710739398840815E-04
    0.4750000000000000E+01   -0.9284554687500000E+00    0.8662305236816407E+00    0.7950976562500000E-02    0.1131509765625000E+00    0.1965521049499512E-01    0.1101144829070836E-02    0.6721954559907317E-04
    0.4687500000000000E+01   -0.9534019531250000E+00    0.9133182937622071E+00   -0.2793359375000000E-01    0.1217089843750000E+00    0.2260066452026367E-01    0.1414262577457703E-02    0.6719207885907963E-04
    0.4625000000000000E+01   -0.9801417968750000E+00    0.9651986312866211E+00    0.6936914062500000E-02    0.1303951171875000E+00    0.2611654014587402E-01    0.1976558319256583E-02    0.6726303399773315E-04
    0.4562500000000000E+01   -0.1004482812500000E+01    0.1013540359497070E+01    0.1648281250000000E-01    0.1191031250000000E+00    0.2280848693847656E-01    0.1666052833653521E-02    0.6619644409511238E-04
    0.4500000000000000E+01   -0.1036379687500000E+01    0.1079125469970703E+01    0.4497910156250000E-01    0.1569275390625000E+00    0.3872628517150879E-01    0.4382063576726068E-02    0.6592636054847389E-04
    0.4437500000000000E+01   -0.1067214843750000E+01    0.1144289987182617E+01   -0.1505859375000000E-02    0.1878394531250000E+00    0.5267275314331055E-01    0.7003967025256134E-02    0.6560821202583611E-04
    0.4375000000000000E+01   -0.1103295312500000E+01    0.1222935256958008E+01   -0.3342382812500000E-02    0.1882779296875000E+00    0.5379569129943847E-01    0.7552191060212499E-02    0.6612319702981040E-04
    0.4312500000000000E+01   -0.1131286718750000E+01    0.1285130163574219E+01    0.1231718750000000E-01    0.2053785156250000E+00    0.6235669631958008E-01    0.8894980745171779E-02    0.6570434925379232E-04
    0.4250000000000000E+01   -0.1186682031250000E+01    0.1414800906372070E+01   -0.1085490234375000E+00    0.2930435546875000E+00    0.1151846469879150E+00    0.2616851409218070E-01    0.6569900870090351E-04
    0.4187500000000000E+01   -0.1228046875000000E+01    0.1515865795898437E+01    0.2514355468750000E-01    0.2816482421875000E+00    0.1188216472625732E+00    0.3307254189609521E-01    0.6476135604316369E-04
    0.4125000000000000E+01   -0.1321652734375000E+01    0.1758553746032715E+01    0.8180136718750000E-01    0.4829951171875000E+00    0.2817390575408936E+00    0.1178141365050033E+00    0.6414718518499285E-04
    0.4062500000000000E+01   -0.1379342187500000E+01    0.1912893490600586E+01   -0.5108470703125000E+00    0.5392302734375000E+00    0.3349897815704346E+00    0.1529507767901887E+00    0.6371002382365987E-04
    0.4000000000000000E+01   -0.1451103125000000E+01    0.2116098306274414E+01    0.6499755859375000E+00    0.6515943359375000E+00    0.4536876178741455E+00    0.2411113132010403E+00    0.6356734957080334E-04
    0.3937500000000000E+01   -0.1552842187500000E+01    0.2418175732421875E+01   -0.7837341796875000E+00    0.7837341796875000E+00    0.6199310420989991E+00    0.3971079543789077E+00    0.6374892836902291E-04
    0.3875000000000000E+01   -0.1606544531250000E+01    0.2587202175903320E+01   -0.8194845703125000E+00    0.8194845703125000E+00    0.6772204395294189E+00    0.4712866185267936E+00    0.6233443855307996E-04
    0.3812500000000000E+01   -0.1659981250000000E+01    0.2760551269531250E+01   -0.8577039062500000E+00    0.8577039062500000E+00    0.7381427391052247E+00    0.5517907654345355E+00    0.6199874769663438E-04
    0.3750000000000000E+01   -0.1697739062500000E+01    0.2886501394653320E+01   -0.8788703125000000E+00    0.8788703125000000E+00    0.7742481376647949E+00    0.6048231366444641E+00    0.6198806659085676E-04
    0.3687500000000000E+01   -0.1742126953125000E+01    0.3038393199157715E+01   -0.9019875000000001E+00    0.9019875000000001E+00    0.8147813072204589E+00    0.6675968307622505E+00    0.6171799032017589E-04
    0.3625000000000000E+01   -0.1767928515625000E+01    0.3129019020080567E+01   -0.9118685546875001E+00    0.9118685546875001E+00    0.8332053287506104E+00    0.6992803789378041E+00    0.6184157973621041E-04
    0.3562500000000000E+01   -0.1805047656250000E+01    0.3260615106201172E+01   -0.9319722656250000E+00    0.9319722656250000E+00    0.8691465354919433E+00    0.7573589179645380E+00    0.6177978502819315E-04
    0.3500000000000000E+01   -0.1829100390625000E+01    0.3347698091125488E+01   -0.9417185546875000E+00    0.9417185546875000E+00    0.8872880992889405E+00    0.7888555962131868E+00    0.6188049155753106E-04
    0.3437500000000000E+01   -0.1851687109375000E+01    0.3430468302917480E+01   -0.9506152343750000E+00    0.9506152343750000E+00    0.9040113571166992E+00    0.8184487821493822E+00    0.6069183291401714E-04
    0.3375000000000000E+01   -0.1873319921875000E+01    0.3510730021667480E+01   -0.9591250000000000E+00    0.9591250000000000E+00    0.9201554748535157E+00    0.8475392961825419E+00    0.6049804505892098E-04
    0.3312500000000000E+01   -0.1890287500000000E+01    0.3574430731201172E+01   -0.9645240234375000E+00    0.9645240234375000E+00    0.9305928440093995E+00    0.8670153275411067E+00    0.6040039079380222E-04
    0.3250000000000000E+01   -0.1907582031250000E+01    0.3639877587890625E+01   -0.9712931640625000E+00    0.9712931640625000E+00    0.9435630596160889E+00    0.8908795211240286E+00    0.6019439751980826E-04
    0.3187500000000000E+01   -0.1921916406250000E+01    0.3694622338867187E+01   -0.9760730468750000E+00    0.9760730468750000E+00    0.9528411422729492E+00    0.9083663423952355E+00    0.5988159318803810E-04
    0.3125000000000000E+01   -0.1933863671875000E+01    0.3740542262268066E+01   -0.9800291015625000E+00    0.9800291015625000E+00    0.9605521045684814E+00    0.9230209534779671E+00    0.6004638635204174E-04
    0.3062500000000000E+01   -0.1946230078125000E+01    0.3788334849548340E+01   -0.9842332031250000E+00    0.9842332031250000E+00    0.9687740165710449E+00    0.9387502061494423E+00    0.6009979188092984E-04
    0.3000000000000000E+01   -0.1954710156250000E+01    0.3821350018310547E+01   -0.9867312499999999E+00    0.9867312499999999E+00    0.9736926437377930E+00    0.9482860159988225E+00    0.5991058424115181E-04
    0.2937500000000000E+01   -0.1962598046875000E+01    0.3852146504211426E+01   -0.9892136718750000E+00    0.9892136718750000E+00    0.9785823112487793E+00    0.9577734304959041E+00    0.5984802191960625E-04
    0.2875000000000000E+01   -0.1969905468750000E+01    0.3880810498046875E+01   -0.9914919921874999E+00    0.9914919921874999E+00    0.9830839801788330E+00    0.9665621477186054E+00    0.5962371869827621E-04
    0.2812500000000000E+01   -0.1975599218750000E+01    0.3903217349243164E+01   -0.9931347656250000E+00    0.9931347656250000E+00    0.9863391868591309E+00    0.9729533098825690E+00    0.5957031316938810E-04
    0.2750000000000000E+01   -0.1980403906250000E+01    0.3922180651855469E+01   -0.9945384765625001E+00    0.9945384765625001E+00    0.9891237567901612E+00    0.9784326447077343E+00    0.5954589869361371E-04
    0.2687500000000000E+01   -0.1984674218750000E+01    0.3939074496459961E+01   -0.9957445312500000E+00    0.9957445312500000E+00    0.9915204460144043E+00    0.9831651877848344E+00    0.5954437074251473E-04
    0.2625000000000000E+01   -0.1988062109375000E+01    0.3952500733947754E+01   -0.9967355468750000E+00    0.9967355468750000E+00    0.9934912834167481E+00    0.9870626473867072E+00    0.5949706974206492E-04
    0.2562500000000000E+01   -0.1990935546875000E+01    0.3963905073547363E+01   -0.9975382812500000E+00    0.9975382812500000E+00    0.9950895103454590E+00    0.9902304385023278E+00    0.5980529749649577E-04
    0.2500000000000000E+01   -0.1992820312500000E+01    0.3971395736694336E+01   -0.9980630859375000E+00    0.9980630859375000E+00    0.9961350543975830E+00    0.9923054226861117E+00    0.5974121086183004E-04
    0.2437500000000000E+01   -0.1995116796875000E+01    0.3980533076477051E+01   -0.9987042968750000E+00    0.9987042968750000E+00    0.9974134933471680E+00    0.9948464872917917E+00    0.5962677096249536E-04
    0.2375000000000000E+01   -0.1996490625000000E+01    0.3986005410766602E+01   -0.9990685546875000E+00    0.9990685546875000E+00    0.9981403087615967E+00    0.9962933579513031E+00    0.5945587327005342E-04
    0.2312500000000000E+01   -0.1997504687500000E+01    0.3990046264648437E+01   -0.9993447265625000E+00    0.9993447265625000E+00    0.9986914691925048E+00    0.9973909703822180E+00    0.5941772542428225E-04
    0.2250000000000000E+01   -0.1998236328125000E+01    0.3992963182067871E+01   -0.9995355468750000E+00    0.9995355468750000E+00    0.9990724319458008E+00    0.9981501963821647E+00    0.5949249316472560E-04
    0.2187500000000000E+01   -0.1998871875000000E+01    0.3995498165893555E+01   -0.9997083984375000E+00    0.9997083984375000E+00    0.9994175434112549E+00    0.9988380636634727E+00    0.5976562533760443E-04
    0.2125000000000000E+01   -0.1999231250000000E+01    0.3996931845092774E+01   -0.9998019531250000E+00    0.9998019531250000E+00    0.9996043815612793E+00    0.9992106589900883E+00    0.5953064101049677E-04
    0.2062500000000000E+01   -0.1999548437500000E+01    0.3998197622680664E+01   -0.9998845703125000E+00    0.9998845703125000E+00    0.9997694011688233E+00    0.9995398418773882E+00    0.5978393528494053E-04
    0.2000000000000000E+01   -0.1999733984375000E+01    0.3998938188171387E+01   -0.9999306640625000E+00    0.9999306640625000E+00    0.9998614963531494E+00    0.9997236634549000E+00    0.5979003981337883E-04
    0.1937500000000000E+01   -0.1999828906250000E+01    0.3999317019653320E+01   -0.9999562500000000E+00    0.9999562500000000E+00    0.9999125938415527E+00    0.9998255621855991E+00    0.5991058424115181E-04
    0.1875000000000000E+01   -0.1999919531250000E+01    0.3999678762817383E+01   -0.9999796875000000E+00    0.9999796875000000E+00    0.9999594161987305E+00    0.9999189968468679E+00    0.5979003981337883E-04
    0.1812500000000000E+01   -0.1999965625000000E+01    0.3999862777709961E+01   -0.9999912109375000E+00    0.9999912109375000E+00    0.9999824405670166E+00    0.9999649557323326E+00    0.5971374412183650E-04
    0.1750000000000000E+01   -0.1999978515625000E+01    0.3999914244079590E+01   -0.9999943359375000E+00    0.9999943359375000E+00    0.9999886852264405E+00    0.9999774237186749E+00    0.5967101969872601E-04
    0.1687500000000000E+01   -0.1999990625000000E+01    0.3999962573242188E+01   -0.9999976562500000E+00    0.9999976562500000E+00    0.9999953170776367E+00    0.9999906524300750E+00    0.5969848643871956E-04
    0.1625000000000000E+01   -0.1999997656250000E+01    0.3999990643310547E+01   -0.9999994140625000E+00    0.9999994140625000E+00    0.9999988292694092E+00    0.9999976631075187E+00    0.5982665970805101E-04
    0.1562500000000000E+01   -0.2000000000000000E+01    0.4000000000000000E+01   -0.1000000000000000E+01    0.1000000000000000E+01    0.1000000000000000E+01    0.1000000000000000E+01    0.5975036765448749E-04
    0.1500000000000000E+01   -0.2000000000000000E+01    0.4000000000000000E+01   -0.1000000000000000E+01    0.1000000000000000E+01    0.1000000000000000E+01    0.1000000000000000E+01    0.5979614434181713E-04
    0.1437500000000000E+01   -0.2000000000000000E+01    0.4000000000000000E+01   -0.1000000000000000E+01    0.1000000000000000E+01    0.1000000000000000E+01    0.1000000000000000E+01    0.5976257307338528E-04
    0.1375000000000000E+01   -0.2000000000000000E+01    0.4000000000000000E+01   -0.1000000000000000E+01    0.1000000000000000E+01    0.1000000000000000E+01    0.1000000000000000E+01    0.5981292633805424E-04
    0.1312500000000000E+01   -0.2000000000000000E+01    0.4000000000000000E+01   -0.1000000000000000E+01    0.1000000000000000E+01    0.1000000000000000E+01    0.1000000000000000E+01    0.5976867760182358E-04
    0.1250000000000000E+01   -0.2000000000000000E+01    0.4000000000000000E+01   -0.1000000000000000E+01    0.1000000000000000E+01    0.1000000000000000E+01    0.1000000000000000E+01    0.5998687629471533E-04
    0.1187500000000000E+01   -0.2000000000000000E+01    0.4000000000000000E+01   -0.1000000000000000E+01    0.1000000000000000E+01    0.1000000000000000E+01    0.1000000000000000E+01    0.5974121086183004E-04
    0.1125000000000000E+01   -0.2000000000000000E+01    0.4000000000000000E+01   -0.1000000000000000E+01    0.1000000000000000E+01    0.1000000000000000E+01    0.1000000000000000E+01    0.5947723548160866E-04
    0.1062500000000000E+01   -0.2000000000000000E+01    0.4000000000000000E+01   -0.1000000000000000E+01    0.1000000000000000E+01    0.1000000000000000E+01    0.1000000000000000E+01    0.5945282100583427E-04
    0.1000000000000000E+01   -0.2000000000000000E+01    0.4000000000000000E+01   -0.1000000000000000E+01    0.1000000000000000E+01    0.1000000000000000E+01    0.1000000000000000E+01    0.5973205406917259E-04
    0.9375000000000000E+00   -0.2000000000000000E+01    0.4000000000000000E+01   -0.1000000000000000E+01    0.1000000000000000E+01    0.1000000000000000E+01    0.1000000000000000E+01    0.5948333637206815E-04
